0 1014.17000000 1016.87500000
25.00000000 29.96500000 29.85500000
50.00000000 22.76000000 22.98000000
75.00000000 19.73500000 19.74000000
100.00000000 17.76500000 17.88500000
125.00000000 16.48000000 16.62000000
150.00000000 15.54000000 15.66000000
175.00000000 14.72500000 14.70500000
200.00000000 14.06000000 14.17500000
225.00000000 13.34000000 13.45500000
250.00000000 12.75500000 12.77000000
275.00000000 12.28500000 12.39500000
300.00000000 11.77000000 11.81000000
325.00000000 11.62500000 11.48500000
350.00000000 10.94000000 10.94000000
375.00000000 10.87000000 10.86000000
400.00000000 10.42500000 10.41500000
425.00000000 10.23000000 10.26000000
450.00000000 9.92000000 9.98500000
475.00000000 9.81500000 9.90500000
500.00000000 9.45500000 9.56000000
525.00000000 9.31500000 9.40500000
550.00000000 9.07500000 9.12000000
575.00000000 9.07500000 9.10000000
600.00000000 8.88000000 8.90500000
625.00000000 8.71000000 8.68500000
650.00000000 8.63500000 8.70500000
675.00000000 8.47000000 8.42500000
700.00000000 8.28000000 8.40000000
725.00000000 8.08500000 8.02000000
750.00000000 7.97000000 7.86500000
775.00000000 7.84500000 7.85000000
800.00000000 7.73500000 7.86500000
825.00000000 7.61000000 7.53000000
850.00000000 7.52500000 7.43500000
875.00000000 7.35500000 7.46500000
900.00000000 7.44000000 7.52000000
925.00000000 7.25000000 7.29500000
950.00000000 7.09000000 7.13500000
975.00000000 7.26500000 7.15500000
1000.00000000 6.91500000 6.97500000
1025.00000000 7.06500000 7.02000000
1050.00000000 6.89500000 6.99000000
1075.00000000 6.86500000 6.89000000
1100.00000000 6.79000000 6.85500000
1125.00000000 6.70000000 6.71500000
1150.00000000 6.67500000 6.71500000
1175.00000000 6.47500000 6.50500000
1200.00000000 6.42000000 6.50000000
1225.00000000 6.31500000 6.27500000
1250.00000000 6.31000000 6.32500000
1275.00000000 6.15500000 6.23500000
1300.00000000 6.12000000 6.14500000
1325.00000000 5.89500000 6.02500000
1350.00000000 6.02000000 6.03000000
1375.00000000 5.87000000 5.89500000
1400.00000000 5.93000000 5.99500000
1425.00000000 5.79500000 5.85500000
1450.00000000 5.75000000 5.79000000
1475.00000000 5.64500000 5.63000000
1500.00000000 5.59500000 5.64500000
1525.00000000 5.64000000 5.61500000
1550.00000000 5.42500000 5.46000000
1575.00000000 5.53000000 5.48500000
1600.00000000 5.38000000 5.43000000
1625.00000000 5.38500000 5.41000000
1650.00000000 5.37500000 5.36500000
1675.00000000 5.33500000 5.32000000
1700.00000000 5.31000000 5.23500000
1725.00000000 5.20500000 5.15000000
1750.00000000 5.09500000 4.99500000
1775.00000000 5.09500000 5.10000000
1800.00000000 5.13500000 5.20000000
1825.00000000 5.04000000 5.05000000
1850.00000000 5.05500000 5.05000000
1875.00000000 5.01000000 5.06500000
1900.00000000 5.15500000 5.15500000
1925.00000000 4.92500000 5.00000000
1950.00000000 5.04000000 5.01500000
1975.00000000 4.87500000 4.87000000
2000.00000000 4.97500000 4.93000000
2025.00000000 5.00500000 4.98000000
2050.00000000 4.87000000 4.87000000
2075.00000000 4.85000000 4.89500000
2100.00000000 4.81000000 4.84000000
2125.00000000 4.81000000 4.79500000
2150.00000000 4.77500000 4.81500000
2175.00000000 4.74000000 4.76500000
2200.00000000 4.71500000 4.62500000
2225.00000000 4.79000000 4.77000000
2250.00000000 4.70000000 4.72000000
2275.00000000 4.63000000 4.63500000
2300.00000000 4.65000000 4.68500000
2325.00000000 4.42500000 4.58000000
2350.00000000 4.46500000 4.50000000
2375.00000000 4.51000000 4.53000000
2400.00000000 4.39500000 4.42500000
2425.00000000 4.44000000 4.36500000
2450.00000000 4.36500000 4.35500000
2475.00000000 4.42500000 4.39500000
2500.00000000 4.27000000 4.29500000
2525.00000000 4.10500000 4.22000000
2550.00000000 4.19500000 4.15000000
2575.00000000 4.28500000 4.25500000
2600.00000000 4.15500000 4.22500000
2625.00000000 4.15000000 4.17500000
2650.00000000 4.22500000 4.20500000
2675.00000000 4.04500000 4.15500000
2700.00000000 4.05500000 4.11000000
2725.00000000 4.10000000 4.05500000
2750.00000000 3.96000000 4.06500000
2775.00000000 4.07500000 4.05000000
2800.00000000 3.89000000 3.92500000
2825.00000000 3.96500000 4.00500000
2850.00000000 3.93500000 4.01000000
2875.00000000 3.93500000 3.94500000
2900.00000000 3.93500000 3.94000000
2925.00000000 3.74500000 3.83500000
2950.00000000 3.88500000 3.93500000
2975.00000000 3.88500000 3.91500000
3000.00000000 3.87000000 3.81000000
3025.00000000 3.70500000 3.78500000
3050.00000000 3.73000000 3.74000000
3075.00000000 3.74000000 3.81000000
3100.00000000 3.67000000 3.68500000
3125.00000000 3.74500000 3.72500000
3150.00000000 3.68000000 3.72000000
3175.00000000 3.73500000 3.76500000
3200.00000000 3.66500000 3.69500000
3225.00000000 3.60000000 3.66000000
3250.00000000 3.61500000 3.61500000
3275.00000000 3.54500000 3.62500000
3300.00000000 3.55500000 3.65500000
3325.00000000 3.52000000 3.54500000
3350.00000000 3.52000000 3.51500000
3375.00000000 3.52500000 3.47000000
3400.00000000 3.54500000 3.58500000
3425.00000000 3.53000000 3.52500000
3450.00000000 3.52500000 3.56000000
3475.00000000 3.66500000 3.69000000
3500.00000000 3.61000000 3.54500000
3525.00000000 3.53000000 3.49500000
3550.00000000 3.42000000 3.54000000
3575.00000000 3.48000000 3.51000000
3600.00000000 3.46500000 3.52000000
3625.00000000 3.51000000 3.55500000
3650.00000000 3.53500000 3.53000000
3675.00000000 3.50500000 3.51000000
3700.00000000 3.43000000 3.46500000
3725.00000000 3.50000000 3.51500000
3750.00000000 3.48000000 3.49000000
3775.00000000 3.39500000 3.41000000
3800.00000000 3.41500000 3.42500000
3825.00000000 3.27500000 3.32000000
3850.00000000 3.37000000 3.37000000
3875.00000000 3.36000000 3.36500000
3900.00000000 3.35000000 3.34500000
3925.00000000 3.26500000 3.28000000
3950.00000000 3.35500000 3.26500000
3975.00000000 3.33000000 3.29500000
4000.00000000 3.26500000 3.27500000
4025.00000000 3.24500000 3.32000000
4050.00000000 3.29000000 3.32000000
4075.00000000 3.20500000 3.29000000
4100.00000000 3.19000000 3.15500000
4125.00000000 3.27500000 3.22500000
4150.00000000 3.26500000 3.27000000
4175.00000000 3.18500000 3.14000000
4200.00000000 3.25500000 3.20000000
4225.00000000 3.20500000 3.23000000
4250.00000000 3.13500000 3.12500000
4275.00000000 3.13500000 3.19500000
4300.00000000 3.15000000 3.13000000
4325.00000000 3.19000000 3.20500000
4350.00000000 3.04500000 3.07500000
4375.00000000 3.14500000 3.16000000
4400.00000000 3.06500000 3.04000000
4425.00000000 3.10000000 3.04500000
4450.00000000 3.11000000 3.10000000
4475.00000000 3.07500000 3.09000000
4500.00000000 3.08500000 3.08000000
4525.00000000 3.00500000 3.04000000
4550.00000000 3.03500000 3.07500000
4575.00000000 3.07000000 3.07000000
4600.00000000 3.10500000 3.06500000
4625.00000000 3.04500000 3.00000000
4650.00000000 2.94500000 2.97000000
4675.00000000 2.96500000 2.99000000
4700.00000000 2.94000000 2.93000000
4725.00000000 2.94500000 2.97000000
4750.00000000 3.02500000 2.98500000
4775.00000000 3.06000000 3.05500000
4800.00000000 2.99500000 3.02500000
4825.00000000 2.97500000 3.00000000
4850.00000000 2.99000000 3.01500000
4875.00000000 2.93500000 2.98000000
4900.00000000 2.97500000 2.92000000
4925.00000000 2.95000000 2.94000000
4950.00000000 3.00000000 3.00500000
4975.00000000 2.92500000 2.99000000
5000.00000000 2.93500000 2.93000000
