0 364.80200000 365.37600000
9.00000000 17.65600000 17.72600000
18.00000000 10.50800000 10.57400000
27.00000000 7.68600000 7.77600000
36.00000000 6.31600000 6.26600000
45.00000000 5.26200000 5.25000000
54.00000000 4.59800000 4.60200000
63.00000000 4.03600000 4.04000000
72.00000000 3.63400000 3.65600000
81.00000000 3.36600000 3.39800000
90.00000000 3.06400000 3.11800000
99.00000000 2.90800000 2.90600000
108.00000000 2.65400000 2.72000000
117.00000000 2.55600000 2.53400000
126.00000000 2.39600000 2.39800000
135.00000000 2.27800000 2.26200000
144.00000000 2.13800000 2.18600000
153.00000000 2.05000000 2.06800000
162.00000000 1.89200000 1.92600000
171.00000000 1.86400000 1.88400000
180.00000000 1.75200000 1.80400000
189.00000000 1.71000000 1.70000000
198.00000000 1.63600000 1.65800000
207.00000000 1.58600000 1.59600000
216.00000000 1.52400000 1.53400000
225.00000000 1.45200000 1.49200000
234.00000000 1.41800000 1.42200000
243.00000000 1.36600000 1.39200000
252.00000000 1.34400000 1.33800000
261.00000000 1.29400000 1.30400000
270.00000000 1.25600000 1.26200000
279.00000000 1.20400000 1.21000000
288.00000000 1.16600000 1.17200000
297.00000000 1.13200000 1.15200000
306.00000000 1.09800000 1.10000000
315.00000000 1.06800000 1.07600000
324.00000000 1.06600000 1.04800000
333.00000000 1.01200000 1.03600000
342.00000000 0.98200000 0.99200000
351.00000000 0.97000000 0.97800000
360.00000000 0.95400000 0.95600000
369.00000000 0.90400000 0.91400000
378.00000000 0.87200000 0.88400000
387.00000000 0.85200000 0.84800000
396.00000000 0.80000000 0.83400000
405.00000000 0.78000000 0.81800000
414.00000000 0.77400000 0.76600000
423.00000000 0.75400000 0.75000000
432.00000000 0.72600000 0.72800000
441.00000000 0.71800000 0.71200000
450.00000000 0.67600000 0.70000000
459.00000000 0.67200000 0.67000000
468.00000000 0.65800000 0.64600000
477.00000000 0.63400000 0.63600000
486.00000000 0.62000000 0.60200000
495.00000000 0.60200000 0.58800000
504.00000000 0.59400000 0.59400000
513.00000000 0.58000000 0.58800000
522.00000000 0.58200000 0.57200000
531.00000000 0.55600000 0.56000000
540.00000000 0.54200000 0.54600000
549.00000000 0.53600000 0.53800000
558.00000000 0.51000000 0.51800000
567.00000000 0.49200000 0.51600000
576.00000000 0.50400000 0.48600000
585.00000000 0.49400000 0.50000000
594.00000000 0.48200000 0.48800000
603.00000000 0.45600000 0.45000000
612.00000000 0.45800000 0.45800000
621.00000000 0.43800000 0.42000000
630.00000000 0.42000000 0.43800000
639.00000000 0.39600000 0.41600000
648.00000000 0.38400000 0.39800000
657.00000000 0.39000000 0.39000000
666.00000000 0.38800000 0.39000000
675.00000000 0.37200000 0.37000000
684.00000000 0.35800000 0.36000000
693.00000000 0.34000000 0.35600000
702.00000000 0.35400000 0.33400000
711.00000000 0.32800000 0.33200000
720.00000000 0.31000000 0.32800000
729.00000000 0.31200000 0.31400000
738.00000000 0.30000000 0.29600000
747.00000000 0.29600000 0.28600000
756.00000000 0.27200000 0.27600000
765.00000000 0.28000000 0.27800000
774.00000000 0.25800000 0.26400000
783.00000000 0.23600000 0.26000000
792.00000000 0.25000000 0.25200000
801.00000000 0.24000000 0.23400000
810.00000000 0.23600000 0.23600000
819.00000000 0.21600000 0.22000000
828.00000000 0.22000000 0.21600000
837.00000000 0.21000000 0.21400000
846.00000000 0.20600000 0.20000000
855.00000000 0.19000000 0.20200000
864.00000000 0.18200000 0.18200000
873.00000000 0.17800000 0.17400000
882.00000000 0.15600000 0.17000000
891.00000000 0.16200000 0.16800000
900.00000000 0.16000000 0.15800000
909.00000000 0.14800000 0.16200000
918.00000000 0.15400000 0.14800000
927.00000000 0.14800000 0.15400000
936.00000000 0.14600000 0.13800000
945.00000000 0.14200000 0.13200000
954.00000000 0.12800000 0.12800000
963.00000000 0.13400000 0.12800000
972.00000000 0.12600000 0.12200000
981.00000000 0.11400000 0.10800000
990.00000000 0.10800000 0.11200000
999.00000000 0.10200000 0.10800000
1008.00000000 0.10600000 0.10400000
1017.00000000 0.09600000 0.09600000
1026.00000000 0.09800000 0.09200000
1035.00000000 0.08400000 0.08000000
1044.00000000 0.08800000 0.08000000
1053.00000000 0.07800000 0.07800000
1062.00000000 0.07600000 0.08400000
1071.00000000 0.07800000 0.07400000
1080.00000000 0.06800000 0.07600000
1089.00000000 0.07200000 0.06800000
1098.00000000 0.07000000 0.07200000
1107.00000000 0.07400000 0.07000000
1116.00000000 0.07200000 0.06600000
1125.00000000 0.06200000 0.06600000
1134.00000000 0.06200000 0.06400000
1143.00000000 0.05600000 0.05600000
1152.00000000 0.06000000 0.05800000
1161.00000000 0.06000000 0.05800000
1170.00000000 0.06000000 0.05400000
1179.00000000 0.05200000 0.05800000
1188.00000000 0.05600000 0.05400000
1197.00000000 0.05400000 0.05200000
1206.00000000 0.05400000 0.05400000
1215.00000000 0.05600000 0.04800000
1224.00000000 0.04400000 0.04800000
1233.00000000 0.04800000 0.04800000
1242.00000000 0.03800000 0.03600000
1251.00000000 0.03400000 0.03800000
1260.00000000 0.03400000 0.03600000
1269.00000000 0.03200000 0.03000000
1278.00000000 0.03400000 0.02600000
1287.00000000 0.03200000 0.03200000
1296.00000000 0.02600000 0.03000000
1305.00000000 0.03000000 0.03000000
1314.00000000 0.03000000 0.03000000
1323.00000000 0.03000000 0.02400000
1332.00000000 0.02800000 0.02400000
1341.00000000 0.02600000 0.02600000
1350.00000000 0.02600000 0.02800000
1359.00000000 0.02600000 0.02800000
1368.00000000 0.02600000 0.02200000
1377.00000000 0.02600000 0.02600000
1386.00000000 0.02600000 0.02400000
1395.00000000 0.02200000 0.02200000
1404.00000000 0.02200000 0.02000000
1413.00000000 0.01800000 0.02200000
1422.00000000 0.01800000 0.01800000
1431.00000000 0.01800000 0.02000000
1440.00000000 0.02200000 0.02200000
1449.00000000 0.02000000 0.02200000
1458.00000000 0.02000000 0.02200000
1467.00000000 0.02200000 0.02000000
1476.00000000 0.02000000 0.02200000
1485.00000000 0.02200000 0.02000000
1494.00000000 0.02200000 0.02000000
1503.00000000 0.02000000 0.02000000
1512.00000000 0.02000000 0.02200000
1521.00000000 0.02000000 0.02000000
1530.00000000 0.01800000 0.01200000
1539.00000000 0.02000000 0.01800000
1548.00000000 0.01800000 0.01800000
1557.00000000 0.01600000 0.01400000
1566.00000000 0.01400000 0.01800000
1575.00000000 0.01400000 0.01200000
1584.00000000 0.01400000 0.01600000
1593.00000000 0.01600000 0.01600000
1602.00000000 0.01600000 0.01200000
1611.00000000 0.01400000 0.01600000
1620.00000000 0.01200000 0.01600000
1629.00000000 0.01400000 0.01400000
1638.00000000 0.01600000 0.01200000
1647.00000000 0.01400000 0.01400000
1656.00000000 0.01600000 0.01600000
1665.00000000 0.01400000 0.01600000
1674.00000000 0.01400000 0.01200000
1683.00000000 0.01400000 0.01600000
1692.00000000 0.01400000 0.01400000
1701.00000000 0.01600000 0.01600000
1710.00000000 0.01400000 0.01600000
1719.00000000 0.01600000 0.01200000
1728.00000000 0.01600000 0.01400000
1737.00000000 0.01600000 0.01600000
1746.00000000 0.01400000 0.01400000
1755.00000000 0.01400000 0.01600000
1764.00000000 0.01400000 0.01400000
1773.00000000 0.01200000 0.01200000
1782.00000000 0.01200000 0.01400000
1791.00000000 0.01200000 0.01400000
1800.00000000 0.01200000 0.01200000
