0 364.88000000 365.31500000
9.00000000 17.57666667 17.63166667
18.00000000 10.47833333 10.57000000
27.00000000 7.65000000 7.71833333
36.00000000 6.27166667 6.25000000
45.00000000 5.24833333 5.27166667
54.00000000 4.58333333 4.58000000
63.00000000 4.04000000 4.04666667
72.00000000 3.64500000 3.67000000
81.00000000 3.37000000 3.40333333
90.00000000 3.07833333 3.10666667
99.00000000 2.90000000 2.91666667
108.00000000 2.67500000 2.73500000
117.00000000 2.56333333 2.55333333
126.00000000 2.40000000 2.41333333
135.00000000 2.27500000 2.27666667
144.00000000 2.15666667 2.20166667
153.00000000 2.06833333 2.08333333
162.00000000 1.91833333 1.94833333
171.00000000 1.87666667 1.89500000
180.00000000 1.77000000 1.81333333
189.00000000 1.71500000 1.71666667
198.00000000 1.64666667 1.67166667
207.00000000 1.58666667 1.60833333
216.00000000 1.54666667 1.54166667
225.00000000 1.47000000 1.50333333
234.00000000 1.41166667 1.42333333
243.00000000 1.35666667 1.38833333
252.00000000 1.34666667 1.34666667
261.00000000 1.30333333 1.31833333
270.00000000 1.26166667 1.26833333
279.00000000 1.21166667 1.21166667
288.00000000 1.17500000 1.17666667
297.00000000 1.14166667 1.16333333
306.00000000 1.10500000 1.11500000
315.00000000 1.07333333 1.09166667
324.00000000 1.07833333 1.06166667
333.00000000 1.02833333 1.03833333
342.00000000 0.98000000 1.00166667
351.00000000 0.97333333 0.98333333
360.00000000 0.95166667 0.95333333
369.00000000 0.90000000 0.90666667
378.00000000 0.86500000 0.88833333
387.00000000 0.84833333 0.85500000
396.00000000 0.81000000 0.84666667
405.00000000 0.79166667 0.82333333
414.00000000 0.78166667 0.78166667
423.00000000 0.76500000 0.76000000
432.00000000 0.73333333 0.73666667
441.00000000 0.72166667 0.72333333
450.00000000 0.68166667 0.70166667
459.00000000 0.66833333 0.66833333
468.00000000 0.65500000 0.65000000
477.00000000 0.64500000 0.63166667
486.00000000 0.62333333 0.60500000
495.00000000 0.60166667 0.59500000
504.00000000 0.59500000 0.59166667
513.00000000 0.58666667 0.58166667
522.00000000 0.57666667 0.57166667
531.00000000 0.56000000 0.56166667
540.00000000 0.54666667 0.54666667
549.00000000 0.54333333 0.54500000
558.00000000 0.51666667 0.52500000
567.00000000 0.49833333 0.52166667
576.00000000 0.51000000 0.49833333
585.00000000 0.49500000 0.50000000
594.00000000 0.47666667 0.48166667
603.00000000 0.45666667 0.44666667
612.00000000 0.45500000 0.45833333
621.00000000 0.43833333 0.41666667
630.00000000 0.42666667 0.43833333
639.00000000 0.39666667 0.41500000
648.00000000 0.38166667 0.39666667
657.00000000 0.39166667 0.38833333
666.00000000 0.38500000 0.38833333
675.00000000 0.37000000 0.36666667
684.00000000 0.35500000 0.36000000
693.00000000 0.34000000 0.35166667
702.00000000 0.34833333 0.33333333
711.00000000 0.32333333 0.33000000
720.00000000 0.30666667 0.32500000
729.00000000 0.31000000 0.31166667
738.00000000 0.29500000 0.29000000
747.00000000 0.29500000 0.28333333
756.00000000 0.27333333 0.27333333
765.00000000 0.27333333 0.27833333
774.00000000 0.25500000 0.26333333
783.00000000 0.23833333 0.25500000
792.00000000 0.24666667 0.24833333
801.00000000 0.23833333 0.23000000
810.00000000 0.23500000 0.23166667
819.00000000 0.21500000 0.21833333
828.00000000 0.21666667 0.21333333
837.00000000 0.20500000 0.21000000
846.00000000 0.20333333 0.20000000
855.00000000 0.19000000 0.20000000
864.00000000 0.18333333 0.18333333
873.00000000 0.18000000 0.17500000
882.00000000 0.16000000 0.16833333
891.00000000 0.16333333 0.16833333
900.00000000 0.16333333 0.16333333
909.00000000 0.15333333 0.16666667
918.00000000 0.15666667 0.15166667
927.00000000 0.14666667 0.15166667
936.00000000 0.14166667 0.14000000
945.00000000 0.14166667 0.13500000
954.00000000 0.12666667 0.13000000
963.00000000 0.13166667 0.12666667
972.00000000 0.12500000 0.12333333
981.00000000 0.11333333 0.10833333
990.00000000 0.10666667 0.11166667
999.00000000 0.10166667 0.10833333
1008.00000000 0.10666667 0.10333333
1017.00000000 0.09833333 0.09833333
1026.00000000 0.09833333 0.09166667
1035.00000000 0.08833333 0.08500000
1044.00000000 0.09166667 0.08166667
1053.00000000 0.08166667 0.08333333
1062.00000000 0.08166667 0.08666667
1071.00000000 0.08000000 0.07833333
1080.00000000 0.07333333 0.08000000
1089.00000000 0.07500000 0.07166667
1098.00000000 0.07333333 0.07500000
1107.00000000 0.07500000 0.07333333
1116.00000000 0.07000000 0.06833333
1125.00000000 0.06333333 0.06833333
1134.00000000 0.06500000 0.06500000
1143.00000000 0.06000000 0.05666667
1152.00000000 0.06000000 0.06000000
1161.00000000 0.06000000 0.06000000
1170.00000000 0.06000000 0.05500000
1179.00000000 0.05166667 0.05833333
1188.00000000 0.05666667 0.05500000
1197.00000000 0.05333333 0.05333333
1206.00000000 0.05166667 0.05500000
1215.00000000 0.05666667 0.05000000
1224.00000000 0.04500000 0.04666667
1233.00000000 0.04833333 0.04833333
1242.00000000 0.03833333 0.03666667
1251.00000000 0.03333333 0.03833333
1260.00000000 0.03500000 0.03666667
1269.00000000 0.03333333 0.03166667
1278.00000000 0.03333333 0.02833333
1287.00000000 0.03333333 0.03166667
1296.00000000 0.02833333 0.03166667
1305.00000000 0.03000000 0.03000000
1314.00000000 0.03166667 0.03166667
1323.00000000 0.03000000 0.02666667
1332.00000000 0.02833333 0.02500000
1341.00000000 0.02666667 0.02500000
1350.00000000 0.02666667 0.02833333
1359.00000000 0.02666667 0.02833333
1368.00000000 0.02333333 0.02333333
1377.00000000 0.02666667 0.02500000
1386.00000000 0.02666667 0.02500000
1395.00000000 0.02333333 0.02333333
1404.00000000 0.02166667 0.02000000
1413.00000000 0.02000000 0.02333333
1422.00000000 0.01833333 0.02000000
1431.00000000 0.01833333 0.02000000
1440.00000000 0.02333333 0.02333333
1449.00000000 0.02000000 0.02166667
1458.00000000 0.02000000 0.02166667
1467.00000000 0.02166667 0.02000000
1476.00000000 0.02000000 0.02000000
1485.00000000 0.02166667 0.02000000
1494.00000000 0.02166667 0.02000000
1503.00000000 0.02000000 0.02000000
1512.00000000 0.02000000 0.02166667
1521.00000000 0.02000000 0.02000000
1530.00000000 0.01833333 0.01333333
1539.00000000 0.01833333 0.01666667
1548.00000000 0.01666667 0.01666667
1557.00000000 0.01500000 0.01333333
1566.00000000 0.01166667 0.01666667
1575.00000000 0.01333333 0.01166667
1584.00000000 0.01333333 0.01500000
1593.00000000 0.01333333 0.01500000
1602.00000000 0.01500000 0.01166667
1611.00000000 0.01333333 0.01500000
1620.00000000 0.01000000 0.01500000
1629.00000000 0.01333333 0.01333333
1638.00000000 0.01500000 0.01166667
1647.00000000 0.01333333 0.01333333
1656.00000000 0.01500000 0.01500000
1665.00000000 0.01333333 0.01500000
1674.00000000 0.01333333 0.01166667
1683.00000000 0.01166667 0.01333333
1692.00000000 0.01166667 0.01166667
1701.00000000 0.01333333 0.01333333
1710.00000000 0.01166667 0.01333333
1719.00000000 0.01333333 0.01000000
1728.00000000 0.01333333 0.01166667
1737.00000000 0.01333333 0.01333333
1746.00000000 0.01166667 0.01166667
1755.00000000 0.01166667 0.01333333
1764.00000000 0.01166667 0.01166667
1773.00000000 0.01000000 0.01000000
1782.00000000 0.01000000 0.01166667
1791.00000000 0.01000000 0.01166667
1800.00000000 0.01000000 0.01000000
