0 365.30500000 365.75500000
9.00000000 17.52375000 17.64125000
18.00000000 10.56500000 10.64125000
27.00000000 7.75000000 7.78750000
36.00000000 6.29125000 6.30250000
45.00000000 5.28625000 5.32750000
54.00000000 4.59875000 4.62625000
63.00000000 4.06375000 4.09375000
72.00000000 3.66625000 3.71625000
81.00000000 3.39000000 3.40875000
90.00000000 3.10000000 3.13625000
99.00000000 2.91250000 2.94250000
108.00000000 2.68500000 2.75375000
117.00000000 2.56000000 2.56500000
126.00000000 2.41875000 2.43375000
135.00000000 2.27125000 2.28375000
144.00000000 2.16750000 2.20500000
153.00000000 2.08875000 2.09250000
162.00000000 1.93125000 1.95750000
171.00000000 1.89000000 1.91000000
180.00000000 1.79875000 1.82625000
189.00000000 1.72250000 1.73500000
198.00000000 1.65375000 1.68250000
207.00000000 1.58750000 1.61750000
216.00000000 1.54500000 1.55125000
225.00000000 1.46875000 1.50000000
234.00000000 1.42625000 1.43750000
243.00000000 1.37000000 1.40375000
252.00000000 1.34125000 1.34500000
261.00000000 1.29375000 1.31750000
270.00000000 1.25000000 1.26250000
279.00000000 1.19000000 1.20500000
288.00000000 1.16000000 1.16625000
297.00000000 1.12750000 1.14375000
306.00000000 1.09750000 1.10250000
315.00000000 1.06000000 1.07625000
324.00000000 1.06375000 1.05375000
333.00000000 1.01125000 1.01875000
342.00000000 0.97250000 0.99000000
351.00000000 0.95625000 0.97250000
360.00000000 0.93250000 0.94000000
369.00000000 0.89125000 0.89375000
378.00000000 0.87000000 0.88500000
387.00000000 0.84875000 0.85375000
396.00000000 0.82250000 0.84625000
405.00000000 0.79375000 0.82000000
414.00000000 0.78500000 0.78375000
423.00000000 0.76625000 0.76500000
432.00000000 0.73500000 0.73875000
441.00000000 0.71875000 0.72375000
450.00000000 0.69000000 0.70750000
459.00000000 0.67500000 0.67125000
468.00000000 0.65750000 0.65125000
477.00000000 0.64875000 0.63125000
486.00000000 0.62000000 0.61000000
495.00000000 0.60250000 0.60250000
504.00000000 0.59625000 0.58875000
513.00000000 0.57875000 0.57750000
522.00000000 0.57500000 0.57500000
531.00000000 0.56000000 0.56000000
540.00000000 0.54125000 0.54375000
549.00000000 0.54125000 0.54250000
558.00000000 0.51625000 0.52250000
567.00000000 0.50125000 0.52500000
576.00000000 0.50750000 0.50000000
585.00000000 0.48625000 0.48000000
594.00000000 0.47500000 0.47500000
603.00000000 0.45625000 0.44625000
612.00000000 0.44625000 0.45250000
621.00000000 0.43375000 0.42125000
630.00000000 0.41625000 0.43125000
639.00000000 0.39375000 0.41000000
648.00000000 0.38250000 0.39500000
657.00000000 0.38625000 0.38125000
666.00000000 0.37750000 0.37875000
675.00000000 0.36250000 0.36375000
684.00000000 0.35125000 0.35500000
693.00000000 0.33500000 0.34500000
702.00000000 0.34125000 0.33250000
711.00000000 0.32375000 0.32750000
720.00000000 0.30250000 0.32125000
729.00000000 0.30375000 0.30625000
738.00000000 0.28375000 0.28250000
747.00000000 0.28750000 0.28000000
756.00000000 0.27250000 0.26625000
765.00000000 0.26500000 0.27250000
774.00000000 0.25750000 0.26375000
783.00000000 0.24500000 0.25125000
792.00000000 0.24750000 0.24375000
801.00000000 0.23625000 0.23125000
810.00000000 0.23250000 0.23125000
819.00000000 0.21375000 0.22375000
828.00000000 0.21875000 0.21375000
837.00000000 0.20625000 0.21375000
846.00000000 0.20125000 0.20375000
855.00000000 0.18875000 0.20125000
864.00000000 0.19125000 0.19000000
873.00000000 0.18750000 0.18250000
882.00000000 0.17250000 0.18125000
891.00000000 0.17250000 0.17875000
900.00000000 0.17000000 0.17000000
909.00000000 0.15750000 0.17000000
918.00000000 0.16125000 0.15750000
927.00000000 0.15000000 0.15625000
936.00000000 0.14500000 0.14375000
945.00000000 0.14375000 0.14125000
954.00000000 0.13250000 0.13750000
963.00000000 0.14000000 0.13375000
972.00000000 0.12875000 0.13375000
981.00000000 0.12375000 0.11750000
990.00000000 0.11625000 0.12000000
999.00000000 0.11375000 0.12000000
1008.00000000 0.11500000 0.11375000
1017.00000000 0.10875000 0.10750000
1026.00000000 0.10750000 0.10375000
1035.00000000 0.09625000 0.09750000
1044.00000000 0.10250000 0.09500000
1053.00000000 0.09375000 0.09000000
1062.00000000 0.09000000 0.09625000
1071.00000000 0.09125000 0.09000000
1080.00000000 0.08750000 0.09250000
1089.00000000 0.08375000 0.08500000
1098.00000000 0.08125000 0.08500000
1107.00000000 0.07875000 0.08000000
1116.00000000 0.07500000 0.07625000
1125.00000000 0.07250000 0.07625000
1134.00000000 0.07250000 0.07250000
1143.00000000 0.06625000 0.06500000
1152.00000000 0.06750000 0.06625000
1161.00000000 0.06500000 0.06625000
1170.00000000 0.06500000 0.06000000
1179.00000000 0.05500000 0.06000000
1188.00000000 0.05750000 0.05500000
1197.00000000 0.05625000 0.05625000
1206.00000000 0.05250000 0.05625000
1215.00000000 0.05500000 0.05250000
1224.00000000 0.04750000 0.05000000
1233.00000000 0.05000000 0.04750000
1242.00000000 0.04250000 0.04000000
1251.00000000 0.03750000 0.04000000
1260.00000000 0.03875000 0.04000000
1269.00000000 0.03750000 0.03625000
1278.00000000 0.03875000 0.03375000
1287.00000000 0.03750000 0.03625000
1296.00000000 0.03500000 0.03375000
1305.00000000 0.03500000 0.03500000
1314.00000000 0.03625000 0.03500000
1323.00000000 0.03375000 0.03125000
1332.00000000 0.03250000 0.03000000
1341.00000000 0.03125000 0.03000000
1350.00000000 0.03125000 0.03125000
1359.00000000 0.03125000 0.03250000
1368.00000000 0.02750000 0.02875000
1377.00000000 0.03000000 0.03000000
1386.00000000 0.03000000 0.03000000
1395.00000000 0.02500000 0.02500000
1404.00000000 0.02500000 0.02375000
1413.00000000 0.02250000 0.02625000
1422.00000000 0.02125000 0.02375000
1431.00000000 0.02250000 0.02125000
1440.00000000 0.02625000 0.02625000
1449.00000000 0.02375000 0.02500000
1458.00000000 0.02375000 0.02500000
1467.00000000 0.02375000 0.02375000
1476.00000000 0.02375000 0.02375000
1485.00000000 0.02500000 0.02250000
1494.00000000 0.02375000 0.02375000
1503.00000000 0.02250000 0.02375000
1512.00000000 0.02375000 0.02375000
1521.00000000 0.02375000 0.02375000
1530.00000000 0.02125000 0.01625000
1539.00000000 0.01875000 0.02000000
1548.00000000 0.02000000 0.02000000
1557.00000000 0.01875000 0.01625000
1566.00000000 0.01625000 0.02000000
1575.00000000 0.01750000 0.01625000
1584.00000000 0.01750000 0.01750000
1593.00000000 0.01750000 0.01875000
1602.00000000 0.01750000 0.01625000
1611.00000000 0.01625000 0.01750000
1620.00000000 0.01500000 0.01875000
1629.00000000 0.01750000 0.01625000
1638.00000000 0.01875000 0.01625000
1647.00000000 0.01500000 0.01625000
1656.00000000 0.01750000 0.01750000
1665.00000000 0.01500000 0.01750000
1674.00000000 0.01625000 0.01500000
1683.00000000 0.01250000 0.01375000
1692.00000000 0.01125000 0.01125000
1701.00000000 0.01375000 0.01375000
1710.00000000 0.01125000 0.01375000
1719.00000000 0.01375000 0.01125000
1728.00000000 0.01375000 0.01125000
1737.00000000 0.01375000 0.01250000
1746.00000000 0.01250000 0.01250000
1755.00000000 0.01125000 0.01375000
1764.00000000 0.01125000 0.01250000
1773.00000000 0.01125000 0.01125000
1782.00000000 0.01125000 0.01250000
1791.00000000 0.01000000 0.01250000
1800.00000000 0.01000000 0.01000000
