0 364.90705882 365.70882353
9.00000000 17.43882353 17.55235294
18.00000000 10.43882353 10.50117647
27.00000000 7.69294118 7.73000000
36.00000000 6.18294118 6.21823529
45.00000000 5.22294118 5.28411765
54.00000000 4.56882353 4.59647059
63.00000000 4.03823529 4.07294118
72.00000000 3.65470588 3.69764706
81.00000000 3.38941176 3.40705882
90.00000000 3.13058824 3.15000000
99.00000000 2.91764706 2.96176471
108.00000000 2.72470588 2.76764706
117.00000000 2.57470588 2.58941176
126.00000000 2.44176471 2.44647059
135.00000000 2.32176471 2.33176471
144.00000000 2.21823529 2.24000000
153.00000000 2.11529412 2.12235294
162.00000000 1.98470588 2.00941176
171.00000000 1.92882353 1.93705882
180.00000000 1.85235294 1.86176471
189.00000000 1.76117647 1.79352941
198.00000000 1.69588235 1.72470588
207.00000000 1.63000000 1.65764706
216.00000000 1.58176471 1.58882353
225.00000000 1.51647059 1.52294118
234.00000000 1.45823529 1.47588235
243.00000000 1.40470588 1.43882353
252.00000000 1.37176471 1.37588235
261.00000000 1.33058824 1.33941176
270.00000000 1.28058824 1.29352941
279.00000000 1.24294118 1.26058824
288.00000000 1.19941176 1.21764706
297.00000000 1.16529412 1.17176471
306.00000000 1.13411765 1.14823529
315.00000000 1.10470588 1.11117647
324.00000000 1.08294118 1.08588235
333.00000000 1.04823529 1.06117647
342.00000000 1.02117647 1.02941176
351.00000000 0.98764706 1.01352941
360.00000000 0.96411765 0.97411765
369.00000000 0.93705882 0.94117647
378.00000000 0.91294118 0.92058824
387.00000000 0.88647059 0.88294118
396.00000000 0.87294118 0.87764706
405.00000000 0.83823529 0.85176471
414.00000000 0.82058824 0.82470588
423.00000000 0.79117647 0.79882353
432.00000000 0.77000000 0.77705882
441.00000000 0.75294118 0.76235294
450.00000000 0.72411765 0.73705882
459.00000000 0.70470588 0.70823529
468.00000000 0.68764706 0.69411765
477.00000000 0.68058824 0.67235294
486.00000000 0.65058824 0.64647059
495.00000000 0.63705882 0.63235294
504.00000000 0.62176471 0.61941176
513.00000000 0.60352941 0.60294118
522.00000000 0.58588235 0.59000000
531.00000000 0.57529412 0.58294118
540.00000000 0.56705882 0.57000000
549.00000000 0.55235294 0.55882353
558.00000000 0.54529412 0.54235294
567.00000000 0.51058824 0.52882353
576.00000000 0.51529412 0.51176471
585.00000000 0.49764706 0.49823529
594.00000000 0.48588235 0.47823529
603.00000000 0.46000000 0.46176471
612.00000000 0.45470588 0.46294118
621.00000000 0.44235294 0.43647059
630.00000000 0.43294118 0.43705882
639.00000000 0.41294118 0.42058824
648.00000000 0.40176471 0.41235294
657.00000000 0.40529412 0.40058824
666.00000000 0.38941176 0.39470588
675.00000000 0.37647059 0.37647059
684.00000000 0.37235294 0.37058824
693.00000000 0.36352941 0.36176471
702.00000000 0.35176471 0.34529412
711.00000000 0.33823529 0.34764706
720.00000000 0.32588235 0.34117647
729.00000000 0.32294118 0.32352941
738.00000000 0.30000000 0.30705882
747.00000000 0.30117647 0.30117647
756.00000000 0.29000000 0.29529412
765.00000000 0.28588235 0.29058824
774.00000000 0.27294118 0.27529412
783.00000000 0.26588235 0.27352941
792.00000000 0.26294118 0.26117647
801.00000000 0.25352941 0.25352941
810.00000000 0.24588235 0.25058824
819.00000000 0.23941176 0.24352941
828.00000000 0.23117647 0.23470588
837.00000000 0.22411765 0.23000000
846.00000000 0.21235294 0.22176471
855.00000000 0.20705882 0.21529412
864.00000000 0.21058824 0.20294118
873.00000000 0.20235294 0.19882353
882.00000000 0.19588235 0.19647059
891.00000000 0.18647059 0.19529412
900.00000000 0.19000000 0.19000000
909.00000000 0.17352941 0.18411765
918.00000000 0.17764706 0.17705882
927.00000000 0.16764706 0.17117647
936.00000000 0.16176471 0.16117647
945.00000000 0.16235294 0.15764706
954.00000000 0.15235294 0.15470588
963.00000000 0.15294118 0.15117647
972.00000000 0.14470588 0.14764706
981.00000000 0.14000000 0.14058824
990.00000000 0.13647059 0.13764706
999.00000000 0.13294118 0.13529412
1008.00000000 0.12941176 0.12647059
1017.00000000 0.12647059 0.12411765
1026.00000000 0.12470588 0.12176471
1035.00000000 0.11411765 0.11647059
1044.00000000 0.11176471 0.11294118
1053.00000000 0.11058824 0.10764706
1062.00000000 0.10588235 0.10941176
1071.00000000 0.10647059 0.10647059
1080.00000000 0.10294118 0.10823529
1089.00000000 0.10411765 0.10176471
1098.00000000 0.09647059 0.09764706
1107.00000000 0.09941176 0.10000000
1116.00000000 0.09294118 0.09117647
1125.00000000 0.08588235 0.09117647
1134.00000000 0.08823529 0.08647059
1143.00000000 0.08176471 0.08117647
1152.00000000 0.08058824 0.08058824
1161.00000000 0.07529412 0.07764706
1170.00000000 0.07529412 0.07235294
1179.00000000 0.07294118 0.07235294
1188.00000000 0.07176471 0.07058824
1197.00000000 0.06882353 0.06705882
1206.00000000 0.06352941 0.06235294
1215.00000000 0.06294118 0.06294118
1224.00000000 0.05882353 0.05941176
1233.00000000 0.06000000 0.05941176
1242.00000000 0.05705882 0.05470588
1251.00000000 0.05294118 0.05411765
1260.00000000 0.05235294 0.05352941
1269.00000000 0.05058824 0.04764706
1278.00000000 0.05000000 0.04823529
1287.00000000 0.05058824 0.04882353
1296.00000000 0.04705882 0.04588235
1305.00000000 0.04705882 0.04647059
1314.00000000 0.04764706 0.04470588
1323.00000000 0.04529412 0.04235294
1332.00000000 0.04235294 0.04176471
1341.00000000 0.03882353 0.04117647
1350.00000000 0.04058824 0.04176471
1359.00000000 0.04117647 0.04058824
1368.00000000 0.03470588 0.03647059
1377.00000000 0.03470588 0.03588235
1386.00000000 0.03529412 0.03352941
1395.00000000 0.03294118 0.03176471
1404.00000000 0.03352941 0.03294118
1413.00000000 0.02941176 0.03411765
1422.00000000 0.03058824 0.03117647
1431.00000000 0.03000000 0.02882353
1440.00000000 0.03235294 0.03294118
1449.00000000 0.02941176 0.03176471
1458.00000000 0.02941176 0.03058824
1467.00000000 0.02705882 0.02647059
1476.00000000 0.02882353 0.02705882
1485.00000000 0.02941176 0.02882353
1494.00000000 0.02647059 0.02705882
1503.00000000 0.02647059 0.02529412
1512.00000000 0.02411765 0.02588235
1521.00000000 0.02529412 0.02588235
1530.00000000 0.02470588 0.02176471
1539.00000000 0.02176471 0.02352941
1548.00000000 0.02176471 0.02352941
1557.00000000 0.02294118 0.02058824
1566.00000000 0.02176471 0.02058824
1575.00000000 0.02058824 0.02000000
1584.00000000 0.01882353 0.02000000
1593.00000000 0.01823529 0.01941176
1602.00000000 0.01941176 0.01882353
1611.00000000 0.01882353 0.01941176
1620.00000000 0.01823529 0.02058824
1629.00000000 0.01941176 0.01764706
1638.00000000 0.02000000 0.01882353
1647.00000000 0.01823529 0.01882353
1656.00000000 0.01882353 0.02000000
1665.00000000 0.01705882 0.02000000
1674.00000000 0.01764706 0.01764706
1683.00000000 0.01588235 0.01764706
1692.00000000 0.01647059 0.01647059
1701.00000000 0.01647059 0.01764706
1710.00000000 0.01470588 0.01705882
1719.00000000 0.01647059 0.01588235
1728.00000000 0.01588235 0.01352941
1737.00000000 0.01294118 0.01235294
1746.00000000 0.01352941 0.01352941
1755.00000000 0.01176471 0.01352941
1764.00000000 0.01235294 0.01294118
1773.00000000 0.01235294 0.01235294
1782.00000000 0.01176471 0.01294118
1791.00000000 0.01117647 0.01294118
1800.00000000 0.01176471 0.01117647
