0 7.39834e-07
6.25 0.00221976
12.5 0.00752211
18.75 0.0152465
25 0.024333
31.25 0.034431
37.5 0.0452445
43.75 0.05698
50 0.070505
56.25 0.0844778
62.5 0.0988641
68.75 0.113771
75 0.130151
81.25 0.14633
87.5 0.16149
93.75 0.178121
100 0.194224
106.25 0.210364
112.5 0.226324
118.75 0.24474
125 0.262183
131.25 0.279474
137.5 0.296719
143.75 0.316285
150 0.333629
156.25 0.351044
162.5 0.367623
168.75 0.383749
175 0.398676
181.25 0.41325
187.5 0.428722
193.75 0.44609
200 0.460504
206.25 0.474875
212.5 0.490466
218.75 0.504572
225 0.51905
231.25 0.534359
237.5 0.547511
243.75 0.558973
250 0.571532
256.25 0.582608
262.5 0.594233
268.75 0.606483
275 0.616631
281.25 0.625987
287.5 0.635036
293.75 0.643383
300 0.652847
306.25 0.661356
312.5 0.669269
318.75 0.677727
325 0.684337
331.25 0.692632
337.5 0.699936
343.75 0.707871
350 0.716699
356.25 0.72488
362.5 0.733123
368.75 0.740863
375 0.74992
381.25 0.756335
387.5 0.763621
393.75 0.770986
400 0.778337
406.25 0.785824
412.5 0.791845
418.75 0.796613
425 0.801963
431.25 0.807044
437.5 0.810641
443.75 0.815344
450 0.818973
456.25 0.823163
462.5 0.827085
468.75 0.830267
475 0.834156
481.25 0.83759
487.5 0.840475
493.75 0.842851
500 0.845552
506.25 0.847431
512.5 0.850168
518.75 0.852639
525 0.856016
531.25 0.858934
537.5 0.860907
543.75 0.86295
550 0.865032
556.25 0.86746
562.5 0.869212
568.75 0.871541
575 0.872646
581.25 0.874667
587.5 0.876543
593.75 0.877478
600 0.87826
606.25 0.879561
612.5 0.879987
618.75 0.881787
625 0.883063
631.25 0.885284
637.5 0.885345
643.75 0.887425
650 0.888274
656.25 0.887824
662.5 0.887961
668.75 0.888946
675 0.889305
681.25 0.89035
687.5 0.891053
693.75 0.892697
700 0.892285
706.25 0.892005
712.5 0.892457
718.75 0.893183
725 0.89331
731.25 0.89466
737.5 0.894329
743.75 0.89447
750 0.8949
756.25 0.895492
762.5 0.895102
768.75 0.895428
775 0.895879
781.25 0.896512
787.5 0.897028
793.75 0.897365
800 0.898025
806.25 0.897771
812.5 0.899091
818.75 0.899762
825 0.900624
831.25 0.899621
837.5 0.899867
843.75 0.899803
850 0.900257
856.25 0.90016
862.5 0.900472
868.75 0.901561
875 0.90183
881.25 0.901339
887.5 0.902311
893.75 0.902297
900 0.902994
906.25 0.902809
912.5 0.902758
918.75 0.902171
925 0.902655
931.25 0.903303
937.5 0.90411
943.75 0.902984
950 0.903342
956.25 0.902748
962.5 0.903553
968.75 0.904443
975 0.903953
981.25 0.904991
987.5 0.904596
993.75 0.904096
1000 0.904456
1006.25 0.905106
1012.5 0.904664
1018.75 0.904656
1025 0.904804
1031.25 0.905414
1037.5 0.905637
1043.75 0.905978
1050 0.905764
1056.25 0.905084
1062.5 0.904359
1068.75 0.903477
1075 0.903897
1081.25 0.90387
1087.5 0.904303
1093.75 0.903824
1100 0.90499
1106.25 0.90406
1112.5 0.904055
1118.75 0.903918
1125 0.904834
1131.25 0.90534
1137.5 0.905512
1143.75 0.905467
1150 0.906021
1156.25 0.905837
1162.5 0.906751
1168.75 0.906796
1175 0.907048
1181.25 0.906604
1187.5 0.906769
1193.75 0.907184
1200 0.908125
1206.25 0.908837
1212.5 0.908247
1218.75 0.907799
1225 0.907249
1231.25 0.90781
1237.5 0.908018
1243.75 0.907613
1250 0.907818
