0 7.94418e-07
6.25 0.00230657
12.5 0.0079028
18.75 0.0155988
25 0.0250067
31.25 0.0357239
37.5 0.047644
43.75 0.0606922
50 0.074774
56.25 0.0894159
62.5 0.104582
68.75 0.120381
75 0.136644
81.25 0.15335
87.5 0.169536
93.75 0.18683
100 0.204366
106.25 0.221802
112.5 0.240113
118.75 0.258723
125 0.27696
131.25 0.294496
137.5 0.313311
143.75 0.333906
150 0.352168
156.25 0.370121
162.5 0.387504
168.75 0.404633
175 0.42091
181.25 0.435959
187.5 0.451327
193.75 0.466935
200 0.481301
206.25 0.495836
212.5 0.510464
218.75 0.524691
225 0.538454
231.25 0.551784
237.5 0.565339
243.75 0.57724
250 0.589591
256.25 0.60127
262.5 0.613417
268.75 0.625927
275 0.637501
281.25 0.648448
287.5 0.659222
293.75 0.669066
300 0.67979
306.25 0.689122
312.5 0.698039
318.75 0.706955
325 0.714603
331.25 0.72183
337.5 0.728764
343.75 0.736016
350 0.743646
356.25 0.75025
362.5 0.75757
368.75 0.764127
375 0.771243
381.25 0.777529
387.5 0.783145
393.75 0.788844
400 0.793603
406.25 0.799955
412.5 0.805512
418.75 0.809546
425 0.81358
431.25 0.817833
437.5 0.82092
443.75 0.824555
450 0.827464
456.25 0.830363
462.5 0.833718
468.75 0.83668
475 0.839979
481.25 0.842745
487.5 0.845504
493.75 0.847869
500 0.849847
506.25 0.852097
512.5 0.854747
518.75 0.857086
525 0.859186
531.25 0.861832
537.5 0.863584
543.75 0.865255
550 0.867145
556.25 0.868748
562.5 0.870002
568.75 0.872551
575 0.873585
581.25 0.874737
587.5 0.876706
593.75 0.878423
600 0.879233
606.25 0.88051
612.5 0.881718
618.75 0.882865
625 0.88349
631.25 0.884288
637.5 0.885518
643.75 0.887027
650 0.887776
656.25 0.888103
662.5 0.888767
668.75 0.889598
675 0.89049
681.25 0.89149
687.5 0.89222
693.75 0.893472
700 0.894292
706.25 0.894237
712.5 0.894819
718.75 0.895651
725 0.89617
731.25 0.896744
737.5 0.896699
743.75 0.896648
750 0.897326
756.25 0.897898
762.5 0.897895
768.75 0.897861
775 0.898764
781.25 0.898983
787.5 0.899775
793.75 0.899929
800 0.900631
806.25 0.901168
812.5 0.901813
818.75 0.902345
825 0.903377
831.25 0.902918
837.5 0.903563
843.75 0.903537
850 0.904291
856.25 0.903914
862.5 0.904359
868.75 0.905603
875 0.906052
881.25 0.905576
887.5 0.906251
893.75 0.906671
900 0.907169
906.25 0.907657
912.5 0.90741
918.75 0.907278
925 0.908065
931.25 0.908746
937.5 0.908878
943.75 0.908795
950 0.909444
956.25 0.909308
962.5 0.909486
968.75 0.909727
975 0.909952
981.25 0.910616
987.5 0.910433
993.75 0.910132
1000 0.910286
1006.25 0.910847
1012.5 0.910629
1018.75 0.910911
1025 0.910591
1031.25 0.910682
1037.5 0.910933
1043.75 0.911398
1050 0.91133
1056.25 0.911043
1062.5 0.910851
1068.75 0.910173
1075 0.910518
1081.25 0.910467
1087.5 0.910658
1093.75 0.910515
1100 0.910694
1106.25 0.910329
1112.5 0.910534
1118.75 0.910405
1125 0.91056
1131.25 0.910738
1137.5 0.911126
1143.75 0.911097
1150 0.91114
1156.25 0.910993
1162.5 0.911622
1168.75 0.911736
1175 0.911636
1181.25 0.911679
1187.5 0.911757
1193.75 0.912339
1200 0.912584
1206.25 0.912578
1212.5 0.911985
1218.75 0.911934
1225 0.911861
1231.25 0.912171
1237.5 0.912358
1243.75 0.912341
1250 0.912419
