0 0.000611676
6.25 0.0334849
12.5 0.0620095
18.75 0.0888504
25 0.113017
31.25 0.135305
37.5 0.156683
43.75 0.17759
50 0.198605
56.25 0.218427
62.5 0.23816
68.75 0.257467
75 0.278225
81.25 0.298014
87.5 0.315148
93.75 0.333574
100 0.350776
106.25 0.367762
112.5 0.384441
118.75 0.402805
125 0.420134
131.25 0.437516
137.5 0.453698
143.75 0.471231
150 0.487204
156.25 0.502809
162.5 0.51727
168.75 0.531196
175 0.544416
181.25 0.557095
187.5 0.569735
193.75 0.583994
200 0.596126
206.25 0.607934
212.5 0.62076
218.75 0.632225
225 0.644333
231.25 0.657083
237.5 0.667399
243.75 0.676528
250 0.687071
256.25 0.695781
262.5 0.705158
268.75 0.714607
275 0.722402
281.25 0.730049
287.5 0.737416
293.75 0.744257
300 0.751416
306.25 0.758229
312.5 0.764589
318.75 0.771204
325 0.777171
331.25 0.784009
337.5 0.789988
343.75 0.796001
350 0.803024
356.25 0.808989
362.5 0.815276
368.75 0.820941
375 0.827512
381.25 0.832327
387.5 0.837836
393.75 0.843125
400 0.848217
406.25 0.853498
412.5 0.858157
418.75 0.861676
425 0.865591
431.25 0.869499
437.5 0.872274
443.75 0.875704
450 0.87886
456.25 0.88178
462.5 0.88496
468.75 0.8878
475 0.890881
481.25 0.893614
487.5 0.895755
493.75 0.89782
500 0.899951
506.25 0.901506
512.5 0.903852
518.75 0.905743
525 0.908264
531.25 0.91039
537.5 0.911711
543.75 0.913191
550 0.914745
556.25 0.916439
562.5 0.917615
568.75 0.919192
575 0.920067
581.25 0.921578
587.5 0.922698
593.75 0.923413
600 0.924123
606.25 0.925171
612.5 0.925702
618.75 0.927072
625 0.927975
631.25 0.929303
637.5 0.929585
643.75 0.930792
650 0.931502
656.25 0.93128
662.5 0.93151
668.75 0.9322
675 0.932557
681.25 0.933295
687.5 0.933835
693.75 0.934982
700 0.934813
706.25 0.934738
712.5 0.935238
718.75 0.935788
725 0.936072
731.25 0.936748
737.5 0.936731
743.75 0.936918
750 0.937317
756.25 0.937725
762.5 0.93759
768.75 0.937846
775 0.938205
781.25 0.938647
787.5 0.939151
793.75 0.93944
800 0.939882
806.25 0.939874
812.5 0.940741
818.75 0.94124
825 0.941789
831.25 0.941275
837.5 0.94146
843.75 0.941496
850 0.9418
856.25 0.941905
862.5 0.9421
868.75 0.942763
875 0.942944
881.25 0.942812
887.5 0.943467
893.75 0.943459
900 0.943861
906.25 0.943786
912.5 0.943715
918.75 0.943442
925 0.943718
931.25 0.944081
937.5 0.944545
943.75 0.943962
950 0.944245
956.25 0.943956
962.5 0.94439
968.75 0.944925
975 0.944774
981.25 0.945306
987.5 0.945217
993.75 0.944956
1000 0.945154
1006.25 0.945586
1012.5 0.945347
1018.75 0.945412
1025 0.945505
1031.25 0.945884
1037.5 0.945985
1043.75 0.946247
1050 0.946107
1056.25 0.945869
1062.5 0.945428
1068.75 0.945032
1075 0.945223
1081.25 0.945268
1087.5 0.945537
1093.75 0.945406
1100 0.946028
1106.25 0.945622
1112.5 0.945647
1118.75 0.945706
1125 0.946209
1131.25 0.946551
1137.5 0.946791
1143.75 0.946926
1150 0.947266
1156.25 0.947216
1162.5 0.947677
1168.75 0.947766
1175 0.947948
1181.25 0.947741
1187.5 0.947869
1193.75 0.94816
1200 0.948704
1206.25 0.949167
1212.5 0.948941
1218.75 0.948779
1225 0.948539
1231.25 0.948908
1237.5 0.949117
1243.75 0.948975
1250 0.949132
