0 7.73764e-07
6.25 0.00236741
12.5 0.007946
18.75 0.0156027
25 0.0250279
31.25 0.0356021
37.5 0.0479246
43.75 0.061346
50 0.0754834
56.25 0.0904093
62.5 0.105888
68.75 0.122253
75 0.138739
81.25 0.15613
87.5 0.173352
93.75 0.190877
100 0.208404
106.25 0.226029
112.5 0.244104
118.75 0.261998
125 0.279942
131.25 0.297369
137.5 0.31524
143.75 0.334562
150 0.352389
156.25 0.369931
162.5 0.386599
168.75 0.402764
175 0.418877
181.25 0.434332
187.5 0.450051
193.75 0.465474
200 0.480152
206.25 0.494294
212.5 0.508296
218.75 0.521818
225 0.535584
231.25 0.549059
237.5 0.561999
243.75 0.574441
250 0.586971
256.25 0.598767
262.5 0.609846
268.75 0.621892
275 0.63289
281.25 0.643693
287.5 0.653912
293.75 0.663894
300 0.674143
306.25 0.683719
312.5 0.692461
318.75 0.701184
325 0.708958
331.25 0.716195
337.5 0.72356
343.75 0.730575
350 0.737993
356.25 0.743921
362.5 0.750677
368.75 0.756758
375 0.763174
381.25 0.769067
387.5 0.774521
393.75 0.779896
400 0.784926
406.25 0.790469
412.5 0.795699
418.75 0.799799
425 0.803814
431.25 0.808435
437.5 0.812052
443.75 0.815852
450 0.819352
456.25 0.822665
462.5 0.826293
468.75 0.829489
475 0.832726
481.25 0.836005
487.5 0.838753
493.75 0.841239
500 0.843687
506.25 0.846382
512.5 0.848534
518.75 0.850871
525 0.853162
531.25 0.855756
537.5 0.857617
543.75 0.859177
550 0.860753
556.25 0.86257
562.5 0.864492
568.75 0.866554
575 0.867965
581.25 0.86949
587.5 0.871221
593.75 0.872972
600 0.874194
606.25 0.875681
612.5 0.877102
618.75 0.878782
625 0.880256
631.25 0.881276
637.5 0.882844
643.75 0.884244
650 0.885148
656.25 0.886027
662.5 0.886688
668.75 0.887837
675 0.888716
681.25 0.889435
687.5 0.890226
693.75 0.891255
700 0.892086
706.25 0.892182
712.5 0.893059
718.75 0.893821
725 0.894522
731.25 0.895047
737.5 0.895433
743.75 0.895679
750 0.896169
756.25 0.896893
762.5 0.896979
768.75 0.896762
775 0.897696
781.25 0.898224
787.5 0.898614
793.75 0.899116
800 0.899574
806.25 0.900148
812.5 0.900899
818.75 0.901027
825 0.901616
831.25 0.901621
837.5 0.902211
843.75 0.902381
850 0.902966
856.25 0.902814
862.5 0.903112
868.75 0.903895
875 0.904145
881.25 0.904376
887.5 0.904552
893.75 0.904897
900 0.904752
906.25 0.90493
912.5 0.905036
918.75 0.904708
925 0.905279
931.25 0.905697
937.5 0.905829
943.75 0.905685
950 0.906183
956.25 0.906048
962.5 0.906217
968.75 0.906582
975 0.906381
981.25 0.906929
987.5 0.906933
993.75 0.906854
1000 0.906982
1006.25 0.907513
1012.5 0.907501
1018.75 0.907894
1025 0.907734
1031.25 0.907892
1037.5 0.907934
1043.75 0.908071
1050 0.907795
1056.25 0.907483
1062.5 0.907857
1068.75 0.9072
1075 0.907441
1081.25 0.907199
1087.5 0.907308
1093.75 0.907353
1100 0.907319
1106.25 0.907338
1112.5 0.907447
1118.75 0.90757
1125 0.907742
1131.25 0.907597
1137.5 0.907887
1143.75 0.908203
1150 0.908158
1156.25 0.908191
1162.5 0.90857
1168.75 0.908624
1175 0.90856
1181.25 0.908683
1187.5 0.908821
1193.75 0.909395
1200 0.909539
1206.25 0.909652
1212.5 0.909245
1218.75 0.909268
1225 0.909132
1231.25 0.909465
1237.5 0.909697
1243.75 0.909643
1250 0.909777
