0 0.0482036
6.25 0.0755139
12.5 0.100409
18.75 0.128005
25 0.157884
31.25 0.185544
37.5 0.211173
43.75 0.234252
50 0.263539
56.25 0.288948
62.5 0.317075
68.75 0.339978
75 0.365524
81.25 0.39402
87.5 0.418047
93.75 0.440604
100 0.463213
106.25 0.487483
112.5 0.50843
118.75 0.52883
125 0.549393
131.25 0.568288
137.5 0.586085
143.75 0.604765
150 0.621132
156.25 0.636188
162.5 0.650751
168.75 0.664185
175 0.67829
181.25 0.691881
187.5 0.702492
193.75 0.714309
200 0.726139
206.25 0.737032
212.5 0.747557
218.75 0.75803
225 0.768619
231.25 0.778771
237.5 0.787348
243.75 0.795936
250 0.8048
256.25 0.811687
262.5 0.818495
268.75 0.826064
275 0.832715
281.25 0.839337
287.5 0.845583
293.75 0.851579
300 0.856841
306.25 0.862446
312.5 0.867863
318.75 0.872288
325 0.87712
331.25 0.881682
337.5 0.886451
343.75 0.890401
350 0.8946
356.25 0.898634
362.5 0.902361
368.75 0.905505
375 0.908951
381.25 0.91249
387.5 0.915392
393.75 0.918625
400 0.921204
406.25 0.924026
412.5 0.926625
418.75 0.929038
425 0.931387
431.25 0.933927
437.5 0.936095
443.75 0.937965
450 0.940198
456.25 0.941931
462.5 0.944159
468.75 0.946176
475 0.94799
481.25 0.94975
487.5 0.951317
493.75 0.952807
500 0.954078
506.25 0.95555
512.5 0.956927
518.75 0.958343
525 0.959926
531.25 0.961293
537.5 0.9623
543.75 0.963262
550 0.964229
556.25 0.965314
562.5 0.96643
568.75 0.967388
575 0.968129
581.25 0.968878
587.5 0.969724
593.75 0.970564
600 0.971455
606.25 0.972358
612.5 0.973263
618.75 0.974072
625 0.974784
631.25 0.975448
637.5 0.976127
643.75 0.976723
650 0.977273
656.25 0.977826
662.5 0.978256
668.75 0.978741
675 0.979342
681.25 0.979789
687.5 0.98028
693.75 0.980753
700 0.981146
706.25 0.98159
712.5 0.982017
718.75 0.982248
725 0.982661
731.25 0.982858
737.5 0.983136
743.75 0.983424
750 0.983814
756.25 0.984001
762.5 0.984223
768.75 0.984479
775 0.984738
781.25 0.984929
787.5 0.985228
793.75 0.985523
800 0.985737
806.25 0.986028
812.5 0.986321
818.75 0.986588
825 0.986805
831.25 0.986974
837.5 0.987102
843.75 0.987298
850 0.987568
856.25 0.987814
862.5 0.98792
868.75 0.988168
875 0.988358
881.25 0.988503
887.5 0.988671
893.75 0.988742
900 0.988852
906.25 0.98896
912.5 0.98903
918.75 0.989106
925 0.989113
931.25 0.989214
937.5 0.989338
943.75 0.989438
950 0.989552
956.25 0.989583
962.5 0.989612
968.75 0.989649
975 0.989694
981.25 0.989785
987.5 0.989924
993.75 0.989984
1000 0.990019
1006.25 0.990109
1012.5 0.990172
1018.75 0.990271
1025 0.990281
1031.25 0.990351
1037.5 0.990319
1043.75 0.990373
1050 0.99043
1056.25 0.990529
1062.5 0.990535
1068.75 0.990567
1075 0.990633
1081.25 0.990693
1087.5 0.990742
1093.75 0.990808
1100 0.990874
1106.25 0.990892
1112.5 0.990953
1118.75 0.991057
1125 0.991132
1131.25 0.991198
1137.5 0.991317
1143.75 0.991415
1150 0.991511
1156.25 0.991566
1162.5 0.991585
1168.75 0.991664
1175 0.991737
1181.25 0.991771
1187.5 0.991871
1193.75 0.991997
1200 0.992071
1206.25 0.992149
1212.5 0.992235
1218.75 0.992287
1225 0.992326
1231.25 0.992401
1237.5 0.992529
1243.75 0.992632
1250 0.992672
