0 0.0226116
6.25 0.0202519
12.5 0.0437567
18.75 0.0686916
25 0.094925
31.25 0.119302
37.5 0.157022
43.75 0.193299
50 0.212519
56.25 0.229362
62.5 0.256987
68.75 0.283719
75 0.318655
81.25 0.35237
87.5 0.374022
93.75 0.399228
100 0.421504
106.25 0.444616
112.5 0.468663
118.75 0.491602
125 0.514651
131.25 0.539998
137.5 0.558508
143.75 0.57567
150 0.594461
156.25 0.611466
162.5 0.626062
168.75 0.640006
175 0.654889
181.25 0.668458
187.5 0.679221
193.75 0.692008
200 0.704144
206.25 0.715108
212.5 0.727195
218.75 0.73765
225 0.749775
231.25 0.762366
237.5 0.770803
243.75 0.778709
250 0.789297
256.25 0.796543
262.5 0.804958
268.75 0.81236
275 0.818408
281.25 0.825477
287.5 0.832188
293.75 0.838487
300 0.843753
306.25 0.849638
312.5 0.855159
318.75 0.860496
325 0.866981
331.25 0.873165
337.5 0.878454
343.75 0.882811
350 0.888575
356.25 0.892406
362.5 0.897021
368.75 0.900706
375 0.904869
381.25 0.908241
387.5 0.912174
393.75 0.915418
400 0.918182
406.25 0.921253
412.5 0.924757
418.75 0.927101
425 0.929642
431.25 0.932523
437.5 0.934574
443.75 0.936773
450 0.939696
456.25 0.941318
462.5 0.943905
468.75 0.946615
475 0.948986
481.25 0.951107
487.5 0.95252
493.75 0.954384
500 0.955996
506.25 0.957283
512.5 0.959336
518.75 0.960667
525 0.962332
531.25 0.963654
537.5 0.964281
543.75 0.965186
550 0.966211
556.25 0.967138
562.5 0.967704
568.75 0.968484
575 0.969142
581.25 0.970139
587.5 0.970435
593.75 0.970931
600 0.971597
606.25 0.972406
612.5 0.973087
618.75 0.974026
625 0.97454
631.25 0.974895
637.5 0.975447
643.75 0.975702
650 0.976285
656.25 0.976314
662.5 0.976662
668.75 0.977043
675 0.977414
681.25 0.977831
687.5 0.978206
693.75 0.978832
700 0.978934
706.25 0.97909
712.5 0.979663
718.75 0.980034
725 0.980508
731.25 0.980439
737.5 0.980781
743.75 0.981026
750 0.981406
756.25 0.981616
762.5 0.981768
768.75 0.981953
775 0.98222
781.25 0.982461
787.5 0.982967
793.75 0.983211
800 0.983419
806.25 0.983691
812.5 0.98407
818.75 0.98439
825 0.984602
831.25 0.984624
837.5 0.984746
843.75 0.984895
850 0.98504
856.25 0.985376
862.5 0.985444
868.75 0.985645
875 0.985732
881.25 0.985999
887.5 0.986316
893.75 0.986314
900 0.986395
906.25 0.986441
912.5 0.986347
918.75 0.98642
925 0.986469
931.25 0.986522
937.5 0.986611
943.75 0.986624
950 0.986828
956.25 0.986876
962.5 0.986904
968.75 0.987053
975 0.987278
981.25 0.987258
987.5 0.987508
993.75 0.98751
1000 0.98753
1006.25 0.987728
1012.5 0.98771
1018.75 0.987857
1025 0.987893
1031.25 0.988022
1037.5 0.987988
1043.75 0.988168
1050 0.988107
1056.25 0.988357
1062.5 0.988224
1068.75 0.988364
1075 0.988304
1081.25 0.98843
1087.5 0.988521
1093.75 0.988777
1100 0.988802
1106.25 0.988974
1112.5 0.989034
1118.75 0.989312
1125 0.989365
1131.25 0.989529
1137.5 0.98985
1143.75 0.990187
1150 0.990296
1156.25 0.990393
1162.5 0.990358
1168.75 0.990497
1175 0.990605
1181.25 0.990658
1187.5 0.990747
1193.75 0.990905
1200 0.991016
1206.25 0.99121
1212.5 0.991385
1218.75 0.991537
1225 0.991638
1231.25 0.991801
1237.5 0.992012
1243.75 0.992161
1250 0.992266
