0 0.0211021
6.25 0.026879
12.5 0.0557779
18.75 0.0950256
25 0.126594
31.25 0.160847
37.5 0.18449
43.75 0.216961
50 0.246829
56.25 0.276889
62.5 0.309717
68.75 0.335153
75 0.362239
81.25 0.394378
87.5 0.419724
93.75 0.440976
100 0.46385
106.25 0.488448
112.5 0.508033
118.75 0.527322
125 0.547496
131.25 0.566792
137.5 0.584494
143.75 0.603183
150 0.618978
156.25 0.633287
162.5 0.647532
168.75 0.661211
175 0.675298
181.25 0.688865
187.5 0.698737
193.75 0.710663
200 0.722382
206.25 0.733483
212.5 0.744825
218.75 0.755451
225 0.766063
231.25 0.776902
237.5 0.785552
243.75 0.794321
250 0.803584
256.25 0.810343
262.5 0.817363
268.75 0.825032
275 0.831725
281.25 0.838363
287.5 0.84468
293.75 0.850599
300 0.85621
306.25 0.861349
312.5 0.866948
318.75 0.871522
325 0.876377
331.25 0.881058
337.5 0.885786
343.75 0.889926
350 0.894434
356.25 0.898377
362.5 0.902165
368.75 0.905161
375 0.908771
381.25 0.912608
387.5 0.915587
393.75 0.918685
400 0.920851
406.25 0.923599
412.5 0.926293
418.75 0.928859
425 0.931452
431.25 0.93406
437.5 0.9361
443.75 0.937925
450 0.940177
456.25 0.941859
462.5 0.944199
468.75 0.946298
475 0.947946
481.25 0.949677
487.5 0.951161
493.75 0.952918
500 0.954203
506.25 0.955712
512.5 0.957217
518.75 0.958682
525 0.96031
531.25 0.961595
537.5 0.962544
543.75 0.963567
550 0.964509
556.25 0.965519
562.5 0.966564
568.75 0.967533
575 0.968267
581.25 0.969084
587.5 0.969895
593.75 0.970766
600 0.971591
606.25 0.972468
612.5 0.973387
618.75 0.974238
625 0.974868
631.25 0.975536
637.5 0.976188
643.75 0.976734
650 0.977333
656.25 0.977853
662.5 0.978282
668.75 0.978726
675 0.979278
681.25 0.979773
687.5 0.980212
693.75 0.980762
700 0.981148
706.25 0.981593
712.5 0.982063
718.75 0.982403
725 0.982882
731.25 0.983105
737.5 0.983406
743.75 0.983693
750 0.984152
756.25 0.984446
762.5 0.984709
768.75 0.984984
775 0.985265
781.25 0.985487
787.5 0.985808
793.75 0.986099
800 0.986273
806.25 0.986601
812.5 0.98692
818.75 0.987253
825 0.987477
831.25 0.987624
837.5 0.987757
843.75 0.987978
850 0.988213
856.25 0.988498
862.5 0.988638
868.75 0.988924
875 0.989117
881.25 0.989271
887.5 0.989459
893.75 0.989557
900 0.989699
906.25 0.989845
912.5 0.989938
918.75 0.990013
925 0.990014
931.25 0.990121
937.5 0.990271
943.75 0.990375
950 0.990497
956.25 0.990568
962.5 0.990593
968.75 0.99067
975 0.99075
981.25 0.990813
987.5 0.990925
993.75 0.991024
1000 0.991072
1006.25 0.991178
1012.5 0.991241
1018.75 0.991331
1025 0.991385
1031.25 0.991429
1037.5 0.991413
1043.75 0.991475
1050 0.991498
1056.25 0.991593
1062.5 0.991589
1068.75 0.991668
1075 0.991675
1081.25 0.991762
1087.5 0.991811
1093.75 0.991899
1100 0.99198
1106.25 0.992006
1112.5 0.992077
1118.75 0.992201
1125 0.992258
1131.25 0.992303
1137.5 0.992417
1143.75 0.99256
1150 0.99265
1156.25 0.9927
1162.5 0.992693
1168.75 0.992737
1175 0.992815
1181.25 0.992852
1187.5 0.992969
1193.75 0.993078
1200 0.99312
1206.25 0.9932
1212.5 0.993297
1218.75 0.993339
1225 0.993366
1231.25 0.993451
1237.5 0.993566
1243.75 0.993645
1250 0.993675
