0 0.000401279
9 0.031713
18 0.0602023
27 0.0854589
36 0.108247
45 0.128856
54 0.149975
63 0.171622
72 0.192275
81 0.21289
90 0.232663
99 0.251371
108 0.269101
117 0.286277
126 0.304348
135 0.322748
144 0.338686
153 0.3538
162 0.367546
171 0.382664
180 0.396251
189 0.41121
198 0.4258
207 0.44031
216 0.45397
225 0.466634
234 0.480616
243 0.493135
252 0.504631
261 0.517425
270 0.529447
279 0.541179
288 0.552183
297 0.563222
306 0.57347
315 0.584934
324 0.596254
333 0.606101
342 0.616329
351 0.627165
360 0.636667
369 0.645141
378 0.653259
387 0.661982
396 0.670087
405 0.679266
414 0.685865
423 0.691698
432 0.699024
441 0.7063
450 0.71372
459 0.720369
468 0.72619
477 0.732622
486 0.737657
495 0.74442
504 0.750567
513 0.754367
522 0.759857
531 0.765053
540 0.770069
549 0.774699
558 0.779125
567 0.783685
576 0.788338
585 0.793815
594 0.79846
603 0.803849
612 0.808229
621 0.813594
630 0.817213
639 0.821679
648 0.825433
657 0.828972
666 0.831685
675 0.83569
684 0.838361
693 0.841777
702 0.84527
711 0.847785
720 0.850465
729 0.852881
738 0.855705
747 0.857988
756 0.860609
765 0.863143
774 0.865551
783 0.867243
792 0.869667
801 0.871743
810 0.874155
819 0.876502
828 0.878886
837 0.881654
846 0.883363
855 0.88473
864 0.886918
873 0.888775
882 0.890768
891 0.892072
900 0.893569
909 0.894929
918 0.896139
927 0.897335
936 0.899169
945 0.900239
954 0.90105
963 0.902373
972 0.903771
981 0.904941
990 0.9066
999 0.906938
1008 0.908406
1017 0.909176
1026 0.910207
1035 0.91127
1044 0.912146
1053 0.912336
1062 0.912764
1071 0.913666
1080 0.913977
1089 0.914451
1098 0.915404
1107 0.915634
1116 0.916032
1125 0.916232
1134 0.916653
1143 0.917706
1152 0.918454
1161 0.918596
1170 0.919031
1179 0.91973
1188 0.920174
1197 0.920411
1206 0.921761
1215 0.922512
1224 0.923035
1233 0.922775
1242 0.923194
1251 0.923298
1260 0.924185
1269 0.924801
1278 0.92511
1287 0.925545
1296 0.926302
1305 0.926987
1314 0.927805
1323 0.928204
1332 0.928661
1341 0.928777
1350 0.929451
1359 0.929506
1368 0.929816
1377 0.930327
1386 0.930985
1395 0.931402
1404 0.931457
1413 0.931627
1422 0.932177
1431 0.93285
1440 0.933476
1449 0.934429
1458 0.934721
1467 0.935005
1476 0.934974
1485 0.935832
1494 0.935689
1503 0.935962
1512 0.935651
1521 0.936407
1530 0.936601
1539 0.937248
1548 0.93783
1557 0.938015
1566 0.938125
1575 0.938077
1584 0.938075
1593 0.938808
1602 0.938867
1611 0.939365
1620 0.939889
1629 0.940497
1638 0.941142
1647 0.941651
1656 0.942128
1665 0.941774
1674 0.941633
1683 0.942245
1692 0.942295
1701 0.942307
1710 0.942185
1719 0.942317
1728 0.942306
1737 0.94219
1746 0.942647
1755 0.94278
1764 0.942918
1773 0.94233
1782 0.942777
1791 0.943168
1800 0.943424
