0 3.09513e-07
9 0.00185438
18 0.00663941
27 0.0134922
36 0.0214802
45 0.0299016
54 0.0397567
63 0.0516665
72 0.064631
81 0.0786025
90 0.0928139
99 0.106246
108 0.120279
117 0.134185
126 0.149714
135 0.165986
144 0.180613
153 0.195222
162 0.208548
171 0.223492
180 0.237408
189 0.252912
198 0.2685
207 0.283552
216 0.298046
225 0.311038
234 0.326214
243 0.340038
252 0.353105
261 0.367579
270 0.381562
279 0.39526
288 0.40851
297 0.421263
306 0.433664
315 0.447228
324 0.461111
333 0.473238
342 0.485941
351 0.499459
360 0.511228
369 0.521343
378 0.531424
387 0.542223
396 0.552893
405 0.564339
414 0.572302
423 0.579624
432 0.588458
441 0.597414
450 0.60695
459 0.61523
468 0.623189
477 0.630959
486 0.637361
495 0.646056
504 0.654193
513 0.659171
522 0.66643
531 0.673367
540 0.679568
549 0.685486
558 0.691849
567 0.697923
576 0.703596
585 0.710674
594 0.716935
603 0.723833
612 0.729114
621 0.736083
630 0.740805
639 0.746597
648 0.751595
657 0.756584
666 0.760195
675 0.765629
684 0.76906
693 0.773894
702 0.778513
711 0.781373
720 0.784848
729 0.787807
738 0.791347
747 0.79407
756 0.796967
765 0.800072
774 0.803042
783 0.805455
792 0.808525
801 0.811207
810 0.814372
819 0.816836
828 0.820009
837 0.823597
846 0.825948
855 0.827554
864 0.83079
873 0.833274
882 0.835951
891 0.837983
900 0.839998
909 0.841629
918 0.843178
927 0.844998
936 0.847441
945 0.848939
954 0.849872
963 0.851248
972 0.853094
981 0.855049
990 0.857404
999 0.857815
1008 0.859694
1017 0.860709
1026 0.861935
1035 0.86317
1044 0.864223
1053 0.864055
1062 0.864406
1071 0.86541
1080 0.865614
1089 0.866196
1098 0.867427
1107 0.867557
1116 0.867809
1125 0.867848
1134 0.868168
1143 0.870016
1152 0.871106
1161 0.871019
1170 0.871364
1179 0.872344
1188 0.872705
1197 0.872782
1206 0.874871
1215 0.875773
1224 0.876514
1233 0.875987
1242 0.876358
1251 0.876304
1260 0.877645
1269 0.878315
1278 0.878702
1287 0.879403
1296 0.88063
1305 0.881545
1314 0.882703
1323 0.882816
1332 0.883359
1341 0.883555
1350 0.884334
1359 0.884191
1368 0.884497
1377 0.885059
1386 0.885779
1395 0.886294
1404 0.886397
1413 0.886253
1422 0.886953
1431 0.887779
1440 0.888516
1449 0.889744
1458 0.889985
1467 0.890493
1476 0.8903
1485 0.891585
1494 0.891241
1503 0.891702
1512 0.890988
1521 0.892206
1530 0.892386
1539 0.893392
1548 0.894207
1557 0.894259
1566 0.8944
1575 0.894132
1584 0.894067
1593 0.895257
1602 0.895216
1611 0.895978
1620 0.896816
1629 0.897655
1638 0.898523
1647 0.899362
1656 0.900082
1665 0.899329
1674 0.899006
1683 0.900071
1692 0.900159
1701 0.900155
1710 0.89992
1719 0.900171
1728 0.900108
1737 0.89989
1746 0.900727
1755 0.900945
1764 0.901214
1773 0.900067
1782 0.900857
1791 0.901562
1800 0.902054
