0 1.25227e-07
16 0.00214523
32 0.00739633
48 0.0155293
64 0.025614
80 0.0369806
96 0.0500338
112 0.0623268
128 0.0761231
144 0.0902152
160 0.104961
176 0.120953
192 0.138957
208 0.155829
224 0.174272
240 0.195651
256 0.214828
272 0.237056
288 0.258216
304 0.279038
320 0.301083
336 0.321019
352 0.345357
368 0.366323
384 0.388671
400 0.410208
416 0.430365
432 0.451147
448 0.471167
464 0.490302
480 0.510602
496 0.530108
512 0.548146
528 0.565638
544 0.582959
560 0.598873
576 0.614918
592 0.629649
608 0.643503
624 0.658716
640 0.672083
656 0.683791
672 0.695704
688 0.708497
704 0.718897
720 0.72976
736 0.739949
752 0.748404
768 0.756626
784 0.764722
800 0.772041
816 0.779101
832 0.784542
848 0.791959
864 0.797333
880 0.802336
896 0.807379
912 0.810672
928 0.815151
944 0.818922
960 0.822302
976 0.825401
992 0.829296
1008 0.833127
1024 0.836793
1040 0.839562
1056 0.843845
1072 0.846552
1088 0.849654
1104 0.85207
1120 0.854752
1136 0.856379
1152 0.859097
1168 0.862297
1184 0.865018
1200 0.86681
1216 0.869603
1232 0.871128
1248 0.872534
1264 0.87384
1280 0.87535
1296 0.877411
1312 0.878921
1328 0.881216
1344 0.881664
1360 0.88334
1376 0.88514
1392 0.8868
1408 0.888365
1424 0.889111
1440 0.89035
1456 0.892583
1472 0.892111
1488 0.893117
1504 0.894459
1520 0.894853
1536 0.895748
1552 0.896208
1568 0.897272
1584 0.898553
1600 0.90001
1616 0.900259
1632 0.901327
1648 0.901393
1664 0.901531
1680 0.901436
1696 0.901918
1712 0.901775
1728 0.902303
1744 0.902289
1760 0.90211
1776 0.903425
1792 0.90391
1808 0.903252
1824 0.902965
1840 0.902112
1856 0.902535
1872 0.903037
1888 0.902962
1904 0.90305
1920 0.904179
1936 0.904448
1952 0.904535
1968 0.904625
1984 0.904478
2000 0.905191
2016 0.905845
2032 0.905634
2048 0.906216
2064 0.907142
2080 0.906464
2096 0.906544
2112 0.905688
2128 0.90519
2144 0.905738
2160 0.905715
2176 0.90585
2192 0.906389
2208 0.90585
2224 0.905068
2240 0.905953
2256 0.905813
2272 0.905666
2288 0.905741
2304 0.906276
2320 0.906411
2336 0.90687
2352 0.90703
2368 0.905668
2384 0.90521
2400 0.905625
2416 0.905294
2432 0.905477
2448 0.905537
2464 0.905969
2480 0.906602
2496 0.906703
2512 0.906451
2528 0.905375
2544 0.906335
2560 0.906775
2576 0.90624
2592 0.906197
2608 0.905904
2624 0.905788
2640 0.906385
2656 0.906027
2672 0.906719
2688 0.906248
2704 0.905566
2720 0.905464
2736 0.905391
2752 0.905602
2768 0.906095
2784 0.905651
2800 0.905694
2816 0.905169
2832 0.90541
2848 0.90506
2864 0.90516
2880 0.904915
2896 0.904641
2912 0.904936
2928 0.904459
2944 0.904154
2960 0.904938
2976 0.904946
2992 0.905308
3008 0.904911
3024 0.905157
3040 0.905284
3056 0.905283
3072 0.904868
3088 0.905079
3104 0.905755
3120 0.905998
3136 0.90554
3152 0.904187
3168 0.905423
3184 0.905148
3200 0.905605
