0 0.000247334
16 0.0342536
32 0.0638883
48 0.0913974
64 0.11772
80 0.14261
96 0.167567
112 0.189293
128 0.210427
144 0.231483
160 0.251794
176 0.272862
192 0.295174
208 0.314762
224 0.335845
240 0.359062
256 0.379968
272 0.40232
288 0.423427
304 0.443865
320 0.464805
336 0.48389
352 0.505826
368 0.524515
384 0.543631
400 0.561708
416 0.578755
432 0.596323
448 0.612891
464 0.62902
480 0.645471
496 0.660997
512 0.67528
528 0.68906
544 0.702698
560 0.714576
576 0.72654
592 0.737918
608 0.748558
624 0.760394
640 0.770446
656 0.779276
672 0.788105
688 0.797612
704 0.805091
720 0.813039
736 0.820642
752 0.827108
768 0.833508
784 0.839695
800 0.845321
816 0.850838
832 0.854926
848 0.860329
864 0.864453
880 0.868466
896 0.872444
912 0.875638
928 0.879395
944 0.882485
960 0.885403
976 0.887827
992 0.890826
1008 0.893647
1024 0.896565
1040 0.89899
1056 0.901939
1072 0.904027
1088 0.906439
1104 0.908274
1120 0.910507
1136 0.912108
1152 0.913955
1168 0.916282
1184 0.918551
1200 0.920044
1216 0.922195
1232 0.923296
1248 0.924653
1264 0.925996
1280 0.92714
1296 0.92879
1312 0.930133
1328 0.931849
1344 0.932433
1360 0.933826
1376 0.935165
1392 0.936438
1408 0.937656
1424 0.938318
1440 0.939195
1456 0.940679
1472 0.940619
1488 0.941388
1504 0.942341
1520 0.942714
1536 0.943275
1552 0.943613
1568 0.944325
1584 0.945081
1600 0.945908
1616 0.946096
1632 0.946691
1648 0.946832
1664 0.946976
1680 0.946969
1696 0.947261
1712 0.947279
1728 0.947514
1744 0.947495
1760 0.947481
1776 0.948318
1792 0.948671
1808 0.94839
1824 0.948295
1840 0.947878
1856 0.948165
1872 0.948488
1888 0.948499
1904 0.948588
1920 0.949225
1936 0.949396
1952 0.949455
1968 0.949513
1984 0.949438
2000 0.949816
2016 0.950164
2032 0.950046
2048 0.950361
2064 0.950851
2080 0.950488
2096 0.950522
2112 0.95007
2128 0.949815
2144 0.950103
2160 0.950089
2176 0.95016
2192 0.950441
2208 0.950158
2224 0.949749
2240 0.950215
2256 0.950147
2272 0.950073
2288 0.95011
2304 0.950385
2320 0.950455
2336 0.950696
2352 0.950781
2368 0.950068
2384 0.949827
2400 0.950039
2416 0.949866
2432 0.949962
2448 0.949998
2464 0.950223
2480 0.950557
2496 0.950608
2512 0.950475
2528 0.949911
2544 0.950414
2560 0.950647
2576 0.950366
2592 0.950341
2608 0.950189
2624 0.950135
2640 0.950445
2656 0.950255
2672 0.950616
2688 0.950373
2704 0.950014
2720 0.949962
2736 0.949918
2752 0.950031
2768 0.950286
2784 0.950052
2800 0.950079
2816 0.949809
2832 0.949938
2848 0.949751
2864 0.949807
2880 0.949674
2896 0.949528
2912 0.949678
2928 0.94943
2944 0.949274
2960 0.949687
2976 0.949692
2992 0.94988
3008 0.949671
3024 0.949795
3040 0.949864
3056 0.949863
3072 0.949642
3088 0.949759
3104 0.950118
3120 0.95025
3136 0.950004
3152 0.949285
3168 0.949939
3184 0.949793
3200 0.950036
