0 0.00023584
16 0.0330379
32 0.0623105
48 0.0899835
64 0.116936
80 0.142122
96 0.167668
112 0.189894
128 0.212431
144 0.234264
160 0.255212
176 0.277614
192 0.300236
208 0.320351
224 0.341797
240 0.364721
256 0.385302
272 0.406996
288 0.42822
304 0.447349
320 0.468111
336 0.487104
352 0.50805
368 0.525805
384 0.544094
400 0.560719
416 0.57609
432 0.592535
448 0.608357
464 0.624008
480 0.639816
496 0.654747
512 0.668864
528 0.682441
544 0.696313
560 0.70873
576 0.72091
592 0.732627
608 0.74334
624 0.754807
640 0.765191
656 0.774201
672 0.783182
688 0.792809
704 0.800766
720 0.80889
736 0.816639
752 0.823352
768 0.830099
784 0.836697
800 0.842698
816 0.847761
832 0.852411
848 0.858365
864 0.862552
880 0.866889
896 0.871047
912 0.874887
928 0.878533
944 0.881959
960 0.884847
976 0.887234
992 0.890025
1008 0.892841
1024 0.895322
1040 0.897431
1056 0.899932
1072 0.901719
1088 0.903808
1104 0.905545
1120 0.907483
1136 0.909245
1152 0.910975
1168 0.913221
1184 0.915016
1200 0.916644
1216 0.918094
1232 0.919233
1248 0.920503
1264 0.921602
1280 0.922727
1296 0.924001
1312 0.925226
1328 0.926556
1344 0.927111
1360 0.928261
1376 0.929559
1392 0.930301
1408 0.931423
1424 0.931838
1440 0.932548
1456 0.93371
1472 0.933736
1488 0.934427
1504 0.935311
1520 0.935976
1536 0.936701
1552 0.937066
1568 0.937594
1584 0.938039
1600 0.938718
1616 0.939263
1632 0.939829
1648 0.940084
1664 0.940464
1680 0.940613
1696 0.940873
1712 0.941117
1728 0.941525
1744 0.941654
1760 0.941927
1776 0.942512
1792 0.943035
1808 0.94281
1824 0.94292
1840 0.94261
1856 0.942849
1872 0.943216
1888 0.943327
1904 0.943361
1920 0.943996
1936 0.944218
1952 0.944443
1968 0.944547
1984 0.94429
2000 0.94454
2016 0.944909
2032 0.944517
2048 0.944639
2064 0.945028
2080 0.944827
2096 0.945108
2112 0.944986
2128 0.944938
2144 0.944962
2160 0.944842
2176 0.945022
2192 0.945295
2208 0.945214
2224 0.94483
2240 0.945303
2256 0.944959
2272 0.944938
2288 0.945062
2304 0.945263
2320 0.945257
2336 0.94536
2352 0.945212
2368 0.944843
2384 0.944754
2400 0.944925
2416 0.944691
2432 0.944816
2448 0.944889
2464 0.945061
2480 0.945105
2496 0.945064
2512 0.94493
2528 0.944583
2544 0.945153
2560 0.945317
2576 0.945066
2592 0.945147
2608 0.944934
2624 0.944958
2640 0.945352
2656 0.94515
2672 0.94535
2688 0.945177
2704 0.944869
2720 0.944727
2736 0.94448
2752 0.944694
2768 0.944867
2784 0.944851
2800 0.944803
2816 0.944526
2832 0.944582
2848 0.94456
2864 0.944706
2880 0.944758
2896 0.944532
2912 0.944561
2928 0.944353
2944 0.944314
2960 0.944494
2976 0.944404
2992 0.944667
3008 0.944668
3024 0.944675
3040 0.944783
3056 0.94475
3072 0.944578
3088 0.944644
3104 0.94475
3120 0.944878
3136 0.944682
3152 0.944046
3168 0.944708
3184 0.944686
3200 0.944852
