0 -0.101203
16 0.0538384
32 0.115075
48 0.0898554
64 0.106021
80 0.1481
96 0.183456
112 0.229691
128 0.258407
144 0.294571
160 0.322111
176 0.357701
192 0.390186
208 0.414339
224 0.442606
240 0.47308
256 0.501636
272 0.526871
288 0.551928
304 0.573914
320 0.595619
336 0.617836
352 0.639124
368 0.65783
384 0.674981
400 0.689594
416 0.705465
432 0.722173
448 0.737032
464 0.751816
480 0.766716
496 0.778756
512 0.789961
528 0.801339
544 0.812859
560 0.822084
576 0.830859
592 0.839956
608 0.847621
624 0.857096
640 0.864466
656 0.870914
672 0.876951
688 0.88361
704 0.888705
720 0.894198
736 0.899581
752 0.904408
768 0.909699
784 0.91428
800 0.918822
816 0.922337
832 0.92554
848 0.928967
864 0.931427
880 0.934571
896 0.937318
912 0.940497
928 0.943191
944 0.945661
960 0.948042
976 0.949772
992 0.951786
1008 0.953583
1024 0.95554
1040 0.957391
1056 0.959032
1072 0.960279
1088 0.96178
1104 0.963053
1120 0.964573
1136 0.966085
1152 0.966944
1168 0.96833
1184 0.969786
1200 0.970916
1216 0.971924
1232 0.972593
1248 0.973739
1264 0.974976
1280 0.975571
1296 0.976663
1312 0.977711
1328 0.978658
1344 0.979347
1360 0.980366
1376 0.981168
1392 0.981811
1408 0.982443
1424 0.982947
1440 0.983478
1456 0.984102
1472 0.984643
1488 0.985198
1504 0.985744
1520 0.986241
1536 0.986587
1552 0.986799
1568 0.987244
1584 0.987392
1600 0.987559
1616 0.987796
1632 0.988051
1648 0.98826
1664 0.988472
1680 0.98867
1696 0.988791
1712 0.989149
1728 0.989294
1744 0.989359
1760 0.989581
1776 0.989886
1792 0.99012
1808 0.990269
1824 0.990425
1840 0.990466
1856 0.990586
1872 0.990679
1888 0.990764
1904 0.990859
1920 0.990945
1936 0.990989
1952 0.990994
1968 0.991024
1984 0.991019
2000 0.991019
2016 0.991032
2032 0.991021
2048 0.991032
2064 0.991051
2080 0.991024
2096 0.991009
2112 0.991002
2128 0.991012
2144 0.991012
2160 0.991022
2176 0.991034
2192 0.991022
2208 0.991012
2224 0.991041
2240 0.991027
2256 0.991025
2272 0.991033
2288 0.991026
2304 0.991021
2320 0.991018
2336 0.991024
2352 0.991035
2368 0.991051
2384 0.991032
2400 0.991026
2416 0.991019
2432 0.991009
2448 0.991007
2464 0.991016
2480 0.991021
2496 0.991009
2512 0.991008
2528 0.991005
2544 0.991006
2560 0.991016
2576 0.991015
2592 0.991034
2608 0.991036
2624 0.991035
2640 0.991034
2656 0.991021
2672 0.991034
2688 0.991031
2704 0.991024
2720 0.991023
2736 0.991003
2752 0.99102
2768 0.991009
2784 0.991009
2800 0.99102
2816 0.991031
2832 0.991038
2848 0.991025
2864 0.991029
2880 0.991012
2896 0.991015
2912 0.991006
2928 0.991014
2944 0.991023
2960 0.991034
2976 0.99104
2992 0.991072
3008 0.991057
3024 0.991053
3040 0.991023
3056 0.991022
3072 0.991012
3088 0.991018
3104 0.99102
3120 0.991034
3136 0.991033
3152 0.991013
3168 0.991022
3184 0.991014
3200 0.991019
