0 0.000999229
4 0.0363161
8 0.0664588
12 0.0937301
16 0.117812
20 0.141591
24 0.165009
28 0.187121
32 0.208412
36 0.227727
40 0.246391
44 0.264978
48 0.282894
52 0.29974
56 0.317341
60 0.333622
64 0.350205
68 0.366526
72 0.382477
76 0.398791
80 0.412958
84 0.42717
88 0.440999
92 0.454121
96 0.466703
100 0.479564
104 0.492461
108 0.504487
112 0.515599
116 0.527821
120 0.539572
124 0.550804
128 0.56168
132 0.57173
136 0.581752
140 0.591175
144 0.60041
148 0.609709
152 0.618837
156 0.627753
160 0.636313
164 0.644048
168 0.651854
172 0.659586
176 0.666731
180 0.674677
184 0.682091
188 0.689852
192 0.697346
196 0.704482
200 0.711529
204 0.718512
208 0.726001
212 0.732807
216 0.739894
220 0.746563
224 0.753553
228 0.759855
232 0.765371
236 0.770553
240 0.775931
244 0.781371
248 0.786146
252 0.790825
256 0.796187
260 0.801067
264 0.805956
268 0.810805
272 0.815168
276 0.819479
280 0.823629
284 0.82787
288 0.831862
292 0.834915
296 0.838481
300 0.841673
304 0.844543
308 0.847485
312 0.850062
316 0.852524
320 0.855115
324 0.857979
328 0.860954
332 0.863444
336 0.866282
340 0.867969
344 0.870553
348 0.871995
352 0.873677
356 0.875309
360 0.87702
364 0.878552
368 0.880163
372 0.882441
376 0.884175
380 0.885926
384 0.887803
388 0.889256
392 0.890551
396 0.891851
400 0.893217
404 0.8945
408 0.895848
412 0.897019
416 0.898297
420 0.899488
424 0.900682
428 0.901719
432 0.903167
436 0.904642
440 0.906166
444 0.907412
448 0.909105
452 0.91023
456 0.911661
460 0.912793
464 0.914206
468 0.915367
472 0.916348
476 0.917331
480 0.918208
484 0.919612
488 0.920887
492 0.921819
496 0.922743
500 0.923227
504 0.924208
508 0.924797
512 0.925621
516 0.926217
520 0.926795
524 0.927745
528 0.928627
532 0.929196
536 0.929753
540 0.930218
544 0.930697
548 0.931183
552 0.931467
556 0.932001
560 0.932295
564 0.932653
568 0.932682
572 0.932887
576 0.933002
580 0.933415
584 0.933392
588 0.933806
592 0.93422
596 0.93455
600 0.934963
604 0.935158
608 0.93541
612 0.93536
616 0.935838
620 0.936031
624 0.935879
628 0.936153
632 0.936417
636 0.936735
640 0.937009
644 0.937208
648 0.937828
652 0.937868
656 0.938031
660 0.938263
664 0.938484
668 0.93855
672 0.938976
676 0.939334
680 0.939842
684 0.940084
688 0.940005
692 0.94014
696 0.940473
700 0.94119
704 0.941462
708 0.941908
712 0.94192
716 0.942122
720 0.942408
724 0.942518
728 0.942832
732 0.94305
736 0.943295
740 0.943366
744 0.943406
748 0.94375
752 0.944104
756 0.94418
760 0.944257
764 0.944198
768 0.944496
772 0.944421
776 0.944562
780 0.944674
784 0.94494
788 0.944989
792 0.945052
796 0.945514
800 0.945522
