0 0.00099739
4 0.036157
8 0.0661203
12 0.0929858
16 0.116899
20 0.140296
24 0.163483
28 0.18505
32 0.205411
36 0.225369
40 0.244335
44 0.263977
48 0.28205
52 0.298793
56 0.315938
60 0.332373
64 0.349288
68 0.365387
72 0.381315
76 0.397253
80 0.412035
84 0.426753
88 0.441366
92 0.454584
96 0.466742
100 0.478899
104 0.491118
108 0.50366
112 0.514089
116 0.526792
120 0.538752
124 0.549713
128 0.560764
132 0.571171
136 0.581774
140 0.59171
144 0.601279
148 0.610499
152 0.620325
156 0.628759
160 0.636732
164 0.644922
168 0.65209
172 0.659929
176 0.666614
180 0.67452
184 0.681205
188 0.688042
192 0.696254
196 0.703115
200 0.709357
204 0.716257
208 0.722684
212 0.729287
216 0.736311
220 0.743032
224 0.749656
228 0.755428
232 0.760645
236 0.765591
240 0.771057
244 0.776329
248 0.781044
252 0.78497
256 0.789883
260 0.794534
264 0.799136
268 0.803794
272 0.808353
276 0.812781
280 0.816762
284 0.82105
288 0.824875
292 0.827826
296 0.831138
300 0.834428
304 0.837164
308 0.839966
312 0.842518
316 0.84518
320 0.84794
324 0.850942
328 0.854478
332 0.857059
336 0.860053
340 0.861848
344 0.864516
348 0.865893
352 0.86801
356 0.87008
360 0.871824
364 0.873695
368 0.875501
372 0.878464
376 0.88041
380 0.882584
384 0.88494
388 0.886549
392 0.888138
396 0.889707
400 0.891124
404 0.892645
408 0.894529
412 0.895588
416 0.897131
420 0.898427
424 0.899565
428 0.900525
432 0.902032
436 0.903599
440 0.905222
444 0.906234
448 0.907774
452 0.908992
456 0.91045
460 0.911506
464 0.912793
468 0.913955
472 0.914722
476 0.915921
480 0.916329
484 0.917506
488 0.918794
492 0.919801
496 0.921076
500 0.921702
504 0.923225
508 0.92413
512 0.925486
516 0.926083
520 0.927101
524 0.928054
528 0.929281
532 0.930225
536 0.930739
540 0.931318
544 0.931788
548 0.932596
552 0.932819
556 0.933495
560 0.933695
564 0.933935
568 0.933816
572 0.934004
576 0.93417
580 0.934933
584 0.934933
588 0.935264
592 0.935765
596 0.936329
600 0.936784
604 0.936791
608 0.937324
612 0.937209
616 0.937914
620 0.938222
624 0.937807
628 0.938221
632 0.938614
636 0.938923
640 0.939199
644 0.939391
648 0.939978
652 0.939895
656 0.940347
660 0.94067
664 0.940859
668 0.940753
672 0.941306
676 0.941772
680 0.942165
684 0.942459
688 0.942292
692 0.942337
696 0.942731
700 0.943243
704 0.94382
708 0.944296
712 0.944309
716 0.944647
720 0.944501
724 0.944864
728 0.945076
732 0.945103
736 0.945169
740 0.945575
744 0.945707
748 0.945835
752 0.946298
756 0.946438
760 0.946238
764 0.946075
768 0.94649
772 0.946093
776 0.946341
780 0.946214
784 0.946609
788 0.946505
792 0.946776
796 0.947625
800 0.947617
