0 0.000992049
4 0.0338692
8 0.062613
12 0.0879008
16 0.111699
20 0.135768
24 0.159409
28 0.183032
32 0.2057
36 0.227445
40 0.247028
44 0.26868
48 0.286996
52 0.305785
56 0.325688
60 0.343157
64 0.36142
68 0.379856
72 0.400341
76 0.417507
80 0.435019
84 0.451465
88 0.469121
92 0.484261
96 0.497861
100 0.512744
104 0.524282
108 0.537768
112 0.550353
116 0.564443
120 0.576553
124 0.58791
128 0.597363
132 0.608245
136 0.618063
140 0.624457
144 0.632635
148 0.641782
152 0.650811
156 0.660778
160 0.66866
164 0.675614
168 0.681534
172 0.688916
176 0.696586
180 0.701541
184 0.708753
188 0.716824
192 0.723556
196 0.72884
200 0.736133
204 0.740048
208 0.74467
212 0.747508
216 0.752567
220 0.756054
224 0.760658
228 0.765694
232 0.769539
236 0.772956
240 0.776004
244 0.778525
248 0.781692
252 0.784585
256 0.786937
260 0.788689
264 0.792216
268 0.795434
272 0.797226
276 0.79806
280 0.800385
284 0.802022
288 0.801615
292 0.803348
296 0.805734
300 0.807218
304 0.807031
308 0.810123
312 0.812746
316 0.813586
320 0.814517
324 0.815135
328 0.815447
332 0.816302
336 0.818222
340 0.817242
344 0.818544
348 0.81919
352 0.819721
356 0.820439
360 0.821309
364 0.82234
368 0.823188
372 0.823337
376 0.824359
380 0.825391
384 0.826381
388 0.827371
392 0.827241
396 0.827436
400 0.829312
404 0.829839
408 0.832294
412 0.833493
416 0.833317
420 0.833236
424 0.832879
428 0.834633
432 0.8356
436 0.835394
440 0.836269
444 0.836065
448 0.836704
452 0.836172
456 0.836134
460 0.837445
464 0.838084
468 0.838242
472 0.838699
476 0.838727
480 0.838981
484 0.841631
488 0.841367
492 0.840695
496 0.838313
500 0.840666
504 0.841046
508 0.840938
512 0.841266
516 0.841615
520 0.842502
524 0.84031
528 0.841199
532 0.841378
536 0.841869
540 0.842151
544 0.841479
548 0.841648
552 0.841707
556 0.840565
560 0.840142
564 0.842145
568 0.842672
572 0.843287
576 0.844548
580 0.843328
584 0.843088
588 0.842825
592 0.84362
596 0.844425
600 0.843058
604 0.843402
608 0.843553
612 0.843607
616 0.842848
620 0.844141
624 0.843486
628 0.843013
632 0.842393
636 0.84341
640 0.843605
644 0.843787
648 0.844131
652 0.842606
656 0.843377
660 0.844381
664 0.844817
668 0.844087
672 0.8435
676 0.842277
680 0.8425
684 0.842477
688 0.84219
692 0.843235
696 0.841733
700 0.841969
704 0.842451
708 0.842462
712 0.843514
716 0.842401
720 0.843764
724 0.840526
728 0.841419
732 0.842291
736 0.842855
740 0.843121
744 0.84337
748 0.84253
752 0.842192
756 0.842701
760 0.843982
764 0.843003
768 0.843089
772 0.844141
776 0.844104
780 0.843759
784 0.843501
788 0.843119
792 0.843005
796 0.844036
800 0.84224
