0 1.54799e-06
4 0.00271802
8 0.00917513
12 0.0176216
16 0.0281055
20 0.0407489
24 0.0549347
28 0.0690166
32 0.0843572
36 0.0983503
40 0.112145
44 0.124388
48 0.135926
52 0.148938
56 0.161496
60 0.17415
64 0.187548
68 0.201392
72 0.213292
76 0.224165
80 0.233529
84 0.241158
88 0.250117
92 0.259404
96 0.267599
100 0.277097
104 0.285861
108 0.295767
112 0.305076
116 0.312933
120 0.320732
124 0.328706
128 0.335919
132 0.342956
136 0.350845
140 0.359447
144 0.369379
148 0.37803
152 0.387059
156 0.39483
160 0.402355
164 0.409385
168 0.416773
172 0.42303
176 0.430459
180 0.436976
184 0.443349
188 0.449854
192 0.456046
196 0.462838
200 0.470324
204 0.479344
208 0.48791
212 0.494936
216 0.502449
220 0.509991
224 0.516098
228 0.521562
232 0.527519
236 0.533975
240 0.539644
244 0.545842
248 0.551275
252 0.558307
256 0.565259
260 0.569901
264 0.575149
268 0.581447
272 0.58659
276 0.591362
280 0.596041
284 0.599552
288 0.603733
292 0.608617
296 0.613074
300 0.618555
304 0.623448
308 0.6278
312 0.632378
316 0.63529
320 0.638897
324 0.643577
328 0.647843
332 0.65122
336 0.653763
340 0.657324
344 0.661206
348 0.665157
352 0.668752
356 0.672024
360 0.674122
364 0.676138
368 0.678182
372 0.681079
376 0.683542
380 0.685555
384 0.688159
388 0.691845
392 0.694667
396 0.697057
400 0.701168
404 0.705715
408 0.709431
412 0.712819
416 0.715463
420 0.717206
424 0.720079
428 0.72274
432 0.725933
436 0.728652
440 0.731095
444 0.733709
448 0.737166
452 0.738948
456 0.740942
460 0.742591
464 0.743488
468 0.745432
472 0.747688
476 0.74957
480 0.751466
484 0.75463
488 0.757349
492 0.760033
496 0.761997
500 0.763664
504 0.7652
508 0.766715
512 0.768795
516 0.771175
520 0.773147
524 0.775919
528 0.777552
532 0.778877
536 0.781548
540 0.7845
544 0.785266
548 0.786
552 0.786884
556 0.78836
560 0.789678
564 0.791358
568 0.792171
572 0.79344
576 0.794898
580 0.796941
584 0.798504
588 0.800442
592 0.801969
596 0.803321
600 0.804364
604 0.805511
608 0.806307
612 0.807481
616 0.808716
620 0.810596
624 0.811498
628 0.811804
632 0.813019
636 0.814111
640 0.814967
644 0.816157
648 0.817222
652 0.8174
656 0.817857
660 0.818455
664 0.818672
668 0.819552
672 0.820199
676 0.821604
680 0.82236
684 0.823648
688 0.82462
692 0.824955
696 0.825305
700 0.825714
704 0.825988
708 0.826476
712 0.827342
716 0.827354
720 0.827789
724 0.828527
728 0.829413
732 0.830217
736 0.830894
740 0.832324
744 0.833327
748 0.83413
752 0.835267
756 0.835769
760 0.835881
764 0.83639
768 0.836723
772 0.837108
776 0.837242
780 0.837417
784 0.837539
788 0.837827
792 0.837861
796 0.837805
800 0.838554
