0 1.86824e-06
4 0.00218183
8 0.00746245
12 0.014295
16 0.0222686
20 0.032357
24 0.0436411
28 0.0567634
32 0.0707774
36 0.0851974
40 0.0982231
44 0.113646
48 0.127724
52 0.143386
56 0.160119
60 0.175065
64 0.19099
68 0.20713
72 0.226031
76 0.242646
80 0.259471
84 0.275635
88 0.293871
92 0.309894
96 0.323729
100 0.339389
104 0.3517
108 0.366525
112 0.379465
116 0.394219
120 0.406965
124 0.420015
128 0.430749
132 0.442606
136 0.4533
140 0.460266
144 0.469236
148 0.479339
152 0.489035
156 0.500866
160 0.509968
164 0.518155
168 0.525154
172 0.533573
176 0.542531
180 0.547817
184 0.556008
188 0.565451
192 0.573678
196 0.579368
200 0.588408
204 0.592475
208 0.598463
212 0.601049
216 0.607023
220 0.611024
224 0.616705
228 0.622221
232 0.626951
236 0.630857
240 0.634566
244 0.637232
248 0.640609
252 0.644426
256 0.647041
260 0.649194
264 0.653738
268 0.657958
272 0.660055
276 0.66003
280 0.663189
284 0.665066
288 0.66407
292 0.66643
296 0.669271
300 0.671151
304 0.670116
308 0.674756
312 0.678188
316 0.67838
320 0.679744
324 0.680318
328 0.680586
332 0.681381
336 0.683764
340 0.682019
344 0.683553
348 0.684201
352 0.684556
356 0.685225
360 0.685934
364 0.687013
368 0.687448
372 0.687572
376 0.688857
380 0.689836
384 0.69106
388 0.692252
392 0.691707
396 0.691771
400 0.694543
404 0.695097
408 0.699161
412 0.700726
416 0.700046
420 0.699694
424 0.698888
428 0.701686
432 0.702848
436 0.702148
440 0.703234
444 0.702309
448 0.703338
452 0.702295
456 0.702064
460 0.703624
464 0.704504
468 0.7045
472 0.705067
476 0.705069
480 0.705289
484 0.709483
488 0.708959
492 0.70784
496 0.703829
500 0.707739
504 0.708168
508 0.70786
512 0.708484
516 0.709018
520 0.710529
524 0.706767
528 0.708185
532 0.708538
536 0.709351
540 0.709733
544 0.708622
548 0.708924
552 0.709012
556 0.707145
560 0.70638
564 0.709703
568 0.71055
572 0.711576
576 0.713696
580 0.711589
584 0.7112
588 0.710738
592 0.712075
596 0.713434
600 0.711168
604 0.711809
608 0.712048
612 0.71219
616 0.710877
620 0.713006
624 0.711953
628 0.711117
632 0.710034
636 0.711739
640 0.712094
644 0.712439
648 0.71302
652 0.710438
656 0.711717
660 0.713434
664 0.71413
668 0.712956
672 0.711898
676 0.709867
680 0.71025
684 0.71016
688 0.709723
692 0.711468
696 0.708958
700 0.709369
704 0.710194
708 0.710178
712 0.711958
716 0.710046
720 0.71234
724 0.706909
728 0.708409
732 0.709894
736 0.710866
740 0.711331
744 0.711689
748 0.710278
752 0.70972
756 0.710558
760 0.712723
764 0.711099
768 0.711231
772 0.712989
776 0.71292
780 0.712374
784 0.711903
788 0.711266
792 0.711095
796 0.712785
800 0.709818
