0 -0.0447742
4 0.0578161
8 0.0552321
12 0.0850064
16 0.110442
20 0.143109
24 0.186404
28 0.217614
32 0.245895
36 0.270594
40 0.288965
44 0.311084
48 0.33546
52 0.357979
56 0.38319
60 0.404274
64 0.427086
68 0.449164
72 0.465998
76 0.48537
80 0.50321
84 0.520179
88 0.536133
92 0.551253
96 0.564803
100 0.580579
104 0.595061
108 0.608106
112 0.619247
116 0.631443
120 0.644011
124 0.65486
128 0.665251
132 0.675071
136 0.684767
140 0.693339
144 0.702764
148 0.710868
152 0.719478
156 0.728425
160 0.736583
164 0.74313
168 0.751106
172 0.759861
176 0.766317
180 0.77413
184 0.780875
188 0.788038
192 0.795064
196 0.801569
200 0.80713
204 0.813102
208 0.819362
212 0.824998
216 0.831277
220 0.836549
224 0.842289
228 0.847181
232 0.851852
236 0.8561
240 0.860343
244 0.86427
248 0.868462
252 0.871972
256 0.875343
260 0.879171
264 0.882237
268 0.885536
272 0.888252
276 0.891318
280 0.894147
284 0.897
288 0.90017
292 0.90232
296 0.905211
300 0.907049
304 0.90864
308 0.910657
312 0.912798
316 0.914913
320 0.917292
324 0.919335
328 0.921274
332 0.923097
336 0.925117
340 0.926776
344 0.928343
348 0.929652
352 0.93096
356 0.932307
360 0.933551
364 0.935075
368 0.936428
372 0.938119
376 0.939368
380 0.940843
384 0.942159
388 0.943352
392 0.944574
396 0.945602
400 0.94689
404 0.94781
408 0.949151
412 0.95025
416 0.950962
420 0.952047
424 0.953064
428 0.9541
432 0.95511
436 0.956245
440 0.957429
444 0.958158
448 0.959039
452 0.95992
456 0.960909
460 0.961424
464 0.962239
468 0.963122
472 0.963904
476 0.964542
480 0.965045
484 0.965714
488 0.966473
492 0.967143
496 0.96784
500 0.96838
504 0.969075
508 0.969323
512 0.969843
516 0.970379
520 0.970927
524 0.971465
528 0.972035
532 0.972207
536 0.972512
540 0.972788
544 0.973192
548 0.973367
552 0.973555
556 0.973913
560 0.974116
564 0.97414
568 0.974134
572 0.974253
576 0.97454
580 0.974848
584 0.975086
588 0.975388
592 0.975761
596 0.976192
600 0.976371
604 0.976762
608 0.976832
612 0.977066
616 0.97728
620 0.977455
624 0.977634
628 0.977812
632 0.978134
636 0.978406
640 0.978807
644 0.979133
648 0.979496
652 0.979791
656 0.979994
660 0.980078
664 0.980441
668 0.980803
672 0.981079
676 0.981604
680 0.981934
684 0.982221
688 0.982373
692 0.982573
696 0.982762
700 0.982934
704 0.983195
708 0.983435
712 0.983438
716 0.983593
720 0.983729
724 0.983786
728 0.983883
732 0.984098
736 0.984141
740 0.984283
744 0.984337
748 0.984397
752 0.984556
756 0.984734
760 0.984784
764 0.984781
768 0.984867
772 0.985001
776 0.985131
780 0.985278
784 0.985139
788 0.985237
792 0.985362
796 0.985504
800 0.98571
