0 0.101693
4 0.097993
8 0.0965034
12 0.14989
16 0.215168
20 0.244601
24 0.282615
28 0.305607
32 0.327275
36 0.353074
40 0.390392
44 0.425711
48 0.449328
52 0.466537
56 0.490474
60 0.513335
64 0.537866
68 0.564499
72 0.58971
76 0.607975
80 0.62889
84 0.647663
88 0.664679
92 0.67854
96 0.693931
100 0.709087
104 0.720494
108 0.732601
112 0.747182
116 0.762638
120 0.775724
124 0.784815
128 0.792889
132 0.803642
136 0.813357
140 0.819668
144 0.827575
148 0.836226
152 0.845401
156 0.852877
160 0.859404
164 0.864827
168 0.869392
172 0.875754
176 0.881913
180 0.886913
184 0.893143
188 0.899551
192 0.904218
196 0.909337
200 0.91416
204 0.918192
208 0.920781
212 0.924333
216 0.928196
220 0.931062
224 0.934144
228 0.938711
232 0.941303
236 0.944103
240 0.946221
244 0.948638
248 0.951613
252 0.95313
256 0.955155
260 0.956331
264 0.958362
268 0.960102
272 0.961473
276 0.963683
280 0.964765
284 0.966067
288 0.966568
292 0.967365
296 0.969094
300 0.969998
304 0.971108
308 0.971879
312 0.973307
316 0.975136
320 0.975423
324 0.97611
328 0.97649
332 0.97744
336 0.978675
340 0.978837
344 0.979792
348 0.980436
352 0.981228
356 0.982017
360 0.983122
364 0.984074
368 0.985524
372 0.985709
376 0.98633
380 0.987426
384 0.988059
388 0.988739
392 0.989218
396 0.9896
400 0.990135
404 0.990614
408 0.990693
412 0.991341
416 0.991894
420 0.992204
424 0.992503
428 0.992716
432 0.993384
436 0.993887
440 0.994439
444 0.995273
448 0.995336
452 0.995551
456 0.995789
460 0.996707
464 0.996983
468 0.997366
472 0.997652
476 0.997716
480 0.998012
484 0.99839
488 0.998503
492 0.998484
496 0.998491
500 0.998558
504 0.998857
508 0.999035
512 0.998933
516 0.999008
520 0.998987
524 0.999086
528 0.999196
532 0.999122
536 0.999142
540 0.999275
544 0.999245
548 0.999218
552 0.999236
556 0.999156
560 0.999232
564 0.999304
568 0.999361
572 0.999376
576 0.999391
580 0.999456
584 0.999434
588 0.999458
592 0.999466
596 0.999467
600 0.999407
604 0.999323
608 0.999345
612 0.999273
616 0.999317
620 0.999393
624 0.999319
628 0.999373
632 0.999425
636 0.99944
640 0.999403
644 0.999349
648 0.999351
652 0.999363
656 0.999392
660 0.999362
664 0.999419
668 0.999337
672 0.99943
676 0.999385
680 0.999374
684 0.999448
688 0.999381
692 0.999405
696 0.999375
700 0.999354
704 0.999336
708 0.999385
712 0.99938
716 0.999427
720 0.999436
724 0.999398
728 0.999404
732 0.99938
736 0.999351
740 0.999326
744 0.999415
748 0.999406
752 0.999391
756 0.999418
760 0.999415
764 0.999374
768 0.999392
772 0.999418
776 0.999428
780 0.999375
784 0.999426
788 0.999414
792 0.999385
796 0.999456
800 0.999366
