0 0.123047
4 0.0048973
8 0.0645828
12 0.109628
16 0.0713134
20 0.0575064
24 0.0648059
28 0.0972191
32 0.116828
36 0.143516
40 0.165752
44 0.203047
48 0.245138
52 0.274304
56 0.301049
60 0.323903
64 0.349229
68 0.367434
72 0.383996
76 0.397228
80 0.409565
84 0.423152
88 0.437248
92 0.451231
96 0.464265
100 0.472796
104 0.483555
108 0.492396
112 0.499699
116 0.510291
120 0.51553
124 0.524767
128 0.533417
132 0.536223
136 0.542316
140 0.55101
144 0.560763
148 0.571057
152 0.57731
156 0.585376
160 0.594107
164 0.602417
168 0.609445
172 0.61533
176 0.622902
180 0.629068
184 0.635162
188 0.643559
192 0.651654
196 0.659129
200 0.665807
204 0.670375
208 0.67486
212 0.678425
216 0.683834
220 0.689206
224 0.694267
228 0.697438
232 0.703249
236 0.706815
240 0.710342
244 0.716026
248 0.719125
252 0.722782
256 0.727436
260 0.728987
264 0.731921
268 0.734372
272 0.736324
276 0.737861
280 0.740185
284 0.742337
288 0.744774
292 0.747526
296 0.748233
300 0.75002
304 0.751957
308 0.754118
312 0.757019
316 0.758498
320 0.760793
324 0.764383
328 0.767664
332 0.769771
336 0.771244
340 0.773447
344 0.776321
348 0.778355
352 0.780482
356 0.782066
360 0.783268
364 0.785329
368 0.786318
372 0.788251
376 0.791119
380 0.791699
384 0.793457
388 0.794629
392 0.796064
396 0.798062
400 0.799926
404 0.801066
408 0.803615
412 0.80563
416 0.80665
420 0.807839
424 0.810448
428 0.812134
432 0.813531
436 0.815383
440 0.817068
444 0.818735
448 0.819761
452 0.820839
456 0.821626
460 0.823197
464 0.823809
468 0.824619
472 0.825504
476 0.82676
480 0.827584
484 0.829277
488 0.830704
492 0.831804
496 0.831679
500 0.832559
504 0.832604
508 0.833084
512 0.834964
516 0.836305
520 0.836484
524 0.837257
528 0.838593
532 0.839441
536 0.840675
540 0.841448
544 0.841681
548 0.842157
552 0.842719
556 0.842901
560 0.843337
564 0.844367
568 0.845294
572 0.846622
576 0.847489
580 0.849592
584 0.850371
588 0.85035
592 0.850418
596 0.851335
600 0.85161
604 0.852949
608 0.853111
612 0.85347
616 0.854949
620 0.855705
624 0.856131
628 0.856543
632 0.856782
636 0.857804
640 0.857678
644 0.858352
648 0.858951
652 0.858428
656 0.859472
660 0.86037
664 0.860769
668 0.860988
672 0.861035
676 0.861866
680 0.862654
684 0.862532
688 0.862879
692 0.862698
696 0.863513
700 0.863632
704 0.863999
708 0.863957
712 0.864963
716 0.865833
720 0.866516
724 0.866301
728 0.86751
732 0.868106
736 0.86812
740 0.868535
744 0.869132
748 0.869899
752 0.870049
756 0.870085
760 0.870001
764 0.870206
768 0.870384
772 0.871239
776 0.871247
780 0.871759
784 0.872582
788 0.871972
792 0.872623
796 0.872734
800 0.873587
