0 0.00165131
2.25 0.0353576
4.5 0.0675375
6.75 0.0961933
9 0.12303
11.25 0.148176
13.5 0.172969
15.75 0.196679
18 0.219546
20.25 0.24188
22.5 0.263522
24.75 0.284364
27 0.305389
29.25 0.324946
31.5 0.344228
33.75 0.363659
36 0.381688
38.25 0.399356
40.5 0.416636
42.75 0.433922
45 0.451379
47.25 0.467338
49.5 0.483169
51.75 0.497749
54 0.511468
56.25 0.525212
58.5 0.53841
60.75 0.551271
63 0.563963
65.25 0.576675
67.5 0.590098
69.75 0.602926
72 0.614927
74.25 0.626585
76.5 0.638209
78.75 0.649502
81 0.659771
83.25 0.670331
85.5 0.680177
87.75 0.689329
90 0.698601
92.25 0.707733
94.5 0.716496
96.75 0.725199
99 0.733684
101.25 0.742511
103.5 0.749939
105.75 0.757653
108 0.765
110.25 0.771757
112.5 0.778372
114.75 0.784638
117 0.79089
119.25 0.796857
121.5 0.802744
123.75 0.808581
126 0.814564
128.25 0.819812
130.5 0.825386
132.75 0.829884
135 0.834852
137.25 0.839045
139.5 0.843478
141.75 0.848754
144 0.852578
146.25 0.856766
148.5 0.860628
150.75 0.86442
153 0.868257
155.25 0.87172
157.5 0.87435
159.75 0.877049
162 0.879529
164.25 0.882249
166.5 0.884704
168.75 0.887795
171 0.890402
173.25 0.892585
175.5 0.89478
177.75 0.897733
180 0.899589
182.25 0.90172
184.5 0.90382
186.75 0.905826
189 0.907675
191.25 0.909552
193.5 0.911625
195.75 0.913188
198 0.914678
200.25 0.916289
202.5 0.917716
204.75 0.918769
207 0.920208
209.25 0.921259
211.5 0.922534
213.75 0.923685
216 0.924996
218.25 0.926396
220.5 0.927491
222.75 0.928803
225 0.929714
227.25 0.930964
229.5 0.931669
231.75 0.93268
234 0.933973
236.25 0.934824
238.5 0.935551
240.75 0.936247
243 0.937476
245.25 0.938148
247.5 0.938814
249.75 0.939429
252 0.940018
254.25 0.940701
256.5 0.941202
258.75 0.941908
261 0.94252
263.25 0.942903
265.5 0.943615
267.75 0.9439
270 0.944672
272.25 0.9448
274.5 0.945216
276.75 0.945706
279 0.946212
281.25 0.946868
283.5 0.947503
285.75 0.947545
288 0.948298
290.25 0.94846
292.5 0.948752
294.75 0.948989
297 0.949228
299.25 0.949502
301.5 0.950209
303.75 0.950109
306 0.950585
308.25 0.950845
310.5 0.950858
312.75 0.950986
315 0.951342
317.25 0.951353
319.5 0.951397
321.75 0.951518
324 0.951312
326.25 0.951548
328.5 0.951541
330.75 0.951891
333 0.951819
335.25 0.952102
337.5 0.952301
339.75 0.952376
342 0.952258
344.25 0.952598
346.5 0.952602
348.75 0.952682
351 0.952644
353.25 0.952681
355.5 0.952904
357.75 0.953057
360 0.95321
362.25 0.953105
364.5 0.953343
366.75 0.953397
369 0.953652
371.25 0.953863
373.5 0.953742
375.75 0.953854
378 0.954228
380.25 0.954437
382.5 0.954359
384.75 0.954189
387 0.954523
389.25 0.954521
391.5 0.954598
393.75 0.954527
396 0.954374
398.25 0.954453
400.5 0.954595
402.75 0.95449
405 0.954505
407.25 0.954646
409.5 0.954393
411.75 0.954683
414 0.954587
416.25 0.954578
418.5 0.954447
420.75 0.954682
423 0.954661
425.25 0.954776
427.5 0.954904
429.75 0.955197
432 0.955191
434.25 0.954865
436.5 0.955026
438.75 0.954629
441 0.954523
443.25 0.955103
445.5 0.955174
447.75 0.955064
450 0.95502
