0 5.22599e-06
2.25 0.00240248
4.5 0.00854218
6.75 0.0167158
9 0.0266834
11.25 0.0384145
13.5 0.0514419
15.75 0.065642
18 0.0816283
20.25 0.0985897
22.5 0.115954
24.75 0.132677
27 0.152197
29.25 0.17007
31.5 0.188606
33.75 0.208585
36 0.227589
38.25 0.245839
40.5 0.264262
42.75 0.28265
45 0.301812
47.25 0.319215
49.5 0.336811
51.75 0.35332
54 0.369269
56.25 0.384419
58.5 0.398852
60.75 0.413586
63 0.428924
65.25 0.443908
67.5 0.458807
69.75 0.474177
72 0.488716
74.25 0.502963
76.5 0.516929
78.75 0.531125
81 0.543374
83.25 0.556305
85.5 0.567869
87.75 0.57776
90 0.588186
92.25 0.600249
94.5 0.609898
96.75 0.62056
99 0.631286
101.25 0.641934
103.5 0.651914
105.75 0.662167
108 0.671869
110.25 0.681968
112.5 0.691058
114.75 0.698736
117 0.707675
119.25 0.716474
121.5 0.722737
123.75 0.729638
126 0.737133
128.25 0.743329
130.5 0.750106
132.75 0.755703
135 0.762795
137.25 0.768482
139.5 0.774638
141.75 0.781222
144 0.78609
146.25 0.792232
148.5 0.797303
150.75 0.802212
153 0.808012
155.25 0.812083
157.5 0.815103
159.75 0.818934
162 0.822139
164.25 0.825355
166.5 0.828313
168.75 0.833484
171 0.837072
173.25 0.839743
175.5 0.84264
177.75 0.846095
180 0.84918
182.25 0.851887
184.5 0.854953
186.75 0.857802
189 0.859606
191.25 0.862321
193.5 0.865271
195.75 0.867754
198 0.86945
200.25 0.871517
202.5 0.873808
204.75 0.875287
207 0.877468
209.25 0.878298
211.5 0.880398
213.75 0.881189
216 0.88295
218.25 0.884833
220.5 0.886379
222.75 0.888608
225 0.889742
227.25 0.891841
229.5 0.892713
231.75 0.894175
234 0.895537
236.25 0.896907
238.5 0.897924
240.75 0.898578
243 0.900663
245.25 0.901258
247.5 0.902935
249.75 0.903012
252 0.90397
254.25 0.90453
256.5 0.90546
258.75 0.906359
261 0.906668
263.25 0.907114
265.5 0.908083
267.75 0.908324
270 0.909744
272.25 0.910602
274.5 0.910825
276.75 0.911495
279 0.912403
281.25 0.913677
283.5 0.915043
285.75 0.915566
288 0.916986
290.25 0.916573
292.5 0.917001
294.75 0.917312
297 0.918055
299.25 0.918594
301.5 0.91929
303.75 0.91936
306 0.920695
308.25 0.921485
310.5 0.921025
312.75 0.921432
315 0.921573
317.25 0.922299
319.5 0.922226
321.75 0.922383
324 0.921425
326.25 0.921788
328.5 0.921657
330.75 0.922504
333 0.922081
335.25 0.922238
337.5 0.922949
339.75 0.922354
342 0.922149
344.25 0.922299
346.5 0.921998
348.75 0.921838
351 0.921848
353.25 0.922192
355.5 0.922173
357.75 0.922729
360 0.922335
362.25 0.921779
364.5 0.922182
366.75 0.922178
369 0.922614
371.25 0.922422
373.5 0.921636
375.75 0.921958
378 0.922264
380.25 0.922787
382.5 0.922672
384.75 0.921799
387 0.922434
389.25 0.922243
391.5 0.922197
393.75 0.922235
396 0.922511
398.25 0.922638
400.5 0.923212
402.75 0.922713
405 0.92289
407.25 0.923148
409.5 0.922244
411.75 0.922823
414 0.922907
416.25 0.92234
418.5 0.922148
420.75 0.921872
423 0.921496
425.25 0.922404
427.5 0.922178
429.75 0.922643
432 0.923165
434.25 0.92249
436.5 0.923167
438.75 0.921925
441 0.921588
443.25 0.922421
445.5 0.922645
447.75 0.922861
450 0.923153
