0 5.57028e-06
2.25 0.00237832
4.5 0.00844388
6.75 0.0166403
9 0.0268335
11.25 0.0383995
13.5 0.0517276
15.75 0.0657573
18 0.0808456
20.25 0.0970926
22.5 0.113845
24.75 0.130426
27 0.148893
29.25 0.166628
31.5 0.184801
33.75 0.203601
36 0.221806
38.25 0.239949
40.5 0.258361
42.75 0.276289
45 0.295282
47.25 0.313003
49.5 0.330727
51.75 0.34729
54 0.363214
56.25 0.378947
58.5 0.393832
60.75 0.408808
63 0.423561
65.25 0.438356
67.5 0.453989
69.75 0.469364
72 0.483928
74.25 0.49794
76.5 0.512289
78.75 0.526173
81 0.539059
83.25 0.55179
85.5 0.563768
87.75 0.575233
90 0.58661
92.25 0.598245
94.5 0.608999
96.75 0.619909
99 0.630724
101.25 0.641789
103.5 0.651678
105.75 0.661484
108 0.67108
110.25 0.6798
112.5 0.688213
114.75 0.696312
117 0.70431
119.25 0.712444
121.5 0.720348
123.75 0.728058
126 0.735773
128.25 0.742579
130.5 0.749936
132.75 0.755799
135 0.762521
137.25 0.767996
139.5 0.773463
141.75 0.780593
144 0.785832
146.25 0.791513
148.5 0.796513
150.75 0.801575
153 0.807016
155.25 0.811517
157.5 0.814906
159.75 0.818228
162 0.821524
164.25 0.825034
166.5 0.827989
168.75 0.831976
171 0.835303
173.25 0.837983
175.5 0.840963
177.75 0.844801
180 0.847257
182.25 0.849861
184.5 0.85251
186.75 0.855192
189 0.857683
191.25 0.860271
193.5 0.862921
195.75 0.865006
198 0.866894
200.25 0.869064
202.5 0.870857
204.75 0.872134
207 0.874101
209.25 0.875358
211.5 0.877012
213.75 0.878462
216 0.88035
218.25 0.882289
220.5 0.883808
222.75 0.885617
225 0.886812
227.25 0.888392
229.5 0.889213
231.75 0.890465
234 0.892176
236.25 0.893311
238.5 0.894259
240.75 0.895158
243 0.896984
245.25 0.897788
247.5 0.898725
249.75 0.899521
252 0.900251
254.25 0.900981
256.5 0.901621
258.75 0.90252
261 0.90336
263.25 0.9038
265.5 0.9048
267.75 0.905
270 0.906122
272.25 0.906119
274.5 0.906581
276.75 0.907232
279 0.907836
281.25 0.908843
283.5 0.909793
285.75 0.909627
288 0.910912
290.25 0.91099
292.5 0.911364
294.75 0.911616
297 0.911914
299.25 0.912297
301.5 0.913536
303.75 0.913245
306 0.914084
308.25 0.914506
310.5 0.914403
312.75 0.914543
315 0.91517
317.25 0.915144
319.5 0.915174
321.75 0.915328
324 0.914842
326.25 0.915286
328.5 0.915167
330.75 0.915793
333 0.915536
335.25 0.91608
337.5 0.91642
339.75 0.916523
342 0.916224
344.25 0.916716
346.5 0.916649
348.75 0.916724
351 0.916515
353.25 0.916512
355.5 0.916801
357.75 0.917104
360 0.91739
362.25 0.917109
364.5 0.917481
366.75 0.917503
369 0.917937
371.25 0.918233
373.5 0.917918
375.75 0.918115
378 0.918768
380.25 0.919096
382.5 0.918914
384.75 0.918564
387 0.919213
389.25 0.919223
391.5 0.919351
393.75 0.919185
396 0.918875
398.25 0.91903
400.5 0.919269
402.75 0.91909
405 0.919089
407.25 0.919346
409.5 0.918798
411.75 0.919373
414 0.919127
416.25 0.91909
418.5 0.918798
420.75 0.919231
423 0.919171
425.25 0.919373
427.5 0.919554
429.75 0.920135
432 0.920129
434.25 0.919497
436.5 0.919775
438.75 0.919028
441 0.918782
443.25 0.919876
445.5 0.920005
447.75 0.919798
450 0.919703
