0 0.074712
2.25 0.0807515
4.5 0.102122
6.75 0.1393
9 0.182203
11.25 0.199501
13.5 0.216953
15.75 0.244984
18 0.269953
20.25 0.298445
22.5 0.321588
24.75 0.342297
27 0.364945
29.25 0.385425
31.5 0.405746
33.75 0.422077
36 0.436314
38.25 0.451799
40.5 0.467879
42.75 0.482548
45 0.496805
47.25 0.511162
49.5 0.524607
51.75 0.537645
54 0.550773
56.25 0.561711
58.5 0.572491
60.75 0.582418
63 0.593668
65.25 0.603298
67.5 0.613413
69.75 0.622872
72 0.63121
74.25 0.639025
76.5 0.647112
78.75 0.65593
81 0.66355
83.25 0.672055
85.5 0.678656
87.75 0.685031
90 0.692121
92.25 0.698492
94.5 0.705655
96.75 0.712584
99 0.718887
101.25 0.725339
103.5 0.730818
105.75 0.7365
108 0.742329
110.25 0.748139
112.5 0.753104
114.75 0.758503
117 0.763556
119.25 0.768669
121.5 0.773727
123.75 0.778712
126 0.783256
128.25 0.786797
130.5 0.790916
132.75 0.79474
135 0.798514
137.25 0.802069
139.5 0.805491
141.75 0.809022
144 0.812439
146.25 0.815473
148.5 0.818439
150.75 0.821373
153 0.824395
155.25 0.827306
157.5 0.830635
159.75 0.833613
162 0.836662
164.25 0.839999
166.5 0.842132
168.75 0.845147
171 0.847626
173.25 0.850439
175.5 0.852529
177.75 0.854829
180 0.85698
182.25 0.859419
184.5 0.861528
186.75 0.86342
189 0.865468
191.25 0.867206
193.5 0.869185
195.75 0.871071
198 0.873137
200.25 0.874902
202.5 0.876311
204.75 0.877885
207 0.879579
209.25 0.881141
211.5 0.882926
213.75 0.88456
216 0.886368
218.25 0.887689
220.5 0.889085
222.75 0.890582
225 0.891893
227.25 0.893485
229.5 0.894811
231.75 0.896012
234 0.897346
236.25 0.898522
238.5 0.89963
240.75 0.900687
243 0.901757
245.25 0.902833
247.5 0.903776
249.75 0.904417
252 0.905237
254.25 0.906034
256.5 0.906899
258.75 0.907365
261 0.908238
263.25 0.909024
265.5 0.909591
267.75 0.910199
270 0.91093
272.25 0.91157
274.5 0.912275
276.75 0.912976
279 0.913589
281.25 0.914279
283.5 0.914767
285.75 0.915647
288 0.916223
290.25 0.916682
292.5 0.917099
294.75 0.917557
297 0.917977
299.25 0.918435
301.5 0.919055
303.75 0.91969
306 0.920248
308.25 0.920638
310.5 0.921162
312.75 0.921831
315 0.922506
317.25 0.923162
319.5 0.923793
321.75 0.924228
324 0.924625
326.25 0.925131
328.5 0.925396
330.75 0.925719
333 0.925996
335.25 0.926409
337.5 0.92682
339.75 0.927136
342 0.927628
344.25 0.928012
346.5 0.928508
348.75 0.9289
351 0.929356
353.25 0.929818
355.5 0.930114
357.75 0.930623
360 0.930847
362.25 0.931257
364.5 0.931669
366.75 0.932282
369 0.932413
371.25 0.932772
373.5 0.933151
375.75 0.933401
378 0.933843
380.25 0.934173
382.5 0.934268
384.75 0.934639
387 0.93499
389.25 0.93543
391.5 0.935663
393.75 0.935948
396 0.93655
398.25 0.937004
400.5 0.937382
402.75 0.937524
405 0.937919
407.25 0.938262
409.5 0.938505
411.75 0.938949
414 0.939215
416.25 0.939502
418.5 0.939739
420.75 0.940046
423 0.940395
425.25 0.940689
427.5 0.941207
429.75 0.941556
432 0.942054
434.25 0.942361
436.5 0.942814
438.75 0.943228
441 0.943345
443.25 0.943514
445.5 0.943719
447.75 0.943976
450 0.944267
