0 0.00255356
16 0.045213
32 0.0305604
48 0.0370966
64 0.053265
80 0.0771224
96 0.0861915
112 0.12839
128 0.162785
144 0.183568
160 0.183958
176 0.159939
192 0.161678
208 0.183637
224 0.202037
240 0.219256
256 0.24605
272 0.256468
288 0.272007
304 0.280869
320 0.284158
336 0.289612
352 0.286708
368 0.283265
384 0.279516
400 0.262962
416 0.250006
432 0.232286
448 0.227075
464 0.235452
480 0.237775
496 0.243811
512 0.241601
528 0.236971
544 0.236682
560 0.230371
576 0.232162
592 0.231855
608 0.222816
624 0.224179
640 0.219135
656 0.206464
672 0.19936
688 0.190434
704 0.184898
720 0.181398
736 0.17346
752 0.169498
768 0.151164
784 0.15401
800 0.147728
816 0.132391
832 0.124784
848 0.120094
864 0.118742
880 0.103683
896 0.0938803
912 0.0825367
928 0.0798438
944 0.0682182
960 0.0592917
976 0.0587868
992 0.0540133
1008 0.0570964
1024 0.0523509
1040 0.0493874
1056 0.0443111
1072 0.0465293
1088 0.0436306
1104 0.0376615
1120 0.0228515
1136 0.020917
1152 0.0219659
1168 0.0160967
1184 0.016071
1200 0.00870373
1216 -0.00417065
1232 -0.0143887
1248 -0.0196052
1264 -0.0374422
1280 -0.0489578
1296 -0.0541919
1312 -0.0614959
1328 -0.0614363
1344 -0.0667469
1360 -0.0828286
1376 -0.090886
1392 -0.10208
1408 -0.106898
1424 -0.110682
1440 -0.121356
1456 -0.126346
1472 -0.126681
1488 -0.127873
1504 -0.124941
1520 -0.134114
1536 -0.149583
1552 -0.169139
1568 -0.180224
1584 -0.187036
1600 -0.196602
1616 -0.205781
1632 -0.212872
1648 -0.211914
1664 -0.218004
1680 -0.224251
1696 -0.218225
1712 -0.216405
1728 -0.22135
1744 -0.231571
1760 -0.249906
1776 -0.256853
1792 -0.261487
1808 -0.260593
1824 -0.267013
1840 -0.273551
1856 -0.27174
1872 -0.276874
1888 -0.287405
1904 -0.289585
1920 -0.294957
1936 -0.301997
1952 -0.301807
1968 -0.304738
1984 -0.315318
2000 -0.322739
2016 -0.323174
2032 -0.326177
2048 -0.33026
2064 -0.341517
2080 -0.344743
2096 -0.350235
2112 -0.36542
2128 -0.351895
2144 -0.34297
2160 -0.348605
2176 -0.35031
2192 -0.349698
2208 -0.346303
2224 -0.353009
2240 -0.353325
2256 -0.366294
2272 -0.373142
2288 -0.37279
2304 -0.376063
2320 -0.377117
2336 -0.376351
2352 -0.389681
2368 -0.391663
2384 -0.396351
2400 -0.404489
2416 -0.410155
2432 -0.409527
2448 -0.414726
2464 -0.417393
2480 -0.418727
2496 -0.421766
2512 -0.429633
2528 -0.442122
2544 -0.444912
2560 -0.449661
2576 -0.452379
2592 -0.459509
2608 -0.468825
2624 -0.464114
2640 -0.467758
2656 -0.462862
2672 -0.459817
2688 -0.453947
2704 -0.459801
2720 -0.458327
2736 -0.460971
2752 -0.44868
2768 -0.450637
2784 -0.450627
2800 -0.446837
2816 -0.44568
2832 -0.447724
2848 -0.448019
2864 -0.444105
2880 -0.451263
2896 -0.455179
2912 -0.456076
2928 -0.461086
2944 -0.461535
2960 -0.468989
2976 -0.477638
2992 -0.482937
3008 -0.483948
3024 -0.479706
3040 -0.48122
3056 -0.480134
3072 -0.480818
3088 -0.490176
3104 -0.494626
3120 -0.495943
3136 -0.503339
3152 -0.502913
3168 -0.499
3184 -0.496016
3200 -0.498881
