0 -0.180436
16 -0.125461
32 -0.190967
48 -0.161987
64 -0.143675
80 -0.0999749
96 -0.0660886
112 -0.0188157
128 0.0194671
144 0.0636462
160 0.0662154
176 0.048187
192 0.0435156
208 0.0543214
224 0.0841351
240 0.111841
256 0.154872
272 0.143412
288 0.176231
304 0.196355
320 0.201903
336 0.205127
352 0.210176
368 0.202951
384 0.202898
400 0.184492
416 0.170152
432 0.158338
448 0.150565
464 0.169061
480 0.169565
496 0.175406
512 0.175407
528 0.171963
544 0.173243
560 0.172116
576 0.162966
592 0.153131
608 0.144799
624 0.141394
640 0.131879
656 0.125442
672 0.118689
688 0.103446
704 0.0958976
720 0.0861913
736 0.0687333
752 0.0635641
768 0.060756
784 0.0689704
800 0.073258
816 0.06467
832 0.0696795
848 0.0676161
864 0.0764875
880 0.0795177
896 0.0799488
912 0.0676897
928 0.0632646
944 0.0461142
960 0.024886
976 0.0286023
992 0.0169718
1008 0.0218413
1024 0.0272262
1040 0.0234275
1056 0.0264877
1072 0.038733
1088 0.0294131
1104 0.0253186
1120 0.001508
1136 -0.00822248
1152 -0.00858701
1168 -0.0210067
1184 -0.0114814
1200 -0.0208484
1216 -0.0195197
1232 -0.0122501
1248 -0.0196706
1264 -0.0421041
1280 -0.0583923
1296 -0.0646313
1312 -0.072235
1328 -0.075258
1344 -0.0813002
1360 -0.0915982
1376 -0.0952449
1392 -0.0984064
1408 -0.102417
1424 -0.109461
1440 -0.120717
1456 -0.120024
1472 -0.113274
1488 -0.109614
1504 -0.103959
1520 -0.117506
1536 -0.139974
1552 -0.156282
1568 -0.16438
1584 -0.172518
1600 -0.184175
1616 -0.189521
1632 -0.206729
1648 -0.209111
1664 -0.216252
1680 -0.220584
1696 -0.226826
1712 -0.222913
1728 -0.234664
1744 -0.251467
1760 -0.274798
1776 -0.278035
1792 -0.285889
1808 -0.289365
1824 -0.294358
1840 -0.298278
1856 -0.282602
1872 -0.273402
1888 -0.281319
1904 -0.279723
1920 -0.28291
1936 -0.28383
1952 -0.289329
1968 -0.287261
1984 -0.302647
2000 -0.304806
2016 -0.311327
2032 -0.307057
2048 -0.314301
2064 -0.317496
2080 -0.317557
2096 -0.308223
2112 -0.316209
2128 -0.316621
2144 -0.307132
2160 -0.309033
2176 -0.30935
2192 -0.310758
2208 -0.311026
2224 -0.320386
2240 -0.325177
2256 -0.335009
2272 -0.344314
2288 -0.353467
2304 -0.362897
2320 -0.362265
2336 -0.359927
2352 -0.368592
2368 -0.364437
2384 -0.359866
2400 -0.362493
2416 -0.358934
2432 -0.368815
2448 -0.370719
2464 -0.373303
2480 -0.384593
2496 -0.38952
2512 -0.395994
2528 -0.410622
2544 -0.418972
2560 -0.420586
2576 -0.422849
2592 -0.436388
2608 -0.440186
2624 -0.42978
2640 -0.437732
2656 -0.441486
2672 -0.451964
2688 -0.44424
2704 -0.446315
2720 -0.44374
2736 -0.459811
2752 -0.452782
2768 -0.449056
2784 -0.455097
2800 -0.448222
2816 -0.454042
2832 -0.455072
2848 -0.455419
2864 -0.454425
2880 -0.461167
2896 -0.462745
2912 -0.461652
2928 -0.466428
2944 -0.466854
2960 -0.472842
2976 -0.472571
2992 -0.473348
3008 -0.479851
3024 -0.475995
3040 -0.48158
3056 -0.472299
3072 -0.472505
3088 -0.489856
3104 -0.49318
3120 -0.499029
3136 -0.506443
3152 -0.493526
3168 -0.48521
3184 -0.489491
3200 -0.485958
