0 0.115352
16 0.157622
32 0.170042
48 0.17479
64 0.195055
80 0.210189
96 0.207593
112 0.241886
128 0.274011
144 0.277764
160 0.276027
176 0.24426
192 0.248755
208 0.274545
224 0.284201
240 0.292377
256 0.309822
272 0.333866
288 0.338073
304 0.340808
320 0.345713
336 0.355315
352 0.348435
368 0.34933
384 0.343379
400 0.329784
416 0.320059
432 0.301676
448 0.306941
464 0.310867
480 0.317931
496 0.323437
512 0.320539
528 0.316574
544 0.311116
560 0.300846
576 0.306955
592 0.310639
608 0.299989
624 0.302927
640 0.304585
656 0.289616
672 0.280321
688 0.275695
704 0.272445
720 0.275116
736 0.272517
752 0.268371
768 0.238793
784 0.238038
800 0.224371
816 0.203317
832 0.186595
848 0.17806
864 0.170155
880 0.142464
896 0.125754
912 0.114959
928 0.112224
944 0.103886
960 0.102207
976 0.0982693
992 0.0961779
1008 0.0970925
1024 0.085392
1040 0.0828768
1056 0.0731963
1072 0.0688437
1088 0.0707408
1104 0.0637807
1120 0.0559083
1136 0.0602424
1152 0.0623253
1168 0.0617769
1184 0.0559895
1200 0.0501057
1216 0.028437
1232 0.00604788
1248 0.00167733
1264 -0.0128251
1280 -0.0217606
1296 -0.026514
1312 -0.0346828
1328 -0.0339272
1344 -0.0414768
1360 -0.0636236
1376 -0.0758296
1392 -0.0929788
1408 -0.0994786
1424 -0.101212
1440 -0.111411
1456 -0.1202
1472 -0.124382
1488 -0.128258
1504 -0.127165
1520 -0.132788
1536 -0.143188
1552 -0.164849
1568 -0.177344
1584 -0.182696
1600 -0.190493
1616 -0.203226
1632 -0.203072
1648 -0.199694
1664 -0.204444
1680 -0.211592
1696 -0.197711
1712 -0.196514
1728 -0.196319
1744 -0.201421
1760 -0.215523
1776 -0.224063
1792 -0.227035
1808 -0.223037
1824 -0.230836
1840 -0.239394
1856 -0.247934
1872 -0.263634
1888 -0.275247
1904 -0.281063
1920 -0.288092
1936 -0.300258
1952 -0.296164
1968 -0.302402
1984 -0.309838
2000 -0.322308
2016 -0.319014
2032 -0.328493
2048 -0.330681
2064 -0.348219
2080 -0.354589
2096 -0.37091
2112 -0.391719
2128 -0.368124
2144 -0.360141
2160 -0.369123
2176 -0.372194
2192 -0.370294
2208 -0.364405
2224 -0.369282
2240 -0.366018
2256 -0.380771
2272 -0.385726
2288 -0.378821
2304 -0.378359
2320 -0.380342
2336 -0.381504
2352 -0.39849
2368 -0.40523
2384 -0.416825
2400 -0.429348
2416 -0.441988
2432 -0.433528
2448 -0.441005
2464 -0.444039
2480 -0.438199
2496 -0.439784
2512 -0.448639
2528 -0.459876
2544 -0.458957
2560 -0.465795
2576 -0.469275
2592 -0.47191
2608 -0.4852
2624 -0.484669
2640 -0.485077
2656 -0.474023
2672 -0.461705
2688 -0.456963
2704 -0.465723
2720 -0.464967
2736 -0.458338
2752 -0.442811
2768 -0.448815
2784 -0.444532
2800 -0.442982
2816 -0.436576
2832 -0.438939
2848 -0.439307
2864 -0.433618
2880 -0.440832
2896 -0.446357
2912 -0.44838
2928 -0.453441
2944 -0.453776
2960 -0.461967
2976 -0.476701
2992 -0.484961
3008 -0.481892
3024 -0.476943
3040 -0.475683
3056 -0.480194
3072 -0.481207
3088 -0.48475
3104 -0.489725
3120 -0.487852
3136 -0.495404
3152 -0.503604
3168 -0.502383
3184 -0.493881
3200 -0.501384
