0 0.00229971
16 -0.00410303
32 0.0131739
48 0.00676539
64 -0.00598316
80 -0.0398882
96 -0.0490858
112 -0.0777923
128 -0.116429
144 -0.181677
160 -0.235781
176 -0.274221
192 -0.287465
208 -0.30866
224 -0.310411
240 -0.302022
256 -0.306483
272 -0.329523
288 -0.356309
304 -0.39104
320 -0.406144
336 -0.423679
352 -0.461831
368 -0.491514
384 -0.527794
400 -0.56068
416 -0.611377
432 -0.647986
448 -0.645992
464 -0.652443
480 -0.641945
496 -0.634512
512 -0.634716
528 -0.649035
544 -0.667265
560 -0.675355
576 -0.689444
592 -0.692666
608 -0.697267
624 -0.703855
640 -0.704845
656 -0.732907
672 -0.752148
688 -0.775853
704 -0.791969
720 -0.806191
736 -0.826966
752 -0.836689
768 -0.862114
784 -0.875918
800 -0.893491
816 -0.918301
832 -0.938373
848 -0.946951
864 -0.969124
880 -1.00355
896 -1.02642
912 -1.04196
928 -1.05729
944 -1.06951
960 -1.08187
976 -1.10196
992 -1.10208
1008 -1.10276
1024 -1.11871
1040 -1.11565
1056 -1.11767
1072 -1.12078
1088 -1.12534
1104 -1.14245
1120 -1.14643
1136 -1.14533
1152 -1.16185
1168 -1.16967
1184 -1.19345
1200 -1.20756
1216 -1.22915
1232 -1.24485
1248 -1.25069
1264 -1.25689
1280 -1.26501
1296 -1.26635
1312 -1.26905
1328 -1.27571
1344 -1.29296
1360 -1.32164
1376 -1.34633
1392 -1.35737
1408 -1.35946
1424 -1.36711
1440 -1.38004
1456 -1.38875
1472 -1.38513
1488 -1.39094
1504 -1.38233
1520 -1.38085
1536 -1.38157
1552 -1.38365
1568 -1.38115
1584 -1.38801
1600 -1.39379
1616 -1.39893
1632 -1.39182
1648 -1.38902
1664 -1.39863
1680 -1.414
1696 -1.41055
1712 -1.41027
1728 -1.41375
1744 -1.42461
1760 -1.42981
1776 -1.4349
1792 -1.43876
1808 -1.44689
1824 -1.45556
1840 -1.45961
1856 -1.46322
1872 -1.47999
1888 -1.48765
1904 -1.49661
1920 -1.50302
1936 -1.51022
1952 -1.49681
1968 -1.50379
1984 -1.50541
2000 -1.50802
2016 -1.50169
2032 -1.50749
2048 -1.50959
2064 -1.51963
2080 -1.5289
2096 -1.5421
2112 -1.5708
2128 -1.54959
2144 -1.53949
2160 -1.55275
2176 -1.55425
2192 -1.56143
2208 -1.55819
2224 -1.57691
2240 -1.57308
2256 -1.56976
2272 -1.5815
2288 -1.58022
2304 -1.57414
2320 -1.57232
2336 -1.58296
2352 -1.60714
2368 -1.61902
2384 -1.62839
2400 -1.6446
2416 -1.66163
2432 -1.65957
2448 -1.66803
2464 -1.66714
2480 -1.65937
2496 -1.65434
2512 -1.65562
2528 -1.66445
2544 -1.67219
2560 -1.68206
2576 -1.69203
2592 -1.68929
2608 -1.7022
2624 -1.69227
2640 -1.70724
2656 -1.69763
2672 -1.68498
2688 -1.68127
2704 -1.68093
2720 -1.67557
2736 -1.67654
2752 -1.66401
2768 -1.67251
2784 -1.66758
2800 -1.66943
2816 -1.66819
2832 -1.67289
2848 -1.67804
2864 -1.68528
2880 -1.69848
2896 -1.70332
2912 -1.70371
2928 -1.71852
2944 -1.72061
2960 -1.73528
2976 -1.7444
2992 -1.7524
3008 -1.75265
3024 -1.74998
3040 -1.7302
3056 -1.73781
3072 -1.74694
3088 -1.76311
3104 -1.77042
3120 -1.76999
3136 -1.78635
3152 -1.79147
3168 -1.79363
3184 -1.78971
3200 -1.79703
