0 -0.211941
16 -0.0626721
32 0.0113024
48 0.0424732
64 0.0522332
80 0.0761797
96 0.129773
112 0.137905
128 0.1077
144 0.08264
160 0.0701702
176 0.108639
192 0.139314
208 0.130405
224 0.145557
240 0.1887
256 0.206036
272 0.201317
288 0.195278
304 0.178638
320 0.179666
336 0.170485
352 0.154207
368 0.154174
384 0.130709
400 0.119331
416 0.0784741
432 0.0617605
448 0.0695922
464 0.0747372
480 0.0943445
496 0.110708
512 0.129848
528 0.126586
544 0.118446
560 0.125208
576 0.103347
592 0.0859598
608 0.0859772
624 0.0682366
640 0.0566439
656 0.0385754
672 0.033038
688 0.0158064
704 0.00296521
720 -0.0173091
736 -0.0416432
752 -0.041529
768 -0.0441246
784 -0.0585388
800 -0.07032
816 -0.0702494
832 -0.0804104
848 -0.0856117
864 -0.101499
880 -0.126562
896 -0.147367
912 -0.165961
928 -0.184039
944 -0.198949
960 -0.216631
976 -0.233448
992 -0.229335
1008 -0.227334
1024 -0.232913
1040 -0.227425
1056 -0.226695
1072 -0.225242
1088 -0.222404
1104 -0.235714
1120 -0.228807
1136 -0.22994
1152 -0.250755
1168 -0.258363
1184 -0.280536
1200 -0.293028
1216 -0.301497
1232 -0.293311
1248 -0.298602
1264 -0.286387
1280 -0.29088
1296 -0.287427
1312 -0.285111
1328 -0.288405
1344 -0.303303
1360 -0.320882
1376 -0.331785
1392 -0.332933
1408 -0.324167
1424 -0.329424
1440 -0.329849
1456 -0.329627
1472 -0.321721
1488 -0.319597
1504 -0.306456
1520 -0.307736
1536 -0.305743
1552 -0.299276
1568 -0.290774
1584 -0.297352
1600 -0.297771
1616 -0.288704
1632 -0.280619
1648 -0.28142
1664 -0.284393
1680 -0.300068
1696 -0.296448
1712 -0.297294
1728 -0.303087
1744 -0.307749
1760 -0.302266
1776 -0.305055
1792 -0.299715
1808 -0.309923
1824 -0.318068
1840 -0.315092
1856 -0.306838
1872 -0.30382
1888 -0.300445
1904 -0.308149
1920 -0.313995
1936 -0.306772
1952 -0.28934
1968 -0.284742
1984 -0.280426
2000 -0.273268
2016 -0.264482
2032 -0.267449
2048 -0.265075
2064 -0.258214
2080 -0.248172
2096 -0.249071
2112 -0.258274
2128 -0.249155
2144 -0.240487
2160 -0.251015
2176 -0.254156
2192 -0.262667
2208 -0.262113
2224 -0.277981
2240 -0.272147
2256 -0.255516
2272 -0.26335
2288 -0.272663
2304 -0.264808
2320 -0.25561
2336 -0.256689
2352 -0.259386
2368 -0.269879
2384 -0.276243
2400 -0.282276
2416 -0.292458
2432 -0.299776
2448 -0.303581
2464 -0.301028
2480 -0.299553
2496 -0.294011
2512 -0.297464
2528 -0.299473
2544 -0.311481
2560 -0.315719
2576 -0.327489
2592 -0.330611
2608 -0.337746
2624 -0.323347
2640 -0.33832
2656 -0.334389
2672 -0.332278
2688 -0.329617
2704 -0.319941
2720 -0.314633
2736 -0.325962
2752 -0.322259
2768 -0.323535
2784 -0.320244
2800 -0.315314
2816 -0.314005
2832 -0.313514
2848 -0.315625
2864 -0.320594
2880 -0.33498
2896 -0.332089
2912 -0.331021
2928 -0.342978
2944 -0.349443
2960 -0.358178
2976 -0.358597
2992 -0.364696
3008 -0.368075
3024 -0.36743
3040 -0.348496
3056 -0.352978
3072 -0.362306
3088 -0.375552
3104 -0.377998
3120 -0.372534
3136 -0.38339
3152 -0.377773
3168 -0.37032
3184 -0.375031
3200 -0.370966
