0 0.000208686
20.25 0.0313972
40.5 0.0558278
60.75 0.0779681
81 0.0995348
101.25 0.120549
121.5 0.140295
141.75 0.158602
162 0.177437
182.25 0.194935
202.5 0.211363
222.75 0.226481
243 0.243484
263.25 0.258652
283.5 0.27367
303.75 0.286336
324 0.300437
344.25 0.313291
364.5 0.327355
384.75 0.341521
405 0.354811
425.25 0.368847
445.5 0.381363
465.75 0.39384
486 0.408108
506.25 0.421095
526.5 0.433351
546.75 0.445354
567 0.457956
587.25 0.471754
607.5 0.483348
627.75 0.495486
648 0.506961
668.25 0.518201
688.5 0.529127
708.75 0.539506
729 0.548831
749.25 0.559036
769.5 0.567837
789.75 0.578187
810 0.587279
830.25 0.595464
850.5 0.60409
870.75 0.612438
891 0.62144
911.25 0.629067
931.5 0.637563
951.75 0.646093
972 0.653878
992.25 0.660584
1012.5 0.66773
1032.75 0.674522
1053 0.682352
1073.25 0.689539
1093.5 0.696534
1113.75 0.702962
1134 0.70874
1154.25 0.715398
1174.5 0.721795
1194.75 0.727776
1215 0.734238
1235.25 0.740085
1255.5 0.745351
1275.75 0.750703
1296 0.755884
1316.25 0.761516
1336.5 0.765862
1356.75 0.770324
1377 0.774912
1397.25 0.779465
1417.5 0.78379
1437.75 0.788197
1458 0.792807
1478.25 0.79694
1498.5 0.801074
1518.75 0.804422
1539 0.807293
1559.25 0.810323
1579.5 0.814221
1599.75 0.81787
1620 0.821028
1640.25 0.82437
1660.5 0.826803
1680.75 0.829625
1701 0.831922
1721.25 0.834556
1741.5 0.837218
1761.75 0.840351
1782 0.843731
1802.25 0.846417
1822.5 0.847964
1842.75 0.850314
1863 0.852895
1883.25 0.854636
1903.5 0.856451
1923.75 0.858593
1944 0.860893
1964.25 0.862778
1984.5 0.8646
2004.75 0.866167
2025 0.868102
2045.25 0.870322
2065.5 0.872194
2085.75 0.874292
2106 0.876636
2126.25 0.878222
2146.5 0.87986
2166.75 0.881737
2187 0.883381
2207.25 0.884902
2227.5 0.886986
2247.75 0.888046
2268 0.888934
2288.25 0.89035
2308.5 0.892156
2328.75 0.893533
2349 0.894342
2369.25 0.895741
2389.5 0.896706
2409.75 0.898477
2430 0.899873
2450.25 0.901362
2470.5 0.903232
2490.75 0.904219
2511 0.905941
2531.25 0.906413
2551.5 0.907842
2571.75 0.908744
2592 0.909759
2612.25 0.910967
2632.5 0.911582
2652.75 0.912099
2673 0.913169
2693.25 0.913513
2713.5 0.913959
2733.75 0.915331
2754 0.915741
2774.25 0.916903
2794.5 0.917422
2814.75 0.917829
2835 0.918691
2855.25 0.918415
2875.5 0.919401
2895.75 0.919784
2916 0.920499
2936.25 0.920721
2956.5 0.920863
2976.75 0.921219
2997 0.92138
3017.25 0.921588
3037.5 0.921916
3057.75 0.922012
3078 0.921935
3098.25 0.92273
3118.5 0.923566
3138.75 0.924128
3159 0.924211
3179.25 0.924861
3199.5 0.924613
3219.75 0.924964
3240 0.925145
3260.25 0.925566
3280.5 0.925651
3300.75 0.925844
3321 0.925994
3341.25 0.926062
3361.5 0.926304
3381.75 0.926129
3402 0.926205
3422.25 0.927032
3442.5 0.927595
3462.75 0.928085
3483 0.928508
3503.25 0.928873
3523.5 0.929035
3543.75 0.929045
3564 0.929502
3584.25 0.929433
3604.5 0.930072
3624.75 0.930764
3645 0.931049
3665.25 0.931283
3685.5 0.931762
3705.75 0.931525
3726 0.931954
3746.25 0.932589
3766.5 0.932714
3786.75 0.933056
3807 0.93296
3827.25 0.933083
3847.5 0.933685
3867.75 0.933902
3888 0.934329
3908.25 0.934522
3928.5 0.93433
3948.75 0.934448
3969 0.934154
3989.25 0.934252
4009.5 0.934552
4029.75 0.934808
4050 0.934396
