0 7.61168e-08
20.25 0.00192215
40.5 0.00577876
60.75 0.0108906
81 0.0176281
101.25 0.0254039
121.5 0.0344096
141.75 0.0435165
162 0.0539446
182.25 0.0643563
202.5 0.0750085
222.75 0.0860164
243 0.0984955
263.25 0.108939
283.5 0.120352
303.75 0.131227
324 0.144468
344.25 0.156162
364.5 0.169387
384.75 0.184098
405 0.198163
425.25 0.212808
445.5 0.22487
465.75 0.238019
486 0.253625
506.25 0.268587
526.5 0.281602
546.75 0.294508
567 0.306995
587.25 0.321584
607.5 0.334151
627.75 0.34723
648 0.3591
668.25 0.372525
688.5 0.384843
708.75 0.397498
729 0.407811
749.25 0.419086
769.5 0.429335
789.75 0.440161
810 0.450087
830.25 0.458477
850.5 0.468676
870.75 0.479168
891 0.490357
911.25 0.499996
931.5 0.509655
951.75 0.520337
972 0.529614
992.25 0.537943
1012.5 0.546765
1032.75 0.555118
1053 0.565144
1073.25 0.57391
1093.5 0.583161
1113.75 0.590263
1134 0.59709
1154.25 0.605109
1174.5 0.612846
1194.75 0.619698
1215 0.626803
1235.25 0.635444
1255.5 0.641114
1275.75 0.648813
1296 0.65469
1316.25 0.661856
1336.5 0.668197
1356.75 0.673995
1377 0.680466
1397.25 0.686949
1417.5 0.691087
1437.75 0.697593
1458 0.704079
1478.25 0.709296
1498.5 0.715335
1518.75 0.719691
1539 0.724479
1559.25 0.729706
1579.5 0.735097
1599.75 0.739905
1620 0.745422
1640.25 0.75042
1660.5 0.754627
1680.75 0.758234
1701 0.761011
1721.25 0.765255
1741.5 0.768885
1761.75 0.772775
1782 0.776635
1802.25 0.779717
1822.5 0.7825
1842.75 0.78549
1863 0.788601
1883.25 0.792194
1903.5 0.795468
1923.75 0.798762
1944 0.802286
1964.25 0.80477
1984.5 0.807585
2004.75 0.809946
2025 0.812972
2045.25 0.815997
2065.5 0.818565
2085.75 0.822479
2106 0.826497
2126.25 0.829015
2146.5 0.831365
2166.75 0.834457
2187 0.836756
2207.25 0.838466
2227.5 0.841482
2247.75 0.842586
2268 0.844812
2288.25 0.847439
2308.5 0.848752
2328.75 0.850177
2349 0.851162
2369.25 0.853912
2389.5 0.854048
2409.75 0.85671
2430 0.858315
2450.25 0.85982
2470.5 0.863599
2490.75 0.863792
2511 0.866831
2531.25 0.866626
2551.5 0.8697
2571.75 0.870496
2592 0.870758
2612.25 0.872127
2632.5 0.871544
2652.75 0.871468
2673 0.872025
2693.25 0.87087
2713.5 0.871667
2733.75 0.872625
2754 0.872239
2774.25 0.872547
2794.5 0.872236
2814.75 0.872732
2835 0.873233
2855.25 0.872327
2875.5 0.873403
2895.75 0.873726
2916 0.873624
2936.25 0.873539
2956.5 0.874056
2976.75 0.8747
2997 0.874672
3017.25 0.874143
3037.5 0.8757
3057.75 0.875596
3078 0.874872
3098.25 0.876458
3118.5 0.876993
3138.75 0.878021
3159 0.8779
3179.25 0.879346
3199.5 0.878814
3219.75 0.87952
3240 0.879718
3260.25 0.879579
3280.5 0.880364
3300.75 0.87948
3321 0.879921
3341.25 0.879891
3361.5 0.879681
3381.75 0.87958
3402 0.879418
3422.25 0.880373
3442.5 0.881066
3462.75 0.88117
3483 0.881413
3503.25 0.881496
3523.5 0.881827
3543.75 0.881777
3564 0.882459
3584.25 0.882621
3604.5 0.882839
3624.75 0.883957
3645 0.883717
3665.25 0.883884
3685.5 0.88442
3705.75 0.88314
3726 0.884288
3746.25 0.884564
3766.5 0.884407
3786.75 0.885448
3807 0.885728
3827.25 0.885456
3847.5 0.887195
3867.75 0.887084
3888 0.88776
3908.25 0.888362
3928.5 0.888237
3948.75 0.888139
3969 0.887639
3989.25 0.887452
4009.5 0.889222
4029.75 0.88944
4050 0.888012
