0 0.105133
20.25 0.106439
40.5 0.113795
60.75 0.143436
81 0.157677
101.25 0.200921
121.5 0.221642
141.75 0.253382
162 0.281797
182.25 0.296059
202.5 0.312599
222.75 0.328201
243 0.353326
263.25 0.376551
283.5 0.399856
303.75 0.408417
324 0.420334
344.25 0.436754
364.5 0.448507
384.75 0.45962
405 0.477396
425.25 0.491738
445.5 0.507263
465.75 0.517106
486 0.535163
506.25 0.548098
526.5 0.557035
546.75 0.570739
567 0.583326
587.25 0.595714
607.5 0.60781
627.75 0.618048
648 0.62915
668.25 0.642074
688.5 0.651963
708.75 0.659517
729 0.666711
749.25 0.678601
769.5 0.684865
789.75 0.693314
810 0.702913
830.25 0.711511
850.5 0.71867
870.75 0.727599
891 0.737378
911.25 0.742692
931.5 0.750434
951.75 0.75895
972 0.766044
992.25 0.77101
1012.5 0.778678
1032.75 0.784655
1053 0.7904
1073.25 0.798027
1093.5 0.805688
1113.75 0.809969
1134 0.813369
1154.25 0.818363
1174.5 0.82404
1194.75 0.828469
1215 0.834273
1235.25 0.838711
1255.5 0.842455
1275.75 0.84621
1296 0.850901
1316.25 0.855704
1336.5 0.858859
1356.75 0.860855
1377 0.863821
1397.25 0.868629
1417.5 0.872091
1437.75 0.876464
1458 0.880762
1478.25 0.883102
1498.5 0.887371
1518.75 0.89021
1539 0.892135
1559.25 0.896116
1579.5 0.898872
1599.75 0.902254
1620 0.904817
1640.25 0.907738
1660.5 0.90995
1680.75 0.911892
1701 0.914229
1721.25 0.91669
1741.5 0.91834
1761.75 0.919762
1782 0.921915
1802.25 0.924625
1822.5 0.925742
1842.75 0.92722
1863 0.928981
1883.25 0.931268
1903.5 0.933057
1923.75 0.935725
1944 0.937554
1964.25 0.939243
1984.5 0.940837
2004.75 0.942172
2025 0.944053
2045.25 0.945696
2065.5 0.947446
2085.75 0.949455
2106 0.950629
2126.25 0.951849
2146.5 0.952902
2166.75 0.953976
2187 0.955244
2207.25 0.956534
2227.5 0.957518
2247.75 0.958042
2268 0.958653
2288.25 0.959427
2308.5 0.959975
2328.75 0.960831
2349 0.961051
2369.25 0.961394
2389.5 0.962168
2409.75 0.963027
2430 0.963637
2450.25 0.964405
2470.5 0.965057
2490.75 0.965183
2511 0.965776
2531.25 0.966175
2551.5 0.966826
2571.75 0.967181
2592 0.967076
2612.25 0.967461
2632.5 0.967827
2652.75 0.967977
2673 0.968166
2693.25 0.968143
2713.5 0.968566
2733.75 0.969113
2754 0.969424
2774.25 0.969769
2794.5 0.970127
2814.75 0.970498
2835 0.970799
2855.25 0.971018
2875.5 0.971192
2895.75 0.971626
2916 0.971984
2936.25 0.972242
2956.5 0.972265
2976.75 0.972427
2997 0.972627
3017.25 0.972687
3037.5 0.97289
3057.75 0.973136
3078 0.973423
3098.25 0.973337
3118.5 0.973944
3138.75 0.974124
3159 0.974308
3179.25 0.974661
3199.5 0.974625
3219.75 0.974587
3240 0.974736
3260.25 0.975039
3280.5 0.974896
3300.75 0.975161
3321 0.975223
3341.25 0.975436
3361.5 0.975387
3381.75 0.975464
3402 0.975534
3422.25 0.97607
3442.5 0.97626
3462.75 0.976509
3483 0.976661
3503.25 0.976933
3523.5 0.977138
3543.75 0.977483
3564 0.977711
3584.25 0.977684
3604.5 0.977999
3624.75 0.978
3645 0.978266
3665.25 0.978431
3685.5 0.978558
3705.75 0.97873
3726 0.978952
3746.25 0.979162
3766.5 0.979241
3786.75 0.979315
3807 0.979412
3827.25 0.979459
3847.5 0.97951
3867.75 0.97959
3888 0.979614
3908.25 0.979629
3928.5 0.979702
3948.75 0.979713
3969 0.979669
3989.25 0.979693
4009.5 0.979741
4029.75 0.979752
4050 0.979737
