0 0.0446361
20.25 0.0758532
40.5 0.123858
60.75 0.173191
81 0.184272
101.25 0.207119
121.5 0.225129
141.75 0.228087
162 0.243578
182.25 0.261654
202.5 0.28583
222.75 0.30018
243 0.321587
263.25 0.348286
283.5 0.373237
303.75 0.383888
324 0.39892
344.25 0.414092
364.5 0.428456
384.75 0.44318
405 0.458049
425.25 0.475166
445.5 0.490983
465.75 0.504532
486 0.521321
506.25 0.534528
526.5 0.548019
546.75 0.561379
567 0.575645
587.25 0.590329
607.5 0.600738
627.75 0.611009
648 0.62214
668.25 0.633659
688.5 0.643242
708.75 0.651863
729 0.661061
749.25 0.671677
769.5 0.679371
789.75 0.689566
810 0.698795
830.25 0.706663
850.5 0.714042
870.75 0.722095
891 0.730074
911.25 0.736996
931.5 0.745255
951.75 0.753464
972 0.7611
992.25 0.766243
1012.5 0.773019
1032.75 0.778916
1053 0.785807
1073.25 0.792209
1093.5 0.798159
1113.75 0.802885
1134 0.806157
1154.25 0.811156
1174.5 0.816611
1194.75 0.821501
1215 0.82754
1235.25 0.831935
1255.5 0.83724
1275.75 0.841139
1296 0.845832
1316.25 0.850469
1336.5 0.853451
1356.75 0.856354
1377 0.85961
1397.25 0.863352
1417.5 0.867056
1437.75 0.870547
1458 0.873892
1478.25 0.876406
1498.5 0.87966
1518.75 0.88235
1539 0.884259
1559.25 0.887088
1579.5 0.890508
1599.75 0.893955
1620 0.896196
1640.25 0.898789
1660.5 0.900726
1680.75 0.90298
1701 0.905452
1721.25 0.907334
1741.5 0.909009
1761.75 0.911309
1782 0.914056
1802.25 0.91653
1822.5 0.917261
1842.75 0.918853
1863 0.921312
1883.25 0.92304
1903.5 0.924803
1923.75 0.926955
1944 0.928542
1964.25 0.930071
1984.5 0.93167
2004.75 0.933271
2025 0.93501
2045.25 0.936962
2065.5 0.938506
2085.75 0.940188
2106 0.941428
2126.25 0.942928
2146.5 0.944458
2166.75 0.945932
2187 0.947329
2207.25 0.948868
2227.5 0.95031
2247.75 0.951026
2268 0.951773
2288.25 0.952404
2308.5 0.95339
2328.75 0.954425
2349 0.955016
2369.25 0.955667
2389.5 0.956816
2409.75 0.958064
2430 0.958803
2450.25 0.959709
2470.5 0.960443
2490.75 0.961166
2511 0.962148
2531.25 0.962543
2551.5 0.963196
2571.75 0.96395
2592 0.964256
2612.25 0.964845
2632.5 0.965338
2652.75 0.96575
2673 0.966395
2693.25 0.96684
2713.5 0.967356
2733.75 0.967971
2754 0.968529
2774.25 0.968968
2794.5 0.969322
2814.75 0.969638
2835 0.970104
2855.25 0.970144
2875.5 0.970135
2895.75 0.970555
2916 0.970971
2936.25 0.971261
2956.5 0.971442
2976.75 0.971681
2997 0.971684
3017.25 0.971964
3037.5 0.972159
3057.75 0.972315
3078 0.972547
3098.25 0.972814
3118.5 0.973439
3138.75 0.973845
3159 0.974002
3179.25 0.974273
3199.5 0.974446
3219.75 0.974422
3240 0.974662
3260.25 0.974897
3280.5 0.974989
3300.75 0.975454
3321 0.975633
3341.25 0.975773
3361.5 0.975852
3381.75 0.976156
3402 0.976494
3422.25 0.977093
3442.5 0.97736
3462.75 0.977756
3483 0.977964
3503.25 0.978273
3523.5 0.97858
3543.75 0.978912
3564 0.979211
3584.25 0.979346
3604.5 0.979743
3624.75 0.979854
3645 0.98023
3665.25 0.980497
3685.5 0.980624
3705.75 0.980806
3726 0.981011
3746.25 0.981204
3766.5 0.981281
3786.75 0.981337
3807 0.981357
3827.25 0.981467
3847.5 0.981503
3867.75 0.981712
3888 0.981812
3908.25 0.981869
3928.5 0.98195
3948.75 0.982009
3969 0.982003
3989.25 0.982142
4009.5 0.982192
4029.75 0.982258
4050 0.982328
