0 7.88987e-08
20.25 0.000732033
40.5 0.000955213
60.75 0.000994849
81 0.000993951
101.25 0.000891851
121.5 0.00101154
141.75 0.000870096
162 0.000707085
182.25 0.000774896
202.5 0.000780615
222.75 0.000697211
243 0.000738661
263.25 0.000675976
283.5 0.000688968
303.75 0.000809893
324 0.000843977
344.25 0.000677668
364.5 0.000636702
384.75 0.000603993
405 0.000615716
425.25 0.000564636
445.5 0.000644562
465.75 0.000518821
486 0.00049234
506.25 0.00059629
526.5 0.000539253
546.75 0.000519884
567 0.000516555
587.25 0.000518956
607.5 0.000408049
627.75 0.000410395
648 0.000475934
668.25 0.000537702
688.5 0.000473291
708.75 0.000460528
729 0.000465793
749.25 0.000513121
769.5 0.000519349
789.75 0.000484928
810 0.000475559
830.25 0.000493799
850.5 0.000519885
870.75 0.000508792
891 0.000510642
911.25 0.000473903
931.5 0.000403474
951.75 0.000379512
972 0.000391442
992.25 0.00041789
1012.5 0.000437083
1032.75 0.000411461
1053 0.000367472
1073.25 0.000405058
1093.5 0.000372459
1113.75 0.000348832
1134 0.000352942
1154.25 0.000317139
1174.5 0.000327259
1194.75 0.000342503
1215 0.000325526
1235.25 0.00031976
1255.5 0.00033866
1275.75 0.000490393
1296 0.000464218
1316.25 0.000412526
1336.5 0.000429042
1356.75 0.000638595
1377 0.000736442
1397.25 0.00057323
1417.5 0.000459684
1437.75 0.000355036
1458 0.000279371
1478.25 0.000324002
1498.5 0.000320046
1518.75 0.000348537
1539 0.000335394
1559.25 0.000283833
1579.5 0.000304682
1599.75 0.000322034
1620 0.000368612
1640.25 0.00039143
1660.5 0.000377539
1680.75 0.000333997
1701 0.000326596
1721.25 0.000320193
1741.5 0.000313573
1761.75 0.000307788
1782 0.000336125
1802.25 0.000328474
1822.5 0.000419745
1842.75 0.000371114
1863 0.000346798
1883.25 0.000435383
1903.5 0.000659033
1923.75 0.000744935
1944 0.000577376
1964.25 0.000487107
1984.5 0.000442478
2004.75 0.000460642
2025 0.000432573
2045.25 0.000363435
2065.5 0.000346635
2085.75 0.000341055
2106 0.000391735
2126.25 0.000406833
2146.5 0.000388153
2166.75 0.000356783
2187 0.000345795
2207.25 0.000362378
2227.5 0.000376369
2247.75 0.000423715
2268 0.000420938
2288.25 0.000382868
2308.5 0.00033632
2328.75 0.000342844
2349 0.000365314
2369.25 0.000342296
2389.5 0.000337243
2409.75 0.000327137
2430 0.000294734
2450.25 0.000286942
2470.5 0.000259443
2490.75 0.00028113
2511 0.000399362
2531.25 0.000534938
2551.5 0.00050444
2571.75 0.000419887
2592 0.000332962
2612.25 0.000394419
2632.5 0.000396175
2652.75 0.000351925
2673 0.000297195
2693.25 0.000237347
2713.5 0.000251074
2733.75 0.000236214
2754 0.000230454
2774.25 0.000260423
2794.5 0.000301579
2814.75 0.000426351
2835 0.000371234
2855.25 0.000282042
2875.5 0.000279687
2895.75 0.000283539
2916 0.000298757
2936.25 0.000276163
2956.5 0.000303277
2976.75 0.000324347
2997 0.000297569
3017.25 0.000286894
3037.5 0.00029883
3057.75 0.000285913
3078 0.000266835
3098.25 0.000237484
3118.5 0.000268953
3138.75 0.000297924
3159 0.00026979
3179.25 0.000254737
3199.5 0.000266931
3219.75 0.000272467
3240 0.000275481
3260.25 0.000263083
3280.5 0.000279985
3300.75 0.000257621
3321 0.000268743
3341.25 0.000224572
3361.5 0.000194875
3381.75 0.000193258
3402 0.000202625
3422.25 0.000194847
3442.5 0.000235649
3462.75 0.000269918
3483 0.000316134
3503.25 0.000316716
3523.5 0.000283736
3543.75 0.000233767
3564 0.000211825
3584.25 0.000212892
3604.5 0.000195994
3624.75 0.000216724
3645 0.000226789
3665.25 0.000272099
3685.5 0.000288842
3705.75 0.000299307
3726 0.000319737
3746.25 0.000299939
3766.5 0.000277978
3786.75 0.000274074
3807 0.000225203
3827.25 0.000227049
3847.5 0.000213097
3867.75 0.000195897
3888 0.000172216
3908.25 0.000169598
3928.5 0.00019695
3948.75 0.000225884
3969 0.000195802
3989.25 0.000202163
4009.5 0.000203903
4029.75 0.000225119
4050 0.000248576
