0 0.000205707
20.25 0.0191867
40.5 0.0219152
60.75 0.0228323
81 0.0236567
101.25 0.0224313
121.5 0.0222555
141.75 0.021286
162 0.0200256
182.25 0.0199545
202.5 0.0195663
222.75 0.0184684
243 0.0189428
263.25 0.0184382
283.5 0.019034
303.75 0.0208159
324 0.0207029
344.25 0.0185069
364.5 0.0179771
384.75 0.016704
405 0.0171281
425.25 0.0166889
445.5 0.017115
465.75 0.0165761
486 0.0162619
506.25 0.0169103
526.5 0.0164919
546.75 0.015933
567 0.0157278
587.25 0.0152009
607.5 0.014124
627.75 0.0145927
648 0.015372
668.25 0.0165521
688.5 0.0156198
708.75 0.0159532
729 0.0158716
749.25 0.016558
769.5 0.0162357
789.75 0.0158002
810 0.0148999
830.25 0.01518
850.5 0.0158551
870.75 0.0159802
891 0.0153905
911.25 0.0155325
931.5 0.0149535
951.75 0.01451
972 0.0148766
992.25 0.0146369
1012.5 0.0141096
1032.75 0.0138086
1053 0.0132623
1073.25 0.0139058
1093.5 0.0136292
1113.75 0.013536
1134 0.0132591
1154.25 0.0124833
1174.5 0.0126045
1194.75 0.0132339
1215 0.012996
1235.25 0.0128499
1255.5 0.0130786
1275.75 0.0142778
1296 0.0146186
1316.25 0.0146929
1336.5 0.0150196
1356.75 0.0160221
1377 0.0160878
1397.25 0.014424
1417.5 0.0136474
1437.75 0.0127453
1458 0.0118754
1478.25 0.0123357
1498.5 0.0120779
1518.75 0.0121212
1539 0.0118033
1559.25 0.0116412
1579.5 0.0120659
1599.75 0.011601
1620 0.0120238
1640.25 0.0123197
1660.5 0.0123106
1680.75 0.0123737
1701 0.0123683
1721.25 0.0123041
1741.5 0.0124639
1761.75 0.0127905
1782 0.0131019
1802.25 0.0127238
1822.5 0.013721
1842.75 0.0132582
1863 0.0135816
1883.25 0.0132991
1903.5 0.0139897
1923.75 0.0145693
1944 0.0144422
1964.25 0.0138855
1984.5 0.0139631
2004.75 0.0144588
2025 0.0136052
2045.25 0.0132541
2065.5 0.0134496
2085.75 0.0130063
2106 0.0132659
2126.25 0.0136291
2146.5 0.0140477
2166.75 0.0137128
2187 0.0137088
2207.25 0.0136485
2227.5 0.0136463
2247.75 0.0146181
2268 0.0145371
2288.25 0.0136372
2308.5 0.0129816
2328.75 0.0126713
2349 0.0131887
2369.25 0.0130159
2389.5 0.0130626
2409.75 0.012741
2430 0.0121923
2450.25 0.0119694
2470.5 0.0116011
2490.75 0.0119334
2511 0.0124385
2531.25 0.013171
2551.5 0.0127763
2571.75 0.012496
2592 0.0123552
2612.25 0.0128817
2632.5 0.0122734
2652.75 0.0121154
2673 0.0115746
2693.25 0.0110328
2713.5 0.0115397
2733.75 0.01119
2754 0.0113558
2774.25 0.0120512
2794.5 0.0123416
2814.75 0.0131716
2835 0.0129413
2855.25 0.0125976
2875.5 0.0124455
2895.75 0.0118946
2916 0.0121218
2936.25 0.0119384
2956.5 0.0121504
2976.75 0.0125894
2997 0.0120609
3017.25 0.0121985
3037.5 0.0121682
3057.75 0.0120694
3078 0.0118065
3098.25 0.0116167
3118.5 0.0120143
3138.75 0.0125085
3159 0.01186
3179.25 0.0115803
3199.5 0.0116203
3219.75 0.011843
3240 0.0113888
3260.25 0.0112927
3280.5 0.011775
3300.75 0.0112874
3321 0.0110018
3341.25 0.0104058
3361.5 0.0100041
3381.75 0.00986113
3402 0.0101146
3422.25 0.0100725
3442.5 0.0103444
3462.75 0.0110556
3483 0.0119642
3503.25 0.0121004
3523.5 0.0117346
3543.75 0.0111604
3564 0.0111533
3584.25 0.0109995
3604.5 0.0106912
3624.75 0.0108179
3645 0.0108995
3665.25 0.0116101
3685.5 0.0118732
3705.75 0.0121797
3726 0.0123064
3746.25 0.0123589
3766.5 0.0118127
3786.75 0.0117141
3807 0.010744
3827.25 0.0109125
3847.5 0.0104459
3867.75 0.0103942
3888 0.00989543
3908.25 0.00985039
3928.5 0.0102744
3948.75 0.0104774
3969 0.010039
3989.25 0.00973428
4009.5 0.00957534
4029.75 0.00988478
4050 0.0103447
