0 0.135461
20.25 0.0114793
40.5 0.0111151
60.75 0.0916513
81 0.223944
101.25 0.22751
121.5 -0.0422424
141.75 0.0796515
162 0.236804
182.25 0.053925
202.5 -0.0390182
222.75 -0.0441167
243 -0.0585386
263.25 0.0116513
283.5 0.0983143
303.75 0.130875
324 0.0308945
344.25 0.0214309
364.5 0.0298549
384.75 -0.164666
405 -0.0987505
425.25 -0.0272694
445.5 -0.20044
465.75 0.111785
486 0.138254
506.25 -0.0852328
526.5 0.0173259
546.75 -0.0479156
567 -0.088246
587.25 -0.245908
607.5 -0.0454944
627.75 0.0727689
648 -0.014132
668.25 0.0373957
688.5 0.0601152
708.75 0.190499
729 0.150941
749.25 0.128426
769.5 0.0297754
789.75 0.0575486
810 -0.142096
830.25 -0.142927
850.5 -0.0681017
870.75 0.00759447
891 -0.155815
911.25 0.0357164
931.5 0.195621
951.75 0.197439
972 0.231289
992.25 0.0494183
1012.5 -0.195494
1032.75 -0.157891
1053 -0.0892334
1073.25 -0.0947135
1093.5 -0.00509609
1113.75 0.096136
1134 -0.00759283
1154.25 -0.0351369
1174.5 -0.0598589
1194.75 0.0443516
1215 0.0726163
1235.25 0.0634602
1255.5 0.0201127
1275.75 -0.405595
1296 -0.17226
1316.25 0.0891158
1336.5 0.098127
1356.75 -0.487626
1377 -0.845418
1397.25 -0.755227
1417.5 -0.468075
1437.75 -0.185601
1458 0.0189932
1478.25 -0.129232
1498.5 -0.193961
1518.75 -0.372219
1539 -0.407417
1559.25 -0.0944287
1579.5 -0.0927852
1599.75 -0.392807
1620 -0.549683
1640.25 -0.579009
1660.5 -0.491167
1680.75 -0.181448
1701 -0.134969
1721.25 -0.115006
1741.5 -0.0185121
1761.75 0.11861
1782 0.04191
1802.25 -0.0289423
1822.5 -0.229527
1842.75 -0.111243
1863 0.119931
1883.25 -0.461647
1903.5 -1.36737
1923.75 -1.50948
1944 -0.768145
1964.25 -0.52639
1984.5 -0.269485
2004.75 -0.203431
2025 -0.33696
2045.25 -0.0688328
2065.5 0.0837316
2085.75 -0.0161385
2106 -0.225985
2126.25 -0.190194
2146.5 0.0330652
2166.75 0.102619
2187 0.159998
2207.25 0.0546656
2227.5 -0.0210748
2247.75 0.0171372
2268 0.00813135
2288.25 -0.0587144
2308.5 0.00428205
2328.75 -0.135288
2349 -0.100204
2369.25 -0.0204693
2389.5 0.0235581
2409.75 -0.015233
2430 0.0172796
2450.25 -0.00286604
2470.5 0.0722704
2490.75 0.0258656
2511 -0.581267
2531.25 -1.08366
2551.5 -1.09031
2571.75 -0.689012
2592 -0.181214
2612.25 -0.376907
2632.5 -0.629997
2652.75 -0.397582
2673 -0.218333
2693.25 0.0500986
2713.5 0.114571
2733.75 0.113557
2754 0.212896
2774.25 0.206843
2794.5 0.0200462
2814.75 -0.457493
2835 -0.216619
2855.25 0.222809
2875.5 0.1943
2895.75 -0.00408119
2916 -0.0332254
2936.25 0.0623685
2956.5 -0.0542915
2976.75 -0.046431
2997 -0.045617
3017.25 0.0720076
3037.5 -0.0182502
3057.75 0.0372525
3078 0.0857369
3098.25 0.240169
3118.5 0.13672
3138.75 0.0958722
3159 0.081981
3179.25 0.100456
3199.5 0.0231906
3219.75 0.0573767
3240 -0.123923
3260.25 -0.0629838
3280.5 -0.0193538
3300.75 -0.0220616
3321 -0.220279
3341.25 -0.0739738
3361.5 0.0528476
3381.75 0.0126089
3402 0.0194064
3422.25 0.0794677
3442.5 -0.202189
3462.75 -0.208326
3483 -0.208549
3503.25 -0.163083
3523.5 -0.0605067
3543.75 0.123168
3564 0.297184
3584.25 0.240409
3604.5 0.285302
3624.75 0.148084
3645 0.0909885
3665.25 -0.01862
3685.5 -0.0489145
3705.75 -0.0176418
3726 -0.111193
3746.25 0.0363088
3766.5 0.00791197
3786.75 0.00265418
3807 0.0490634
3827.25 0.0933631
3847.5 0.0470905
3867.75 0.186813
3888 0.241252
3908.25 0.252114
3928.5 0.134298
3948.75 -0.0576813
3969 0.0571702
3989.25 -0.133503
4009.5 -0.223893
4029.75 -0.303975
4050 -0.322873
