0 820.59000000 822.05200000
20.25000000 21.44200000 21.55800000
40.50000000 12.66600000 12.74000000
60.75000000 9.35400000 9.36200000
81.00000000 7.43000000 7.56400000
101.25000000 6.31800000 6.40600000
121.50000000 5.52400000 5.50000000
141.75000000 4.82000000 4.85000000
162.00000000 4.37200000 4.41600000
182.25000000 3.98600000 3.99200000
202.50000000 3.65800000 3.67600000
222.75000000 3.40600000 3.37800000
243.00000000 3.18000000 3.19800000
263.25000000 3.01200000 3.05000000
283.50000000 2.83400000 2.86400000
303.75000000 2.65400000 2.72000000
324.00000000 2.56000000 2.56800000
344.25000000 2.40200000 2.46000000
364.50000000 2.29200000 2.31800000
384.75000000 2.18600000 2.22400000
405.00000000 2.05000000 2.09800000
425.25000000 2.02600000 2.02200000
445.50000000 1.94800000 1.97200000
465.75000000 1.87400000 1.89400000
486.00000000 1.80000000 1.80200000
506.25000000 1.73800000 1.73600000
526.50000000 1.66600000 1.71600000
546.75000000 1.63000000 1.64600000
567.00000000 1.58600000 1.56600000
587.25000000 1.50800000 1.50600000
607.50000000 1.45400000 1.48400000
627.75000000 1.44800000 1.43400000
648.00000000 1.34200000 1.38800000
668.25000000 1.30200000 1.34200000
688.50000000 1.28400000 1.28200000
708.75000000 1.22600000 1.23400000
729.00000000 1.18000000 1.18600000
749.25000000 1.16000000 1.19000000
769.50000000 1.12000000 1.13000000
789.75000000 1.08800000 1.09200000
810.00000000 1.07400000 1.06600000
830.25000000 1.05200000 1.06000000
850.50000000 1.00400000 1.04200000
870.75000000 0.99000000 0.99200000
891.00000000 0.98000000 0.98200000
911.25000000 0.96200000 0.96000000
931.50000000 0.93400000 0.95800000
951.75000000 0.91000000 0.92800000
972.00000000 0.90000000 0.89000000
992.25000000 0.88200000 0.89400000
1012.50000000 0.85600000 0.87400000
1032.75000000 0.83400000 0.87800000
1053.00000000 0.85200000 0.83400000
1073.25000000 0.80800000 0.80400000
1093.50000000 0.78400000 0.78400000
1113.75000000 0.76200000 0.76600000
1134.00000000 0.74400000 0.75200000
1154.25000000 0.71400000 0.72000000
1174.50000000 0.69200000 0.69600000
1194.75000000 0.68600000 0.69600000
1215.00000000 0.64800000 0.68200000
1235.25000000 0.63400000 0.64400000
1255.50000000 0.64200000 0.62600000
1275.75000000 0.61400000 0.61200000
1296.00000000 0.62400000 0.59600000
1316.25000000 0.60000000 0.60600000
1336.50000000 0.58400000 0.58600000
1356.75000000 0.57000000 0.58600000
1377.00000000 0.57000000 0.57000000
1397.25000000 0.53000000 0.55000000
1417.50000000 0.52600000 0.52600000
1437.75000000 0.51200000 0.51200000
1458.00000000 0.49800000 0.51800000
1478.25000000 0.49200000 0.49400000
1498.50000000 0.47400000 0.46200000
1518.75000000 0.45800000 0.46600000
1539.00000000 0.44400000 0.45800000
1559.25000000 0.44600000 0.44400000
1579.50000000 0.43600000 0.43400000
1599.75000000 0.40600000 0.42000000
1620.00000000 0.40000000 0.41000000
1640.25000000 0.40400000 0.39600000
1660.50000000 0.39200000 0.39800000
1680.75000000 0.38000000 0.37000000
1701.00000000 0.37600000 0.37800000
1721.25000000 0.35800000 0.35200000
1741.50000000 0.34600000 0.34400000
1761.75000000 0.32600000 0.34400000
1782.00000000 0.33000000 0.32200000
1802.25000000 0.32600000 0.32000000
1822.50000000 0.32000000 0.31200000
1842.75000000 0.29800000 0.30000000
1863.00000000 0.30800000 0.31200000
1883.25000000 0.30400000 0.30800000
1903.50000000 0.29800000 0.30400000
1923.75000000 0.30200000 0.28600000
1944.00000000 0.28400000 0.27600000
1964.25000000 0.27000000 0.28800000
1984.50000000 0.28200000 0.27800000
2004.75000000 0.26600000 0.27000000
2025.00000000 0.24400000 0.25400000
2045.25000000 0.26200000 0.25800000
2065.50000000 0.23800000 0.25400000
2085.75000000 0.24800000 0.24000000
2106.00000000 0.22800000 0.22800000
2126.25000000 0.22800000 0.22000000
2146.50000000 0.21800000 0.22800000
2166.75000000 0.20600000 0.22000000
2187.00000000 0.21000000 0.20200000
2207.25000000 0.21400000 0.19400000
2227.50000000 0.19800000 0.20200000
2247.75000000 0.19000000 0.17800000
2268.00000000 0.18200000 0.17200000
2288.25000000 0.18000000 0.18400000
2308.50000000 0.18000000 0.17000000
2328.75000000 0.16200000 0.16200000
2349.00000000 0.16600000 0.16200000
2369.25000000 0.14600000 0.16000000
2389.50000000 0.16200000 0.16200000
2409.75000000 0.15600000 0.15600000
2430.00000000 0.15200000 0.15000000
2450.25000000 0.13800000 0.14400000
2470.50000000 0.14600000 0.15200000
2490.75000000 0.14400000 0.14200000
2511.00000000 0.12600000 0.14200000
2531.25000000 0.14200000 0.14800000
2551.50000000 0.13600000 0.14800000
2571.75000000 0.13800000 0.13400000
2592.00000000 0.13200000 0.13600000
2612.25000000 0.13200000 0.14000000
2632.50000000 0.12600000 0.12800000
2652.75000000 0.13200000 0.12800000
2673.00000000 0.11600000 0.13000000
2693.25000000 0.12400000 0.12600000
2713.50000000 0.12000000 0.12200000
2733.75000000 0.11800000 0.12200000
2754.00000000 0.11400000 0.11600000
2774.25000000 0.11400000 0.11400000
2794.50000000 0.11200000 0.11200000
2814.75000000 0.10200000 0.10200000
2835.00000000 0.10600000 0.10400000
2855.25000000 0.10000000 0.10000000
2875.50000000 0.09800000 0.09800000
2895.75000000 0.09600000 0.10200000
2916.00000000 0.09600000 0.08800000
2936.25000000 0.09400000 0.09200000
2956.50000000 0.08200000 0.08600000
2976.75000000 0.07800000 0.08800000
2997.00000000 0.08400000 0.08600000
3017.25000000 0.07800000 0.07800000
3037.50000000 0.07000000 0.07800000
3057.75000000 0.07600000 0.07600000
3078.00000000 0.07200000 0.07200000
3098.25000000 0.06800000 0.07000000
3118.50000000 0.06800000 0.07000000
3138.75000000 0.07000000 0.07000000
3159.00000000 0.06800000 0.06800000
3179.25000000 0.06800000 0.07000000
3199.50000000 0.06600000 0.07200000
3219.75000000 0.07200000 0.06800000
3240.00000000 0.07000000 0.06600000
3260.25000000 0.06400000 0.06200000
3280.50000000 0.06600000 0.06600000
3300.75000000 0.06600000 0.06800000
3321.00000000 0.06200000 0.06600000
3341.25000000 0.06000000 0.05800000
3361.50000000 0.05600000 0.05800000
3381.75000000 0.05800000 0.05600000
3402.00000000 0.05600000 0.05600000
3422.25000000 0.05400000 0.05400000
3442.50000000 0.05200000 0.04800000
3462.75000000 0.05000000 0.04800000
3483.00000000 0.05200000 0.04600000
3503.25000000 0.04800000 0.04600000
3523.50000000 0.04600000 0.04600000
3543.75000000 0.04600000 0.04800000
3564.00000000 0.04400000 0.04400000
3584.25000000 0.04200000 0.04400000
3604.50000000 0.04400000 0.04000000
3624.75000000 0.03800000 0.04400000
3645.00000000 0.03800000 0.03800000
3665.25000000 0.04200000 0.03600000
3685.50000000 0.04000000 0.04000000
3705.75000000 0.04000000 0.04200000
3726.00000000 0.04200000 0.04000000
3746.25000000 0.03600000 0.03600000
3766.50000000 0.04000000 0.03800000
3786.75000000 0.03600000 0.03600000
3807.00000000 0.04000000 0.03800000
3827.25000000 0.03400000 0.03600000
3847.50000000 0.03400000 0.03400000
3867.75000000 0.03600000 0.03200000
3888.00000000 0.03400000 0.03400000
3908.25000000 0.03400000 0.03600000
3928.50000000 0.03200000 0.03200000
3948.75000000 0.03400000 0.03400000
3969.00000000 0.03400000 0.03200000
3989.25000000 0.03600000 0.03600000
4009.50000000 0.03400000 0.03400000
4029.75000000 0.03200000 0.03400000
4050.00000000 0.03600000 0.03400000
