0 820.72250000 822.08500000
20.25000000 21.45000000 21.60750000
40.50000000 12.72250000 12.76000000
60.75000000 9.37750000 9.41750000
81.00000000 7.48500000 7.62500000
101.25000000 6.38250000 6.43500000
121.50000000 5.54500000 5.53750000
141.75000000 4.84750000 4.88500000
162.00000000 4.39000000 4.46000000
182.25000000 4.00250000 4.01500000
202.50000000 3.67500000 3.68000000
222.75000000 3.43250000 3.41750000
243.00000000 3.21250000 3.24000000
263.25000000 3.04000000 3.08250000
283.50000000 2.86500000 2.89750000
303.75000000 2.69750000 2.76250000
324.00000000 2.58000000 2.59250000
344.25000000 2.39500000 2.47500000
364.50000000 2.27500000 2.30500000
384.75000000 2.18500000 2.22000000
405.00000000 2.04500000 2.08500000
425.25000000 2.01500000 2.00250000
445.50000000 1.94250000 1.96500000
465.75000000 1.87000000 1.88000000
486.00000000 1.78000000 1.79250000
506.25000000 1.71000000 1.73000000
526.50000000 1.63500000 1.69250000
546.75000000 1.59750000 1.62750000
567.00000000 1.55250000 1.54250000
587.25000000 1.48250000 1.49250000
607.50000000 1.42500000 1.47500000
627.75000000 1.42250000 1.41500000
648.00000000 1.33250000 1.36000000
668.25000000 1.27750000 1.31750000
688.50000000 1.25750000 1.27000000
708.75000000 1.21500000 1.20750000
729.00000000 1.15500000 1.15500000
749.25000000 1.14250000 1.17750000
769.50000000 1.08750000 1.10500000
789.75000000 1.07250000 1.07000000
810.00000000 1.05500000 1.02750000
830.25000000 1.03750000 1.03500000
850.50000000 0.96750000 1.01500000
870.75000000 0.96750000 0.97500000
891.00000000 0.96000000 0.96500000
911.25000000 0.94000000 0.94750000
931.50000000 0.90750000 0.92750000
951.75000000 0.88000000 0.90250000
972.00000000 0.88000000 0.87500000
992.25000000 0.86000000 0.86750000
1012.50000000 0.84750000 0.84500000
1032.75000000 0.80250000 0.84250000
1053.00000000 0.82750000 0.80000000
1073.25000000 0.79500000 0.78250000
1093.50000000 0.76750000 0.75750000
1113.75000000 0.73750000 0.74000000
1134.00000000 0.72000000 0.73000000
1154.25000000 0.69000000 0.70750000
1174.50000000 0.67500000 0.67500000
1194.75000000 0.66250000 0.67250000
1215.00000000 0.63000000 0.65500000
1235.25000000 0.61250000 0.62000000
1255.50000000 0.62250000 0.60500000
1275.75000000 0.59000000 0.59750000
1296.00000000 0.60500000 0.58500000
1316.25000000 0.58250000 0.58500000
1336.50000000 0.55500000 0.56000000
1356.75000000 0.55500000 0.56500000
1377.00000000 0.54750000 0.54500000
1397.25000000 0.51250000 0.53250000
1417.50000000 0.50250000 0.50750000
1437.75000000 0.49750000 0.48750000
1458.00000000 0.48000000 0.50750000
1478.25000000 0.47750000 0.47750000
1498.50000000 0.45500000 0.44750000
1518.75000000 0.44500000 0.45000000
1539.00000000 0.42500000 0.44000000
1559.25000000 0.42250000 0.42500000
1579.50000000 0.41250000 0.42250000
1599.75000000 0.38750000 0.40750000
1620.00000000 0.38500000 0.39750000
1640.25000000 0.39000000 0.39250000
1660.50000000 0.38250000 0.38500000
1680.75000000 0.37500000 0.36250000
1701.00000000 0.37000000 0.36750000
1721.25000000 0.34750000 0.34750000
1741.50000000 0.34500000 0.34250000
1761.75000000 0.32750000 0.33750000
1782.00000000 0.32250000 0.31250000
1802.25000000 0.31250000 0.30750000
1822.50000000 0.31500000 0.30250000
1842.75000000 0.29000000 0.29500000
1863.00000000 0.29500000 0.29750000
1883.25000000 0.29000000 0.29500000
1903.50000000 0.28250000 0.29000000
1923.75000000 0.28500000 0.27750000
1944.00000000 0.27250000 0.25750000
1964.25000000 0.25250000 0.27500000
1984.50000000 0.26500000 0.26500000
2004.75000000 0.24750000 0.25250000
2025.00000000 0.23250000 0.23750000
2045.25000000 0.24250000 0.24250000
2065.50000000 0.22500000 0.23500000
2085.75000000 0.23000000 0.22500000
2106.00000000 0.20750000 0.20500000
2126.25000000 0.20250000 0.20000000
2146.50000000 0.19750000 0.20750000
2166.75000000 0.19000000 0.19750000
2187.00000000 0.18750000 0.17500000
2207.25000000 0.19250000 0.17000000
2227.50000000 0.17500000 0.18250000
2247.75000000 0.16750000 0.15500000
2268.00000000 0.15500000 0.15500000
2288.25000000 0.16000000 0.16500000
2308.50000000 0.15750000 0.14750000
2328.75000000 0.14000000 0.14250000
2349.00000000 0.15250000 0.14500000
2369.25000000 0.13250000 0.14750000
2389.50000000 0.15000000 0.14750000
2409.75000000 0.14250000 0.14000000
2430.00000000 0.14000000 0.13500000
2450.25000000 0.12750000 0.13250000
2470.50000000 0.13250000 0.14000000
2490.75000000 0.13500000 0.12750000
2511.00000000 0.11000000 0.13000000
2531.25000000 0.13000000 0.13250000
2551.50000000 0.12250000 0.13500000
2571.75000000 0.12250000 0.12750000
2592.00000000 0.12000000 0.12500000
2612.25000000 0.11750000 0.12750000
2632.50000000 0.11250000 0.11500000
2652.75000000 0.12250000 0.11750000
2673.00000000 0.11000000 0.12000000
2693.25000000 0.11500000 0.11250000
2713.50000000 0.11250000 0.11250000
2733.75000000 0.11000000 0.11000000
2754.00000000 0.10500000 0.10750000
2774.25000000 0.10750000 0.10250000
2794.50000000 0.09750000 0.10000000
2814.75000000 0.08750000 0.09500000
2835.00000000 0.10000000 0.10000000
2855.25000000 0.08750000 0.09000000
2875.50000000 0.08500000 0.08500000
2895.75000000 0.09000000 0.09250000
2916.00000000 0.09000000 0.08250000
2936.25000000 0.08500000 0.08250000
2956.50000000 0.07500000 0.07750000
2976.75000000 0.06750000 0.08000000
2997.00000000 0.07500000 0.07750000
3017.25000000 0.07000000 0.06750000
3037.50000000 0.06000000 0.06750000
3057.75000000 0.06750000 0.06750000
3078.00000000 0.06250000 0.06250000
3098.25000000 0.06000000 0.06250000
3118.50000000 0.06000000 0.06500000
3138.75000000 0.06500000 0.06250000
3159.00000000 0.06000000 0.06250000
3179.25000000 0.06250000 0.06250000
3199.50000000 0.06250000 0.06500000
3219.75000000 0.06500000 0.06000000
3240.00000000 0.06250000 0.06000000
3260.25000000 0.05750000 0.05250000
3280.50000000 0.05750000 0.06000000
3300.75000000 0.06000000 0.06000000
3321.00000000 0.05250000 0.05750000
3341.25000000 0.05250000 0.05250000
3361.50000000 0.05000000 0.05000000
3381.75000000 0.05500000 0.05000000
3402.00000000 0.05000000 0.05000000
3422.25000000 0.05000000 0.05250000
3442.50000000 0.04750000 0.04250000
3462.75000000 0.04750000 0.04500000
3483.00000000 0.05000000 0.04500000
3503.25000000 0.04750000 0.04500000
3523.50000000 0.05000000 0.04500000
3543.75000000 0.04750000 0.05000000
3564.00000000 0.04500000 0.04500000
3584.25000000 0.04250000 0.04500000
3604.50000000 0.04500000 0.04000000
3624.75000000 0.04000000 0.04500000
3645.00000000 0.04000000 0.03750000
3665.25000000 0.04250000 0.03500000
3685.50000000 0.04250000 0.04000000
3705.75000000 0.04250000 0.04250000
3726.00000000 0.04250000 0.04000000
3746.25000000 0.03750000 0.03500000
3766.50000000 0.04000000 0.03750000
3786.75000000 0.03750000 0.03750000
3807.00000000 0.04000000 0.04000000
3827.25000000 0.03250000 0.03750000
3847.50000000 0.03500000 0.03250000
3867.75000000 0.03500000 0.03000000
3888.00000000 0.03250000 0.03250000
3908.25000000 0.03500000 0.03500000
3928.50000000 0.03000000 0.03000000
3948.75000000 0.03500000 0.03250000
3969.00000000 0.03250000 0.03250000
3989.25000000 0.03500000 0.03500000
4009.50000000 0.03250000 0.03250000
4029.75000000 0.03250000 0.03250000
4050.00000000 0.03500000 0.03250000
