0 820.81500000 822.06500000
20.25000000 21.64500000 21.69500000
40.50000000 12.67500000 12.77000000
60.75000000 9.46000000 9.51500000
81.00000000 7.46000000 7.59500000
101.25000000 6.35000000 6.44000000
121.50000000 5.52000000 5.53500000
141.75000000 4.87000000 4.92500000
162.00000000 4.42000000 4.49500000
182.25000000 4.03500000 4.12500000
202.50000000 3.75500000 3.71000000
222.75000000 3.45500000 3.51000000
243.00000000 3.27500000 3.31500000
263.25000000 3.10500000 3.13500000
283.50000000 2.91500000 2.93500000
303.75000000 2.77500000 2.84000000
324.00000000 2.61000000 2.63000000
344.25000000 2.40500000 2.47000000
364.50000000 2.24000000 2.30500000
384.75000000 2.14500000 2.20500000
405.00000000 2.01500000 2.04000000
425.25000000 2.00500000 1.96500000
445.50000000 1.87500000 1.89500000
465.75000000 1.81000000 1.80500000
486.00000000 1.68000000 1.68000000
506.25000000 1.61000000 1.65000000
526.50000000 1.54500000 1.63000000
546.75000000 1.52500000 1.55000000
567.00000000 1.45000000 1.44500000
587.25000000 1.42000000 1.39000000
607.50000000 1.36500000 1.40000000
627.75000000 1.38000000 1.35500000
648.00000000 1.26500000 1.32000000
668.25000000 1.16000000 1.24000000
688.50000000 1.20000000 1.17000000
708.75000000 1.14000000 1.13500000
729.00000000 1.08500000 1.09500000
749.25000000 1.09500000 1.10500000
769.50000000 1.00000000 1.03000000
789.75000000 1.03500000 1.01500000
810.00000000 1.00500000 0.95500000
830.25000000 0.98500000 0.96500000
850.50000000 0.92000000 0.99500000
870.75000000 0.92000000 0.89500000
891.00000000 0.90500000 0.90500000
911.25000000 0.87500000 0.88500000
931.50000000 0.85000000 0.85500000
951.75000000 0.82000000 0.83500000
972.00000000 0.84000000 0.84500000
992.25000000 0.82500000 0.83500000
1012.50000000 0.82000000 0.78500000
1032.75000000 0.74500000 0.79500000
1053.00000000 0.77500000 0.73500000
1073.25000000 0.73500000 0.72500000
1093.50000000 0.71000000 0.71000000
1113.75000000 0.67500000 0.66500000
1134.00000000 0.69000000 0.69000000
1154.25000000 0.65000000 0.67500000
1174.50000000 0.64000000 0.66000000
1194.75000000 0.64000000 0.66000000
1215.00000000 0.61000000 0.66500000
1235.25000000 0.62000000 0.62000000
1255.50000000 0.61500000 0.61000000
1275.75000000 0.58500000 0.60000000
1296.00000000 0.60500000 0.56500000
1316.25000000 0.57000000 0.57500000
1336.50000000 0.56500000 0.55000000
1356.75000000 0.53000000 0.55500000
1377.00000000 0.55500000 0.54500000
1397.25000000 0.53500000 0.54000000
1417.50000000 0.50500000 0.50000000
1437.75000000 0.49500000 0.49500000
1458.00000000 0.48500000 0.52000000
1478.25000000 0.48000000 0.47000000
1498.50000000 0.46000000 0.47000000
1518.75000000 0.44500000 0.45500000
1539.00000000 0.44000000 0.44500000
1559.25000000 0.41500000 0.43000000
1579.50000000 0.43000000 0.43500000
1599.75000000 0.39500000 0.42000000
1620.00000000 0.38500000 0.41500000
1640.25000000 0.38500000 0.40500000
1660.50000000 0.39000000 0.40000000
1680.75000000 0.39000000 0.36500000
1701.00000000 0.37000000 0.37000000
1721.25000000 0.33000000 0.34000000
1741.50000000 0.34000000 0.33500000
1761.75000000 0.33500000 0.34000000
1782.00000000 0.32500000 0.31000000
1802.25000000 0.32000000 0.32000000
1822.50000000 0.32500000 0.30500000
1842.75000000 0.30000000 0.32000000
1863.00000000 0.31500000 0.31000000
1883.25000000 0.31000000 0.31000000
1903.50000000 0.28500000 0.30500000
1923.75000000 0.29500000 0.28500000
1944.00000000 0.28000000 0.26500000
1964.25000000 0.25500000 0.29000000
1984.50000000 0.29000000 0.27500000
2004.75000000 0.27500000 0.27000000
2025.00000000 0.26000000 0.25500000
2045.25000000 0.25000000 0.25500000
2065.50000000 0.23500000 0.24500000
2085.75000000 0.23500000 0.23500000
2106.00000000 0.21000000 0.21500000
2126.25000000 0.21500000 0.21500000
2146.50000000 0.22000000 0.23000000
2166.75000000 0.20000000 0.21500000
2187.00000000 0.20500000 0.19500000
2207.25000000 0.21000000 0.18500000
2227.50000000 0.18500000 0.19500000
2247.75000000 0.18500000 0.16000000
2268.00000000 0.17000000 0.17500000
2288.25000000 0.18000000 0.18500000
2308.50000000 0.18500000 0.18000000
2328.75000000 0.16500000 0.17000000
2349.00000000 0.18500000 0.16500000
2369.25000000 0.16000000 0.17000000
2389.50000000 0.17500000 0.17500000
2409.75000000 0.16500000 0.15500000
2430.00000000 0.16000000 0.14500000
2450.25000000 0.15000000 0.15500000
2470.50000000 0.15000000 0.15500000
2490.75000000 0.15000000 0.13000000
2511.00000000 0.12000000 0.13500000
2531.25000000 0.14000000 0.15000000
2551.50000000 0.14000000 0.14500000
2571.75000000 0.13000000 0.13500000
2592.00000000 0.14500000 0.14500000
2612.25000000 0.13000000 0.14500000
2632.50000000 0.12500000 0.12500000
2652.75000000 0.14000000 0.13000000
2673.00000000 0.12500000 0.13500000
2693.25000000 0.13000000 0.11500000
2713.50000000 0.13000000 0.12500000
2733.75000000 0.12000000 0.13000000
2754.00000000 0.12000000 0.12000000
2774.25000000 0.11500000 0.11500000
2794.50000000 0.10000000 0.10500000
2814.75000000 0.08500000 0.09500000
2835.00000000 0.10500000 0.10500000
2855.25000000 0.10000000 0.09500000
2875.50000000 0.08500000 0.08500000
2895.75000000 0.09500000 0.10500000
2916.00000000 0.10500000 0.09000000
2936.25000000 0.09500000 0.09000000
2956.50000000 0.08500000 0.08500000
2976.75000000 0.07000000 0.09000000
2997.00000000 0.08000000 0.09000000
3017.25000000 0.08000000 0.07500000
3037.50000000 0.06000000 0.08000000
3057.75000000 0.07500000 0.07500000
3078.00000000 0.06500000 0.06500000
3098.25000000 0.07000000 0.07500000
3118.50000000 0.07000000 0.07500000
3138.75000000 0.07500000 0.07000000
3159.00000000 0.06500000 0.06500000
3179.25000000 0.07000000 0.06500000
3199.50000000 0.07000000 0.07000000
3219.75000000 0.07000000 0.06000000
3240.00000000 0.06500000 0.06000000
3260.25000000 0.06500000 0.05500000
3280.50000000 0.05500000 0.06000000
3300.75000000 0.06000000 0.06000000
3321.00000000 0.05000000 0.05500000
3341.25000000 0.05000000 0.05500000
3361.50000000 0.05500000 0.05000000
3381.75000000 0.05500000 0.05500000
3402.00000000 0.05000000 0.05000000
3422.25000000 0.05000000 0.05000000
3442.50000000 0.04500000 0.03000000
3462.75000000 0.04000000 0.04000000
3483.00000000 0.04500000 0.04000000
3503.25000000 0.04000000 0.04500000
3523.50000000 0.04500000 0.04500000
3543.75000000 0.04500000 0.04500000
3564.00000000 0.04500000 0.03500000
3584.25000000 0.03500000 0.04000000
3604.50000000 0.04000000 0.03500000
3624.75000000 0.03500000 0.04000000
3645.00000000 0.04000000 0.03000000
3665.25000000 0.04000000 0.03000000
3685.50000000 0.04000000 0.04000000
3705.75000000 0.04000000 0.04000000
3726.00000000 0.04000000 0.03500000
3746.25000000 0.03500000 0.03000000
3766.50000000 0.03500000 0.03500000
3786.75000000 0.03000000 0.03500000
3807.00000000 0.03500000 0.03500000
3827.25000000 0.03000000 0.03000000
3847.50000000 0.03000000 0.02500000
3867.75000000 0.03000000 0.02500000
3888.00000000 0.02500000 0.02500000
3908.25000000 0.03000000 0.03000000
3928.50000000 0.03000000 0.03000000
3948.75000000 0.03000000 0.03000000
3969.00000000 0.03000000 0.02500000
3989.25000000 0.03000000 0.03000000
4009.50000000 0.03000000 0.02500000
4029.75000000 0.03000000 0.03000000
4050.00000000 0.03000000 0.03000000
