0 6.59124e-05
128 0.0657206
256 0.130224
384 0.191931
512 0.250337
640 0.30683
768 0.359656
896 0.407682
1024 0.447616
1152 0.486712
1280 0.525673
1408 0.560318
1536 0.594178
1664 0.61997
1792 0.647073
1920 0.677558
2048 0.701489
2176 0.72481
2304 0.745134
2432 0.764889
2560 0.782412
2688 0.80147
2816 0.819931
2944 0.837974
3072 0.851993
3200 0.864963
3328 0.87565
3456 0.884573
3584 0.893572
3712 0.901653
3840 0.906376
3968 0.91022
4096 0.914721
4224 0.918004
4352 0.920039
4480 0.923207
4608 0.925636
4736 0.927486
4864 0.929415
4992 0.932073
5120 0.933277
5248 0.932966
5376 0.932085
5504 0.932729
5632 0.932104
5760 0.932497
5888 0.931665
6016 0.931754
6144 0.931255
6272 0.931688
6400 0.932138
6528 0.933106
6656 0.931105
6784 0.932072
6912 0.932774
7040 0.932776
7168 0.932638
7296 0.932073
7424 0.932941
7552 0.932868
7680 0.933032
7808 0.932156
7936 0.932776
8064 0.932757
8192 0.932436
8320 0.932509
8448 0.931496
8576 0.930885
8704 0.932293
8832 0.932096
8960 0.931765
9088 0.930966
9216 0.93199
9344 0.931813
9472 0.932017
9600 0.932272
9728 0.932344
9856 0.931723
9984 0.931885
10112 0.932582
10240 0.932256
10368 0.933169
10496 0.932156
10624 0.93264
10752 0.932674
10880 0.93291
11008 0.93236
11136 0.933805
11264 0.932814
11392 0.932524
11520 0.932974
11648 0.932377
11776 0.932016
11904 0.931474
12032 0.931406
12160 0.932012
12288 0.931741
12416 0.932365
12544 0.931818
12672 0.931928
12800 0.933035
