0 5.69874e-05
128 0.0604891
256 0.117082
384 0.176033
512 0.22996
640 0.276858
768 0.321049
896 0.364243
1024 0.404331
1152 0.44411
1280 0.487308
1408 0.527551
1536 0.565556
1664 0.60167
1792 0.63607
1920 0.668175
2048 0.699501
2176 0.724532
2304 0.743882
2432 0.766114
2560 0.785561
2688 0.799525
2816 0.813845
2944 0.826529
3072 0.837877
3200 0.851645
3328 0.863147
3456 0.872802
3584 0.880886
3712 0.889665
3840 0.895278
3968 0.900099
4096 0.903493
4224 0.908253
4352 0.912667
4480 0.914379
4608 0.917882
4736 0.921187
4864 0.924732
4992 0.927662
5120 0.931459
5248 0.934962
5376 0.937848
5504 0.938779
5632 0.939405
5760 0.941123
5888 0.942573
6016 0.942387
6144 0.942198
6272 0.942238
6400 0.943087
6528 0.943563
6656 0.943431
6784 0.944364
6912 0.945342
7040 0.945019
7168 0.945467
7296 0.946743
7424 0.946638
7552 0.946184
7680 0.946616
7808 0.945982
7936 0.945695
8064 0.946021
8192 0.945507
8320 0.945768
8448 0.945948
8576 0.94645
8704 0.946603
8832 0.945711
8960 0.945824
9088 0.945396
9216 0.945432
9344 0.945533
9472 0.94554
9600 0.946608
9728 0.945519
9856 0.946611
9984 0.946449
10112 0.946648
10240 0.946259
10368 0.946443
10496 0.9467
10624 0.945845
10752 0.946429
10880 0.945547
11008 0.945707
11136 0.946436
11264 0.945958
11392 0.945695
11520 0.945967
11648 0.946445
11776 0.945971
11904 0.946106
12032 0.945858
12160 0.946233
12288 0.946127
12416 0.946996
12544 0.947127
12672 0.947108
12800 0.946524
