0 6.25073e-05
128 0.0609365
256 0.115896
384 0.169884
512 0.220213
640 0.269416
768 0.316081
896 0.362054
1024 0.403595
1152 0.444566
1280 0.483829
1408 0.519452
1536 0.555901
1664 0.588237
1792 0.620963
1920 0.650488
2048 0.678019
2176 0.703862
2304 0.727442
2432 0.74926
2560 0.768699
2688 0.78683
2816 0.805138
2944 0.821789
3072 0.835993
3200 0.848855
3328 0.85966
3456 0.868985
3584 0.877123
3712 0.883976
3840 0.889193
3968 0.892663
4096 0.8973
4224 0.901596
4352 0.905085
4480 0.908135
4608 0.911987
4736 0.914101
4864 0.917704
4992 0.920505
5120 0.923181
5248 0.925052
5376 0.926803
5504 0.928186
5632 0.928504
5760 0.930031
5888 0.93138
6016 0.93203
6144 0.932965
6272 0.934172
6400 0.934986
6528 0.936081
6656 0.935997
6784 0.936486
6912 0.937469
7040 0.937351
7168 0.9373
7296 0.937539
7424 0.937462
7552 0.937538
7680 0.937955
7808 0.937819
7936 0.937735
8064 0.938203
8192 0.938029
8320 0.938443
8448 0.937785
8576 0.937784
8704 0.938809
8832 0.938419
8960 0.938002
9088 0.937808
9216 0.93806
9344 0.938188
9472 0.938044
9600 0.938297
9728 0.93829
9856 0.93823
9984 0.93848
10112 0.938456
10240 0.938715
10368 0.939054
10496 0.938716
10624 0.938479
10752 0.938545
10880 0.938494
11008 0.938071
11136 0.938952
11264 0.93889
11392 0.938574
11520 0.938896
11648 0.938244
11776 0.938505
11904 0.93842
12032 0.938224
12160 0.938368
12288 0.938325
12416 0.93879
12544 0.938503
12672 0.938454
12800 0.938689
