0 7.66354e-09
128 0.00661318
256 0.0247891
384 0.0523565
512 0.086511
640 0.122342
768 0.159006
896 0.199324
1024 0.237766
1152 0.276153
1280 0.316127
1408 0.355733
1536 0.397819
1664 0.436909
1792 0.476709
1920 0.514029
2048 0.547912
2176 0.579469
2304 0.608308
2432 0.637265
2560 0.661498
2688 0.684778
2816 0.708461
2944 0.730032
3072 0.747756
3200 0.764506
3328 0.778546
3456 0.791628
3584 0.803121
3712 0.813811
3840 0.821243
3968 0.826661
4096 0.832611
4224 0.837741
4352 0.842123
4480 0.845666
4608 0.851057
4736 0.853932
4864 0.858543
4992 0.862951
5120 0.866728
5248 0.869935
5376 0.872546
5504 0.874765
5632 0.875103
5760 0.877496
5888 0.878977
6016 0.879776
6144 0.880358
6272 0.881784
6400 0.883282
6528 0.884515
6656 0.884285
6784 0.88554
6912 0.887175
7040 0.887107
7168 0.887049
7296 0.888029
7424 0.887991
7552 0.888038
7680 0.888242
7808 0.887918
7936 0.887993
8064 0.888533
8192 0.887812
8320 0.888692
8448 0.8881
8576 0.888261
8704 0.889635
8832 0.888895
8960 0.888279
9088 0.887703
9216 0.888324
9344 0.888815
9472 0.888549
9600 0.889301
9728 0.888861
9856 0.888826
9984 0.889066
10112 0.889201
10240 0.889432
10368 0.889982
10496 0.889422
10624 0.888906
10752 0.889325
10880 0.888812
11008 0.888443
11136 0.890123
11264 0.889697
11392 0.889096
11520 0.889567
11648 0.88881
11776 0.889107
11904 0.888851
12032 0.888659
12160 0.888763
12288 0.888797
12416 0.889924
12544 0.889378
12672 0.889275
12800 0.889586
