0 8.1078e-09
128 0.00760722
256 0.0295757
384 0.0629282
512 0.103571
640 0.15089
768 0.199909
896 0.247257
1024 0.288193
1152 0.329246
1280 0.368152
1408 0.406201
1536 0.445621
1664 0.477403
1792 0.510517
1920 0.54615
2048 0.572916
2176 0.601334
2304 0.62763
2432 0.652767
2560 0.673869
2688 0.699605
2816 0.725168
2944 0.749861
3072 0.768232
3200 0.785746
3328 0.799799
3456 0.811197
3584 0.823918
3712 0.835767
3840 0.842637
3968 0.848138
4096 0.854644
4224 0.859849
4352 0.862352
4480 0.866936
4608 0.870479
4736 0.873255
4864 0.876608
4992 0.881374
5120 0.883653
5248 0.883072
5376 0.881361
5504 0.882555
5632 0.881422
5760 0.882148
5888 0.880576
6016 0.880767
6144 0.879839
6272 0.880646
6400 0.881493
6528 0.883332
6656 0.879558
6784 0.881374
6912 0.882699
7040 0.8827
7168 0.882426
7296 0.881379
7424 0.883017
7552 0.882851
7680 0.883178
7808 0.881478
7936 0.882562
8064 0.882658
8192 0.882062
8320 0.882166
8448 0.880275
8576 0.879136
8704 0.881786
8832 0.881362
8960 0.880784
9088 0.879281
9216 0.881163
9344 0.88085
9472 0.88123
9600 0.881646
9728 0.881867
9856 0.880579
9984 0.880902
10112 0.882297
10240 0.881685
10368 0.883348
10496 0.881484
10624 0.882408
10752 0.882459
10880 0.882888
11008 0.881722
11136 0.884484
11264 0.882673
11392 0.882064
11520 0.882895
11648 0.881928
11776 0.881253
11904 0.880213
12032 0.880101
12160 0.881257
12288 0.880735
12416 0.881882
12544 0.8809
12672 0.881107
12800 0.883179
