0 6.21137e-05
128 0.0600798
256 0.1148
384 0.16982
512 0.2217
640 0.27035
768 0.316238
896 0.361197
1024 0.402312
1152 0.442776
1280 0.483325
1408 0.520005
1536 0.557205
1664 0.590227
1792 0.623539
1920 0.653721
2048 0.681112
2176 0.706157
2304 0.72847
2432 0.750569
2560 0.769418
2688 0.786589
2816 0.804093
2944 0.820033
3072 0.833569
3200 0.846348
3328 0.857054
3456 0.866532
3584 0.874971
3712 0.88274
3840 0.888203
3968 0.892144
4096 0.896583
4224 0.900603
4352 0.904238
4480 0.907096
4608 0.910883
4736 0.913508
4864 0.917007
4992 0.920085
5120 0.922986
5248 0.925339
5376 0.927288
5504 0.928814
5632 0.929334
5760 0.931077
5888 0.93236
6016 0.933045
6144 0.933801
6272 0.934882
6400 0.935905
6528 0.936717
6656 0.936699
6784 0.937437
6912 0.938461
7040 0.93849
7168 0.938542
7296 0.939082
7424 0.939087
7552 0.939155
7680 0.939287
7808 0.939129
7936 0.939186
8064 0.939468
8192 0.939088
8320 0.939548
8448 0.939229
8576 0.939312
8704 0.940044
8832 0.939654
8960 0.939331
9088 0.939032
9216 0.93936
9344 0.939619
9472 0.939469
9600 0.939878
9728 0.939632
9856 0.939634
9984 0.939761
10112 0.939816
10240 0.93994
10368 0.940242
10496 0.939939
10624 0.939664
10752 0.939887
10880 0.939614
11008 0.939433
11136 0.940319
11264 0.940088
11392 0.939776
11520 0.940026
11648 0.939609
11776 0.939766
11904 0.939637
12032 0.939527
12160 0.939584
12288 0.93961
12416 0.940205
12544 0.939906
12672 0.939852
12800 0.940018
