0 8.34178e-09
128 0.00623494
256 0.0230149
384 0.0488692
512 0.0809366
640 0.117379
768 0.15609
896 0.198651
1024 0.239117
1152 0.278633
1280 0.317872
1408 0.355719
1536 0.39719
1664 0.433845
1792 0.472146
1920 0.506948
2048 0.536876
2176 0.567305
2304 0.597881
2432 0.626769
2560 0.65069
2688 0.676451
2816 0.702844
2944 0.727056
3072 0.746579
3200 0.762682
3328 0.775554
3456 0.788511
3584 0.800302
3712 0.810355
3840 0.817693
3968 0.822082
4096 0.828871
4224 0.833961
4352 0.837804
4480 0.842456
4608 0.84807
4736 0.850675
4864 0.855155
4992 0.8597
5120 0.862979
5248 0.864899
5376 0.866802
5504 0.869622
5632 0.869851
5760 0.872052
5888 0.873216
6016 0.874701
6144 0.875827
6272 0.877973
6400 0.879574
6528 0.881147
6656 0.881011
6784 0.882041
6912 0.883756
7040 0.884049
7168 0.883603
7296 0.883868
7424 0.883913
7552 0.88441
7680 0.884308
7808 0.884421
7936 0.884806
8064 0.885303
8192 0.884715
8320 0.885787
8448 0.884726
8576 0.884491
8704 0.886412
8832 0.886141
8960 0.885114
9088 0.884652
9216 0.885549
9344 0.88619
9472 0.885782
9600 0.885904
9728 0.886271
9856 0.88519
9984 0.885701
10112 0.885715
10240 0.886434
10368 0.887082
10496 0.886
10624 0.886032
10752 0.886107
10880 0.886174
11008 0.885468
11136 0.887299
11264 0.887115
11392 0.886457
11520 0.886904
11648 0.885322
11776 0.886214
11904 0.885706
12032 0.885653
12160 0.885453
12288 0.885603
12416 0.886468
12544 0.885529
12672 0.885394
12800 0.886408
