0 5.38292e-05
128 0.0651819
256 0.124845
384 0.182564
512 0.230786
640 0.278694
768 0.325077
896 0.371576
1024 0.412767
1152 0.454395
1280 0.49381
1408 0.532333
1536 0.567386
1664 0.603163
1792 0.635723
1920 0.666466
2048 0.702425
2176 0.731435
2304 0.754154
2432 0.77511
2560 0.798109
2688 0.813665
2816 0.82882
2944 0.841807
3072 0.854303
3200 0.869481
3328 0.88227
3456 0.891338
3584 0.897562
3712 0.90277
3840 0.907302
3968 0.910649
4096 0.913988
4224 0.920866
4352 0.925331
4480 0.926859
4608 0.930404
4736 0.931832
4864 0.935942
4992 0.937338
5120 0.940903
5248 0.943147
5376 0.945984
5504 0.945601
5632 0.945328
5760 0.94594
5888 0.947888
6016 0.946653
6144 0.946414
6272 0.946043
6400 0.945675
6528 0.947229
6656 0.946653
6784 0.946536
6912 0.947263
7040 0.945849
7168 0.946182
7296 0.946685
7424 0.946063
7552 0.945124
7680 0.947287
7808 0.946285
7936 0.944945
8064 0.946252
8192 0.946632
8320 0.946461
8448 0.945447
8576 0.945948
8704 0.946989
8832 0.945592
8960 0.945676
9088 0.94564
9216 0.945004
9344 0.944293
9472 0.944482
9600 0.945435
9728 0.944693
9856 0.946568
9984 0.946732
10112 0.946682
10240 0.946456
10368 0.946705
10496 0.947345
10624 0.946104
10752 0.946262
10880 0.945882
11008 0.945173
11136 0.945721
11264 0.94584
11392 0.945607
11520 0.94626
11648 0.946456
11776 0.945875
11904 0.94649
12032 0.945673
12160 0.946801
12288 0.946215
12416 0.946713
12544 0.947333
12672 0.947372
12800 0.946384
