0 6.0675e-05
128 0.0584551
256 0.106187
384 0.156933
512 0.206434
640 0.255104
768 0.299202
896 0.347713
1024 0.392341
1152 0.438029
1280 0.482994
1408 0.521356
1536 0.5623
1664 0.599627
1792 0.636816
1920 0.664188
2048 0.689829
2176 0.715716
2304 0.740627
2432 0.762572
2560 0.781064
2688 0.79836
2816 0.818207
2944 0.834614
3072 0.848678
3200 0.859229
3328 0.869546
3456 0.878959
3584 0.88745
3712 0.894633
3840 0.898873
3968 0.902812
4096 0.908513
4224 0.912552
4352 0.915245
4480 0.918567
4608 0.922072
4736 0.923246
4864 0.925021
4992 0.926513
5120 0.92651
5248 0.926868
5376 0.927032
5504 0.927942
5632 0.928138
5760 0.928936
5888 0.929453
6016 0.930003
6144 0.930767
6272 0.931458
6400 0.93184
6528 0.93209
6656 0.933159
6784 0.932692
6912 0.933434
7040 0.934167
7168 0.933663
7296 0.934247
7424 0.934515
7552 0.935352
7680 0.935373
7808 0.935995
7936 0.935459
8064 0.936292
8192 0.935783
8320 0.936433
8448 0.936286
8576 0.936236
8704 0.936922
8832 0.936557
8960 0.935968
9088 0.935944
9216 0.936396
9344 0.936988
9472 0.936918
9600 0.936602
9728 0.936576
9856 0.935964
9984 0.936601
10112 0.936031
10240 0.937058
10368 0.936792
10496 0.936818
10624 0.936426
10752 0.936731
10880 0.93678
11008 0.936657
11136 0.937453
11264 0.937366
11392 0.937399
11520 0.937489
11648 0.936342
11776 0.936897
11904 0.936925
12032 0.936857
12160 0.936296
12288 0.936907
12416 0.937419
12544 0.936978
12672 0.93635
12800 0.936458
