0 7.85427e-09
128 0.00678067
256 0.0251605
384 0.052244
512 0.0850935
640 0.120854
768 0.158697
896 0.200535
1024 0.239699
1152 0.278984
1280 0.318018
1408 0.356224
1536 0.397293
1664 0.434852
1792 0.473248
1920 0.508982
2048 0.542666
2176 0.575106
2304 0.605632
2432 0.634107
2560 0.659429
2688 0.684062
2816 0.709073
2944 0.731743
3072 0.750824
3200 0.767728
3328 0.781695
3456 0.794533
3584 0.80562
3712 0.814954
3840 0.821911
3968 0.826324
4096 0.832785
4224 0.83878
4352 0.843093
4480 0.847071
4608 0.852678
4736 0.855043
4864 0.859853
4992 0.86388
5120 0.867596
5248 0.869911
5376 0.872433
5504 0.874542
5632 0.874616
5760 0.876607
5888 0.878276
6016 0.878996
6144 0.879807
6272 0.881387
6400 0.882528
6528 0.884371
6656 0.884045
6784 0.884824
6912 0.88647
7040 0.886171
7168 0.885938
7296 0.886343
7424 0.886142
7552 0.886186
7680 0.886922
7808 0.886634
7936 0.886435
8064 0.887328
8192 0.886999
8320 0.887791
8448 0.886561
8576 0.886563
8704 0.888491
8832 0.887749
8960 0.886958
9088 0.886574
9216 0.887053
9344 0.887298
9472 0.887043
9600 0.887497
9728 0.887512
9856 0.887356
9984 0.887825
10112 0.887819
10240 0.888308
10368 0.888921
10496 0.888296
10624 0.887853
10752 0.887976
10880 0.887884
11008 0.887052
11136 0.888724
11264 0.88862
11392 0.888007
11520 0.888611
11648 0.887417
11776 0.887912
11904 0.887737
12032 0.887387
12160 0.887654
12288 0.887553
12416 0.888434
12544 0.887917
12672 0.887823
12800 0.888263
