0 0.00583308
128 0.260842
256 0.218447
384 0.241698
512 0.290192
640 0.354667
768 0.415175
896 0.464419
1024 0.515204
1152 0.574478
1280 0.627984
1408 0.665197
1536 0.701325
1664 0.730139
1792 0.760856
1920 0.787073
2048 0.810836
2176 0.832145
2304 0.849123
2432 0.864029
2560 0.877443
2688 0.888491
2816 0.899653
2944 0.910185
3072 0.91996
3200 0.928558
3328 0.936618
3456 0.942241
3584 0.947536
3712 0.95185
3840 0.955204
3968 0.957858
4096 0.960895
4224 0.963006
4352 0.96573
4480 0.967868
4608 0.969969
4736 0.971989
4864 0.974428
4992 0.97606
5120 0.977635
5248 0.979317
5376 0.980352
5504 0.981071
5632 0.981829
5760 0.983119
5888 0.984395
6016 0.985123
6144 0.986501
6272 0.987507
6400 0.988075
6528 0.988393
6656 0.988635
6784 0.98884
6912 0.989143
7040 0.989253
7168 0.989445
7296 0.989515
7424 0.989591
7552 0.989735
7680 0.98981
7808 0.989856
7936 0.98991
8064 0.989903
8192 0.989898
8320 0.989883
8448 0.989866
8576 0.989863
8704 0.989875
8832 0.989887
8960 0.989889
9088 0.98991
9216 0.98991
9344 0.989907
9472 0.989882
9600 0.989913
9728 0.989874
9856 0.989935
9984 0.989936
10112 0.989885
10240 0.989884
10368 0.989924
10496 0.989903
10624 0.989896
10752 0.989903
10880 0.989895
11008 0.989942
11136 0.989933
11264 0.989913
11392 0.989936
11520 0.989941
11648 0.98988
11776 0.989882
11904 0.989898
12032 0.989874
12160 0.989881
12288 0.989909
12416 0.989908
12544 0.989872
12672 0.989871
12800 0.989883
