0 0.0579166
128 -0.014158
256 -0.0671826
384 0.0853235
512 0.15324
640 0.274377
768 0.40076
896 0.487478
1024 0.562163
1152 0.62502
1280 0.683462
1408 0.721711
1536 0.75231
1664 0.776166
1792 0.799176
1920 0.816928
2048 0.835105
2176 0.849791
2304 0.863017
2432 0.878476
2560 0.893037
2688 0.902709
2816 0.913412
2944 0.922663
3072 0.931527
3200 0.940914
3328 0.946973
3456 0.952639
3584 0.957731
3712 0.963084
3840 0.966537
3968 0.968352
4096 0.970857
4224 0.975299
4352 0.97863
4480 0.980867
4608 0.982761
4736 0.986025
4864 0.988085
4992 0.989663
5120 0.992379
5248 0.993304
5376 0.994914
5504 0.995751
5632 0.996458
5760 0.996984
5888 0.997688
6016 0.997937
6144 0.998103
6272 0.998206
6400 0.998555
6528 0.998945
6656 0.999135
6784 0.9992
6912 0.999618
7040 0.999817
7168 0.999963
7296 0.999968
7424 0.999974
7552 0.999966
7680 0.999967
7808 0.999965
7936 0.999968
8064 0.99996
8192 0.999974
8320 0.999973
8448 0.999967
8576 0.999963
8704 0.999973
8832 0.999963
8960 0.999969
9088 0.999965
9216 0.999964
9344 0.999964
9472 0.999959
9600 0.99997
9728 0.999961
9856 0.99997
9984 0.999969
10112 0.999967
10240 0.999974
10368 0.999971
10496 0.999973
10624 0.999967
10752 0.999962
10880 0.99997
11008 0.999964
11136 0.999968
11264 0.999972
11392 0.999962
11520 0.999957
11648 0.99997
11776 0.999964
11904 0.999973
12032 0.999975
12160 0.999972
12288 0.999969
12416 0.999961
12544 0.99997
12672 0.999974
12800 0.999961
