0 0.013654
128 0.167884
256 0.119051
384 0.184521
512 0.239889
640 0.326121
768 0.41004
896 0.47218
1024 0.530993
1152 0.591421
1280 0.646736
1408 0.684445
1536 0.718687
1664 0.745842
1792 0.773897
1920 0.797173
2048 0.818936
2176 0.837941
2304 0.853696
2432 0.868803
2560 0.882613
2688 0.893238
2816 0.904271
2944 0.914377
3072 0.923841
3200 0.932708
3328 0.940092
3456 0.94573
3584 0.950955
3712 0.955621
3840 0.959009
3968 0.961378
4096 0.964236
4224 0.967137
4352 0.970065
4480 0.972238
4608 0.974268
4736 0.97671
4864 0.979021
4992 0.980635
5120 0.982598
5248 0.984021
5376 0.98525
5504 0.98601
5632 0.986752
5760 0.987782
5888 0.988862
6016 0.989429
6144 0.990398
6272 0.991099
6400 0.991593
6528 0.991936
6656 0.992159
6784 0.992317
6912 0.992659
7040 0.992798
7168 0.992975
7296 0.993022
7424 0.993077
7552 0.993169
7680 0.993219
7808 0.993247
7936 0.993286
8064 0.993278
8192 0.99328
8320 0.993269
8448 0.993256
8576 0.993252
8704 0.993264
8832 0.993268
8960 0.993271
9088 0.993285
9216 0.993284
9344 0.993282
9472 0.993262
9600 0.993287
9728 0.993259
9856 0.993302
9984 0.993302
10112 0.993267
10240 0.99327
10368 0.993295
10496 0.993281
10624 0.993275
10752 0.993279
10880 0.993274
11008 0.993305
11136 0.993301
11264 0.993288
11392 0.9933
11520 0.993302
11648 0.993267
11776 0.993265
11904 0.993279
12032 0.993263
12160 0.993267
12288 0.993284
12416 0.993281
12544 0.99326
12672 0.99326
12800 0.993264
