0 -0.122395
128 0.315703
256 0.266776
384 0.29098
512 0.336274
640 0.414864
768 0.464883
896 0.502757
1024 0.551396
1152 0.613756
1280 0.664898
1408 0.695347
1536 0.730958
1664 0.762025
1792 0.793544
1920 0.81316
2048 0.832961
2176 0.853243
2304 0.869796
2432 0.882904
2560 0.894949
2688 0.904658
2816 0.916717
2944 0.926566
3072 0.93578
3200 0.943964
3328 0.952851
3456 0.957577
3584 0.962741
3712 0.966535
3840 0.968546
3968 0.971283
4096 0.973918
4224 0.976175
4352 0.977061
4480 0.97861
4608 0.978972
4736 0.979532
4864 0.979866
4992 0.980149
5120 0.980388
5248 0.981366
5376 0.981694
5504 0.981859
5632 0.982431
5760 0.983283
5888 0.984351
6016 0.985279
6144 0.986476
6272 0.986696
6400 0.987255
6528 0.987517
6656 0.98779
6784 0.987969
6912 0.988442
7040 0.988643
7168 0.989013
7296 0.989163
7424 0.989321
7552 0.989583
7680 0.989748
7808 0.989811
7936 0.989839
8064 0.989934
8192 0.989934
8320 0.989873
8448 0.98986
8576 0.989862
8704 0.989877
8832 0.989857
8960 0.989906
9088 0.989954
9216 0.989909
9344 0.989917
9472 0.989868
9600 0.98987
9728 0.989868
9856 0.989895
9984 0.98991
10112 0.989863
10240 0.989871
10368 0.989893
10496 0.989896
10624 0.989889
10752 0.989894
10880 0.98987
11008 0.989865
11136 0.989868
11264 0.989875
11392 0.989872
11520 0.989869
11648 0.989882
11776 0.989887
11904 0.989902
12032 0.989872
12160 0.989889
12288 0.989942
12416 0.989912
12544 0.989883
12672 0.98988
12800 0.989883
