0 0.000107256
84.5 0.0561127
169 0.0957604
253.5 0.12939
338 0.161906
422.5 0.19523
507 0.22617
591.5 0.257524
676 0.290595
760.5 0.321007
845 0.347264
929.5 0.376807
1014 0.40562
1098.5 0.434085
1183 0.463845
1267.5 0.490731
1352 0.516669
1436.5 0.543853
1521 0.569986
1605.5 0.589751
1690 0.609641
1774.5 0.631432
1859 0.65192
1943.5 0.671984
2028 0.692294
2112.5 0.712701
2197 0.729399
2281.5 0.747404
2366 0.765997
2450.5 0.782712
2535 0.798441
2619.5 0.812445
2704 0.825391
2788.5 0.837717
2873 0.847941
2957.5 0.856211
3042 0.864186
3126.5 0.872613
3211 0.8784
3295.5 0.883961
3380 0.888622
3464.5 0.89089
3549 0.893634
3633.5 0.894123
3718 0.897489
3802.5 0.898916
3887 0.901288
3971.5 0.902441
4056 0.90403
4140.5 0.905881
4225 0.906879
4309.5 0.908868
4394 0.91086
4478.5 0.911265
4563 0.913666
4647.5 0.915218
4732 0.917047
4816.5 0.918288
4901 0.919888
4985.5 0.921565
5070 0.923535
5154.5 0.925367
5239 0.926958
5323.5 0.92978
5408 0.929756
5492.5 0.930505
5577 0.930932
5661.5 0.930778
5746 0.930904
5830.5 0.931717
5915 0.932797
5999.5 0.932665
6084 0.932913
6168.5 0.933277
6253 0.933589
6337.5 0.934413
6422 0.934367
6506.5 0.93457
6591 0.934883
6675.5 0.935505
6760 0.936052
6844.5 0.93561
6929 0.93671
7013.5 0.936835
7098 0.936865
7182.5 0.938522
7267 0.938404
7351.5 0.938951
7436 0.939187
7520.5 0.939619
7605 0.940122
7689.5 0.939765
7774 0.940243
7858.5 0.941638
7943 0.941271
8027.5 0.941094
8112 0.940816
8196.5 0.940567
8281 0.94168
8365.5 0.941483
8450 0.940578
