0 1.97172e-08
84.5 0.00480408
169 0.0145905
253.5 0.0290898
338 0.0475479
422.5 0.0691965
507 0.0924178
591.5 0.119063
676 0.147635
760.5 0.176601
845 0.205874
929.5 0.236963
1014 0.268592
1098.5 0.299868
1183 0.331549
1267.5 0.358592
1352 0.386913
1436.5 0.414609
1521 0.439738
1605.5 0.460135
1690 0.479041
1774.5 0.50158
1859 0.522968
1943.5 0.54431
2028 0.564847
2112.5 0.586445
2197 0.606471
2281.5 0.626972
2366 0.646983
2450.5 0.66515
2535 0.682226
2619.5 0.699134
2704 0.71417
2788.5 0.729891
2873 0.743591
2957.5 0.756004
3042 0.768054
3126.5 0.780353
3211 0.791847
3295.5 0.800459
3380 0.808554
3464.5 0.814332
3549 0.820083
3633.5 0.823733
3718 0.82803
3802.5 0.832027
3887 0.834792
3971.5 0.837589
4056 0.841326
4140.5 0.84335
4225 0.845837
4309.5 0.848786
4394 0.850262
4478.5 0.850707
4563 0.853086
4647.5 0.855394
4732 0.85659
4816.5 0.8589
4901 0.859625
4985.5 0.860731
5070 0.86285
5154.5 0.864713
5239 0.866492
5323.5 0.868587
5408 0.869236
5492.5 0.869435
5577 0.87068
5661.5 0.870893
5746 0.871271
5830.5 0.872762
5915 0.873604
5999.5 0.874531
6084 0.875144
6168.5 0.877195
6253 0.878551
6337.5 0.879533
6422 0.879516
6506.5 0.879744
6591 0.880755
6675.5 0.8808
6760 0.881375
6844.5 0.880592
6929 0.881781
7013.5 0.88166
7098 0.880754
7182.5 0.882751
7267 0.882552
7351.5 0.883126
7436 0.883374
7520.5 0.884527
7605 0.884771
7689.5 0.883569
7774 0.88416
7858.5 0.884741
7943 0.885023
8027.5 0.885634
8112 0.8846
8196.5 0.885018
8281 0.886206
8365.5 0.886481
8450 0.885173
