0 1.57996e-08
84.5 0.00407995
169 0.01315
253.5 0.0295499
338 0.0511564
422.5 0.076153
507 0.102867
591.5 0.13485
676 0.166728
760.5 0.198755
845 0.234117
929.5 0.268614
1014 0.30229
1098.5 0.334983
1183 0.366893
1267.5 0.393456
1352 0.420348
1436.5 0.444173
1521 0.464422
1605.5 0.483596
1690 0.499209
1774.5 0.518796
1859 0.535661
1943.5 0.55367
2028 0.570304
2112.5 0.588403
2197 0.607126
2281.5 0.624209
2366 0.640359
2450.5 0.654809
2535 0.666914
2619.5 0.680908
2704 0.692179
2788.5 0.70497
2873 0.717298
2957.5 0.730174
3042 0.742604
3126.5 0.754465
3211 0.768702
3295.5 0.778397
3380 0.788317
3464.5 0.795737
3549 0.803402
3633.5 0.81116
3718 0.815827
3802.5 0.82217
3887 0.825123
3971.5 0.829098
4056 0.834482
4140.5 0.836687
4225 0.841184
4309.5 0.844439
4394 0.844808
4478.5 0.846446
4563 0.848301
4647.5 0.851481
4732 0.851954
4816.5 0.855266
4901 0.855094
4985.5 0.855007
5070 0.856546
5154.5 0.857702
5239 0.858808
5323.5 0.858534
5408 0.859979
5492.5 0.859283
5577 0.861125
5661.5 0.86225
5746 0.863034
5830.5 0.865313
5915 0.865451
5999.5 0.867751
6084 0.868873
6168.5 0.872222
6253 0.874532
6337.5 0.875203
6422 0.875814
6506.5 0.876278
6591 0.877845
6675.5 0.8769
6760 0.877243
6844.5 0.876764
6929 0.877458
7013.5 0.877136
7098 0.875557
7182.5 0.876876
7267 0.877106
7351.5 0.877411
7436 0.877608
7520.5 0.879212
7605 0.878865
7689.5 0.877063
7774 0.877372
7858.5 0.875856
7943 0.877247
8027.5 0.878871
8112 0.877356
8196.5 0.878578
8281 0.879082
8365.5 0.87993
8450 0.878949
