0 2.36348e-08
84.5 0.00552822
169 0.016031
253.5 0.0286298
338 0.0439394
422.5 0.0622401
507 0.0819685
591.5 0.103277
676 0.128542
760.5 0.154446
845 0.17763
929.5 0.205312
1014 0.234895
1098.5 0.264753
1183 0.296206
1267.5 0.323728
1352 0.353477
1436.5 0.385045
1521 0.415054
1605.5 0.436675
1690 0.458873
1774.5 0.484365
1859 0.510275
1943.5 0.53495
2028 0.55939
2112.5 0.584486
2197 0.605815
2281.5 0.629735
2366 0.653607
2450.5 0.675492
2535 0.697537
2619.5 0.71736
2704 0.736161
2788.5 0.754812
2873 0.769884
2957.5 0.781833
3042 0.793505
3126.5 0.806241
3211 0.814991
3295.5 0.822521
3380 0.828791
3464.5 0.832927
3549 0.836765
3633.5 0.836306
3718 0.840233
3802.5 0.841884
3887 0.84446
3971.5 0.846079
4056 0.84817
4140.5 0.850013
4225 0.850489
4309.5 0.853133
4394 0.855715
4478.5 0.854968
4563 0.857872
4647.5 0.859307
4732 0.861225
4816.5 0.862534
4901 0.864155
4985.5 0.866456
5070 0.869155
5154.5 0.871724
5239 0.874175
5323.5 0.878641
5408 0.878492
5492.5 0.879587
5577 0.880236
5661.5 0.879537
5746 0.879508
5830.5 0.88021
5915 0.881757
5999.5 0.881311
6084 0.881415
6168.5 0.882168
6253 0.88257
6337.5 0.883862
6422 0.883218
6506.5 0.883209
6591 0.883665
6675.5 0.8847
6760 0.885507
6844.5 0.88442
6929 0.886104
7013.5 0.886185
7098 0.885952
7182.5 0.888626
7267 0.887999
7351.5 0.888841
7436 0.889139
7520.5 0.889842
7605 0.890676
7689.5 0.890074
7774 0.890949
7858.5 0.893627
7943 0.892798
8027.5 0.892398
8112 0.891844
8196.5 0.891458
8281 0.89333
8365.5 0.893032
8450 0.891397
