0 -0.0944351
84.5 0.228528
169 0.232893
253.5 0.197972
338 0.260404
422.5 0.324426
507 0.375897
591.5 0.393476
676 0.426661
760.5 0.450069
845 0.480394
929.5 0.515744
1014 0.54493
1098.5 0.568241
1183 0.591548
1267.5 0.609501
1352 0.64496
1436.5 0.665941
1521 0.690769
1605.5 0.707166
1690 0.724266
1774.5 0.744094
1859 0.76635
1943.5 0.787582
2028 0.803225
2112.5 0.816761
2197 0.82738
2281.5 0.838839
2366 0.849403
2450.5 0.85837
2535 0.866572
2619.5 0.874739
2704 0.884548
2788.5 0.891668
2873 0.900502
2957.5 0.906558
3042 0.912649
3126.5 0.918511
3211 0.922887
3295.5 0.927047
3380 0.930195
3464.5 0.934646
3549 0.937609
3633.5 0.939843
3718 0.942364
3802.5 0.944317
3887 0.946139
3971.5 0.948808
4056 0.95033
4140.5 0.952412
4225 0.955044
4309.5 0.957405
4394 0.958654
4478.5 0.959454
4563 0.960373
4647.5 0.961968
4732 0.963807
4816.5 0.965164
4901 0.966052
4985.5 0.966589
5070 0.96748
5154.5 0.967938
5239 0.968642
5323.5 0.969417
5408 0.970613
5492.5 0.971196
5577 0.972413
5661.5 0.972589
5746 0.973011
5830.5 0.973713
5915 0.973852
5999.5 0.974814
6084 0.975324
6168.5 0.975885
6253 0.976164
6337.5 0.976096
6422 0.976315
6506.5 0.976261
6591 0.976254
6675.5 0.976479
6760 0.976871
6844.5 0.976783
6929 0.97703
7013.5 0.977081
7098 0.976941
7182.5 0.976558
7267 0.976362
7351.5 0.976458
7436 0.976171
7520.5 0.976281
7605 0.976223
7689.5 0.976235
7774 0.97619
7858.5 0.975949
7943 0.976014
8027.5 0.97583
8112 0.975793
8196.5 0.975981
8281 0.975841
8365.5 0.975871
8450 0.975813
