0 0.224211
84.5 0.131111
169 0.167487
253.5 0.186553
338 0.200974
422.5 0.220514
507 0.257854
591.5 0.308732
676 0.353299
760.5 0.403966
845 0.447108
929.5 0.479672
1014 0.523401
1098.5 0.559176
1183 0.586877
1267.5 0.615198
1352 0.638678
1436.5 0.665623
1521 0.690503
1605.5 0.710328
1690 0.732151
1774.5 0.753961
1859 0.774803
1943.5 0.792081
2028 0.805391
2112.5 0.816591
2197 0.831248
2281.5 0.843646
2366 0.85555
2450.5 0.864455
2535 0.875053
2619.5 0.883527
2704 0.891327
2788.5 0.899387
2873 0.90657
2957.5 0.914077
3042 0.919452
3126.5 0.924971
3211 0.930568
3295.5 0.934241
3380 0.939235
3464.5 0.943131
3549 0.945565
3633.5 0.949615
3718 0.952536
3802.5 0.955597
3887 0.958536
3971.5 0.960461
4056 0.962833
4140.5 0.965461
4225 0.96716
4309.5 0.968494
4394 0.969883
4478.5 0.972194
4563 0.973253
4647.5 0.974345
4732 0.975328
4816.5 0.976202
4901 0.976905
4985.5 0.977636
5070 0.97822
5154.5 0.979057
5239 0.97939
5323.5 0.980219
5408 0.980356
5492.5 0.980657
5577 0.981111
5661.5 0.98148
5746 0.981857
5830.5 0.982445
5915 0.982789
5999.5 0.983326
6084 0.98358
6168.5 0.98356
6253 0.98398
6337.5 0.984271
6422 0.984318
6506.5 0.984626
6591 0.984958
6675.5 0.985166
6760 0.985115
6844.5 0.98518
6929 0.98549
7013.5 0.985818
7098 0.986008
7182.5 0.986106
7267 0.98648
7351.5 0.986638
7436 0.986842
7520.5 0.987009
7605 0.987099
7689.5 0.987155
7774 0.987215
7858.5 0.987359
7943 0.987434
8027.5 0.987543
8112 0.987579
8196.5 0.987628
8281 0.987737
8365.5 0.987766
8450 0.987821
