0 -0.0931958
84.5 0.226883
169 0.238555
253.5 0.244372
338 0.288868
422.5 0.340663
507 0.380987
591.5 0.409721
676 0.444361
760.5 0.468289
845 0.495257
929.5 0.527163
1014 0.552132
1098.5 0.576006
1183 0.602717
1267.5 0.628522
1352 0.65736
1436.5 0.679957
1521 0.705291
1605.5 0.724725
1690 0.744071
1774.5 0.764166
1859 0.78264
1943.5 0.80137
2028 0.818067
2112.5 0.833174
2197 0.844517
2281.5 0.855979
2366 0.868018
2450.5 0.878226
2535 0.886544
2619.5 0.894284
2704 0.902204
2788.5 0.908187
2873 0.914927
2957.5 0.920081
3042 0.925086
3126.5 0.929829
3211 0.933318
3295.5 0.937214
3380 0.940345
3464.5 0.9426
3549 0.9449
3633.5 0.946902
3718 0.949646
3802.5 0.951262
3887 0.95333
3971.5 0.954986
4056 0.956293
4140.5 0.95833
4225 0.960491
4309.5 0.962326
4394 0.963652
4478.5 0.964966
4563 0.966394
4647.5 0.968076
4732 0.9699
4816.5 0.971184
4901 0.972452
4985.5 0.973225
5070 0.974266
5154.5 0.975013
5239 0.975684
5323.5 0.976568
5408 0.977219
5492.5 0.977693
5577 0.978387
5661.5 0.978715
5746 0.97908
5830.5 0.979916
5915 0.980271
5999.5 0.980862
6084 0.981326
6168.5 0.981566
6253 0.981813
6337.5 0.981934
6422 0.982365
6506.5 0.982564
6591 0.982639
6675.5 0.982833
6760 0.983158
6844.5 0.983259
6929 0.983611
7013.5 0.983726
7098 0.983825
7182.5 0.983902
7267 0.984038
7351.5 0.984196
7436 0.984142
7520.5 0.984261
7605 0.984301
7689.5 0.984265
7774 0.984261
7858.5 0.984121
7943 0.984231
8027.5 0.984177
8112 0.984175
8196.5 0.984218
8281 0.984285
8365.5 0.984257
8450 0.984182
