0 -0.0545177
84.5 0.24425
169 0.251808
253.5 0.289914
338 0.323792
422.5 0.367039
507 0.397582
591.5 0.442719
676 0.477805
760.5 0.501184
845 0.527022
929.5 0.553967
1014 0.572306
1098.5 0.594953
1183 0.623272
1267.5 0.655709
1352 0.675852
1436.5 0.698185
1521 0.722457
1605.5 0.744487
1690 0.76535
1774.5 0.785159
1859 0.79935
1943.5 0.815337
2028 0.832832
2112.5 0.849309
2197 0.861299
2281.5 0.872681
2366 0.886058
2450.5 0.897406
2535 0.905837
2619.5 0.913199
2704 0.91943
2788.5 0.924416
2873 0.929236
2957.5 0.93352
3042 0.937485
3126.5 0.941182
3211 0.943747
3295.5 0.947358
3380 0.950431
3464.5 0.950558
3549 0.952186
3633.5 0.953906
3718 0.956862
3802.5 0.958129
3887 0.960433
3971.5 0.961101
4056 0.962191
4140.5 0.964182
4225 0.965882
4309.5 0.967202
4394 0.968603
4478.5 0.970419
4563 0.972345
4647.5 0.974115
4732 0.975921
4816.5 0.977135
4901 0.978774
4985.5 0.979777
5070 0.980961
5154.5 0.981992
5239 0.982631
5323.5 0.983631
5408 0.983752
5492.5 0.984123
5577 0.984306
5661.5 0.984777
5746 0.985085
5830.5 0.986046
5915 0.986614
5999.5 0.98684
6084 0.98726
6168.5 0.987185
6253 0.9874
6337.5 0.987705
6422 0.988345
6506.5 0.988793
6591 0.988947
6675.5 0.989111
6760 0.989371
6844.5 0.989656
6929 0.990108
7013.5 0.990288
7098 0.990616
7182.5 0.991141
7267 0.991599
7351.5 0.99182
7436 0.991988
7520.5 0.992119
7605 0.992255
7689.5 0.99217
7774 0.992205
7858.5 0.992168
7943 0.992317
8027.5 0.99239
8112 0.99242
8196.5 0.992324
8281 0.992593
8365.5 0.992506
8450 0.992416
