0 365.53000000 366.29333333
9.00000000 17.08333333 17.07000000
18.00000000 9.99666667 10.03333333
27.00000000 7.23000000 7.33666667
36.00000000 5.75000000 5.82666667
45.00000000 4.85666667 4.89333333
54.00000000 4.27000000 4.26666667
63.00000000 3.71666667 3.78000000
72.00000000 3.23666667 3.30333333
81.00000000 2.98666667 3.00666667
90.00000000 2.74333333 2.79666667
99.00000000 2.58666667 2.59333333
108.00000000 2.41333333 2.44333333
117.00000000 2.26000000 2.23000000
126.00000000 2.13000000 2.14333333
135.00000000 1.95000000 1.97333333
144.00000000 1.91333333 1.83666667
153.00000000 1.78666667 1.80333333
162.00000000 1.72666667 1.68666667
171.00000000 1.64000000 1.61666667
180.00000000 1.57333333 1.57333333
189.00000000 1.43333333 1.48333333
198.00000000 1.41000000 1.43666667
207.00000000 1.35000000 1.32000000
216.00000000 1.30333333 1.28333333
225.00000000 1.25666667 1.28666667
234.00000000 1.22000000 1.21333333
243.00000000 1.14666667 1.13000000
252.00000000 1.10333333 1.09000000
261.00000000 1.08333333 1.09000000
270.00000000 1.00666667 1.01000000
279.00000000 0.99000000 1.02000000
288.00000000 0.96000000 0.97000000
297.00000000 0.92333333 0.90333333
306.00000000 0.88666667 0.87333333
315.00000000 0.84666667 0.86000000
324.00000000 0.81666667 0.83666667
333.00000000 0.80000000 0.80666667
342.00000000 0.77000000 0.77333333
351.00000000 0.74000000 0.73000000
360.00000000 0.71333333 0.71000000
369.00000000 0.70333333 0.71000000
378.00000000 0.66333333 0.67666667
387.00000000 0.64333333 0.64000000
396.00000000 0.62333333 0.64333333
405.00000000 0.55666667 0.59000000
414.00000000 0.56000000 0.56666667
423.00000000 0.55000000 0.54666667
432.00000000 0.53333333 0.53000000
441.00000000 0.48333333 0.51000000
450.00000000 0.50000000 0.48333333
459.00000000 0.45000000 0.47000000
468.00000000 0.42333333 0.44000000
477.00000000 0.41666667 0.41000000
486.00000000 0.38000000 0.36333333
495.00000000 0.38333333 0.38333333
504.00000000 0.35666667 0.37000000
513.00000000 0.34000000 0.35000000
522.00000000 0.32666667 0.31666667
531.00000000 0.29333333 0.29333333
540.00000000 0.28333333 0.28333333
549.00000000 0.25000000 0.25000000
558.00000000 0.25000000 0.26000000
567.00000000 0.24333333 0.24666667
576.00000000 0.23666667 0.23333333
585.00000000 0.22666667 0.22000000
594.00000000 0.21000000 0.23000000
603.00000000 0.21666667 0.21333333
612.00000000 0.21000000 0.20666667
621.00000000 0.19666667 0.19666667
630.00000000 0.18333333 0.19000000
639.00000000 0.19000000 0.18333333
648.00000000 0.17666667 0.17333333
657.00000000 0.16666667 0.15666667
666.00000000 0.15666667 0.16666667
675.00000000 0.15000000 0.15666667
684.00000000 0.16666667 0.15333333
693.00000000 0.15333333 0.14333333
702.00000000 0.14000000 0.13333333
711.00000000 0.13000000 0.13333333
720.00000000 0.13333333 0.13333333
729.00000000 0.12333333 0.13000000
738.00000000 0.12000000 0.12666667
747.00000000 0.11333333 0.11000000
756.00000000 0.11333333 0.11333333
765.00000000 0.10333333 0.10333333
774.00000000 0.10666667 0.10000000
783.00000000 0.10666667 0.10333333
792.00000000 0.10000000 0.10000000
801.00000000 0.09666667 0.08666667
810.00000000 0.09000000 0.08666667
819.00000000 0.09000000 0.09666667
828.00000000 0.08666667 0.09333333
837.00000000 0.08666667 0.09000000
846.00000000 0.08000000 0.08333333
855.00000000 0.09000000 0.09000000
864.00000000 0.07666667 0.09333333
873.00000000 0.09000000 0.09000000
882.00000000 0.08666667 0.08333333
891.00000000 0.08666667 0.08333333
900.00000000 0.07000000 0.06333333
909.00000000 0.08666667 0.08000000
918.00000000 0.08666667 0.07666667
927.00000000 0.08000000 0.07333333
936.00000000 0.08000000 0.07333333
945.00000000 0.08333333 0.08000000
954.00000000 0.07000000 0.07000000
963.00000000 0.07000000 0.07000000
972.00000000 0.07333333 0.06666667
981.00000000 0.06000000 0.06333333
990.00000000 0.06666667 0.06666667
999.00000000 0.06000000 0.06000000
1008.00000000 0.05666667 0.05666667
1017.00000000 0.05666667 0.05666667
1026.00000000 0.04666667 0.05000000
1035.00000000 0.04666667 0.04666667
1044.00000000 0.04666667 0.04333333
1053.00000000 0.05000000 0.04666667
1062.00000000 0.04666667 0.05000000
1071.00000000 0.04666667 0.05000000
1080.00000000 0.04333333 0.04666667
1089.00000000 0.04000000 0.04333333
1098.00000000 0.04333333 0.04000000
1107.00000000 0.03666667 0.03333333
1116.00000000 0.03333333 0.03333333
1125.00000000 0.03000000 0.02333333
1134.00000000 0.02666667 0.02666667
1143.00000000 0.02666667 0.02333333
1152.00000000 0.02666667 0.02666667
1161.00000000 0.02666667 0.02666667
1170.00000000 0.02333333 0.02666667
1179.00000000 0.02000000 0.02000000
1188.00000000 0.02000000 0.02333333
1197.00000000 0.02000000 0.02333333
1206.00000000 0.02333333 0.02333333
1215.00000000 0.02333333 0.02333333
1224.00000000 0.02333333 0.02333333
1233.00000000 0.02000000 0.02000000
1242.00000000 0.01333333 0.01333333
1251.00000000 0.00333333 0.01333333
1260.00000000 0.01000000 0.01333333
1269.00000000 0.01333333 0.01333333
1278.00000000 0.01000000 0.01000000
1287.00000000 0.01000000 0.01000000
1296.00000000 0.01000000 0.00666667
1305.00000000 0.01000000 0.01000000
1314.00000000 0.01000000 0.00666667
1323.00000000 0.01000000 0.01000000
1332.00000000 0.01000000 0.01000000
1341.00000000 0.01000000 0.01000000
1350.00000000 0.01000000 0.01000000
1359.00000000 0.00666667 0.00666667
1368.00000000 0.00666667 0.00666667
1377.00000000 0.00666667 0.00666667
1386.00000000 0.00666667 0.00666667
1395.00000000 0.00333333 0.00666667
1404.00000000 0.00666667 0.00666667
1413.00000000 0.00666667 0.00666667
1422.00000000 0.00666667 0.00666667
1431.00000000 0.00666667 0.00666667
1440.00000000 0.00666667 0.00666667
1449.00000000 0.00666667 0.00333333
1458.00000000 0.00666667 0.00666667
1467.00000000 0.00666667 0.00666667
1476.00000000 0.00666667 0.00666667
1485.00000000 0.00666667 0.00666667
1494.00000000 0.00666667 0.00666667
1503.00000000 0.00666667 0.00333333
1512.00000000 0.00666667 0.00666667
1521.00000000 0.00666667 0.00666667
1530.00000000 0.00666667 0.00333333
1539.00000000 0.00666667 0.00666667
1548.00000000 0.00666667 0.00666667
1557.00000000 0.00666667 0.00666667
1566.00000000 0.00666667 0.00666667
1575.00000000 0.00666667 0.00666667
1584.00000000 0.00666667 0.00666667
1593.00000000 0.00666667 0.00666667
1602.00000000 0.00666667 0.00666667
1611.00000000 0.00666667 0.00666667
1620.00000000 0.00666667 0.00666667
1629.00000000 0.00666667 0.00666667
1638.00000000 0.00666667 0.00333333
1647.00000000 0.00333333 0.00666667
1656.00000000 0.00333333 0.00333333
1665.00000000 0.00333333 0.00333333
1674.00000000 0.00333333 0.00333333
1683.00000000 0.00333333 0.00333333
1692.00000000 0.00333333 0.00333333
1701.00000000 0.00000000 0.00000000
1710.00000000 0.00000000 0.00000000
1719.00000000 0.00000000 0.00000000
1728.00000000 0.00000000 0.00000000
1737.00000000 0.00000000 0.00000000
1746.00000000 0.00000000 0.00000000
1755.00000000 0.00000000 0.00000000
1764.00000000 0.00000000 0.00000000
1773.00000000 0.00000000 0.00000000
1782.00000000 0.00000000 0.00000000
1791.00000000 0.00000000 0.00000000
1800.00000000 0.00000000 0.00000000
