0 1713.00800000 1717.15200000
84.50000000 31.34400000 31.33600000
169.00000000 24.25600000 24.44000000
253.50000000 20.88000000 20.90400000
338.00000000 18.56000000 18.80000000
422.50000000 16.88800000 16.85600000
507.00000000 15.41600000 15.52800000
591.50000000 14.67200000 14.68800000
676.00000000 13.53600000 13.58400000
760.50000000 13.01600000 12.96000000
845.00000000 12.52800000 12.50400000
929.50000000 11.70400000 11.96800000
1014.00000000 11.42400000 11.52800000
1098.50000000 10.96800000 11.12800000
1183.00000000 10.55200000 10.79200000
1267.50000000 10.34400000 10.29600000
1352.00000000 9.89600000 9.88000000
1436.50000000 9.66400000 9.71200000
1521.00000000 9.31200000 9.34400000
1605.50000000 9.05600000 9.14400000
1690.00000000 8.77600000 8.78400000
1774.50000000 8.72000000 8.56800000
1859.00000000 8.40800000 8.47200000
1943.50000000 8.28000000 8.29600000
2028.00000000 7.90400000 7.86400000
2112.50000000 7.92800000 7.96800000
2197.00000000 7.84800000 7.85600000
2281.50000000 7.60000000 7.65600000
2366.00000000 7.28000000 7.33600000
2450.50000000 7.12000000 7.16800000
2535.00000000 7.19200000 7.28800000
2619.50000000 7.27200000 7.15200000
2704.00000000 7.04000000 6.93600000
2788.50000000 7.00000000 6.92800000
2873.00000000 6.88000000 6.76000000
2957.50000000 6.66400000 6.64800000
3042.00000000 6.47200000 6.36800000
3126.50000000 6.48000000 6.51200000
3211.00000000 6.24000000 6.29600000
3295.50000000 6.22400000 6.30400000
3380.00000000 6.36800000 6.28000000
3464.50000000 6.24000000 6.23200000
3549.00000000 6.21600000 6.20000000
3633.50000000 6.17600000 6.03200000
3718.00000000 5.99200000 6.03200000
3802.50000000 6.02400000 5.96000000
3887.00000000 5.70400000 5.72800000
3971.50000000 5.84800000 5.84000000
4056.00000000 5.74400000 5.79200000
4140.50000000 5.67200000 5.66400000
4225.00000000 5.45600000 5.47200000
4309.50000000 5.48800000 5.44800000
4394.00000000 5.45600000 5.42400000
4478.50000000 5.37600000 5.39200000
4563.00000000 5.34400000 5.32800000
4647.50000000 5.36800000 5.36800000
4732.00000000 5.26400000 5.24800000
4816.50000000 5.27200000 5.18400000
4901.00000000 5.28000000 5.26400000
4985.50000000 5.19200000 5.25600000
5070.00000000 5.02400000 5.03200000
5154.50000000 5.01600000 5.04000000
5239.00000000 4.96000000 4.94400000
5323.50000000 5.04000000 5.01600000
5408.00000000 4.68000000 4.72000000
5492.50000000 4.73600000 4.86400000
5577.00000000 4.77600000 4.72800000
5661.50000000 4.80800000 4.81600000
5746.00000000 4.70400000 4.65600000
5830.50000000 4.63200000 4.71200000
5915.00000000 4.64800000 4.56000000
5999.50000000 4.65600000 4.72800000
6084.00000000 4.59200000 4.58400000
6168.50000000 4.48800000 4.56000000
6253.00000000 4.59200000 4.56800000
6337.50000000 4.64000000 4.59200000
6422.00000000 4.40000000 4.39200000
6506.50000000 4.43200000 4.40800000
6591.00000000 4.47200000 4.52800000
6675.50000000 4.40800000 4.44000000
6760.00000000 4.27200000 4.38400000
6844.50000000 4.29600000 4.24800000
6929.00000000 4.28000000 4.33600000
7013.50000000 4.22400000 4.40000000
7098.00000000 4.35200000 4.41600000
7182.50000000 4.39200000 4.34400000
7267.00000000 4.25600000 4.25600000
7351.50000000 4.36000000 4.21600000
7436.00000000 4.24000000 4.30400000
7520.50000000 4.16800000 4.24800000
7605.00000000 4.11200000 4.16000000
7689.50000000 4.20000000 4.31200000
7774.00000000 4.25600000 4.24800000
7858.50000000 4.22400000 4.05600000
7943.00000000 4.13600000 4.12000000
8027.50000000 4.14400000 4.16000000
8112.00000000 4.11200000 4.16000000
8196.50000000 4.03200000 4.04800000
8281.00000000 4.09600000 4.02400000
8365.50000000 4.06400000 4.09600000
8450.00000000 3.92800000 3.83200000
