0 -0.0311729
64 0.129616
128 0.0369923
192 0.112799
256 0.139225
320 0.148302
384 0.134921
448 0.152272
512 0.179903
576 0.195919
640 0.204551
704 0.205807
768 0.215048
832 0.244099
896 0.233214
960 0.248585
1024 0.292852
1088 0.323051
1152 0.355266
1216 0.36851
1280 0.372991
1344 0.376992
1408 0.375433
1472 0.39764
1536 0.4099
1600 0.419732
1664 0.418921
1728 0.414158
1792 0.414255
1856 0.409199
1920 0.403972
1984 0.40469
2048 0.410942
2112 0.408745
2176 0.410014
2240 0.421303
2304 0.43064
2368 0.434664
2432 0.432239
2496 0.429539
2560 0.432345
2624 0.431879
2688 0.431716
2752 0.436848
2816 0.443828
2880 0.452876
2944 0.456262
3008 0.457331
3072 0.457191
3136 0.457365
3200 0.454582
3264 0.451037
3328 0.447989
3392 0.442984
3456 0.440199
3520 0.44563
3584 0.446028
3648 0.446352
3712 0.449309
3776 0.450913
3840 0.454333
3904 0.455154
3968 0.459006
4032 0.457118
4096 0.45443
4160 0.454511
4224 0.462095
4288 0.463051
4352 0.460977
4416 0.461235
4480 0.456713
4544 0.460988
4608 0.458246
4672 0.461241
4736 0.461855
4800 0.460765
4864 0.464595
4928 0.46945
4992 0.463959
5056 0.459855
5120 0.454059
5184 0.449233
5248 0.445945
5312 0.445174
5376 0.443753
5440 0.438582
5504 0.43277
5568 0.432335
5632 0.429111
5696 0.430529
5760 0.430053
5824 0.434711
5888 0.437762
5952 0.442164
6016 0.44141
6080 0.453112
6144 0.447307
6208 0.452834
6272 0.460452
6336 0.462777
6400 0.460071
6464 0.462135
6528 0.457041
6592 0.454698
6656 0.457243
6720 0.454236
6784 0.453586
6848 0.451657
6912 0.450004
6976 0.45758
7040 0.458988
7104 0.463366
7168 0.463845
7232 0.462463
7296 0.460784
7360 0.462417
7424 0.466181
7488 0.467274
7552 0.469962
7616 0.471853
7680 0.472804
7744 0.473922
7808 0.47776
7872 0.478674
7936 0.480827
8000 0.485728
8064 0.483849
8128 0.482478
8192 0.476485
8256 0.478874
8320 0.480064
8384 0.475387
8448 0.47578
8512 0.478977
8576 0.482074
8640 0.485338
8704 0.48827
8768 0.491701
8832 0.496993
8896 0.49837
8960 0.499799
9024 0.500857
9088 0.502016
9152 0.503114
9216 0.500319
9280 0.499599
9344 0.497901
9408 0.496409
9472 0.499384
9536 0.494487
9600 0.49202
9664 0.496297
9728 0.495448
9792 0.49407
9856 0.500634
9920 0.503637
9984 0.502655
10048 0.502414
10112 0.502773
10176 0.502728
10240 0.504612
10304 0.501679
10368 0.504512
10432 0.502722
10496 0.50693
10560 0.5085
10624 0.509337
10688 0.5145
10752 0.517365
10816 0.51862
10880 0.520753
10944 0.517201
11008 0.517281
11072 0.513883
11136 0.519752
11200 0.516836
11264 0.518084
11328 0.514181
11392 0.509602
11456 0.507467
11520 0.505757
11584 0.50689
11648 0.510424
11712 0.512896
11776 0.51406
11840 0.512639
11904 0.512259
11968 0.513444
12032 0.511081
12096 0.512766
12160 0.508627
12224 0.506466
12288 0.508344
12352 0.505656
12416 0.506361
12480 0.501928
12544 0.500785
12608 0.502074
12672 0.502587
12736 0.503928
12800 0.502281
