0 1.21684e-07
16 0.00163905
32 0.00523561
48 0.0100632
64 0.0154976
80 0.022763
96 0.0294995
112 0.0386422
128 0.0457244
144 0.0558731
160 0.0661839
176 0.0780968
192 0.0891375
208 0.101554
224 0.11403
240 0.125596
256 0.137111
272 0.148381
288 0.162294
304 0.176738
320 0.190701
336 0.204212
352 0.215853
368 0.22823
384 0.241856
400 0.252042
416 0.266336
432 0.277658
448 0.288801
464 0.300702
480 0.312397
496 0.324254
512 0.333511
528 0.342307
544 0.353821
560 0.364334
576 0.374693
592 0.385462
608 0.395184
624 0.402974
640 0.410895
656 0.421698
672 0.43062
688 0.439822
704 0.445531
720 0.45175
736 0.460503
752 0.471548
768 0.47561
784 0.485059
800 0.492923
816 0.500101
832 0.506968
848 0.513723
864 0.520566
880 0.527921
896 0.534449
912 0.538942
928 0.542995
944 0.549473
960 0.552321
976 0.552126
992 0.556859
1008 0.560489
1024 0.568375
1040 0.569105
1056 0.573885
1072 0.577063
1088 0.577124
1104 0.580025
1120 0.583305
1136 0.585554
1152 0.589564
1168 0.595606
1184 0.597605
1200 0.597935
1216 0.601179
1232 0.603421
1248 0.605302
1264 0.609299
1280 0.608221
1296 0.611459
1312 0.615107
1328 0.618436
1344 0.619507
1360 0.622798
1376 0.625861
1392 0.627442
1408 0.6301
1424 0.628035
1440 0.631509
1456 0.631646
1472 0.632774
1488 0.633378
1504 0.632785
1520 0.63265
1536 0.634727
1552 0.635612
1568 0.640231
1584 0.642306
1600 0.641933
1616 0.644178
1632 0.643902
1648 0.647981
1664 0.648675
1680 0.648953
1696 0.649288
1712 0.648314
1728 0.648335
1744 0.647377
1760 0.649748
1776 0.649423
1792 0.651759
1808 0.656247
1824 0.657081
1840 0.657374
1856 0.65905
1872 0.65687
1888 0.658516
1904 0.661658
1920 0.660078
1936 0.659184
1952 0.659846
1968 0.65967
1984 0.658445
2000 0.662336
2016 0.662852
2032 0.664221
2048 0.663365
2064 0.660516
2080 0.658463
2096 0.66325
2112 0.662949
2128 0.66285
2144 0.665613
2160 0.662481
2176 0.668193
2192 0.6687
2208 0.669789
2224 0.668591
2240 0.666259
2256 0.668003
2272 0.666094
2288 0.667717
2304 0.667933
2320 0.666414
2336 0.667438
2352 0.666248
2368 0.66619
2384 0.66436
2400 0.66476
2416 0.664676
2432 0.666253
2448 0.665673
2464 0.665258
2480 0.666012
2496 0.664779
2512 0.667152
2528 0.665261
2544 0.665068
2560 0.665047
2576 0.664887
2592 0.665077
2608 0.663772
2624 0.665624
2640 0.664247
2656 0.664491
2672 0.664423
2688 0.665415
2704 0.667173
2720 0.66502
2736 0.663106
2752 0.661927
2768 0.663329
2784 0.66506
2800 0.667217
2816 0.668029
2832 0.666392
2848 0.665215
2864 0.665712
2880 0.665405
2896 0.667201
2912 0.667487
2928 0.667179
2944 0.665089
2960 0.667432
2976 0.666124
2992 0.66573
3008 0.665136
3024 0.666301
3040 0.664852
3056 0.665954
3072 0.66738
3088 0.670137
3104 0.668628
3120 0.66932
3136 0.668
3152 0.668475
3168 0.667755
3184 0.668251
3200 0.668724
