0 1.31877e-07
16 0.00182335
32 0.00537403
48 0.0103868
64 0.0161098
80 0.0246477
96 0.0319626
112 0.0413503
128 0.0487277
144 0.0590332
160 0.0698267
176 0.0827997
192 0.0950102
208 0.107507
224 0.121076
240 0.133742
256 0.146262
272 0.156711
288 0.17301
304 0.187889
320 0.203495
336 0.217419
352 0.231638
368 0.244748
384 0.258222
400 0.268359
416 0.28468
432 0.29747
448 0.308758
464 0.323501
480 0.333522
496 0.345989
512 0.35609
528 0.365265
544 0.376973
560 0.388483
576 0.39903
592 0.41121
608 0.422421
624 0.427656
640 0.435604
656 0.447207
672 0.455412
688 0.463081
704 0.467903
720 0.473632
736 0.481219
752 0.493159
768 0.495386
784 0.50331
800 0.510052
816 0.515267
832 0.520969
848 0.527703
864 0.534925
880 0.543639
896 0.550924
912 0.554679
928 0.558083
944 0.562577
960 0.566253
976 0.567325
992 0.572066
1008 0.577781
1024 0.585049
1040 0.584145
1056 0.588039
1072 0.589936
1088 0.58903
1104 0.591984
1120 0.595234
1136 0.595781
1152 0.599945
1168 0.603772
1184 0.604565
1200 0.604872
1216 0.609243
1232 0.61149
1248 0.612101
1264 0.617036
1280 0.61656
1296 0.618485
1312 0.622782
1328 0.624197
1344 0.626538
1360 0.631158
1376 0.63333
1392 0.633861
1408 0.638669
1424 0.634118
1440 0.637369
1456 0.637565
1472 0.638237
1488 0.637436
1504 0.638594
1520 0.638819
1536 0.641376
1552 0.641408
1568 0.644189
1584 0.647442
1600 0.645429
1616 0.645778
1632 0.644455
1648 0.649015
1664 0.650554
1680 0.652234
1696 0.653794
1712 0.651727
1728 0.651749
1744 0.649783
1760 0.653364
1776 0.654328
1792 0.65584
1808 0.660259
1824 0.659912
1840 0.661158
1856 0.662343
1872 0.658632
1888 0.660489
1904 0.663947
1920 0.661872
1936 0.661028
1952 0.660948
1968 0.661544
1984 0.659772
2000 0.663866
2016 0.663736
2032 0.664673
2048 0.664072
2064 0.663409
2080 0.661094
2096 0.664593
2112 0.666482
2128 0.665746
2144 0.66902
2160 0.665607
2176 0.671475
2192 0.672277
2208 0.671215
2224 0.67016
2240 0.66854
2256 0.670598
2272 0.670806
2288 0.672406
2304 0.672291
2320 0.670114
2336 0.671944
2352 0.669115
2368 0.66905
2384 0.666885
2400 0.670519
2416 0.67113
2432 0.670355
2448 0.669214
2464 0.666988
2480 0.668542
2496 0.668426
2512 0.6691
2528 0.66822
2544 0.668952
2560 0.669675
2576 0.668671
2592 0.66835
2608 0.665041
2624 0.668125
2640 0.667609
2656 0.667778
2672 0.666207
2688 0.668712
2704 0.670277
2720 0.666802
2736 0.666203
2752 0.664713
2768 0.666273
2784 0.668358
2800 0.668685
2816 0.669818
2832 0.667752
2848 0.665467
2864 0.667168
2880 0.665756
2896 0.667675
2912 0.66788
2928 0.666179
2944 0.665676
2960 0.667218
2976 0.663756
2992 0.663819
3008 0.664518
3024 0.666205
3040 0.666671
3056 0.6653
3072 0.666797
3088 0.67055
3104 0.669951
3120 0.669655
3136 0.668709
3152 0.670469
3168 0.668447
3184 0.669182
3200 0.668939
