0 0.000238967
16 0.030653
32 0.0554841
48 0.0785038
64 0.0999782
80 0.11817
96 0.136351
112 0.154405
128 0.172574
144 0.190215
160 0.206123
176 0.222886
192 0.237782
208 0.254675
224 0.26882
240 0.282196
256 0.296554
272 0.311495
288 0.324643
304 0.337657
320 0.350029
336 0.362556
352 0.373945
368 0.385635
384 0.397671
400 0.409689
416 0.421656
432 0.432956
448 0.443614
464 0.454529
480 0.465765
496 0.47712
512 0.485889
528 0.49583
544 0.504581
560 0.513925
576 0.522392
592 0.531831
608 0.541022
624 0.54911
640 0.557641
656 0.56537
672 0.572294
688 0.579526
704 0.58697
720 0.594295
736 0.602252
752 0.609107
768 0.61541
784 0.622622
800 0.629626
816 0.635527
832 0.642052
848 0.648246
864 0.654425
880 0.660788
896 0.666908
912 0.673093
928 0.678448
944 0.684841
960 0.691073
976 0.696059
992 0.700555
1008 0.705501
1024 0.711816
1040 0.71688
1056 0.721287
1072 0.726303
1088 0.732166
1104 0.736452
1120 0.740901
1136 0.745339
1152 0.749645
1168 0.754515
1184 0.759811
1200 0.764345
1216 0.768977
1232 0.7734
1248 0.777637
1264 0.782061
1280 0.78551
1296 0.789287
1312 0.792889
1328 0.797741
1344 0.800917
1360 0.803818
1376 0.806764
1392 0.81006
1408 0.813345
1424 0.816546
1440 0.819258
1456 0.822164
1472 0.825304
1488 0.828966
1504 0.831688
1520 0.833964
1536 0.837612
1552 0.839914
1568 0.843034
1584 0.8457
1600 0.848022
1616 0.851206
1632 0.853651
1648 0.856345
1664 0.85826
1680 0.860701
1696 0.863869
1712 0.86661
1728 0.869465
1744 0.871488
1760 0.873734
1776 0.876218
1792 0.878672
1808 0.881218
1824 0.88304
1840 0.884881
1856 0.887096
1872 0.889174
1888 0.890893
1904 0.892454
1920 0.894036
1936 0.896056
1952 0.896978
1968 0.898835
1984 0.90012
2000 0.901608
2016 0.902732
2032 0.903445
2048 0.904073
2064 0.905651
2080 0.906841
2096 0.907856
2112 0.909316
2128 0.910169
2144 0.910867
2160 0.911819
2176 0.912497
2192 0.912649
2208 0.913102
2224 0.914156
2240 0.915286
2256 0.916037
2272 0.916565
2288 0.916811
2304 0.918078
2320 0.91861
2336 0.919773
2352 0.920641
2368 0.921046
2384 0.921155
2400 0.921511
2416 0.922429
2432 0.923012
2448 0.923208
2464 0.923776
2480 0.924289
2496 0.924509
2512 0.924765
2528 0.925596
2544 0.926057
2560 0.926387
2576 0.926655
2592 0.927143
2608 0.927757
2624 0.927651
2640 0.928149
2656 0.928253
2672 0.928704
2688 0.928576
2704 0.928593
2720 0.928379
2736 0.928884
2752 0.928985
2768 0.929198
2784 0.929526
2800 0.929696
2816 0.929841
2832 0.930337
2848 0.93006
2864 0.930418
2880 0.930899
2896 0.930919
2912 0.931269
2928 0.932039
2944 0.932436
2960 0.932293
2976 0.932799
2992 0.932758
3008 0.933182
3024 0.933147
3040 0.933507
3056 0.933771
3072 0.934181
3088 0.934591
3104 0.934762
3120 0.935016
3136 0.935459
3152 0.935585
3168 0.935983
3184 0.935775
3200 0.936179
