0 0.000275775
16 0.0297953
32 0.0511878
48 0.0717444
64 0.089689
80 0.110909
96 0.128604
112 0.148156
128 0.164079
144 0.183327
160 0.202201
176 0.222041
192 0.240955
208 0.260014
224 0.279567
240 0.298479
256 0.314144
272 0.327389
288 0.345645
304 0.362723
320 0.37967
336 0.393722
352 0.407992
368 0.422223
384 0.43834
400 0.449134
416 0.463946
432 0.477817
448 0.489334
464 0.502218
480 0.511365
496 0.524079
512 0.532701
528 0.541978
544 0.55266
560 0.564102
576 0.573998
592 0.585
608 0.595151
624 0.600855
640 0.607959
656 0.617585
672 0.625054
688 0.632552
704 0.635976
720 0.641571
736 0.648869
752 0.659383
768 0.662468
784 0.669565
800 0.67565
816 0.680448
832 0.685856
848 0.691842
864 0.698353
880 0.705355
896 0.711587
912 0.715396
928 0.71893
944 0.722587
960 0.726591
976 0.727905
992 0.731044
1008 0.73567
1024 0.741456
1040 0.741234
1056 0.744891
1072 0.746943
1088 0.747634
1104 0.750047
1120 0.753324
1136 0.754196
1152 0.757469
1168 0.760747
1184 0.761781
1200 0.762627
1216 0.766049
1232 0.768274
1248 0.769307
1264 0.773007
1280 0.773797
1296 0.775852
1312 0.778696
1328 0.779903
1344 0.781863
1360 0.785257
1376 0.786824
1392 0.787369
1408 0.790955
1424 0.788451
1440 0.790694
1456 0.790469
1472 0.791158
1488 0.791389
1504 0.792642
1520 0.792942
1536 0.794875
1552 0.795008
1568 0.797424
1584 0.799693
1600 0.798656
1616 0.798733
1632 0.798596
1648 0.801797
1664 0.80304
1680 0.804159
1696 0.805325
1712 0.804206
1728 0.804545
1744 0.803744
1760 0.805988
1776 0.806702
1792 0.807798
1808 0.810719
1824 0.810759
1840 0.811574
1856 0.812197
1872 0.810019
1888 0.811142
1904 0.813443
1920 0.812297
1936 0.811805
1952 0.811968
1968 0.812445
1984 0.811394
2000 0.813966
2016 0.813887
2032 0.814509
2048 0.814234
2064 0.813824
2080 0.812448
2096 0.814694
2112 0.815845
2128 0.815491
2144 0.817629
2160 0.815611
2176 0.819214
2192 0.819738
2208 0.819101
2224 0.818437
2240 0.817447
2256 0.818681
2272 0.818837
2288 0.819788
2304 0.819722
2320 0.818389
2336 0.8195
2352 0.817736
2368 0.817675
2384 0.816332
2400 0.818658
2416 0.819019
2432 0.818537
2448 0.817856
2464 0.816429
2480 0.817399
2496 0.817328
2512 0.81768
2528 0.817183
2544 0.81765
2560 0.818109
2576 0.817468
2592 0.817314
2608 0.815261
2624 0.817193
2640 0.816837
2656 0.816952
2672 0.815949
2688 0.817507
2704 0.818446
2720 0.816334
2736 0.815887
2752 0.814993
2768 0.815941
2784 0.817249
2800 0.817495
2816 0.818207
2832 0.816897
2848 0.815489
2864 0.816537
2880 0.81572
2896 0.816888
2912 0.816982
2928 0.815966
2944 0.815664
2960 0.816586
2976 0.814415
2992 0.814481
3008 0.814942
3024 0.816013
3040 0.816266
3056 0.815437
3072 0.816377
3088 0.818656
3104 0.81829
3120 0.818069
3136 0.817508
3152 0.81855
3168 0.817293
3184 0.817779
3200 0.817609
