0 1.10952e-07
16 0.00177412
32 0.00576016
48 0.0117515
64 0.0190087
80 0.0263847
96 0.0349366
112 0.0447733
128 0.0553236
144 0.066347
160 0.0769389
176 0.0883459
192 0.098857
208 0.111895
224 0.123397
240 0.13495
256 0.147053
272 0.159692
288 0.171307
304 0.182681
320 0.19386
336 0.20556
352 0.216517
368 0.228261
384 0.240167
400 0.252399
416 0.264979
432 0.277173
448 0.288194
464 0.300135
480 0.312573
496 0.325147
512 0.335773
528 0.34633
544 0.356623
560 0.367075
576 0.377406
592 0.388007
608 0.398245
624 0.407071
640 0.416499
656 0.425379
672 0.432903
688 0.441269
704 0.449831
720 0.458112
736 0.467122
752 0.475163
768 0.482207
784 0.490516
800 0.498422
816 0.505256
832 0.512444
848 0.519832
864 0.526819
880 0.534461
896 0.542386
912 0.550219
928 0.557142
944 0.564853
960 0.572389
976 0.578555
992 0.583909
1008 0.590214
1024 0.59798
1040 0.603845
1056 0.609153
1072 0.615596
1088 0.622353
1104 0.627776
1120 0.633704
1136 0.639575
1152 0.644563
1168 0.650604
1184 0.657103
1200 0.66353
1216 0.669557
1232 0.675248
1248 0.681152
1264 0.68687
1280 0.691339
1296 0.69629
1312 0.701014
1328 0.706853
1344 0.710677
1360 0.714628
1376 0.71795
1392 0.721712
1408 0.725742
1424 0.729676
1440 0.732821
1456 0.73668
1472 0.740905
1488 0.74565
1504 0.749051
1520 0.751686
1536 0.756218
1552 0.759216
1568 0.76331
1584 0.766894
1600 0.769673
1616 0.773725
1632 0.777048
1648 0.780906
1664 0.783174
1680 0.786597
1696 0.790928
1712 0.794765
1728 0.798695
1744 0.801628
1760 0.804675
1776 0.808334
1792 0.811634
1808 0.815241
1824 0.818036
1840 0.820598
1856 0.823793
1872 0.826741
1888 0.829366
1904 0.831521
1920 0.833653
1936 0.836475
1952 0.83747
1968 0.84023
1984 0.841795
2000 0.843918
2016 0.845285
2032 0.84605
2048 0.846587
2064 0.849012
2080 0.850664
2096 0.852278
2112 0.854592
2128 0.855814
2144 0.856658
2160 0.857952
2176 0.85877
2192 0.858893
2208 0.859322
2224 0.860995
2240 0.862555
2256 0.863674
2272 0.864208
2288 0.864436
2304 0.866437
2320 0.867217
2336 0.868899
2352 0.87021
2368 0.87099
2384 0.870977
2400 0.871324
2416 0.872751
2432 0.873505
2448 0.873785
2464 0.874857
2480 0.87553
2496 0.875857
2512 0.87624
2528 0.877376
2544 0.877646
2560 0.878095
2576 0.878494
2592 0.87916
2608 0.880264
2624 0.879797
2640 0.88088
2656 0.880705
2672 0.881254
2688 0.880954
2704 0.881153
2720 0.880706
2736 0.881448
2752 0.881428
2768 0.881712
2784 0.882071
2800 0.882014
2816 0.882181
2832 0.882768
2848 0.882221
2864 0.88253
2880 0.883402
2896 0.883164
2912 0.883552
2928 0.884583
2944 0.885107
2960 0.884807
2976 0.885568
2992 0.88524
3008 0.885811
3024 0.885611
3040 0.886266
3056 0.886612
3072 0.887147
3088 0.887499
3104 0.887801
3120 0.887835
3136 0.888493
3152 0.88868
3168 0.889137
3184 0.888594
3200 0.889272
