0 1.08001e-07
16 0.00173131
32 0.00562674
48 0.011465
64 0.0186226
80 0.0258761
96 0.0341868
112 0.0439211
128 0.0544303
144 0.065548
160 0.0761591
176 0.0875031
192 0.098014
208 0.110829
224 0.122766
240 0.134633
256 0.146971
272 0.159952
288 0.171766
304 0.183185
320 0.194401
336 0.206967
352 0.218172
368 0.229509
384 0.241415
400 0.254139
416 0.267487
432 0.280189
448 0.291284
464 0.303497
480 0.315914
496 0.32839
512 0.339238
528 0.350392
544 0.360877
560 0.371063
576 0.381775
592 0.39227
608 0.402013
624 0.411174
640 0.421159
656 0.42993
672 0.437782
688 0.446407
704 0.455412
720 0.464121
736 0.472856
752 0.480495
768 0.488175
784 0.497014
800 0.504984
816 0.512156
832 0.519311
848 0.527298
864 0.534803
880 0.542886
896 0.550897
912 0.559081
928 0.566458
944 0.574126
960 0.581182
976 0.587233
992 0.59261
1008 0.599261
1024 0.606412
1040 0.612103
1056 0.617473
1072 0.623377
1088 0.629777
1104 0.634836
1120 0.640436
1136 0.645718
1152 0.650696
1168 0.656257
1184 0.662435
1200 0.66832
1216 0.673656
1232 0.678821
1248 0.684139
1264 0.689378
1280 0.693481
1296 0.698343
1312 0.702937
1328 0.708696
1344 0.712206
1360 0.715784
1376 0.7191
1392 0.722974
1408 0.726619
1424 0.730415
1440 0.733629
1456 0.737495
1472 0.741495
1488 0.745888
1504 0.749265
1520 0.75175
1536 0.756381
1552 0.75925
1568 0.763154
1584 0.766728
1600 0.769271
1616 0.77338
1632 0.776658
1648 0.780501
1664 0.78291
1680 0.786337
1696 0.790454
1712 0.794388
1728 0.798298
1744 0.801241
1760 0.803791
1776 0.807372
1792 0.810795
1808 0.814235
1824 0.816744
1840 0.819148
1856 0.822738
1872 0.825743
1888 0.828303
1904 0.830344
1920 0.832717
1936 0.835327
1952 0.836143
1968 0.838801
1984 0.840365
2000 0.842237
2016 0.843996
2032 0.844772
2048 0.845427
2064 0.84764
2080 0.849201
2096 0.850737
2112 0.85295
2128 0.85445
2144 0.85503
2160 0.856732
2176 0.857437
2192 0.857558
2208 0.858168
2224 0.859682
2240 0.861358
2256 0.862344
2272 0.863163
2288 0.863429
2304 0.86502
2320 0.865624
2336 0.867505
2352 0.868848
2368 0.869511
2384 0.869617
2400 0.870048
2416 0.871381
2432 0.872258
2448 0.872596
2464 0.873889
2480 0.874661
2496 0.875061
2512 0.875603
2528 0.876503
2544 0.876695
2560 0.877392
2576 0.877857
2592 0.878421
2608 0.879433
2624 0.879125
2640 0.88032
2656 0.88009
2672 0.880471
2688 0.880273
2704 0.880566
2720 0.880193
2736 0.880999
2752 0.880926
2768 0.880898
2784 0.881244
2800 0.881215
2816 0.881374
2832 0.882156
2848 0.881826
2864 0.882192
2880 0.882911
2896 0.882961
2912 0.883164
2928 0.88368
2944 0.884129
2960 0.88377
2976 0.884255
2992 0.884117
3008 0.884868
3024 0.884752
3040 0.885299
3056 0.88565
3072 0.885872
3088 0.886584
3104 0.886804
3120 0.886855
3136 0.887364
3152 0.88741
3168 0.887899
3184 0.887634
3200 0.888069
