0 0.000232735
16 0.0299589
32 0.0540752
48 0.0767557
64 0.0978254
80 0.116067
96 0.133755
112 0.151721
128 0.169706
144 0.187071
160 0.202511
176 0.218738
192 0.233467
208 0.249989
224 0.2642
240 0.277981
256 0.292315
272 0.306901
288 0.320155
304 0.332536
320 0.344929
336 0.357509
352 0.368541
368 0.380009
384 0.391827
400 0.403602
416 0.415562
432 0.427113
448 0.43709
464 0.447932
480 0.458712
496 0.469687
512 0.478892
528 0.488768
544 0.497785
560 0.506905
576 0.515821
592 0.525132
608 0.534062
624 0.542705
640 0.551792
656 0.559706
672 0.567095
688 0.574672
704 0.582889
720 0.59076
736 0.598012
752 0.604648
768 0.611197
784 0.618763
800 0.625957
816 0.632562
832 0.639182
848 0.645948
864 0.652225
880 0.658745
896 0.665233
912 0.672217
928 0.678313
944 0.684582
960 0.690633
976 0.696015
992 0.700784
1008 0.706129
1024 0.712073
1040 0.717417
1056 0.722573
1072 0.727382
1088 0.733133
1104 0.737482
1120 0.741762
1136 0.745723
1152 0.750174
1168 0.754681
1184 0.759857
1200 0.764487
1216 0.768589
1232 0.772893
1248 0.776877
1264 0.781197
1280 0.784816
1296 0.78822
1312 0.79211
1328 0.79636
1344 0.799391
1360 0.802486
1376 0.805233
1392 0.8083
1408 0.81124
1424 0.814398
1440 0.817137
1456 0.820119
1472 0.822794
1488 0.825809
1504 0.828717
1520 0.830864
1536 0.834499
1552 0.836749
1568 0.840003
1584 0.842811
1600 0.845225
1616 0.848151
1632 0.850495
1648 0.853014
1664 0.855235
1680 0.857736
1696 0.860904
1712 0.863542
1728 0.866202
1744 0.868525
1760 0.870447
1776 0.872956
1792 0.875378
1808 0.877709
1824 0.87949
1840 0.881232
1856 0.883748
1872 0.885952
1888 0.887521
1904 0.889334
1920 0.890851
1936 0.892475
1952 0.893611
1968 0.895335
1984 0.896579
2000 0.897796
2016 0.89921
2032 0.900073
2048 0.900818
2064 0.902026
2080 0.903225
2096 0.904222
2112 0.905628
2128 0.906454
2144 0.907125
2160 0.908104
2176 0.908971
2192 0.909011
2208 0.909414
2224 0.910665
2240 0.911913
2256 0.91261
2272 0.913231
2288 0.913583
2304 0.914339
2320 0.914986
2336 0.916285
2352 0.917143
2368 0.91742
2384 0.917726
2400 0.918012
2416 0.918787
2432 0.919304
2448 0.919483
2464 0.920221
2480 0.920738
2496 0.921144
2512 0.921696
2528 0.922291
2544 0.922659
2560 0.92318
2576 0.923661
2592 0.923994
2608 0.92452
2624 0.924522
2640 0.924988
2656 0.925047
2672 0.925456
2688 0.925592
2704 0.925719
2720 0.925512
2736 0.925973
2752 0.92604
2768 0.926307
2784 0.926565
2800 0.926539
2816 0.926814
2832 0.927208
2848 0.927484
2864 0.927828
2880 0.928165
2896 0.928481
2912 0.928662
2928 0.928822
2944 0.929122
2960 0.929129
2976 0.929567
2992 0.929625
3008 0.930155
3024 0.930285
3040 0.930451
3056 0.930624
3072 0.930838
3088 0.931207
3104 0.931332
3120 0.931576
3136 0.93203
3152 0.932216
3168 0.932671
3184 0.932763
3200 0.933008
