0 0.000255231
16 0.0273978
32 0.0500719
48 0.0703041
64 0.0883493
80 0.106845
96 0.124241
112 0.142949
128 0.160059
144 0.178568
160 0.195371
176 0.213877
192 0.231902
208 0.250446
224 0.267363
240 0.282883
256 0.298475
272 0.31335
288 0.328614
304 0.344321
320 0.359685
336 0.37447
352 0.3875
368 0.401839
384 0.416255
400 0.42727
416 0.440199
432 0.453024
448 0.465082
464 0.47677
480 0.487839
496 0.500118
512 0.509338
528 0.518416
544 0.528628
560 0.539694
576 0.548509
592 0.55857
608 0.568724
624 0.576863
640 0.585568
656 0.59402
672 0.602745
688 0.612128
704 0.61685
720 0.624149
736 0.632554
752 0.642287
768 0.647732
784 0.655864
800 0.662701
816 0.66844
832 0.675643
848 0.681582
864 0.688119
880 0.693773
896 0.699661
912 0.70316
928 0.707695
944 0.713479
960 0.717023
976 0.717659
992 0.722097
1008 0.725178
1024 0.730742
1040 0.732108
1056 0.736183
1072 0.739266
1088 0.74091
1104 0.743008
1120 0.746845
1136 0.749249
1152 0.75217
1168 0.756014
1184 0.757873
1200 0.759095
1216 0.761771
1232 0.76416
1248 0.765343
1264 0.768543
1280 0.769351
1296 0.772225
1312 0.773695
1328 0.776508
1344 0.777615
1360 0.779909
1376 0.782769
1392 0.783437
1408 0.785537
1424 0.785044
1440 0.786908
1456 0.787178
1472 0.78828
1488 0.788991
1504 0.788859
1520 0.788996
1536 0.791365
1552 0.791827
1568 0.794095
1584 0.796125
1600 0.796457
1616 0.797365
1632 0.797747
1648 0.799928
1664 0.79933
1680 0.799918
1696 0.800242
1712 0.80096
1728 0.800821
1744 0.800921
1760 0.802351
1776 0.802089
1792 0.80358
1808 0.80637
1824 0.806342
1840 0.805802
1856 0.807236
1872 0.806263
1888 0.806877
1904 0.809113
1920 0.808176
1936 0.807883
1952 0.808659
1968 0.808571
1984 0.808036
2000 0.81044
2016 0.809986
2032 0.81059
2048 0.810188
2064 0.809848
2080 0.808856
2096 0.811207
2112 0.810988
2128 0.811879
2144 0.812899
2160 0.81118
2176 0.813846
2192 0.814204
2208 0.815113
2224 0.814399
2240 0.81288
2256 0.81406
2272 0.813579
2288 0.814709
2304 0.814304
2320 0.813802
2336 0.814024
2352 0.814475
2368 0.814539
2384 0.813613
2400 0.813705
2416 0.813702
2432 0.813568
2448 0.813277
2464 0.813543
2480 0.813504
2496 0.813018
2512 0.813567
2528 0.812814
2544 0.812774
2560 0.812603
2576 0.812447
2592 0.813077
2608 0.812166
2624 0.813172
2640 0.811934
2656 0.812404
2672 0.812007
2688 0.812766
2704 0.813596
2720 0.812942
2736 0.812957
2752 0.812128
2768 0.812735
2784 0.813424
2800 0.814373
2816 0.814845
2832 0.814521
2848 0.812947
2864 0.814357
2880 0.813979
2896 0.814952
2912 0.815007
2928 0.815171
2944 0.813558
2960 0.8144
2976 0.813445
2992 0.813242
3008 0.813438
3024 0.813786
3040 0.812945
3056 0.81377
3072 0.814745
3088 0.815875
3104 0.815717
3120 0.816002
3136 0.815176
3152 0.814733
3168 0.814028
3184 0.814027
3200 0.814129
