0 1.04546e-07
16 0.00174558
32 0.00566864
48 0.011663
64 0.018918
80 0.0263642
96 0.0347749
112 0.0444819
128 0.0550923
144 0.0661161
160 0.0766856
176 0.0882366
192 0.0990288
208 0.111884
224 0.123748
240 0.135382
256 0.14731
272 0.159943
288 0.17168
304 0.182831
320 0.194278
336 0.206457
352 0.217684
368 0.229024
384 0.240789
400 0.252982
416 0.26618
432 0.278868
448 0.289817
464 0.30184
480 0.313953
496 0.326239
512 0.337039
528 0.348047
544 0.358507
560 0.368737
576 0.379544
592 0.389918
608 0.399876
624 0.409327
640 0.419525
656 0.428283
672 0.436302
688 0.445114
704 0.454458
720 0.463321
736 0.472019
752 0.479274
768 0.486897
784 0.495516
800 0.5036
816 0.511002
832 0.518194
848 0.525939
864 0.533024
880 0.540825
896 0.548496
912 0.556682
928 0.564027
944 0.571521
960 0.578429
976 0.584698
992 0.589979
1008 0.596654
1024 0.603629
1040 0.610027
1056 0.616013
1072 0.621937
1088 0.628582
1104 0.633939
1120 0.639527
1136 0.64463
1152 0.649712
1168 0.655458
1184 0.661779
1200 0.667906
1216 0.673286
1232 0.678817
1248 0.684175
1264 0.689949
1280 0.694232
1296 0.698722
1312 0.703578
1328 0.709057
1344 0.712785
1360 0.716536
1376 0.719665
1392 0.723375
1408 0.72707
1424 0.730918
1440 0.734143
1456 0.73786
1472 0.741634
1488 0.7459
1504 0.749633
1520 0.752339
1536 0.756978
1552 0.759909
1568 0.764051
1584 0.767727
1600 0.770483
1616 0.774612
1632 0.777741
1648 0.781271
1664 0.784028
1680 0.787371
1696 0.791577
1712 0.795059
1728 0.798891
1744 0.801929
1760 0.804347
1776 0.807866
1792 0.810799
1808 0.814296
1824 0.816765
1840 0.819118
1856 0.822686
1872 0.825947
1888 0.828463
1904 0.830893
1920 0.833097
1936 0.835523
1952 0.836692
1968 0.839432
1984 0.841062
2000 0.842977
2016 0.844871
2032 0.845872
2048 0.846586
2064 0.848688
2080 0.850379
2096 0.851892
2112 0.854051
2128 0.855294
2144 0.856151
2160 0.857684
2176 0.858607
2192 0.858609
2208 0.859154
2224 0.860851
2240 0.862645
2256 0.863489
2272 0.864293
2288 0.86476
2304 0.866054
2320 0.866809
2336 0.868784
2352 0.8702
2368 0.870733
2384 0.870956
2400 0.87135
2416 0.872673
2432 0.873501
2448 0.873867
2464 0.874954
2480 0.875564
2496 0.876044
2512 0.876646
2528 0.877435
2544 0.877653
2560 0.878494
2576 0.878919
2592 0.879399
2608 0.880413
2624 0.880046
2640 0.8811
2656 0.880972
2672 0.881382
2688 0.881444
2704 0.881847
2720 0.881435
2736 0.882128
2752 0.881886
2768 0.882033
2784 0.882328
2800 0.881916
2816 0.882355
2832 0.882863
2848 0.882829
2864 0.883073
2880 0.883562
2896 0.883873
2912 0.884114
2928 0.884365
2944 0.884783
2960 0.884707
2976 0.885275
2992 0.884977
3008 0.88586
3024 0.885745
3040 0.886197
3056 0.886377
3072 0.886409
3088 0.886983
3104 0.887171
3120 0.887068
3136 0.887759
3152 0.887816
3168 0.888343
3184 0.888102
3200 0.888376
