0 0.000237156
16 0.0307828
32 0.0548109
48 0.0772847
64 0.0981793
80 0.116905
96 0.134709
112 0.152451
128 0.170181
144 0.187433
160 0.203069
176 0.219374
192 0.234263
208 0.250352
224 0.264616
240 0.278475
256 0.292728
272 0.307633
288 0.321067
304 0.333773
320 0.346529
336 0.35922
352 0.37043
368 0.38256
384 0.394667
400 0.406257
416 0.418481
432 0.429965
448 0.440659
464 0.451706
480 0.46273
496 0.473448
512 0.482999
528 0.493393
544 0.502789
560 0.511854
576 0.520796
592 0.530142
608 0.53937
624 0.548019
640 0.556739
656 0.565393
672 0.572602
688 0.580316
704 0.588677
720 0.597065
736 0.604755
752 0.611739
768 0.618489
784 0.625876
800 0.633133
816 0.639902
832 0.646718
848 0.653809
864 0.660297
880 0.667137
896 0.673684
912 0.680121
928 0.686385
944 0.692686
960 0.698764
976 0.704411
992 0.709427
1008 0.714905
1024 0.721101
1040 0.726474
1056 0.73164
1072 0.736566
1088 0.742256
1104 0.747268
1120 0.751932
1136 0.756119
1152 0.76088
1168 0.765546
1184 0.770503
1200 0.775161
1216 0.779208
1232 0.783156
1248 0.786931
1264 0.791033
1280 0.794652
1296 0.797865
1312 0.801492
1328 0.805726
1344 0.809074
1360 0.81224
1376 0.815091
1392 0.818252
1408 0.821203
1424 0.824125
1440 0.826896
1456 0.829977
1472 0.832546
1488 0.835442
1504 0.838517
1520 0.840747
1536 0.844125
1552 0.84615
1568 0.849189
1584 0.851929
1600 0.853984
1616 0.856713
1632 0.859024
1648 0.861455
1664 0.86328
1680 0.865554
1696 0.868352
1712 0.870879
1728 0.873137
1744 0.875265
1760 0.8772
1776 0.879293
1792 0.881465
1808 0.883866
1824 0.885426
1840 0.886993
1856 0.889299
1872 0.891272
1888 0.892861
1904 0.894409
1920 0.895435
1936 0.896956
1952 0.89804
1968 0.899481
1984 0.900686
2000 0.90197
2016 0.903139
2032 0.903984
2048 0.904677
2064 0.905718
2080 0.906793
2096 0.907732
2112 0.908982
2128 0.909917
2144 0.910613
2160 0.911515
2176 0.91242
2192 0.912714
2208 0.913063
2224 0.914203
2240 0.915273
2256 0.915968
2272 0.916425
2288 0.916797
2304 0.917484
2320 0.918037
2336 0.919224
2352 0.920034
2368 0.9203
2384 0.920616
2400 0.920838
2416 0.921397
2432 0.922006
2448 0.922281
2464 0.922803
2480 0.923473
2496 0.923884
2512 0.924462
2528 0.924935
2544 0.92523
2560 0.925881
2576 0.926458
2592 0.926782
2608 0.927306
2624 0.927292
2640 0.927761
2656 0.927876
2672 0.928094
2688 0.928229
2704 0.928462
2720 0.928443
2736 0.928702
2752 0.928877
2768 0.928989
2784 0.929273
2800 0.929247
2816 0.929445
2832 0.929764
2848 0.930103
2864 0.930459
2880 0.930771
2896 0.931005
2912 0.931211
2928 0.931234
2944 0.931582
2960 0.931602
2976 0.932009
2992 0.932002
3008 0.932403
3024 0.932435
3040 0.932671
3056 0.932706
3072 0.93297
3088 0.933246
3104 0.933395
3120 0.933491
3136 0.933769
3152 0.933934
3168 0.934313
3184 0.934344
3200 0.934571
