0 0.000233501
16 0.0302317
32 0.0547676
48 0.0778742
64 0.0994347
80 0.117814
96 0.135859
112 0.154003
128 0.172512
144 0.190395
160 0.206344
176 0.223191
192 0.238373
208 0.255295
224 0.270146
240 0.284
256 0.298455
272 0.313517
288 0.326994
304 0.339774
320 0.352469
336 0.365329
352 0.376713
368 0.387919
384 0.399997
400 0.411973
416 0.424318
432 0.435883
448 0.446071
464 0.456926
480 0.467832
496 0.478884
512 0.487876
528 0.498099
544 0.507088
560 0.516115
576 0.525065
592 0.534519
608 0.543307
624 0.551864
640 0.560867
656 0.568589
672 0.575706
688 0.583318
704 0.591331
720 0.5992
736 0.606786
752 0.613021
768 0.619632
784 0.627101
800 0.634053
816 0.640357
832 0.646804
848 0.653177
864 0.65919
880 0.665635
896 0.671605
912 0.678142
928 0.683885
944 0.690147
960 0.695828
976 0.700815
992 0.705179
1008 0.710443
1024 0.716246
1040 0.721584
1056 0.726491
1072 0.73125
1088 0.737049
1104 0.741234
1120 0.745451
1136 0.749373
1152 0.753583
1168 0.758148
1184 0.76327
1200 0.767609
1216 0.77178
1232 0.776147
1248 0.780088
1264 0.784532
1280 0.78796
1296 0.791306
1312 0.794962
1328 0.799506
1344 0.802614
1360 0.805509
1376 0.808189
1392 0.811278
1408 0.814302
1424 0.817463
1440 0.82016
1456 0.823
1472 0.825789
1488 0.829071
1504 0.831998
1520 0.834339
1536 0.838042
1552 0.840307
1568 0.843464
1584 0.846261
1600 0.848507
1616 0.851711
1632 0.854066
1648 0.856536
1664 0.858747
1680 0.861108
1696 0.864193
1712 0.866688
1728 0.869451
1744 0.871711
1760 0.873477
1776 0.875962
1792 0.878237
1808 0.880613
1824 0.882256
1840 0.883973
1856 0.886403
1872 0.888682
1888 0.890317
1904 0.892087
1920 0.89377
1936 0.895484
1952 0.896529
1968 0.898331
1984 0.899675
2000 0.901073
2016 0.902537
2032 0.903359
2048 0.904137
2064 0.905496
2080 0.906688
2096 0.90769
2112 0.90905
2128 0.909962
2144 0.910607
2160 0.911626
2176 0.91241
2192 0.912444
2208 0.912962
2224 0.914068
2240 0.915328
2256 0.915927
2272 0.916607
2288 0.916973
2304 0.917857
2320 0.918383
2336 0.919646
2352 0.920567
2368 0.92088
2384 0.921139
2400 0.921492
2416 0.922371
2432 0.922972
2448 0.923232
2464 0.923922
2480 0.924374
2496 0.924643
2512 0.924994
2528 0.925532
2544 0.925806
2560 0.926367
2576 0.926694
2592 0.927045
2608 0.927616
2624 0.927516
2640 0.928023
2656 0.928103
2672 0.928481
2688 0.928574
2704 0.92878
2720 0.928614
2736 0.92905
2752 0.928994
2768 0.929181
2784 0.929418
2800 0.929385
2816 0.929683
2832 0.930068
2848 0.930089
2864 0.930391
2880 0.930689
2896 0.931002
2912 0.931176
2928 0.931399
2944 0.931696
2960 0.931739
2976 0.932154
2992 0.932174
3008 0.932765
3024 0.932755
3040 0.932978
3056 0.933143
3072 0.933275
3088 0.933727
3104 0.933856
3120 0.933998
3136 0.934443
3152 0.934548
3168 0.934946
3184 0.93492
3200 0.93515
