0 1.15414e-07
16 0.00185715
32 0.00572096
48 0.0112845
64 0.0179927
80 0.0251603
96 0.033238
112 0.0421851
128 0.0519824
144 0.0621366
160 0.0721143
176 0.0829654
192 0.0934497
208 0.105545
224 0.116758
240 0.128155
256 0.139905
272 0.152273
288 0.164227
304 0.175312
320 0.186805
336 0.198485
352 0.209445
368 0.221268
384 0.233161
400 0.245085
416 0.257881
432 0.270082
448 0.281761
464 0.293469
480 0.305092
496 0.316826
512 0.32786
528 0.338882
544 0.34923
560 0.359514
576 0.369822
592 0.379897
608 0.390273
624 0.39999
640 0.409477
656 0.419469
672 0.427786
688 0.436806
704 0.446796
720 0.456621
736 0.465724
752 0.473845
768 0.481824
784 0.49068
800 0.499248
816 0.507619
832 0.515966
848 0.524859
864 0.533003
880 0.541288
896 0.549471
912 0.557495
928 0.564902
944 0.572557
960 0.58001
976 0.587151
992 0.593988
1008 0.601025
1024 0.608565
1040 0.614892
1056 0.621108
1072 0.627243
1088 0.634329
1104 0.64138
1120 0.647823
1136 0.653417
1152 0.659614
1168 0.665849
1184 0.672084
1200 0.67878
1216 0.684339
1232 0.689451
1248 0.694641
1264 0.700101
1280 0.704669
1296 0.709132
1312 0.713824
1328 0.719048
1344 0.723347
1360 0.727603
1376 0.731473
1392 0.735788
1408 0.739783
1424 0.743481
1440 0.746808
1456 0.751128
1472 0.754342
1488 0.757842
1504 0.761682
1520 0.764403
1536 0.768583
1552 0.7713
1568 0.775132
1584 0.778823
1600 0.781321
1616 0.785066
1632 0.787974
1648 0.791637
1664 0.793885
1680 0.796803
1696 0.800603
1712 0.804087
1728 0.806957
1744 0.809466
1760 0.812067
1776 0.814919
1792 0.817434
1808 0.820849
1824 0.823173
1840 0.825208
1856 0.828448
1872 0.83152
1888 0.833862
1904 0.836077
1920 0.837304
1936 0.839582
1952 0.841125
1968 0.842938
1984 0.844648
2000 0.846245
2016 0.847874
2032 0.849117
2048 0.849775
2064 0.851192
2080 0.852693
2096 0.853972
2112 0.855742
2128 0.856887
2144 0.85767
2160 0.859025
2176 0.86022
2192 0.860756
2208 0.860973
2224 0.862306
2240 0.863796
2256 0.86472
2272 0.865056
2288 0.865663
2304 0.866348
2320 0.867062
2336 0.8689
2352 0.870138
2368 0.87061
2384 0.871136
2400 0.871513
2416 0.872115
2432 0.872762
2448 0.873215
2464 0.87391
2480 0.874878
2496 0.875629
2512 0.876562
2528 0.877234
2544 0.877547
2560 0.878679
2576 0.879225
2592 0.87953
2608 0.880283
2624 0.88014
2640 0.880871
2656 0.881032
2672 0.881205
2688 0.88115
2704 0.881596
2720 0.881565
2736 0.88198
2752 0.882223
2768 0.882364
2784 0.882684
2800 0.882481
2816 0.882994
2832 0.883386
2848 0.883902
2864 0.884125
2880 0.884703
2896 0.885008
2912 0.885405
2928 0.885271
2944 0.885588
2960 0.885622
2976 0.8861
2992 0.885652
3008 0.886317
3024 0.886494
3040 0.886731
3056 0.886663
3072 0.886934
3088 0.887023
3104 0.887254
3120 0.887313
3136 0.887693
3152 0.887778
3168 0.888399
3184 0.88855
3200 0.888946
