0 1.10957e-07
16 0.00179041
32 0.0058251
48 0.0118402
64 0.0191319
80 0.0264635
96 0.0349174
112 0.0448014
128 0.0554899
144 0.0666077
160 0.0772877
176 0.0888717
192 0.099561
208 0.112591
224 0.124334
240 0.136102
256 0.148521
272 0.161534
288 0.173305
304 0.184922
320 0.196101
336 0.208394
352 0.219698
368 0.231295
384 0.243518
400 0.255946
416 0.269095
432 0.281865
448 0.292928
464 0.30505
480 0.317299
496 0.329536
512 0.340048
528 0.350703
544 0.360823
560 0.370884
576 0.381446
592 0.391796
608 0.401841
624 0.410604
640 0.420005
656 0.428879
672 0.436505
688 0.445094
704 0.453958
720 0.462361
736 0.471223
752 0.478764
768 0.486015
784 0.494595
800 0.502445
816 0.509598
832 0.516538
848 0.52409
864 0.531112
880 0.539077
896 0.547048
912 0.555185
928 0.562594
944 0.570306
960 0.577478
976 0.583769
992 0.589349
1008 0.595998
1024 0.603349
1040 0.609042
1056 0.614545
1072 0.620731
1088 0.627211
1104 0.632471
1120 0.638173
1136 0.643376
1152 0.648292
1168 0.653903
1184 0.660295
1200 0.666286
1216 0.671954
1232 0.677347
1248 0.682786
1264 0.68809
1280 0.692387
1296 0.697215
1312 0.701744
1328 0.707638
1344 0.7112
1360 0.714836
1376 0.718377
1392 0.72245
1408 0.726182
1424 0.729988
1440 0.733295
1456 0.737319
1472 0.741405
1488 0.745981
1504 0.749474
1520 0.751967
1536 0.756686
1552 0.759797
1568 0.76391
1584 0.767455
1600 0.77012
1616 0.774188
1632 0.777473
1648 0.781468
1664 0.78347
1680 0.786846
1696 0.791164
1712 0.794988
1728 0.799039
1744 0.801857
1760 0.804818
1776 0.808547
1792 0.811582
1808 0.815156
1824 0.817897
1840 0.82047
1856 0.824022
1872 0.827091
1888 0.829476
1904 0.831491
1920 0.833783
1936 0.836431
1952 0.837275
1968 0.84007
1984 0.841692
2000 0.843572
2016 0.845307
2032 0.846096
2048 0.846804
2064 0.849192
2080 0.85074
2096 0.852398
2112 0.854681
2128 0.856116
2144 0.856963
2160 0.858396
2176 0.859105
2192 0.859271
2208 0.859696
2224 0.861135
2240 0.862689
2256 0.863754
2272 0.864558
2288 0.864733
2304 0.866614
2320 0.867338
2336 0.869359
2352 0.870679
2368 0.871355
2384 0.871464
2400 0.871786
2416 0.873281
2432 0.874211
2448 0.874589
2464 0.875793
2480 0.876597
2496 0.877051
2512 0.877661
2528 0.878608
2544 0.878855
2560 0.879508
2576 0.879957
2592 0.880504
2608 0.881499
2624 0.881089
2640 0.882324
2656 0.881996
2672 0.882499
2688 0.882245
2704 0.882628
2720 0.882215
2736 0.882918
2752 0.882999
2768 0.883133
2784 0.883506
2800 0.8835
2816 0.883565
2832 0.884385
2848 0.883938
2864 0.884249
2880 0.885074
2896 0.884933
2912 0.885211
2928 0.885906
2944 0.886377
2960 0.88591
2976 0.886578
2992 0.886225
3008 0.886834
3024 0.886864
3040 0.887531
3056 0.88778
3072 0.888095
3088 0.888641
3104 0.889025
3120 0.889081
3136 0.889579
3152 0.889686
3168 0.890095
3184 0.889689
3200 0.890175
