0 1.43919e-07
32 4.68832e-07
64 4.14172e-07
96 3.9822e-07
128 3.29003e-07
160 3.96876e-07
192 3.41448e-07
224 3.90884e-07
256 4.04841e-07
288 3.43867e-07
320 4.0265e-07
352 5.02501e-07
384 4.03136e-07
416 3.30102e-07
448 3.96042e-07
480 4.89567e-07
512 3.88034e-07
544 3.38161e-07
576 4.54587e-07
608 3.46135e-07
640 3.58129e-07
672 3.8608e-07
704 3.72919e-07
736 3.61973e-07
768 3.87702e-07
800 4.78675e-07
832 3.51812e-07
864 3.71209e-07
896 3.76081e-07
928 3.57799e-07
960 3.90034e-07
992 4.15655e-07
1024 4.2214e-07
1056 3.44603e-07
1088 4.25383e-07
1120 3.51135e-07
1152 5.0024e-07
1184 3.35665e-07
1216 4.17574e-07
1248 4.23681e-07
1280 3.80866e-07
1312 3.30006e-07
1344 4.15287e-07
1376 4.57357e-07
1408 4.58433e-07
1440 4.61952e-07
1472 4.73599e-07
1504 4.03368e-07
1536 3.5966e-07
1568 3.65686e-07
1600 3.77611e-07
1632 2.84733e-07
1664 3.45087e-07
1696 3.15758e-07
1728 3.84218e-07
1760 2.96122e-07
1792 3.4733e-07
1824 4.56307e-07
1856 3.77931e-07
1888 4.07588e-07
1920 4.28103e-07
1952 3.90427e-07
1984 3.80522e-07
2016 4.1133e-07
2048 4.06198e-07
2080 4.15872e-07
2112 3.47981e-07
2144 4.1181e-07
2176 4.25655e-07
2208 4.39318e-07
2240 4.43939e-07
2272 4.58704e-07
2304 3.5303e-07
2336 3.78022e-07
2368 4.03668e-07
2400 4.10888e-07
2432 3.73927e-07
2464 3.9868e-07
2496 3.4729e-07
2528 5.17908e-07
2560 4.43336e-07
2592 3.39768e-07
2624 3.4783e-07
2656 3.76147e-07
2688 3.96377e-07
2720 3.39411e-07
2752 3.99524e-07
2784 4.64617e-07
2816 4.79647e-07
2848 3.73948e-07
2880 4.88671e-07
2912 3.36816e-07
2944 3.08309e-07
2976 3.78218e-07
3008 4.21075e-07
3040 4.46852e-07
3072 3.78305e-07
3104 3.39473e-07
3136 3.67093e-07
3168 4.21191e-07
3200 3.84151e-07
