0 0.00026111
16 0.0285323
32 0.0515355
48 0.0718354
64 0.0896018
80 0.108403
96 0.125519
112 0.144794
128 0.160194
144 0.178804
160 0.196159
176 0.214874
192 0.231874
208 0.250212
224 0.268006
240 0.284331
256 0.29948
272 0.313778
288 0.329601
304 0.34537
320 0.360362
336 0.37502
352 0.386781
368 0.400908
384 0.41682
400 0.427883
416 0.441739
432 0.454141
448 0.466293
464 0.477512
480 0.488503
496 0.501289
512 0.509576
528 0.518571
544 0.529752
560 0.540172
576 0.549429
592 0.559767
608 0.569127
624 0.576926
640 0.584869
656 0.594442
672 0.603005
688 0.611998
704 0.6164
720 0.622579
736 0.630574
752 0.640696
768 0.644799
784 0.653064
800 0.659876
816 0.666268
832 0.672289
848 0.678517
864 0.684855
880 0.690991
896 0.696589
912 0.700881
928 0.704819
944 0.710336
960 0.713734
976 0.714176
992 0.71785
1008 0.720961
1024 0.727288
1040 0.72855
1056 0.733022
1072 0.735753
1088 0.736953
1104 0.73937
1120 0.742722
1136 0.744519
1152 0.747634
1168 0.752351
1184 0.754108
1200 0.754951
1216 0.757728
1232 0.759892
1248 0.761693
1264 0.764969
1280 0.765285
1296 0.768257
1312 0.770819
1328 0.773425
1344 0.774772
1360 0.777091
1376 0.779602
1392 0.781027
1408 0.783408
1424 0.782372
1440 0.784825
1456 0.784769
1472 0.785749
1488 0.786754
1504 0.78699
1520 0.786998
1536 0.788894
1552 0.789635
1568 0.793165
1584 0.794742
1600 0.794932
1616 0.796569
1632 0.796874
1648 0.799844
1664 0.800471
1680 0.800652
1696 0.800962
1712 0.800666
1728 0.800881
1744 0.800749
1760 0.802291
1776 0.802333
1792 0.80395
1808 0.80707
1824 0.807926
1840 0.808031
1856 0.808891
1872 0.807773
1888 0.808845
1904 0.810924
1920 0.809995
1936 0.809458
1952 0.810065
1968 0.810026
1984 0.809342
2000 0.811795
2016 0.812153
2032 0.813025
2048 0.812606
2064 0.81085
2080 0.809599
2096 0.812612
2112 0.812461
2128 0.812466
2144 0.814218
2160 0.812414
2176 0.815902
2192 0.816257
2208 0.816921
2224 0.8162
2240 0.81479
2256 0.815895
2272 0.814781
2288 0.815815
2304 0.815939
2320 0.81503
2336 0.815683
2352 0.814849
2368 0.814803
2384 0.81367
2400 0.813966
2416 0.813943
2432 0.814985
2448 0.814655
2464 0.814305
2480 0.81488
2496 0.814138
2512 0.815508
2528 0.814465
2544 0.814315
2560 0.814338
2576 0.814198
2592 0.814427
2608 0.813623
2624 0.814829
2640 0.813848
2656 0.814057
2672 0.814068
2688 0.81471
2704 0.815867
2720 0.814681
2736 0.813554
2752 0.812919
2768 0.813748
2784 0.814845
2800 0.816238
2816 0.816846
2832 0.815884
2848 0.815219
2864 0.815513
2880 0.815369
2896 0.816517
2912 0.816657
2928 0.816551
2944 0.815309
2960 0.816704
2976 0.815873
2992 0.815664
3008 0.815306
3024 0.816031
3040 0.81511
3056 0.815836
3072 0.816722
3088 0.818402
3104 0.817458
3120 0.817874
3136 0.817075
3152 0.817338
3168 0.81688
3184 0.817212
3200 0.817504
