0 0.0338383
16 0.0921448
32 0.121999
48 0.123528
64 0.142217
80 0.170625
96 0.190364
112 0.20852
128 0.228123
144 0.248826
160 0.262792
176 0.284869
192 0.307907
208 0.326375
224 0.344159
240 0.358491
256 0.37735
272 0.398491
288 0.417447
304 0.437288
320 0.455193
336 0.470859
352 0.484302
368 0.4984
384 0.513644
400 0.525831
416 0.53746
432 0.548693
448 0.560317
464 0.570672
480 0.581275
496 0.591559
512 0.600055
528 0.611983
544 0.622488
560 0.631498
576 0.6394
592 0.651202
608 0.660566
624 0.671278
640 0.68044
656 0.688766
672 0.696609
688 0.704889
704 0.713895
720 0.722167
736 0.729458
752 0.7369
768 0.744278
784 0.751356
800 0.758555
816 0.764618
832 0.770882
848 0.776971
864 0.783474
880 0.789849
896 0.794337
912 0.799702
928 0.804852
944 0.81041
960 0.81565
976 0.820059
992 0.823818
1008 0.828398
1024 0.833442
1040 0.837972
1056 0.842095
1072 0.845783
1088 0.850861
1104 0.854389
1120 0.857835
1136 0.860793
1152 0.864382
1168 0.867833
1184 0.87147
1200 0.874518
1216 0.877759
1232 0.880935
1248 0.883213
1264 0.886088
1280 0.88873
1296 0.890908
1312 0.893371
1328 0.896707
1344 0.899543
1360 0.901748
1376 0.903917
1392 0.906538
1408 0.908731
1424 0.911031
1440 0.913092
1456 0.91501
1472 0.91679
1488 0.918938
1504 0.920883
1520 0.922881
1536 0.925278
1552 0.926496
1568 0.928347
1584 0.930345
1600 0.932103
1616 0.934105
1632 0.935453
1648 0.936587
1664 0.938125
1680 0.939404
1696 0.941054
1712 0.942299
1728 0.943704
1744 0.945222
1760 0.946217
1776 0.947466
1792 0.948894
1808 0.949918
1824 0.950847
1840 0.951707
1856 0.952792
1872 0.953936
1888 0.954487
1904 0.955423
1920 0.956301
1936 0.957171
1952 0.958021
1968 0.958805
1984 0.959629
2000 0.960341
2016 0.961106
2032 0.961782
2048 0.962596
2064 0.962988
2080 0.963702
2096 0.964036
2112 0.9646
2128 0.965073
2144 0.965591
2160 0.965984
2176 0.966616
2192 0.966799
2208 0.967227
2224 0.967905
2240 0.968603
2256 0.968895
2272 0.969356
2288 0.96962
2304 0.970003
2320 0.970361
2336 0.970829
2352 0.971215
2368 0.971334
2384 0.971694
2400 0.972048
2416 0.972481
2432 0.972809
2448 0.973003
2464 0.973309
2480 0.973615
2496 0.973778
2512 0.97395
2528 0.974168
2544 0.974485
2560 0.974822
2576 0.975074
2592 0.975287
2608 0.975346
2624 0.975649
2640 0.975599
2656 0.975934
2672 0.976253
2688 0.976376
2704 0.976466
2720 0.976666
2736 0.976839
2752 0.977042
2768 0.977233
2784 0.977339
2800 0.977601
2816 0.977728
2832 0.977904
2848 0.978115
2864 0.978439
2880 0.978572
2896 0.978808
2912 0.978983
2928 0.979145
2944 0.979377
2960 0.979628
2976 0.979772
2992 0.980037
3008 0.980261
3024 0.980345
3040 0.980482
3056 0.980666
3072 0.98078
3088 0.981004
3104 0.981142
3120 0.981423
3136 0.981608
3152 0.981859
3168 0.982042
3184 0.98226
3200 0.982336
