0 0.215209
16 -0.0133428
32 0.0286898
48 0.0499001
64 0.0696786
80 0.0629204
96 0.12761
112 0.156851
128 0.218208
144 0.25238
160 0.279969
176 0.308528
192 0.342113
208 0.377886
224 0.412445
240 0.446449
256 0.471247
272 0.492927
288 0.506089
304 0.518297
320 0.5315
336 0.547977
352 0.557127
368 0.580012
384 0.607931
400 0.623351
416 0.635108
432 0.653742
448 0.671749
464 0.681235
480 0.690902
496 0.709644
512 0.715624
528 0.727087
544 0.739222
560 0.751367
576 0.758771
592 0.769825
608 0.779942
624 0.789298
640 0.798806
656 0.80661
672 0.815726
688 0.825705
704 0.827394
720 0.834509
736 0.841861
752 0.85126
768 0.856063
784 0.862678
800 0.86798
816 0.873426
832 0.878321
848 0.884146
864 0.890114
880 0.894333
896 0.898581
912 0.90288
928 0.906948
944 0.911023
960 0.915776
976 0.9175
992 0.919368
1008 0.921692
1024 0.925461
1040 0.927806
1056 0.931951
1072 0.933994
1088 0.937351
1104 0.938982
1120 0.94259
1136 0.943634
1152 0.945241
1168 0.947754
1184 0.949135
1200 0.950903
1216 0.952927
1232 0.954998
1248 0.956693
1264 0.95878
1280 0.961478
1296 0.964013
1312 0.964749
1328 0.966148
1344 0.967955
1360 0.968657
1376 0.970249
1392 0.97141
1408 0.973325
1424 0.973977
1440 0.974741
1456 0.974371
1472 0.9751
1488 0.976742
1504 0.978314
1520 0.978551
1536 0.98012
1552 0.980612
1568 0.982324
1584 0.983072
1600 0.98415
1616 0.984782
1632 0.985994
1648 0.987135
1664 0.987637
1680 0.987661
1696 0.987922
1712 0.988692
1728 0.989203
1744 0.990364
1760 0.99056
1776 0.991169
1792 0.991608
1808 0.992501
1824 0.993357
1840 0.993169
1856 0.992747
1872 0.993299
1888 0.993449
1904 0.993827
1920 0.993924
1936 0.993953
1952 0.99445
1968 0.994624
1984 0.994793
2000 0.994956
2016 0.995058
2032 0.995142
2048 0.995402
2064 0.99538
2080 0.995403
2096 0.995589
2112 0.995673
2128 0.995836
2144 0.995985
2160 0.996266
2176 0.996251
2192 0.996361
2208 0.99636
2224 0.996386
2240 0.996421
2256 0.996519
2272 0.996646
2288 0.99675
2304 0.996731
2320 0.996779
2336 0.996846
2352 0.996583
2368 0.996557
2384 0.996525
2400 0.99665
2416 0.99672
2432 0.996909
2448 0.99697
2464 0.996735
2480 0.997013
2496 0.997046
2512 0.996845
2528 0.997123
2544 0.997045
2560 0.997133
2576 0.997032
2592 0.997308
2608 0.997297
2624 0.997473
2640 0.997134
2656 0.997282
2672 0.997411
2688 0.997494
2704 0.997695
2720 0.998019
2736 0.998132
2752 0.998351
2768 0.998273
2784 0.998362
2800 0.998542
2816 0.998813
2832 0.99891
2848 0.999048
2864 0.999023
2880 0.999131
2896 0.999249
2912 0.999162
2928 0.999367
2944 0.999457
2960 0.999359
2976 0.999286
2992 0.999367
3008 0.99938
3024 0.999408
3040 0.999327
3056 0.999449
3072 0.999482
3088 0.99947
3104 0.999416
3120 0.999397
3136 0.999419
3152 0.99935
3168 0.999306
3184 0.999379
3200 0.999384
