0 0.0825233
16 0.0900856
32 0.11013
48 0.0768101
64 0.0866301
80 0.100591
96 0.115959
112 0.124465
128 0.148802
144 0.176123
160 0.198931
176 0.22869
192 0.257204
208 0.283331
224 0.304325
240 0.321484
256 0.346235
272 0.372794
288 0.394391
304 0.416319
320 0.4362
336 0.453104
352 0.466077
368 0.478057
384 0.495045
400 0.509435
416 0.521594
432 0.532229
448 0.543477
464 0.554277
480 0.565551
496 0.577422
512 0.584004
528 0.597164
544 0.605779
560 0.615722
576 0.623312
592 0.635271
608 0.645326
624 0.655981
640 0.666361
656 0.675247
672 0.683607
688 0.691838
704 0.700331
720 0.709558
736 0.718002
752 0.724639
768 0.731852
784 0.739963
800 0.747335
816 0.753827
832 0.761354
848 0.767257
864 0.773336
880 0.77937
896 0.783966
912 0.789499
928 0.794038
944 0.800091
960 0.805334
976 0.809511
992 0.813584
1008 0.817875
1024 0.823354
1040 0.828411
1056 0.832844
1072 0.836905
1088 0.842905
1104 0.846182
1120 0.849144
1136 0.852071
1152 0.855912
1168 0.859655
1184 0.864056
1200 0.866463
1216 0.869651
1232 0.873152
1248 0.875705
1264 0.879026
1280 0.881859
1296 0.884124
1312 0.886681
1328 0.89073
1344 0.893516
1360 0.895674
1376 0.898195
1392 0.900934
1408 0.90351
1424 0.906212
1440 0.908601
1456 0.910633
1472 0.912445
1488 0.91483
1504 0.917061
1520 0.919241
1536 0.922166
1552 0.923819
1568 0.926036
1584 0.927993
1600 0.929831
1616 0.932176
1632 0.933767
1648 0.935097
1664 0.936834
1680 0.938148
1696 0.940084
1712 0.941542
1728 0.943189
1744 0.944664
1760 0.945756
1776 0.947146
1792 0.94879
1808 0.949946
1824 0.950681
1840 0.951742
1856 0.95294
1872 0.954174
1888 0.954838
1904 0.955927
1920 0.957096
1936 0.95806
1952 0.959035
1968 0.959809
1984 0.960902
2000 0.961766
2016 0.962805
2032 0.963465
2048 0.964374
2064 0.964917
2080 0.965581
2096 0.966026
2112 0.966505
2128 0.967074
2144 0.967502
2160 0.967966
2176 0.968631
2192 0.968704
2208 0.969221
2224 0.969683
2240 0.970376
2256 0.970717
2272 0.971287
2288 0.97155
2304 0.971996
2320 0.972278
2336 0.972763
2352 0.973147
2368 0.973216
2384 0.973531
2400 0.973853
2416 0.974253
2432 0.974617
2448 0.974763
2464 0.975022
2480 0.97531
2496 0.975345
2512 0.97542
2528 0.975687
2544 0.976041
2560 0.976301
2576 0.976528
2592 0.976743
2608 0.976825
2624 0.977031
2640 0.976924
2656 0.97725
2672 0.977606
2688 0.977738
2704 0.977726
2720 0.977838
2736 0.977994
2752 0.978152
2768 0.978392
2784 0.978572
2800 0.978976
2816 0.979123
2832 0.97938
2848 0.979466
2864 0.979846
2880 0.979934
2896 0.980262
2912 0.980365
2928 0.980564
2944 0.980731
2960 0.980913
2976 0.981166
2992 0.981555
3008 0.98183
3024 0.98194
3040 0.981907
3056 0.98206
3072 0.982311
3088 0.982638
3104 0.982703
3120 0.983132
3136 0.983307
3152 0.983471
3168 0.983734
3184 0.983952
3200 0.984139
