0 0.110201
16 0.0167545
32 0.0495235
48 0.0782217
64 0.103582
80 0.105707
96 0.167032
112 0.19208
128 0.250954
144 0.275804
160 0.29862
176 0.328394
192 0.362145
208 0.394688
224 0.42196
240 0.448968
256 0.471784
272 0.493161
288 0.510883
304 0.525138
320 0.540716
336 0.557093
352 0.572822
368 0.595092
384 0.617105
400 0.630098
416 0.640572
432 0.65889
448 0.677019
464 0.684964
480 0.696446
496 0.71346
512 0.720105
528 0.731221
544 0.741682
560 0.754643
576 0.762285
592 0.773487
608 0.784044
624 0.793947
640 0.803542
656 0.810156
672 0.819857
688 0.828884
704 0.831269
720 0.838789
736 0.847195
752 0.854744
768 0.860862
784 0.867908
800 0.873035
816 0.878338
832 0.883975
848 0.889227
864 0.89534
880 0.899518
896 0.904087
912 0.908189
928 0.911744
944 0.916042
960 0.920402
976 0.922091
992 0.924739
1008 0.927421
1024 0.931054
1040 0.933118
1056 0.936639
1072 0.938728
1088 0.941587
1104 0.9433
1120 0.946412
1136 0.947415
1152 0.948515
1168 0.950753
1184 0.952151
1200 0.95399
1216 0.955797
1232 0.957462
1248 0.958898
1264 0.961242
1280 0.963141
1296 0.965351
1312 0.966386
1328 0.967525
1344 0.96884
1360 0.969877
1376 0.97142
1392 0.972477
1408 0.97401
1424 0.974479
1440 0.975114
1456 0.975028
1472 0.975805
1488 0.97706
1504 0.97822
1520 0.978495
1536 0.979758
1552 0.98023
1568 0.981712
1584 0.982296
1600 0.982912
1616 0.983513
1632 0.984508
1648 0.985533
1664 0.985894
1680 0.985963
1696 0.986088
1712 0.986828
1728 0.9871
1744 0.988236
1760 0.988484
1776 0.988965
1792 0.989348
1808 0.989999
1824 0.990782
1840 0.9906
1856 0.990451
1872 0.990895
1888 0.991101
1904 0.991539
1920 0.991816
1936 0.991802
1952 0.992274
1968 0.992372
1984 0.992444
2000 0.992672
2016 0.992936
2032 0.99311
2048 0.99342
2064 0.993462
2080 0.993437
2096 0.993864
2112 0.99383
2128 0.994113
2144 0.994209
2160 0.994413
2176 0.994512
2192 0.99459
2208 0.994648
2224 0.994724
2240 0.994768
2256 0.994891
2272 0.994952
2288 0.995054
2304 0.99493
2320 0.994962
2336 0.995026
2352 0.994835
2368 0.994757
2384 0.994779
2400 0.994883
2416 0.994929
2432 0.995096
2448 0.995121
2464 0.994982
2480 0.995095
2496 0.995133
2512 0.995035
2528 0.995213
2544 0.995112
2560 0.995256
2576 0.995163
2592 0.995417
2608 0.995303
2624 0.995456
2640 0.995175
2656 0.995291
2672 0.995364
2688 0.995395
2704 0.995572
2720 0.995852
2736 0.995969
2752 0.996171
2768 0.996102
2784 0.996177
2800 0.996298
2816 0.996459
2832 0.996535
2848 0.996672
2864 0.996661
2880 0.996727
2896 0.996801
2912 0.996755
2928 0.996963
2944 0.996995
2960 0.996884
2976 0.996869
2992 0.996878
3008 0.996895
3024 0.996892
3040 0.996827
3056 0.996984
3072 0.996954
3088 0.996953
3104 0.996957
3120 0.996999
3136 0.996942
3152 0.996912
3168 0.996932
3184 0.996903
3200 0.996915
