0 0.0570552
16 0.111837
32 0.128896
48 0.0931766
64 0.0983002
80 0.110554
96 0.120841
112 0.121992
128 0.142379
144 0.166285
160 0.189101
176 0.22163
192 0.251564
208 0.274813
224 0.292422
240 0.305392
256 0.327886
272 0.354182
288 0.374589
304 0.397707
320 0.41773
336 0.436171
352 0.451625
368 0.465108
384 0.48132
400 0.496241
416 0.509628
432 0.521357
448 0.535548
464 0.547239
480 0.559153
496 0.571682
512 0.577764
528 0.591283
544 0.599293
560 0.610193
576 0.617019
592 0.628197
608 0.639431
624 0.649949
640 0.66062
656 0.669206
672 0.678238
688 0.686115
704 0.694381
720 0.702918
736 0.712124
752 0.719278
768 0.726779
784 0.734667
800 0.742721
816 0.74904
832 0.756901
848 0.762962
864 0.769896
880 0.77597
896 0.780512
912 0.785534
928 0.78959
944 0.795641
960 0.801487
976 0.805867
992 0.810237
1008 0.814193
1024 0.819811
1040 0.825014
1056 0.829125
1072 0.833029
1088 0.839037
1104 0.842512
1120 0.845575
1136 0.848714
1152 0.853025
1168 0.857172
1184 0.86179
1200 0.864253
1216 0.867702
1232 0.871101
1248 0.873608
1264 0.876966
1280 0.879562
1296 0.882312
1312 0.884931
1328 0.889279
1344 0.892108
1360 0.893976
1376 0.896933
1392 0.900162
1408 0.902933
1424 0.905619
1440 0.908165
1456 0.910163
1472 0.912236
1488 0.914921
1504 0.917095
1520 0.919208
1536 0.922144
1552 0.923793
1568 0.925985
1584 0.927732
1600 0.929733
1616 0.932133
1632 0.933679
1648 0.935119
1664 0.936785
1680 0.938187
1696 0.940158
1712 0.941743
1728 0.943483
1744 0.944519
1760 0.945948
1776 0.947152
1792 0.94875
1808 0.95017
1824 0.950911
1840 0.952
1856 0.953167
1872 0.954326
1888 0.955051
1904 0.955999
1920 0.957021
1936 0.958204
1952 0.959107
1968 0.959989
1984 0.961025
2000 0.961839
2016 0.962744
2032 0.963444
2048 0.964227
2064 0.964878
2080 0.965583
2096 0.965937
2112 0.966457
2128 0.966918
2144 0.967483
2160 0.968081
2176 0.968632
2192 0.968828
2208 0.969334
2224 0.969708
2240 0.970389
2256 0.970744
2272 0.971294
2288 0.971573
2304 0.972035
2320 0.972302
2336 0.972912
2352 0.9733
2368 0.973282
2384 0.973542
2400 0.973927
2416 0.974291
2432 0.974702
2448 0.974808
2464 0.974813
2480 0.975161
2496 0.975267
2512 0.975386
2528 0.975899
2544 0.976603
2560 0.97681
2576 0.976935
2592 0.977239
2608 0.97731
2624 0.977619
2640 0.977457
2656 0.977889
2672 0.978246
2688 0.978311
2704 0.978119
2720 0.978166
2736 0.978416
2752 0.978662
2768 0.978802
2784 0.979106
2800 0.979545
2816 0.979671
2832 0.980081
2848 0.980105
2864 0.980533
2880 0.98058
2896 0.980897
2912 0.981217
2928 0.981714
2944 0.981977
2960 0.982009
2976 0.98224
2992 0.982527
3008 0.982796
3024 0.982948
3040 0.982981
3056 0.983159
3072 0.983439
3088 0.983928
3104 0.983954
3120 0.984467
3136 0.984677
3152 0.984737
3168 0.985078
3184 0.985246
3200 0.985347
