0 0.0215856
16 0.086404
32 0.113974
48 0.0837679
64 0.0942214
80 0.109911
96 0.126304
112 0.138351
128 0.159497
144 0.184712
160 0.20479
176 0.232355
192 0.258573
208 0.283548
224 0.303863
240 0.321791
256 0.347279
272 0.371772
288 0.393073
304 0.414054
320 0.433159
336 0.448858
352 0.460564
368 0.47321
384 0.488792
400 0.502605
416 0.51381
432 0.524987
448 0.535879
464 0.546676
480 0.557994
496 0.570188
512 0.577134
528 0.589744
544 0.598165
560 0.607818
576 0.615723
592 0.627085
608 0.637613
624 0.648662
640 0.658884
656 0.667639
672 0.676791
688 0.685123
704 0.69389
720 0.703238
736 0.711325
752 0.718645
768 0.725768
784 0.734065
800 0.741581
816 0.748178
832 0.755382
848 0.761213
864 0.767743
880 0.773961
896 0.778927
912 0.784783
928 0.789952
944 0.79571
960 0.801351
976 0.805764
992 0.809877
1008 0.81403
1024 0.819486
1040 0.824501
1056 0.829032
1072 0.833173
1088 0.838979
1104 0.842357
1120 0.845456
1136 0.848315
1152 0.852335
1168 0.855911
1184 0.860162
1200 0.862674
1216 0.86585
1232 0.869416
1248 0.872041
1264 0.875239
1280 0.878226
1296 0.880446
1312 0.883193
1328 0.886917
1344 0.889637
1360 0.891916
1376 0.894368
1392 0.897016
1408 0.899409
1424 0.902084
1440 0.904558
1456 0.906645
1472 0.908405
1488 0.91069
1504 0.91285
1520 0.914896
1536 0.917841
1552 0.919449
1568 0.92171
1584 0.923728
1600 0.925665
1616 0.927935
1632 0.929679
1648 0.931036
1664 0.93281
1680 0.934255
1696 0.936276
1712 0.937834
1728 0.939443
1744 0.940953
1760 0.942029
1776 0.943381
1792 0.945096
1808 0.946182
1824 0.947113
1840 0.948071
1856 0.949382
1872 0.950581
1888 0.951162
1904 0.952233
1920 0.953357
1936 0.954224
1952 0.955065
1968 0.955844
1984 0.956883
2000 0.957667
2016 0.958635
2032 0.959321
2048 0.960248
2064 0.96077
2080 0.961483
2096 0.961956
2112 0.962504
2128 0.962944
2144 0.96341
2160 0.963873
2176 0.964601
2192 0.964708
2208 0.965164
2224 0.965803
2240 0.966562
2256 0.967006
2272 0.967658
2288 0.967898
2304 0.968374
2320 0.968756
2336 0.969226
2352 0.969645
2368 0.969705
2384 0.970014
2400 0.970345
2416 0.970733
2432 0.971184
2448 0.971324
2464 0.971623
2480 0.971902
2496 0.971993
2512 0.972165
2528 0.972457
2544 0.972792
2560 0.973145
2576 0.973418
2592 0.973578
2608 0.973702
2624 0.97397
2640 0.973858
2656 0.974191
2672 0.974584
2688 0.974753
2704 0.974772
2720 0.974917
2736 0.975147
2752 0.975357
2768 0.975562
2784 0.97578
2800 0.976111
2816 0.976244
2832 0.976524
2848 0.976709
2864 0.977197
2880 0.977252
2896 0.977577
2912 0.977749
2928 0.977935
2944 0.978139
2960 0.978375
2976 0.978654
2992 0.979106
3008 0.979391
3024 0.979467
3040 0.979526
3056 0.979806
3072 0.980043
3088 0.980378
3104 0.980496
3120 0.980898
3136 0.981098
3152 0.981315
3168 0.981577
3184 0.981846
3200 0.982057
