0 0.0679472
16 0.101334
32 0.117814
48 0.0966368
64 0.109994
80 0.129808
96 0.141516
112 0.149259
128 0.171423
144 0.196244
160 0.219313
176 0.249222
192 0.276652
208 0.300221
224 0.318976
240 0.333714
256 0.354294
272 0.377932
288 0.398613
304 0.418755
320 0.438915
336 0.454237
352 0.466717
368 0.478561
384 0.493247
400 0.507784
416 0.520243
432 0.5316
448 0.544198
464 0.55538
480 0.56727
496 0.578604
512 0.584792
528 0.597809
544 0.605943
560 0.616026
576 0.62299
592 0.634079
608 0.644612
624 0.655235
640 0.666071
656 0.674493
672 0.683077
688 0.691043
704 0.699018
720 0.70764
736 0.716526
752 0.723155
768 0.730427
784 0.738397
800 0.745778
816 0.752108
832 0.759818
848 0.765969
864 0.772311
880 0.778294
896 0.783196
912 0.788422
928 0.792461
944 0.797928
960 0.803193
976 0.806945
992 0.811368
1008 0.815563
1024 0.821219
1040 0.825845
1056 0.829926
1072 0.834044
1088 0.840216
1104 0.843476
1120 0.846315
1136 0.849243
1152 0.853349
1168 0.857038
1184 0.861572
1200 0.863949
1216 0.867302
1232 0.870684
1248 0.873154
1264 0.876456
1280 0.879163
1296 0.88185
1312 0.884587
1328 0.88879
1344 0.891395
1360 0.893402
1376 0.896301
1392 0.899244
1408 0.901997
1424 0.904789
1440 0.907229
1456 0.90929
1472 0.911191
1488 0.913695
1504 0.915931
1520 0.918034
1536 0.920857
1552 0.922362
1568 0.924512
1584 0.926474
1600 0.928539
1616 0.931148
1632 0.932695
1648 0.934099
1664 0.935776
1680 0.93719
1696 0.93914
1712 0.940829
1728 0.94256
1744 0.943872
1760 0.944948
1776 0.946186
1792 0.94775
1808 0.94903
1824 0.949895
1840 0.950943
1856 0.952064
1872 0.953276
1888 0.954037
1904 0.95508
1920 0.956209
1936 0.957284
1952 0.958109
1968 0.958871
1984 0.960042
2000 0.960893
2016 0.961898
2032 0.962547
2048 0.963399
2064 0.963982
2080 0.964623
2096 0.965042
2112 0.965576
2128 0.966077
2144 0.966564
2160 0.967083
2176 0.967701
2192 0.967782
2208 0.96826
2224 0.968672
2240 0.969383
2256 0.96968
2272 0.970292
2288 0.970637
2304 0.971073
2320 0.971363
2336 0.971805
2352 0.972263
2368 0.972312
2384 0.972672
2400 0.973067
2416 0.973462
2432 0.973835
2448 0.974025
2464 0.974234
2480 0.974575
2496 0.974606
2512 0.974675
2528 0.974916
2544 0.975303
2560 0.975589
2576 0.975828
2592 0.976084
2608 0.976155
2624 0.976387
2640 0.976341
2656 0.976771
2672 0.977104
2688 0.977174
2704 0.977173
2720 0.977301
2736 0.977469
2752 0.977675
2768 0.977892
2784 0.978116
2800 0.978539
2816 0.978669
2832 0.978948
2848 0.97903
2864 0.979421
2880 0.979452
2896 0.979802
2912 0.979949
2928 0.980194
2944 0.980337
2960 0.980503
2976 0.980833
2992 0.981183
3008 0.981445
3024 0.981638
3040 0.981604
3056 0.981742
3072 0.982047
3088 0.982441
3104 0.982515
3120 0.982933
3136 0.983077
3152 0.983249
3168 0.983533
3184 0.983718
3200 0.98387
