0 0.0275859
16 0.0791562
32 0.111584
48 0.11338
64 0.132623
80 0.160172
96 0.178875
112 0.195923
128 0.213894
144 0.236579
160 0.252891
176 0.278031
192 0.301922
208 0.321167
224 0.33949
240 0.35494
256 0.374495
272 0.396567
288 0.415551
304 0.436073
320 0.4538
336 0.469276
352 0.482597
368 0.496447
384 0.511932
400 0.524271
416 0.536129
432 0.547466
448 0.559113
464 0.569476
480 0.580065
496 0.589982
512 0.598202
528 0.610532
544 0.620848
560 0.62963
576 0.637324
592 0.648955
608 0.659211
624 0.670066
640 0.679511
656 0.688334
672 0.696186
688 0.704917
704 0.71355
720 0.721898
736 0.729649
752 0.736819
768 0.744057
784 0.751682
800 0.758658
816 0.764861
832 0.771041
848 0.777391
864 0.783707
880 0.78989
896 0.794314
912 0.799609
928 0.804771
944 0.81024
960 0.815385
976 0.819852
992 0.823788
1008 0.828171
1024 0.83329
1040 0.837823
1056 0.842001
1072 0.845842
1088 0.850906
1104 0.854532
1120 0.857984
1136 0.86084
1152 0.864589
1168 0.86831
1184 0.872284
1200 0.875187
1216 0.87837
1232 0.881385
1248 0.883856
1264 0.886677
1280 0.889422
1296 0.891639
1312 0.894243
1328 0.897716
1344 0.900594
1360 0.902834
1376 0.905192
1392 0.907873
1408 0.910135
1424 0.912488
1440 0.914638
1456 0.91655
1472 0.918308
1488 0.920393
1504 0.922291
1520 0.924242
1536 0.926722
1552 0.928095
1568 0.929978
1584 0.931889
1600 0.933697
1616 0.935675
1632 0.937086
1648 0.938233
1664 0.939736
1680 0.941024
1696 0.942698
1712 0.943992
1728 0.945356
1744 0.946838
1760 0.947899
1776 0.949232
1792 0.950659
1808 0.951705
1824 0.952593
1840 0.953351
1856 0.95443
1872 0.955607
1888 0.956211
1904 0.957154
1920 0.958069
1936 0.958841
1952 0.959657
1968 0.960471
1984 0.96143
2000 0.962135
2016 0.96296
2032 0.963667
2048 0.964419
2064 0.964815
2080 0.965466
2096 0.965795
2112 0.966287
2128 0.966792
2144 0.96727
2160 0.967763
2176 0.968368
2192 0.96849
2208 0.968855
2224 0.969486
2240 0.970134
2256 0.970513
2272 0.971025
2288 0.97129
2304 0.9717
2320 0.972032
2336 0.972568
2352 0.972917
2368 0.973037
2384 0.97342
2400 0.973671
2416 0.974038
2432 0.974412
2448 0.974594
2464 0.97488
2480 0.975195
2496 0.975272
2512 0.975493
2528 0.975739
2544 0.97606
2560 0.976359
2576 0.976661
2592 0.976849
2608 0.976946
2624 0.977155
2640 0.977099
2656 0.977334
2672 0.977646
2688 0.977785
2704 0.977855
2720 0.978053
2736 0.97823
2752 0.978441
2768 0.978604
2784 0.978809
2800 0.979096
2816 0.979168
2832 0.979416
2848 0.97957
2864 0.979897
2880 0.979957
2896 0.980251
2912 0.980355
2928 0.980537
2944 0.980733
2960 0.980961
2976 0.981171
2992 0.981453
3008 0.981685
3024 0.981737
3040 0.981802
3056 0.981977
3072 0.982159
3088 0.982377
3104 0.982492
3120 0.982796
3136 0.982959
3152 0.983132
3168 0.983298
3184 0.983498
3200 0.98367
