0 0.26596
16 -0.0538819
32 -0.051007
48 -0.0179214
64 -0.00268238
80 -0.00376181
96 0.0674392
112 0.116185
128 0.190038
144 0.243524
160 0.292126
176 0.320562
192 0.363567
208 0.409841
224 0.450879
240 0.498791
256 0.517916
272 0.537923
288 0.551864
304 0.571924
320 0.5883
336 0.59745
352 0.608422
368 0.627111
384 0.656086
400 0.669656
416 0.677422
432 0.697078
448 0.71054
464 0.717402
480 0.724552
496 0.740296
512 0.745146
528 0.756505
544 0.765775
560 0.779169
576 0.788885
592 0.798423
608 0.80741
624 0.815447
640 0.821464
656 0.827494
672 0.834348
688 0.842649
704 0.843155
720 0.849328
736 0.857046
752 0.865742
768 0.871206
784 0.877336
800 0.882695
816 0.887134
832 0.892495
848 0.897508
864 0.903162
880 0.907316
896 0.911985
912 0.916201
928 0.920244
944 0.922537
960 0.927417
976 0.929262
992 0.929568
1008 0.932428
1024 0.935805
1040 0.936812
1056 0.940209
1072 0.942624
1088 0.946199
1104 0.947715
1120 0.951124
1136 0.952588
1152 0.954361
1168 0.956739
1184 0.958203
1200 0.959986
1216 0.961808
1232 0.964005
1248 0.965755
1264 0.967374
1280 0.970276
1296 0.972524
1312 0.97293
1328 0.973779
1344 0.975089
1360 0.976437
1376 0.977001
1392 0.977561
1408 0.979125
1424 0.979952
1440 0.98053
1456 0.979638
1472 0.980338
1488 0.982213
1504 0.983586
1520 0.983997
1536 0.984884
1552 0.985174
1568 0.986941
1584 0.987595
1600 0.98812
1616 0.987767
1632 0.989496
1648 0.990456
1664 0.991191
1680 0.991398
1696 0.991911
1712 0.9923
1728 0.993114
1744 0.99415
1760 0.994231
1776 0.994529
1792 0.994939
1808 0.995446
1824 0.996073
1840 0.996197
1856 0.99594
1872 0.996188
1888 0.996143
1904 0.996588
1920 0.9969
1936 0.996965
1952 0.997489
1968 0.997763
1984 0.997856
2000 0.997999
2016 0.998001
2032 0.998118
2048 0.99835
2064 0.998339
2080 0.998452
2096 0.998696
2112 0.998681
2128 0.998918
2144 0.999248
2160 0.999419
2176 0.999458
2192 0.999543
2208 0.999569
2224 0.999521
2240 0.99952
2256 0.999464
2272 0.999535
2288 0.999473
2304 0.999482
2320 0.999472
2336 0.999458
2352 0.999367
2368 0.999316
2384 0.999271
2400 0.999525
2416 0.999496
2432 0.999475
2448 0.999512
2464 0.999352
2480 0.9994
2496 0.999399
2512 0.999254
2528 0.999353
2544 0.9994
2560 0.999443
2576 0.999376
2592 0.999479
2608 0.999411
2624 0.999519
2640 0.999421
2656 0.99945
2672 0.999347
2688 0.999411
2704 0.999369
2720 0.999399
2736 0.999201
2752 0.999248
2768 0.99923
2784 0.999308
2800 0.999421
2816 0.999469
2832 0.999353
2848 0.999333
2864 0.999347
2880 0.999462
2896 0.999448
2912 0.99937
2928 0.999431
2944 0.999446
2960 0.999393
2976 0.99927
2992 0.999339
3008 0.999417
3024 0.999509
3040 0.999429
3056 0.999454
3072 0.999513
3088 0.999475
3104 0.999473
3120 0.999376
3136 0.999416
3152 0.999337
3168 0.999282
3184 0.999372
3200 0.999321
