0 -0.0315685
32 -0.147231
64 -0.0493508
96 0.0302819
128 0.192556
160 0.0651417
192 0.0613615
224 0.160871
256 -0.111714
288 -0.0864252
320 0.081783
352 0.00361531
384 -0.0957015
416 0.0602503
448 -0.0719001
480 0.0573898
512 0.0189929
544 0.0925259
576 0.0586062
608 -0.0220792
640 0.023725
672 -0.051419
704 0.0070388
736 0.0631089
768 -0.0860765
800 -0.21077
832 0.0387735
864 -0.0147414
896 0.246762
928 0.0286208
960 0.11099
992 -0.0185808
1024 0.169413
1056 0.091822
1088 0.0742758
1120 0.0510064
1152 -0.208173
1184 0.166284
1216 -0.063099
1248 0.0753248
1280 0.102644
1312 -0.0050075
1344 -0.0468803
1376 -0.298753
1408 -0.0470236
1440 -0.142505
1472 -0.0272085
1504 -0.112868
1536 0.0645032
1568 0.182208
1600 0.016636
1632 0.0876685
1664 0.0823786
1696 0.147011
1728 0.0602647
1760 0.0475487
1792 0.21968
1824 -0.0974972
1856 0.0376851
1888 0.044249
1920 -0.00807624
1952 0.0195354
1984 -0.155549
2016 -0.0728289
2048 -0.0700455
2080 -0.0986329
2112 0.187625
2144 0.10121
2176 0.150558
2208 -0.122226
2240 0.117364
2272 -0.0377544
2304 0.0337162
2336 0.0780053
2368 0.0720073
2400 -0.00348486
2432 -0.0580908
2464 -0.110491
2496 0.134462
2528 -0.108509
2560 -0.161129
2592 0.110245
2624 0.217967
2656 0.121904
2688 0.0951577
2720 0.105145
2752 -0.363017
2784 0.0674982
2816 -0.251705
2848 -0.0509484
2880 -0.055991
2912 0.101737
2944 0.107122
2976 0.0831881
3008 -0.092599
3040 0.0406311
3072 0.175983
3104 -0.0233955
3136 0.0678877
3168 -0.146492
3200 0.151561
