0 252.93333333 253.50333333
6.25000000 15.53333333 15.56333333
12.50000000 8.93000000 8.99000000
18.75000000 6.36333333 6.35666667
25.00000000 5.01666667 4.99666667
31.25000000 4.09666667 4.12666667
37.50000000 3.56666667 3.52666667
43.75000000 3.02666667 3.08666667
50.00000000 2.67333333 2.70666667
56.25000000 2.40333333 2.40666667
62.50000000 2.22000000 2.18000000
68.75000000 2.02666667 2.01666667
75.00000000 1.88000000 1.86333333
81.25000000 1.75000000 1.76000000
87.50000000 1.65333333 1.63333333
93.75000000 1.53666667 1.48333333
100.00000000 1.41333333 1.43666667
106.25000000 1.33333333 1.32666667
112.50000000 1.26000000 1.23333333
118.75000000 1.19666667 1.18666667
125.00000000 1.14333333 1.13333333
131.25000000 1.07333333 1.04000000
137.50000000 0.99666667 1.00000000
143.75000000 0.92333333 0.91333333
150.00000000 0.85000000 0.88666667
156.25000000 0.83333333 0.85000000
162.50000000 0.75333333 0.75666667
168.75000000 0.74333333 0.71666667
175.00000000 0.69333333 0.68666667
181.25000000 0.64666667 0.66333333
187.50000000 0.61666667 0.59666667
193.75000000 0.55333333 0.55000000
200.00000000 0.51333333 0.54000000
206.25000000 0.50666667 0.51000000
212.50000000 0.49333333 0.47333333
218.75000000 0.46333333 0.47333333
225.00000000 0.44000000 0.43000000
231.25000000 0.40333333 0.40333333
237.50000000 0.39333333 0.41000000
243.75000000 0.37666667 0.36666667
250.00000000 0.36333333 0.37333333
256.25000000 0.35666667 0.36666667
262.50000000 0.34333333 0.35666667
268.75000000 0.33333333 0.34333333
275.00000000 0.31333333 0.32000000
281.25000000 0.31000000 0.30666667
287.50000000 0.27666667 0.28000000
293.75000000 0.27333333 0.26333333
300.00000000 0.25666667 0.25666667
306.25000000 0.24666667 0.25333333
312.50000000 0.23666667 0.23000000
318.75000000 0.21333333 0.22333333
325.00000000 0.20666667 0.20333333
331.25000000 0.19000000 0.19000000
337.50000000 0.17666667 0.17666667
343.75000000 0.17333333 0.16666667
350.00000000 0.14666667 0.16000000
356.25000000 0.15000000 0.15333333
362.50000000 0.14333333 0.15000000
368.75000000 0.15000000 0.15000000
375.00000000 0.13000000 0.13333333
381.25000000 0.11333333 0.12000000
387.50000000 0.11000000 0.10666667
393.75000000 0.09666667 0.09666667
400.00000000 0.09000000 0.09000000
406.25000000 0.09333333 0.09333333
412.50000000 0.07333333 0.06666667
418.75000000 0.07000000 0.07000000
425.00000000 0.06666667 0.06333333
431.25000000 0.06333333 0.06666667
437.50000000 0.06000000 0.05666667
443.75000000 0.06000000 0.06000000
450.00000000 0.05000000 0.04666667
456.25000000 0.04333333 0.04000000
462.50000000 0.03333333 0.04000000
468.75000000 0.03333333 0.03333333
475.00000000 0.02333333 0.02333333
481.25000000 0.02333333 0.02333333
487.50000000 0.01666667 0.01666667
493.75000000 0.02000000 0.02000000
500.00000000 0.01333333 0.01333333
506.25000000 0.01333333 0.01000000
512.50000000 0.01333333 0.01333333
518.75000000 0.01333333 0.01333333
525.00000000 0.01333333 0.01333333
531.25000000 0.01333333 0.01333333
537.50000000 0.01000000 0.01000000
543.75000000 0.01000000 0.01000000
550.00000000 0.01000000 0.01000000
556.25000000 0.00666667 0.01000000
562.50000000 0.01000000 0.01000000
568.75000000 0.00666667 0.00666667
575.00000000 0.00666667 0.00666667
581.25000000 0.00666667 0.00333333
587.50000000 0.00666667 0.00666667
593.75000000 0.00666667 0.00666667
600.00000000 0.00666667 0.00666667
606.25000000 0.00666667 0.00666667
612.50000000 0.00666667 0.00666667
618.75000000 0.00666667 0.00666667
625.00000000 0.00666667 0.00333333
631.25000000 0.00666667 0.00666667
637.50000000 0.00333333 0.00666667
643.75000000 0.00333333 0.00666667
650.00000000 0.00666667 0.00666667
656.25000000 0.00666667 0.00666667
662.50000000 0.00666667 0.00666667
668.75000000 0.00666667 0.00666667
675.00000000 0.00666667 0.00666667
681.25000000 0.00666667 0.00333333
687.50000000 0.00666667 0.00666667
693.75000000 0.00666667 0.00666667
700.00000000 0.00666667 0.00666667
706.25000000 0.00666667 0.00666667
712.50000000 0.00666667 0.00666667
718.75000000 0.00666667 0.00666667
725.00000000 0.00666667 0.00666667
731.25000000 0.00666667 0.00333333
737.50000000 0.00666667 0.00666667
743.75000000 0.00666667 0.00666667
750.00000000 0.00333333 0.00333333
756.25000000 0.00000000 0.00000000
762.50000000 0.00000000 0.00000000
768.75000000 0.00000000 0.00000000
775.00000000 0.00000000 0.00000000
781.25000000 0.00000000 0.00000000
787.50000000 0.00000000 0.00000000
793.75000000 0.00000000 0.00000000
800.00000000 0.00000000 0.00000000
806.25000000 0.00000000 0.00000000
812.50000000 0.00000000 0.00000000
818.75000000 0.00000000 0.00000000
825.00000000 0.00000000 0.00000000
831.25000000 0.00000000 0.00000000
837.50000000 0.00000000 0.00000000
843.75000000 0.00000000 0.00000000
850.00000000 0.00000000 0.00000000
856.25000000 0.00000000 0.00000000
862.50000000 0.00000000 0.00000000
868.75000000 0.00000000 0.00000000
875.00000000 0.00000000 0.00000000
881.25000000 0.00000000 0.00000000
887.50000000 0.00000000 0.00000000
893.75000000 0.00000000 0.00000000
900.00000000 0.00000000 0.00000000
906.25000000 0.00000000 0.00000000
912.50000000 0.00000000 0.00000000
918.75000000 0.00000000 0.00000000
925.00000000 0.00000000 0.00000000
931.25000000 0.00000000 0.00000000
937.50000000 0.00000000 0.00000000
943.75000000 0.00000000 0.00000000
950.00000000 0.00000000 0.00000000
956.25000000 0.00000000 0.00000000
962.50000000 0.00000000 0.00000000
968.75000000 0.00000000 0.00000000
975.00000000 0.00000000 0.00000000
981.25000000 0.00000000 0.00000000
987.50000000 0.00000000 0.00000000
993.75000000 0.00000000 0.00000000
1000.00000000 0.00000000 0.00000000
1006.25000000 0.00000000 0.00000000
1012.50000000 0.00000000 0.00000000
1018.75000000 0.00000000 0.00000000
1025.00000000 0.00000000 0.00000000
1031.25000000 0.00000000 0.00000000
1037.50000000 0.00000000 0.00000000
1043.75000000 0.00000000 0.00000000
1050.00000000 0.00000000 0.00000000
1056.25000000 0.00000000 0.00000000
1062.50000000 0.00000000 0.00000000
1068.75000000 0.00000000 0.00000000
1075.00000000 0.00000000 0.00000000
1081.25000000 0.00000000 0.00000000
1087.50000000 0.00000000 0.00000000
1093.75000000 0.00000000 0.00000000
1100.00000000 0.00000000 0.00000000
1106.25000000 0.00000000 0.00000000
1112.50000000 0.00000000 0.00000000
1118.75000000 0.00000000 0.00000000
1125.00000000 0.00000000 0.00000000
1131.25000000 0.00000000 0.00000000
1137.50000000 0.00000000 0.00000000
1143.75000000 0.00000000 0.00000000
1150.00000000 0.00000000 0.00000000
1156.25000000 0.00000000 0.00000000
1162.50000000 0.00000000 0.00000000
1168.75000000 0.00000000 0.00000000
1175.00000000 0.00000000 0.00000000
1181.25000000 0.00000000 0.00000000
1187.50000000 0.00000000 0.00000000
1193.75000000 0.00000000 0.00000000
1200.00000000 0.00000000 0.00000000
1206.25000000 0.00000000 0.00000000
1212.50000000 0.00000000 0.00000000
1218.75000000 0.00000000 0.00000000
1225.00000000 0.00000000 0.00000000
1231.25000000 0.00000000 0.00000000
1237.50000000 0.00000000 0.00000000
1243.75000000 0.00000000 0.00000000
1250.00000000 0.00000000 0.00000000
