0 820.36500000 822.11500000
20.25000000 24.15500000 24.36000000
40.50000000 16.50000000 16.54000000
60.75000000 13.04500000 13.18500000
81.00000000 11.31500000 11.31500000
101.25000000 9.81000000 9.89500000
121.50000000 8.91000000 8.88500000
141.75000000 8.02500000 8.10500000
162.00000000 7.47000000 7.54000000
182.25000000 7.03500000 7.00500000
202.50000000 6.70500000 6.75000000
222.75000000 6.45500000 6.47000000
243.00000000 6.20500000 6.14000000
263.25000000 5.91500000 5.92500000
283.50000000 5.69500000 5.69500000
303.75000000 5.49500000 5.50500000
324.00000000 5.29500000 5.48500000
344.25000000 5.23500000 5.32500000
364.50000000 5.17000000 5.23500000
384.75000000 4.97000000 4.96000000
405.00000000 4.86000000 4.90000000
425.25000000 4.84500000 4.81500000
445.50000000 4.70500000 4.76500000
465.75000000 4.70000000 4.72500000
486.00000000 4.58500000 4.55000000
506.25000000 4.47500000 4.48000000
526.50000000 4.44500000 4.41500000
546.75000000 4.35000000 4.28000000
567.00000000 4.23000000 4.31500000
587.25000000 4.15500000 4.28500000
607.50000000 4.18500000 4.19500000
627.75000000 4.14000000 4.11500000
648.00000000 4.08500000 4.11000000
668.25000000 4.07000000 4.03000000
688.50000000 3.95500000 4.06500000
708.75000000 3.93000000 3.91000000
729.00000000 3.85500000 3.88500000
749.25000000 3.81000000 3.82500000
769.50000000 3.73500000 3.76000000
789.75000000 3.77000000 3.77500000
810.00000000 3.66500000 3.71000000
830.25000000 3.66000000 3.61000000
850.50000000 3.62000000 3.61500000
870.75000000 3.56000000 3.60500000
891.00000000 3.57500000 3.51500000
911.25000000 3.54000000 3.57000000
931.50000000 3.49000000 3.50000000
951.75000000 3.42000000 3.47000000
972.00000000 3.40000000 3.45000000
992.25000000 3.44000000 3.41000000
1012.50000000 3.39000000 3.39000000
1032.75000000 3.32000000 3.35000000
1053.00000000 3.30500000 3.31500000
1073.25000000 3.35500000 3.33000000
1093.50000000 3.31000000 3.32000000
1113.75000000 3.26500000 3.34500000
1134.00000000 3.26000000 3.28000000
1154.25000000 3.22500000 3.28000000
1174.50000000 3.18000000 3.26000000
1194.75000000 3.19500000 3.13000000
1215.00000000 3.06500000 3.16000000
1235.25000000 3.10500000 3.10500000
1255.50000000 3.12000000 3.10500000
1275.75000000 3.12000000 3.01000000
1296.00000000 3.05500000 3.07000000
1316.25000000 3.00000000 2.97000000
1336.50000000 3.01500000 3.01500000
1356.75000000 2.94500000 2.93500000
1377.00000000 2.98000000 2.99000000
1397.25000000 3.01500000 2.93500000
1417.50000000 2.92500000 2.92500000
1437.75000000 2.93500000 2.93000000
1458.00000000 2.92500000 2.95000000
1478.25000000 2.84000000 2.90000000
1498.50000000 2.86000000 2.86500000
1518.75000000 2.86000000 2.83500000
1539.00000000 2.82500000 2.83500000
1559.25000000 2.78000000 2.79000000
1579.50000000 2.80500000 2.78500000
1599.75000000 2.81000000 2.74000000
1620.00000000 2.77500000 2.76500000
1640.25000000 2.76000000 2.76500000
1660.50000000 2.72000000 2.75000000
1680.75000000 2.70500000 2.74500000
1701.00000000 2.73000000 2.70500000
1721.25000000 2.73500000 2.70000000
1741.50000000 2.64000000 2.70000000
1761.75000000 2.67000000 2.66500000
1782.00000000 2.65000000 2.67000000
1802.25000000 2.57500000 2.63500000
1822.50000000 2.60500000 2.54000000
1842.75000000 2.55000000 2.56000000
1863.00000000 2.53000000 2.53500000
1883.25000000 2.57500000 2.59500000
1903.50000000 2.48500000 2.56000000
1923.75000000 2.50000000 2.49000000
1944.00000000 2.46500000 2.49000000
1964.25000000 2.46500000 2.49500000
1984.50000000 2.47500000 2.49500000
2004.75000000 2.43500000 2.42500000
2025.00000000 2.43000000 2.46500000
2045.25000000 2.44000000 2.42000000
2065.50000000 2.39500000 2.43000000
2085.75000000 2.41500000 2.40500000
2106.00000000 2.36000000 2.38500000
2126.25000000 2.40500000 2.39500000
2146.50000000 2.31000000 2.33500000
2166.75000000 2.35000000 2.31500000
2187.00000000 2.36000000 2.35500000
2207.25000000 2.31500000 2.34500000
2227.50000000 2.34000000 2.30000000
2247.75000000 2.30500000 2.35000000
2268.00000000 2.28500000 2.33500000
2288.25000000 2.28000000 2.29500000
2308.50000000 2.32500000 2.29000000
2328.75000000 2.32000000 2.32500000
2349.00000000 2.24500000 2.28000000
2369.25000000 2.20000000 2.29000000
2389.50000000 2.25500000 2.26000000
2409.75000000 2.22500000 2.21000000
2430.00000000 2.21000000 2.26500000
2450.25000000 2.22500000 2.18500000
2470.50000000 2.19000000 2.22000000
2490.75000000 2.22000000 2.27000000
2511.00000000 2.21500000 2.23500000
2531.25000000 2.23500000 2.22500000
2551.50000000 2.16500000 2.18000000
2571.75000000 2.16000000 2.20000000
2592.00000000 2.13500000 2.17500000
2612.25000000 2.14000000 2.17000000
2632.50000000 2.16000000 2.18500000
2652.75000000 2.20500000 2.19500000
2673.00000000 2.16000000 2.22000000
2693.25000000 2.08500000 2.15500000
2713.50000000 2.12500000 2.14500000
2733.75000000 2.12500000 2.12000000
2754.00000000 2.12000000 2.13500000
2774.25000000 2.03500000 2.15500000
2794.50000000 2.12000000 2.12500000
2814.75000000 2.11000000 2.09000000
2835.00000000 2.06000000 2.09500000
2855.25000000 2.11000000 2.10000000
2875.50000000 2.04000000 2.11000000
2895.75000000 2.01500000 2.07500000
2916.00000000 2.08500000 2.10000000
2936.25000000 2.06500000 2.07500000
2956.50000000 2.02500000 2.06500000
2976.75000000 2.05500000 2.03000000
2997.00000000 2.04000000 2.02500000
3017.25000000 2.03000000 2.03000000
3037.50000000 2.01500000 2.05000000
3057.75000000 2.01500000 2.00000000
3078.00000000 1.99500000 2.04000000
3098.25000000 1.98000000 2.03500000
3118.50000000 1.97500000 2.01500000
3138.75000000 2.00000000 1.98500000
3159.00000000 1.98000000 1.98500000
3179.25000000 1.97500000 2.03500000
3199.50000000 1.94500000 1.99500000
3219.75000000 1.95500000 1.95500000
3240.00000000 1.97000000 1.97000000
3260.25000000 2.00000000 2.01000000
3280.50000000 1.96000000 1.98000000
3300.75000000 1.97000000 1.94500000
3321.00000000 1.91500000 1.94500000
3341.25000000 1.92500000 1.97000000
3361.50000000 1.92500000 1.92500000
3381.75000000 1.99000000 1.95000000
3402.00000000 1.93000000 1.93000000
3422.25000000 1.94500000 1.97500000
3442.50000000 1.92500000 1.91000000
3462.75000000 1.93000000 1.93000000
3483.00000000 1.91500000 1.91500000
3503.25000000 1.91000000 1.92000000
3523.50000000 1.95000000 1.94000000
3543.75000000 1.90000000 1.90000000
3564.00000000 1.91500000 1.94000000
3584.25000000 1.88000000 1.91500000
3604.50000000 1.80500000 1.88500000
3624.75000000 1.89500000 1.88000000
3645.00000000 1.87500000 1.89000000
3665.25000000 1.89000000 1.91500000
3685.50000000 1.87500000 1.84500000
3705.75000000 1.91500000 1.85500000
3726.00000000 1.84500000 1.87000000
3746.25000000 1.84500000 1.89000000
3766.50000000 1.85500000 1.87000000
3786.75000000 1.85500000 1.85500000
3807.00000000 1.82000000 1.87500000
3827.25000000 1.83500000 1.83500000
3847.50000000 1.81500000 1.81500000
3867.75000000 1.88500000 1.85000000
3888.00000000 1.77000000 1.77000000
3908.25000000 1.81500000 1.81500000
3928.50000000 1.84000000 1.83000000
3948.75000000 1.83000000 1.84000000
3969.00000000 1.80000000 1.81500000
3989.25000000 1.83000000 1.80000000
4009.50000000 1.80000000 1.77500000
4029.75000000 1.74500000 1.78000000
4050.00000000 1.76500000 1.76500000
