0 1013.76500000 1016.00000000
25.00000000 25.59000000 25.77500000
50.00000000 17.46500000 17.47500000
75.00000000 13.91000000 13.97000000
100.00000000 11.86000000 12.01500000
125.00000000 10.32000000 10.44500000
150.00000000 9.38000000 9.46500000
175.00000000 8.66000000 8.80000000
200.00000000 8.17000000 8.22500000
225.00000000 7.66500000 7.75500000
250.00000000 7.38000000 7.32500000
275.00000000 7.08500000 7.01500000
300.00000000 6.63000000 6.71500000
325.00000000 6.34000000 6.37500000
350.00000000 6.13000000 6.20000000
375.00000000 6.00000000 6.00500000
400.00000000 5.81500000 5.81500000
425.00000000 5.50000000 5.65000000
450.00000000 5.52000000 5.48500000
475.00000000 5.40000000 5.41500000
500.00000000 5.22500000 5.29500000
525.00000000 5.16500000 5.19500000
550.00000000 5.07500000 5.07000000
575.00000000 4.97000000 4.99000000
600.00000000 4.85000000 4.92000000
625.00000000 4.77000000 4.77000000
650.00000000 4.62500000 4.71500000
675.00000000 4.54500000 4.62500000
700.00000000 4.57000000 4.62000000
725.00000000 4.44000000 4.42000000
750.00000000 4.41000000 4.36500000
775.00000000 4.30000000 4.28000000
800.00000000 4.19500000 4.33500000
825.00000000 4.24500000 4.17000000
850.00000000 4.17500000 4.26000000
875.00000000 4.18000000 4.16000000
900.00000000 4.15500000 4.08000000
925.00000000 4.12500000 4.08500000
950.00000000 3.99500000 4.05500000
975.00000000 3.90500000 3.95500000
1000.00000000 3.88000000 3.94000000
1025.00000000 3.84500000 3.91500000
1050.00000000 3.85500000 3.92000000
1075.00000000 3.75000000 3.79000000
1100.00000000 3.83000000 3.80000000
1125.00000000 3.68500000 3.80500000
1150.00000000 3.70500000 3.75000000
1175.00000000 3.77000000 3.71000000
1200.00000000 3.64500000 3.73500000
1225.00000000 3.62500000 3.66500000
1250.00000000 3.63000000 3.61500000
1275.00000000 3.53500000 3.56500000
1300.00000000 3.56500000 3.54000000
1325.00000000 3.53000000 3.51500000
1350.00000000 3.49000000 3.45500000
1375.00000000 3.45000000 3.55500000
1400.00000000 3.46500000 3.51000000
1425.00000000 3.43500000 3.44500000
1450.00000000 3.42500000 3.43000000
1475.00000000 3.43000000 3.45500000
1500.00000000 3.36500000 3.42000000
1525.00000000 3.33000000 3.38500000
1550.00000000 3.38500000 3.40500000
1575.00000000 3.36500000 3.35000000
1600.00000000 3.33500000 3.32500000
1625.00000000 3.31000000 3.33500000
1650.00000000 3.35500000 3.31000000
1675.00000000 3.30000000 3.27500000
1700.00000000 3.24500000 3.33500000
1725.00000000 3.34500000 3.26500000
1750.00000000 3.31000000 3.27000000
1775.00000000 3.23500000 3.28500000
1800.00000000 3.22500000 3.26500000
1825.00000000 3.23000000 3.20500000
1850.00000000 3.21000000 3.25000000
1875.00000000 3.16000000 3.19000000
1900.00000000 3.16500000 3.21000000
1925.00000000 3.11500000 3.12000000
1950.00000000 3.06500000 3.15000000
1975.00000000 3.05500000 3.17000000
2000.00000000 3.08500000 3.07500000
2025.00000000 3.06000000 3.13000000
2050.00000000 3.05500000 3.05000000
2075.00000000 3.08000000 3.08500000
2100.00000000 3.04500000 2.98000000
2125.00000000 2.98000000 3.03500000
2150.00000000 3.05000000 3.01000000
2175.00000000 3.05500000 3.05500000
2200.00000000 3.00500000 3.02000000
2225.00000000 2.99500000 2.99000000
2250.00000000 2.98000000 3.05000000
2275.00000000 3.00000000 2.98500000
2300.00000000 2.94000000 2.93000000
2325.00000000 2.85500000 2.96000000
2350.00000000 2.92000000 2.95000000
2375.00000000 2.92000000 2.95000000
2400.00000000 2.83500000 2.96500000
2425.00000000 2.83500000 2.92000000
2450.00000000 2.86000000 2.87000000
2475.00000000 2.79000000 2.83000000
2500.00000000 2.82000000 2.82000000
2525.00000000 2.76500000 2.80000000
2550.00000000 2.74000000 2.79500000
2575.00000000 2.75000000 2.78000000
2600.00000000 2.74500000 2.81000000
2625.00000000 2.75500000 2.74000000
2650.00000000 2.76500000 2.72500000
2675.00000000 2.74500000 2.71000000
2700.00000000 2.73000000 2.75500000
2725.00000000 2.71000000 2.74500000
2750.00000000 2.71500000 2.76500000
2775.00000000 2.67500000 2.73000000
2800.00000000 2.71500000 2.69500000
2825.00000000 2.71000000 2.64500000
2850.00000000 2.64500000 2.68500000
2875.00000000 2.67000000 2.60000000
2900.00000000 2.61500000 2.65500000
2925.00000000 2.66500000 2.63000000
2950.00000000 2.57500000 2.61000000
2975.00000000 2.56500000 2.61500000
3000.00000000 2.60000000 2.59500000
3025.00000000 2.55000000 2.65000000
3050.00000000 2.61000000 2.60500000
3075.00000000 2.60500000 2.61500000
3100.00000000 2.52000000 2.57500000
3125.00000000 2.55500000 2.60000000
3150.00000000 2.48500000 2.54500000
3175.00000000 2.52500000 2.51000000
3200.00000000 2.56500000 2.56500000
3225.00000000 2.52000000 2.58000000
3250.00000000 2.51500000 2.57500000
3275.00000000 2.55000000 2.58500000
3300.00000000 2.47000000 2.58000000
3325.00000000 2.50500000 2.51000000
3350.00000000 2.49500000 2.49000000
3375.00000000 2.45000000 2.51500000
3400.00000000 2.45000000 2.48500000
3425.00000000 2.41000000 2.47000000
3450.00000000 2.40000000 2.45500000
3475.00000000 2.43000000 2.41000000
3500.00000000 2.41500000 2.38000000
3525.00000000 2.42000000 2.45500000
3550.00000000 2.39000000 2.43500000
3575.00000000 2.42000000 2.39500000
3600.00000000 2.44500000 2.40000000
3625.00000000 2.39500000 2.43500000
3650.00000000 2.36500000 2.44000000
3675.00000000 2.37500000 2.42000000
3700.00000000 2.40000000 2.37000000
3725.00000000 2.41000000 2.38500000
3750.00000000 2.41000000 2.42000000
3775.00000000 2.40500000 2.39500000
3800.00000000 2.35500000 2.36000000
3825.00000000 2.35000000 2.35500000
3850.00000000 2.35500000 2.42500000
3875.00000000 2.34000000 2.35000000
3900.00000000 2.34000000 2.41000000
3925.00000000 2.33000000 2.40000000
3950.00000000 2.33000000 2.34000000
3975.00000000 2.37500000 2.32500000
4000.00000000 2.36500000 2.31000000
4025.00000000 2.29500000 2.34500000
4050.00000000 2.33000000 2.34500000
4075.00000000 2.31000000 2.36000000
4100.00000000 2.33000000 2.37000000
4125.00000000 2.33500000 2.33500000
4150.00000000 2.34500000 2.34000000
4175.00000000 2.28000000 2.38500000
4200.00000000 2.26000000 2.37500000
4225.00000000 2.36000000 2.26500000
4250.00000000 2.31500000 2.30000000
4275.00000000 2.29000000 2.27500000
4300.00000000 2.29000000 2.26000000
4325.00000000 2.22500000 2.32000000
4350.00000000 2.26500000 2.31000000
4375.00000000 2.30000000 2.26000000
4400.00000000 2.28000000 2.30500000
4425.00000000 2.30000000 2.34000000
4450.00000000 2.26000000 2.29500000
4475.00000000 2.25500000 2.27500000
4500.00000000 2.23500000 2.27000000
4525.00000000 2.28500000 2.29500000
4550.00000000 2.18000000 2.29500000
4575.00000000 2.29500000 2.25000000
4600.00000000 2.27500000 2.26000000
4625.00000000 2.24500000 2.26500000
4650.00000000 2.23000000 2.20000000
4675.00000000 2.24500000 2.26500000
4700.00000000 2.25000000 2.21000000
4725.00000000 2.24500000 2.22500000
4750.00000000 2.23000000 2.23500000
4775.00000000 2.26000000 2.21500000
4800.00000000 2.27500000 2.24000000
4825.00000000 2.22500000 2.27000000
4850.00000000 2.17500000 2.18000000
4875.00000000 2.25000000 2.27000000
4900.00000000 2.26500000 2.25000000
4925.00000000 2.17000000 2.21500000
4950.00000000 2.21500000 2.23000000
4975.00000000 2.24500000 2.21000000
5000.00000000 2.21000000 2.20000000
