0 364.46333333 365.30333333
9.00000000 17.43333333 17.58333333
18.00000000 10.24000000 10.28333333
27.00000000 7.63000000 7.60000000
36.00000000 6.07000000 6.11000000
45.00000000 5.15333333 5.18666667
54.00000000 4.47000000 4.52666667
63.00000000 4.02333333 4.02000000
72.00000000 3.62666667 3.63666667
81.00000000 3.31333333 3.31333333
90.00000000 2.98333333 3.02000000
99.00000000 2.77666667 2.77666667
108.00000000 2.52000000 2.57000000
117.00000000 2.40666667 2.43666667
126.00000000 2.30000000 2.29666667
135.00000000 2.16333333 2.20333333
144.00000000 2.05333333 2.08333333
153.00000000 1.90333333 1.90333333
162.00000000 1.84000000 1.89000000
171.00000000 1.76666667 1.82000000
180.00000000 1.67000000 1.70333333
189.00000000 1.60000000 1.63000000
198.00000000 1.57333333 1.55333333
207.00000000 1.46666667 1.47000000
216.00000000 1.43666667 1.41666667
225.00000000 1.34000000 1.34333333
234.00000000 1.29000000 1.31000000
243.00000000 1.23333333 1.23333333
252.00000000 1.18000000 1.20000000
261.00000000 1.13000000 1.11000000
270.00000000 1.10333333 1.10333333
279.00000000 1.06333333 1.08000000
288.00000000 1.01333333 0.99666667
297.00000000 0.99000000 0.99333333
306.00000000 0.93666667 0.95666667
315.00000000 0.93666667 0.95666667
324.00000000 0.92000000 0.92000000
333.00000000 0.90333333 0.89000000
342.00000000 0.88000000 0.87333333
351.00000000 0.84000000 0.87333333
360.00000000 0.83000000 0.85666667
369.00000000 0.82000000 0.80333333
378.00000000 0.78666667 0.76666667
387.00000000 0.73666667 0.76333333
396.00000000 0.72333333 0.75333333
405.00000000 0.72333333 0.74333333
414.00000000 0.70000000 0.68666667
423.00000000 0.68000000 0.67333333
432.00000000 0.67666667 0.68666667
441.00000000 0.63333333 0.65333333
450.00000000 0.65666667 0.63666667
459.00000000 0.65000000 0.62666667
468.00000000 0.61333333 0.61666667
477.00000000 0.56333333 0.58666667
486.00000000 0.55333333 0.55666667
495.00000000 0.53333333 0.53666667
504.00000000 0.51333333 0.53000000
513.00000000 0.50666667 0.50000000
522.00000000 0.48666667 0.48000000
531.00000000 0.46333333 0.46333333
540.00000000 0.46333333 0.49000000
549.00000000 0.43333333 0.44333333
558.00000000 0.42333333 0.46333333
567.00000000 0.42000000 0.44000000
576.00000000 0.40666667 0.43333333
585.00000000 0.40333333 0.41666667
594.00000000 0.41000000 0.40000000
603.00000000 0.39000000 0.39333333
612.00000000 0.37000000 0.38333333
621.00000000 0.36333333 0.37333333
630.00000000 0.35333333 0.36000000
639.00000000 0.34000000 0.34333333
648.00000000 0.32000000 0.33333333
657.00000000 0.32333333 0.30000000
666.00000000 0.31333333 0.31666667
675.00000000 0.29000000 0.29666667
684.00000000 0.28000000 0.29000000
693.00000000 0.27000000 0.26666667
702.00000000 0.27333333 0.26000000
711.00000000 0.25333333 0.24666667
720.00000000 0.24666667 0.24666667
729.00000000 0.23666667 0.23000000
738.00000000 0.21666667 0.23333333
747.00000000 0.22333333 0.21333333
756.00000000 0.22000000 0.22000000
765.00000000 0.20000000 0.20333333
774.00000000 0.19000000 0.19666667
783.00000000 0.20333333 0.19000000
792.00000000 0.19000000 0.18000000
801.00000000 0.20000000 0.19000000
810.00000000 0.18333333 0.19000000
819.00000000 0.18000000 0.18666667
828.00000000 0.19000000 0.17666667
837.00000000 0.17666667 0.19333333
846.00000000 0.18333333 0.19000000
855.00000000 0.18000000 0.18666667
864.00000000 0.19000000 0.16666667
873.00000000 0.18000000 0.18333333
882.00000000 0.17333333 0.18000000
891.00000000 0.17333333 0.17333333
900.00000000 0.16666667 0.15333333
909.00000000 0.15333333 0.15333333
918.00000000 0.15666667 0.15666667
927.00000000 0.13000000 0.14333333
936.00000000 0.13000000 0.13000000
945.00000000 0.12333333 0.14666667
954.00000000 0.13000000 0.13666667
963.00000000 0.13333333 0.12666667
972.00000000 0.13000000 0.13000000
981.00000000 0.10333333 0.12000000
990.00000000 0.12000000 0.12333333
999.00000000 0.12000000 0.12000000
1008.00000000 0.12000000 0.11666667
1017.00000000 0.11666667 0.12333333
1026.00000000 0.12000000 0.11666667
1035.00000000 0.12333333 0.11666667
1044.00000000 0.11000000 0.11333333
1053.00000000 0.10666667 0.11333333
1062.00000000 0.11333333 0.11666667
1071.00000000 0.10333333 0.11000000
1080.00000000 0.10333333 0.11000000
1089.00000000 0.11000000 0.11000000
1098.00000000 0.11000000 0.11000000
1107.00000000 0.11000000 0.11000000
1116.00000000 0.10333333 0.10333333
1125.00000000 0.11333333 0.10333333
1134.00000000 0.10333333 0.09666667
1143.00000000 0.10333333 0.09666667
1152.00000000 0.11000000 0.10666667
1161.00000000 0.10000000 0.10333333
1170.00000000 0.09000000 0.10000000
1179.00000000 0.10333333 0.10333333
1188.00000000 0.09000000 0.09333333
1197.00000000 0.09333333 0.10000000
1206.00000000 0.09000000 0.09666667
1215.00000000 0.09000000 0.09666667
1224.00000000 0.09666667 0.08666667
1233.00000000 0.09333333 0.08666667
1242.00000000 0.08333333 0.09000000
1251.00000000 0.09333333 0.09333333
1260.00000000 0.09333333 0.09000000
1269.00000000 0.08666667 0.09000000
1278.00000000 0.09000000 0.09000000
1287.00000000 0.09000000 0.08000000
1296.00000000 0.08000000 0.08666667
1305.00000000 0.08666667 0.08666667
1314.00000000 0.08666667 0.08666667
1323.00000000 0.08333333 0.08000000
1332.00000000 0.08000000 0.07333333
1341.00000000 0.07333333 0.06333333
1350.00000000 0.07333333 0.07000000
1359.00000000 0.06666667 0.06666667
1368.00000000 0.06333333 0.06000000
1377.00000000 0.06333333 0.06333333
1386.00000000 0.06666667 0.06333333
1395.00000000 0.06000000 0.06333333
1404.00000000 0.06666667 0.06333333
1413.00000000 0.06000000 0.06333333
1422.00000000 0.05333333 0.05666667
1431.00000000 0.05666667 0.05333333
1440.00000000 0.05333333 0.05333333
1449.00000000 0.05333333 0.05666667
1458.00000000 0.04000000 0.05000000
1467.00000000 0.05000000 0.05333333
1476.00000000 0.05333333 0.05000000
1485.00000000 0.05000000 0.04666667
1494.00000000 0.04666667 0.05000000
1503.00000000 0.04333333 0.04333333
1512.00000000 0.04000000 0.04000000
1521.00000000 0.03666667 0.04000000
1530.00000000 0.04000000 0.04333333
1539.00000000 0.03666667 0.04333333
1548.00000000 0.04333333 0.04000000
1557.00000000 0.04000000 0.03666667
1566.00000000 0.03666667 0.03666667
1575.00000000 0.03666667 0.03333333
1584.00000000 0.03333333 0.03666667
1593.00000000 0.03666667 0.03333333
1602.00000000 0.03333333 0.03000000
1611.00000000 0.03333333 0.03666667
1620.00000000 0.03333333 0.03666667
1629.00000000 0.03000000 0.03000000
1638.00000000 0.02333333 0.03333333
1647.00000000 0.03000000 0.03000000
1656.00000000 0.02666667 0.03000000
1665.00000000 0.02666667 0.03000000
1674.00000000 0.02666667 0.02333333
1683.00000000 0.02333333 0.02666667
1692.00000000 0.02666667 0.02000000
1701.00000000 0.02666667 0.02333333
1710.00000000 0.02333333 0.01666667
1719.00000000 0.02333333 0.02000000
1728.00000000 0.02000000 0.02333333
1737.00000000 0.02333333 0.02333333
1746.00000000 0.02333333 0.02333333
1755.00000000 0.02000000 0.02333333
1764.00000000 0.02333333 0.02333333
1773.00000000 0.01666667 0.01333333
1782.00000000 0.01666667 0.01666667
1791.00000000 0.01666667 0.01666667
1800.00000000 0.01666667 0.01666667
