0 364.63750000 365.51750000
9.00000000 17.56750000 17.71500000
18.00000000 10.36000000 10.39500000
27.00000000 7.69250000 7.67750000
36.00000000 6.12000000 6.17750000
45.00000000 5.16250000 5.20250000
54.00000000 4.52250000 4.54500000
63.00000000 4.01500000 4.02250000
72.00000000 3.62000000 3.62500000
81.00000000 3.29000000 3.29000000
90.00000000 2.99250000 3.03750000
99.00000000 2.76000000 2.77250000
108.00000000 2.51000000 2.57750000
117.00000000 2.39750000 2.44000000
126.00000000 2.29750000 2.30250000
135.00000000 2.17000000 2.21000000
144.00000000 2.04500000 2.08250000
153.00000000 1.91250000 1.91750000
162.00000000 1.85250000 1.89750000
171.00000000 1.78750000 1.83250000
180.00000000 1.70000000 1.72500000
189.00000000 1.62250000 1.64750000
198.00000000 1.59500000 1.56500000
207.00000000 1.49000000 1.48500000
216.00000000 1.44250000 1.44000000
225.00000000 1.36250000 1.37000000
234.00000000 1.31250000 1.33000000
243.00000000 1.23000000 1.25250000
252.00000000 1.19250000 1.21250000
261.00000000 1.15000000 1.14500000
270.00000000 1.13000000 1.13500000
279.00000000 1.08750000 1.09500000
288.00000000 1.02750000 1.02250000
297.00000000 1.00750000 1.02750000
306.00000000 0.96000000 0.99250000
315.00000000 0.96750000 0.98750000
324.00000000 0.93500000 0.95250000
333.00000000 0.93250000 0.92500000
342.00000000 0.89250000 0.88750000
351.00000000 0.85750000 0.89000000
360.00000000 0.84250000 0.87750000
369.00000000 0.83250000 0.82250000
378.00000000 0.79750000 0.79750000
387.00000000 0.75750000 0.78500000
396.00000000 0.74750000 0.76500000
405.00000000 0.73250000 0.74500000
414.00000000 0.71750000 0.71750000
423.00000000 0.70750000 0.69500000
432.00000000 0.70500000 0.70500000
441.00000000 0.65500000 0.67000000
450.00000000 0.68000000 0.67000000
459.00000000 0.66000000 0.64500000
468.00000000 0.63500000 0.64250000
477.00000000 0.58250000 0.61000000
486.00000000 0.57750000 0.57750000
495.00000000 0.56250000 0.56750000
504.00000000 0.54250000 0.55750000
513.00000000 0.54000000 0.53000000
522.00000000 0.51250000 0.51500000
531.00000000 0.50000000 0.50250000
540.00000000 0.49500000 0.51000000
549.00000000 0.47250000 0.47500000
558.00000000 0.46000000 0.49750000
567.00000000 0.46500000 0.47500000
576.00000000 0.45000000 0.47500000
585.00000000 0.44000000 0.44750000
594.00000000 0.44000000 0.42500000
603.00000000 0.42000000 0.43250000
612.00000000 0.40500000 0.42000000
621.00000000 0.38500000 0.40500000
630.00000000 0.38000000 0.38500000
639.00000000 0.37750000 0.38250000
648.00000000 0.36000000 0.36250000
657.00000000 0.35000000 0.33500000
666.00000000 0.33500000 0.33750000
675.00000000 0.31500000 0.32500000
684.00000000 0.31000000 0.31750000
693.00000000 0.28750000 0.29250000
702.00000000 0.29750000 0.29000000
711.00000000 0.28250000 0.27500000
720.00000000 0.27500000 0.27250000
729.00000000 0.25500000 0.26000000
738.00000000 0.25000000 0.26750000
747.00000000 0.25000000 0.24750000
756.00000000 0.25250000 0.25750000
765.00000000 0.23250000 0.23500000
774.00000000 0.22000000 0.22750000
783.00000000 0.23500000 0.21750000
792.00000000 0.22000000 0.21000000
801.00000000 0.22750000 0.20750000
810.00000000 0.20500000 0.21750000
819.00000000 0.20000000 0.20750000
828.00000000 0.21250000 0.20250000
837.00000000 0.20250000 0.21750000
846.00000000 0.20500000 0.20500000
855.00000000 0.19500000 0.20250000
864.00000000 0.20250000 0.18250000
873.00000000 0.18750000 0.19250000
882.00000000 0.18000000 0.18750000
891.00000000 0.18250000 0.18750000
900.00000000 0.18250000 0.16750000
909.00000000 0.16750000 0.16500000
918.00000000 0.16750000 0.16750000
927.00000000 0.14250000 0.15750000
936.00000000 0.12500000 0.14500000
945.00000000 0.13250000 0.15250000
954.00000000 0.13750000 0.14500000
963.00000000 0.14250000 0.13500000
972.00000000 0.14250000 0.14500000
981.00000000 0.12250000 0.13000000
990.00000000 0.13000000 0.13750000
999.00000000 0.13250000 0.12750000
1008.00000000 0.12750000 0.12750000
1017.00000000 0.13250000 0.13250000
1026.00000000 0.12500000 0.13250000
1035.00000000 0.13250000 0.13000000
1044.00000000 0.12500000 0.12750000
1053.00000000 0.12000000 0.12750000
1062.00000000 0.12750000 0.13000000
1071.00000000 0.11250000 0.12500000
1080.00000000 0.12000000 0.12000000
1089.00000000 0.12000000 0.11750000
1098.00000000 0.12250000 0.11750000
1107.00000000 0.11750000 0.11750000
1116.00000000 0.11250000 0.11250000
1125.00000000 0.12250000 0.11500000
1134.00000000 0.10750000 0.10000000
1143.00000000 0.10750000 0.10500000
1152.00000000 0.11000000 0.11250000
1161.00000000 0.10250000 0.11000000
1170.00000000 0.09750000 0.10750000
1179.00000000 0.10500000 0.10750000
1188.00000000 0.10000000 0.10250000
1197.00000000 0.10000000 0.10500000
1206.00000000 0.09000000 0.10000000
1215.00000000 0.09500000 0.09750000
1224.00000000 0.09750000 0.09250000
1233.00000000 0.09750000 0.09000000
1242.00000000 0.08750000 0.09500000
1251.00000000 0.09500000 0.09750000
1260.00000000 0.09500000 0.09250000
1269.00000000 0.09000000 0.09250000
1278.00000000 0.09000000 0.08750000
1287.00000000 0.09250000 0.08250000
1296.00000000 0.08000000 0.09000000
1305.00000000 0.09000000 0.09000000
1314.00000000 0.09000000 0.08750000
1323.00000000 0.08750000 0.08500000
1332.00000000 0.08500000 0.08000000
1341.00000000 0.07750000 0.07000000
1350.00000000 0.07750000 0.07500000
1359.00000000 0.07250000 0.07250000
1368.00000000 0.07000000 0.06750000
1377.00000000 0.06500000 0.06750000
1386.00000000 0.06250000 0.06500000
1395.00000000 0.06250000 0.06000000
1404.00000000 0.06500000 0.06500000
1413.00000000 0.06000000 0.06250000
1422.00000000 0.05750000 0.05750000
1431.00000000 0.05750000 0.05750000
1440.00000000 0.05250000 0.05750000
1449.00000000 0.05750000 0.06000000
1458.00000000 0.04750000 0.05500000
1467.00000000 0.05250000 0.05750000
1476.00000000 0.05500000 0.05250000
1485.00000000 0.05250000 0.05000000
1494.00000000 0.04750000 0.04750000
1503.00000000 0.04500000 0.04500000
1512.00000000 0.04250000 0.04250000
1521.00000000 0.03750000 0.04250000
1530.00000000 0.04250000 0.04250000
1539.00000000 0.04000000 0.04250000
1548.00000000 0.04500000 0.04250000
1557.00000000 0.04250000 0.03750000
1566.00000000 0.03750000 0.03750000
1575.00000000 0.04000000 0.03750000
1584.00000000 0.03750000 0.03750000
1593.00000000 0.03250000 0.03500000
1602.00000000 0.03500000 0.02750000
1611.00000000 0.03500000 0.03750000
1620.00000000 0.03250000 0.03750000
1629.00000000 0.03250000 0.02750000
1638.00000000 0.02750000 0.03250000
1647.00000000 0.03250000 0.03250000
1656.00000000 0.02750000 0.03250000
1665.00000000 0.03000000 0.03000000
1674.00000000 0.03000000 0.02750000
1683.00000000 0.02750000 0.03000000
1692.00000000 0.03000000 0.02250000
1701.00000000 0.03000000 0.02750000
1710.00000000 0.02500000 0.02250000
1719.00000000 0.02750000 0.02500000
1728.00000000 0.02250000 0.02750000
1737.00000000 0.02500000 0.02750000
1746.00000000 0.02750000 0.02750000
1755.00000000 0.02500000 0.02750000
1764.00000000 0.02750000 0.02750000
1773.00000000 0.02250000 0.02000000
1782.00000000 0.02250000 0.02250000
1791.00000000 0.02250000 0.02250000
1800.00000000 0.02000000 0.02250000
