0 1712.65600000 1716.41600000
84.50000000 18.87200000 19.04800000
169.00000000 12.69600000 12.92000000
253.50000000 10.26400000 10.33600000
338.00000000 8.92000000 9.05600000
422.50000000 8.01600000 8.20800000
507.00000000 7.56000000 7.43200000
591.50000000 7.04800000 6.97600000
676.00000000 6.57600000 6.56000000
760.50000000 6.18400000 6.29600000
845.00000000 6.11200000 6.04000000
929.50000000 5.64800000 5.72800000
1014.00000000 5.48000000 5.64800000
1098.50000000 5.34400000 5.29600000
1183.00000000 5.27200000 5.23200000
1267.50000000 5.12800000 5.16000000
1352.00000000 4.98400000 5.10400000
1436.50000000 4.92800000 5.07200000
1521.00000000 4.83200000 4.88800000
1605.50000000 4.77600000 4.76000000
1690.00000000 4.74400000 4.72800000
1774.50000000 4.63200000 4.61600000
1859.00000000 4.68800000 4.56800000
1943.50000000 4.50400000 4.57600000
2028.00000000 4.44000000 4.49600000
2112.50000000 4.39200000 4.37600000
2197.00000000 4.32800000 4.42400000
2281.50000000 4.38400000 4.31200000
2366.00000000 4.36000000 4.34400000
2450.50000000 4.33600000 4.30400000
2535.00000000 4.21600000 4.32800000
2619.50000000 4.23200000 4.28800000
2704.00000000 4.23200000 4.28800000
2788.50000000 4.11200000 4.08800000
2873.00000000 4.09600000 4.12800000
2957.50000000 4.07200000 4.04800000
3042.00000000 4.08000000 4.10400000
3126.50000000 4.00800000 4.03200000
3211.00000000 3.99200000 4.02400000
3295.50000000 4.08800000 3.97600000
3380.00000000 3.97600000 3.99200000
3464.50000000 3.93600000 3.96000000
3549.00000000 3.95200000 3.98400000
3633.50000000 3.91200000 3.92000000
3718.00000000 3.97600000 3.96000000
3802.50000000 3.88000000 3.85600000
3887.00000000 3.83200000 3.91200000
3971.50000000 3.86400000 3.87200000
4056.00000000 3.69600000 3.76000000
4140.50000000 3.88000000 3.76800000
4225.00000000 3.77600000 3.79200000
4309.50000000 3.77600000 3.78400000
4394.00000000 3.72800000 3.80800000
4478.50000000 3.77600000 3.78400000
4563.00000000 3.76800000 3.78400000
4647.50000000 3.65600000 3.79200000
4732.00000000 3.82400000 3.73600000
4816.50000000 3.74400000 3.75200000
4901.00000000 3.74400000 3.69600000
4985.50000000 3.64000000 3.67200000
5070.00000000 3.72800000 3.71200000
5154.50000000 3.64000000 3.63200000
5239.00000000 3.60800000 3.61600000
5323.50000000 3.61600000 3.68000000
5408.00000000 3.62400000 3.61600000
5492.50000000 3.60800000 3.63200000
5577.00000000 3.62400000 3.60000000
5661.50000000 3.61600000 3.60000000
5746.00000000 3.56800000 3.60800000
5830.50000000 3.53600000 3.54400000
5915.00000000 3.52800000 3.51200000
5999.50000000 3.54400000 3.49600000
6084.00000000 3.48800000 3.48800000
6168.50000000 3.42400000 3.51200000
6253.00000000 3.49600000 3.55200000
6337.50000000 3.49600000 3.56000000
6422.00000000 3.58400000 3.51200000
6506.50000000 3.49600000 3.48800000
6591.00000000 3.49600000 3.52000000
6675.50000000 3.48000000 3.48000000
6760.00000000 3.49600000 3.55200000
6844.50000000 3.44000000 3.56000000
6929.00000000 3.49600000 3.42400000
7013.50000000 3.50400000 3.50400000
7098.00000000 3.46400000 3.55200000
7182.50000000 3.48000000 3.43200000
7267.00000000 3.44800000 3.53600000
7351.50000000 3.49600000 3.47200000
7436.00000000 3.40000000 3.52000000
7520.50000000 3.36000000 3.46400000
7605.00000000 3.45600000 3.42400000
7689.50000000 3.41600000 3.49600000
7774.00000000 3.36800000 3.44000000
7858.50000000 3.35200000 3.44800000
7943.00000000 3.40800000 3.44800000
8027.50000000 3.45600000 3.36000000
8112.00000000 3.34400000 3.42400000
8196.50000000 3.35200000 3.32800000
8281.00000000 3.33600000 3.33600000
8365.50000000 3.28800000 3.39200000
8450.00000000 3.31200000 3.32000000
