0 -0.032381
16 0.0459474
32 0.0519853
48 0.064319
64 0.0829874
80 0.0997475
96 0.113896
112 0.131625
128 0.15237
144 0.183334
160 0.200012
176 0.211656
192 0.229464
208 0.24699
224 0.259648
240 0.280157
256 0.300822
272 0.325836
288 0.349826
304 0.36979
320 0.395129
336 0.41306
352 0.430398
368 0.447115
384 0.463764
400 0.477296
416 0.492008
432 0.505659
448 0.517522
464 0.528628
480 0.541865
496 0.552297
512 0.563492
528 0.57448
544 0.585178
560 0.59497
576 0.605656
592 0.615098
608 0.624324
624 0.632648
640 0.641797
656 0.65049
672 0.658024
688 0.666978
704 0.673837
720 0.679379
736 0.685226
752 0.692052
768 0.700988
784 0.707578
800 0.714734
816 0.720212
832 0.726955
848 0.732087
864 0.738038
880 0.745741
896 0.751098
912 0.755325
928 0.762161
944 0.766643
960 0.773767
976 0.777872
992 0.784413
1008 0.790295
1024 0.795809
1040 0.80011
1056 0.804868
1072 0.810283
1088 0.81479
1104 0.818559
1120 0.824588
1136 0.828966
1152 0.832405
1168 0.835262
1184 0.839595
1200 0.842536
1216 0.84566
1232 0.848179
1248 0.852002
1264 0.855326
1280 0.857773
1296 0.860623
1312 0.864348
1328 0.86686
1344 0.869163
1360 0.871152
1376 0.874178
1392 0.876795
1408 0.879864
1424 0.882666
1440 0.884639
1456 0.887751
1472 0.889809
1488 0.892235
1504 0.89455
1520 0.896595
1536 0.898523
1552 0.900701
1568 0.902291
1584 0.903928
1600 0.905666
1616 0.907443
1632 0.909633
1648 0.911113
1664 0.912973
1680 0.914344
1696 0.915795
1712 0.917438
1728 0.91938
1744 0.920464
1760 0.921803
1776 0.9232
1792 0.925276
1808 0.927002
1824 0.92838
1840 0.930309
1856 0.931809
1872 0.933101
1888 0.93425
1904 0.935621
1920 0.936827
1936 0.93823
1952 0.939182
1968 0.940559
1984 0.941617
2000 0.942542
2016 0.943745
2032 0.94436
2048 0.945068
2064 0.945984
2080 0.947053
2096 0.948128
2112 0.948914
2128 0.949508
2144 0.950416
2160 0.951121
2176 0.952171
2192 0.953437
2208 0.954311
2224 0.95521
2240 0.956047
2256 0.95674
2272 0.957428
2288 0.958113
2304 0.958952
2320 0.959958
2336 0.960665
2352 0.961022
2368 0.961667
2384 0.962295
2400 0.963188
2416 0.963982
2432 0.964381
2448 0.964972
2464 0.965381
2480 0.965808
2496 0.966418
2512 0.966727
2528 0.967351
2544 0.967666
2560 0.968024
2576 0.96838
2592 0.968652
2608 0.968909
2624 0.969134
2640 0.969302
2656 0.969604
2672 0.969876
2688 0.970084
2704 0.970414
2720 0.970655
2736 0.9711
2752 0.971615
2768 0.971712
2784 0.972043
2800 0.972543
2816 0.972703
2832 0.973066
2848 0.973225
2864 0.973579
2880 0.973827
2896 0.973833
2912 0.97399
2928 0.974353
2944 0.97462
2960 0.974938
2976 0.974923
2992 0.975097
3008 0.975534
3024 0.97573
3040 0.97586
3056 0.976025
3072 0.975976
3088 0.97613
3104 0.976244
3120 0.976228
3136 0.976538
3152 0.976584
3168 0.976777
3184 0.976879
3200 0.97706
