0 0.000200924
20.25 0.0279501
40.5 0.0477601
60.75 0.0646096
81 0.0791229
101.25 0.0919878
121.5 0.104302
141.75 0.115697
162 0.12669
182.25 0.137572
202.5 0.148009
222.75 0.158643
243 0.168272
263.25 0.178483
283.5 0.187685
303.75 0.197101
324 0.207511
344.25 0.217489
364.5 0.227372
384.75 0.237849
405 0.247396
425.25 0.256504
445.5 0.264376
465.75 0.271833
486 0.279242
506.25 0.287328
526.5 0.29574
546.75 0.302446
567 0.309941
587.25 0.317369
607.5 0.325344
627.75 0.331737
648 0.338263
668.25 0.344443
688.5 0.351112
708.75 0.357466
729 0.364468
749.25 0.370523
769.5 0.377408
789.75 0.383575
810 0.390565
830.25 0.395768
850.5 0.401087
870.75 0.406894
891 0.411173
911.25 0.416091
931.5 0.421475
951.75 0.426195
972 0.43168
992.25 0.437075
1012.5 0.442391
1032.75 0.44695
1053 0.451081
1073.25 0.456176
1093.5 0.461571
1113.75 0.46652
1134 0.471332
1154.25 0.475649
1174.5 0.481175
1194.75 0.486723
1215 0.491536
1235.25 0.495801
1255.5 0.501063
1275.75 0.506665
1296 0.511062
1316.25 0.515377
1336.5 0.519235
1356.75 0.523847
1377 0.527876
1397.25 0.531374
1417.5 0.535579
1437.75 0.539709
1458 0.543031
1478.25 0.54689
1498.5 0.549921
1518.75 0.554143
1539 0.557564
1559.25 0.561157
1579.5 0.564638
1599.75 0.568056
1620 0.570559
1640.25 0.573725
1660.5 0.576879
1680.75 0.579716
1701 0.583175
1721.25 0.585446
1741.5 0.588327
1761.75 0.591542
1782 0.593787
1802.25 0.596703
1822.5 0.598629
1842.75 0.601892
1863 0.603983
1883.25 0.605858
1903.5 0.609369
1923.75 0.61165
1944 0.614645
1964.25 0.617182
1984.5 0.619465
2004.75 0.622609
2025 0.624746
2045.25 0.626652
2065.5 0.629821
2085.75 0.632802
2106 0.635282
2126.25 0.638249
2146.5 0.641391
2166.75 0.642681
2187 0.644767
2207.25 0.646738
2227.5 0.648757
2247.75 0.651382
2268 0.653371
2288.25 0.656113
2308.5 0.658176
2328.75 0.660704
2349 0.662455
2369.25 0.665033
2389.5 0.667586
2409.75 0.668838
2430 0.671968
2450.25 0.674187
2470.5 0.676228
2490.75 0.678153
2511 0.679616
2531.25 0.682541
2551.5 0.684343
2571.75 0.686706
2592 0.689163
2612.25 0.69012
2632.5 0.692613
2652.75 0.694931
2673 0.696802
2693.25 0.698825
2713.5 0.700435
2733.75 0.702462
2754 0.703813
2774.25 0.705705
2794.5 0.707013
2814.75 0.708994
2835 0.710457
2855.25 0.711446
2875.5 0.713076
2895.75 0.715057
2916 0.716302
2936.25 0.717699
2956.5 0.719845
2976.75 0.720967
2997 0.722338
3017.25 0.722732
3037.5 0.723666
3057.75 0.724328
3078 0.725178
3098.25 0.72637
3118.5 0.728348
3138.75 0.729829
3159 0.731162
3179.25 0.732973
3199.5 0.734888
3219.75 0.735929
3240 0.737374
3260.25 0.738725
3280.5 0.73996
3300.75 0.740933
3321 0.74187
3341.25 0.743084
3361.5 0.743627
3381.75 0.744497
3402 0.746157
3422.25 0.747753
3442.5 0.747301
3462.75 0.747866
3483 0.748231
3503.25 0.749189
3523.5 0.749045
3543.75 0.749731
3564 0.750473
3584.25 0.751268
3604.5 0.750958
3624.75 0.751861
3645 0.752848
3665.25 0.753061
3685.5 0.754164
3705.75 0.755471
3726 0.756435
3746.25 0.756796
3766.5 0.758484
3786.75 0.758591
3807 0.760099
3827.25 0.760935
3847.5 0.762064
3867.75 0.763008
3888 0.763694
3908.25 0.764888
3928.5 0.76587
3948.75 0.767005
3969 0.767523
3989.25 0.768259
4009.5 0.76859
4029.75 0.769206
4050 0.770306
