0 9.081e-08
20.25 0.00149916
40.5 0.00410363
60.75 0.00745639
81 0.0114883
101.25 0.0154318
121.5 0.0199817
141.75 0.023942
162 0.028336
182.25 0.032612
202.5 0.0375485
222.75 0.043613
243 0.048387
263.25 0.0542709
283.5 0.0600247
303.75 0.0651956
324 0.0720104
344.25 0.0786499
364.5 0.0865943
384.75 0.094346
405 0.102627
425.25 0.109773
445.5 0.115823
465.75 0.122673
486 0.127936
506.25 0.13441
526.5 0.142131
546.75 0.146856
567 0.153877
587.25 0.15981
607.5 0.167614
627.75 0.174864
648 0.180504
668.25 0.186935
688.5 0.19235
708.75 0.199272
729 0.206781
749.25 0.214002
769.5 0.221865
789.75 0.228982
810 0.237017
830.25 0.242579
850.5 0.249049
870.75 0.255421
891 0.260392
911.25 0.266384
931.5 0.272673
951.75 0.278406
972 0.284198
992.25 0.289395
1012.5 0.295962
1032.75 0.300901
1053 0.303994
1073.25 0.309905
1093.5 0.316253
1113.75 0.322458
1134 0.329591
1154.25 0.33347
1174.5 0.341094
1194.75 0.347535
1215 0.354873
1235.25 0.361078
1255.5 0.367207
1275.75 0.374213
1296 0.381436
1316.25 0.386584
1336.5 0.390919
1356.75 0.396107
1377 0.400782
1397.25 0.405378
1417.5 0.41104
1437.75 0.414818
1458 0.419913
1478.25 0.424654
1498.5 0.429161
1518.75 0.434285
1539 0.439612
1559.25 0.442871
1579.5 0.44707
1599.75 0.449749
1620 0.453057
1640.25 0.455801
1660.5 0.459196
1680.75 0.462521
1701 0.467071
1721.25 0.469206
1741.5 0.472985
1761.75 0.477311
1782 0.480077
1802.25 0.484126
1822.5 0.486798
1842.75 0.490476
1863 0.492896
1883.25 0.495414
1903.5 0.498875
1923.75 0.501198
1944 0.505033
1964.25 0.507328
1984.5 0.510115
2004.75 0.513628
2025 0.51606
2045.25 0.518618
2065.5 0.522506
2085.75 0.525981
2106 0.528846
2126.25 0.532347
2146.5 0.536737
2166.75 0.540031
2187 0.542679
2207.25 0.544051
2227.5 0.546603
2247.75 0.550521
2268 0.553298
2288.25 0.558342
2308.5 0.559919
2328.75 0.562952
2349 0.565302
2369.25 0.568613
2389.5 0.572011
2409.75 0.574587
2430 0.578845
2450.25 0.581552
2470.5 0.582734
2490.75 0.584463
2511 0.585092
2531.25 0.588352
2551.5 0.589542
2571.75 0.591986
2592 0.596151
2612.25 0.595979
2632.5 0.598582
2652.75 0.60082
2673 0.604887
2693.25 0.607856
2713.5 0.610963
2733.75 0.614368
2754 0.617595
2774.25 0.619817
2794.5 0.621923
2814.75 0.624899
2835 0.626669
2855.25 0.628414
2875.5 0.630233
2895.75 0.632879
2916 0.635262
2936.25 0.636367
2956.5 0.637918
2976.75 0.63893
2997 0.640823
3017.25 0.642
3037.5 0.644061
3057.75 0.645085
3078 0.647542
3098.25 0.649622
3118.5 0.65259
3138.75 0.654218
3159 0.656242
3179.25 0.659403
3199.5 0.660806
3219.75 0.662743
3240 0.665433
3260.25 0.668276
3280.5 0.670572
3300.75 0.672722
3321 0.674317
3341.25 0.676528
3361.5 0.677269
3381.75 0.678378
3402 0.680803
3422.25 0.681601
3442.5 0.680765
3462.75 0.681884
3483 0.682306
3503.25 0.683749
3523.5 0.683922
3543.75 0.684092
3564 0.685686
3584.25 0.68703
3604.5 0.686294
3624.75 0.689185
3645 0.689222
3665.25 0.689614
3685.5 0.690749
3705.75 0.693499
3726 0.693454
3746.25 0.694366
3766.5 0.694616
3786.75 0.694429
3807 0.695259
3827.25 0.69669
3847.5 0.697903
3867.75 0.69791
3888 0.69826
3908.25 0.699308
3928.5 0.69906
3948.75 0.69981
3969 0.699861
3989.25 0.701139
4009.5 0.700615
4029.75 0.700764
4050 0.702304
