0 8.88187e-08
20.25 0.00154625
40.5 0.00420409
60.75 0.00756229
81 0.0113611
101.25 0.0155984
121.5 0.0200063
141.75 0.0243484
162 0.0286925
182.25 0.0330717
202.5 0.0379778
222.75 0.0438186
243 0.0486361
263.25 0.0541013
283.5 0.0595384
303.75 0.0649362
324 0.0714196
344.25 0.0781261
364.5 0.0857597
384.75 0.0932841
405 0.100879
425.25 0.10827
445.5 0.113801
465.75 0.120349
486 0.12551
506.25 0.131818
526.5 0.139025
546.75 0.144398
567 0.15131
587.25 0.157324
607.5 0.165165
627.75 0.171468
648 0.177327
668.25 0.183192
688.5 0.188584
708.75 0.194146
729 0.200229
749.25 0.206452
769.5 0.21365
789.75 0.220374
810 0.228011
830.25 0.233381
850.5 0.239034
870.75 0.245056
891 0.249279
911.25 0.254657
931.5 0.260979
951.75 0.267172
972 0.27316
992.25 0.27906
1012.5 0.285181
1032.75 0.290551
1053 0.294673
1073.25 0.300573
1093.5 0.306878
1113.75 0.313712
1134 0.319603
1154.25 0.324827
1174.5 0.332559
1194.75 0.339645
1215 0.34573
1235.25 0.351001
1255.5 0.356809
1275.75 0.36303
1296 0.369775
1316.25 0.374517
1336.5 0.378032
1356.75 0.383416
1377 0.38795
1397.25 0.392075
1417.5 0.397375
1437.75 0.401116
1458 0.405739
1478.25 0.409902
1498.5 0.414742
1518.75 0.420267
1539 0.425225
1559.25 0.430434
1579.5 0.435826
1599.75 0.439296
1620 0.443271
1640.25 0.447516
1660.5 0.451974
1680.75 0.456039
1701 0.461307
1721.25 0.463702
1741.5 0.466872
1761.75 0.470924
1782 0.473976
1802.25 0.477948
1822.5 0.480908
1842.75 0.485076
1863 0.488245
1883.25 0.491224
1903.5 0.495567
1923.75 0.49802
1944 0.501371
1964.25 0.504015
1984.5 0.506761
2004.75 0.510347
2025 0.512979
2045.25 0.515699
2065.5 0.519404
2085.75 0.522388
2106 0.525099
2126.25 0.528468
2146.5 0.532512
2166.75 0.535487
2187 0.538166
2207.25 0.54013
2227.5 0.542466
2247.75 0.545964
2268 0.548556
2288.25 0.551968
2308.5 0.553586
2328.75 0.55632
2349 0.558113
2369.25 0.561281
2389.5 0.564425
2409.75 0.56611
2430 0.569463
2450.25 0.571703
2470.5 0.573436
2490.75 0.575751
2511 0.576438
2531.25 0.579511
2551.5 0.58079
2571.75 0.583602
2592 0.587748
2612.25 0.588052
2632.5 0.591267
2652.75 0.593742
2673 0.596625
2693.25 0.599507
2713.5 0.601829
2733.75 0.604329
2754 0.607181
2774.25 0.60963
2794.5 0.611469
2814.75 0.613818
2835 0.616282
2855.25 0.617943
2875.5 0.620371
2895.75 0.62365
2916 0.625741
2936.25 0.627162
2956.5 0.628952
2976.75 0.629697
2997 0.631707
3017.25 0.632803
3037.5 0.634229
3057.75 0.635666
3078 0.637573
3098.25 0.639643
3118.5 0.642807
3138.75 0.644485
3159 0.646367
3179.25 0.649735
3199.5 0.651896
3219.75 0.652938
3240 0.655223
3260.25 0.657667
3280.5 0.659358
3300.75 0.66099
3321 0.662342
3341.25 0.665002
3361.5 0.66606
3381.75 0.667517
3402 0.670176
3422.25 0.671765
3442.5 0.671575
3462.75 0.672699
3483 0.673063
3503.25 0.674587
3523.5 0.675087
3543.75 0.67568
3564 0.677116
3584.25 0.678443
3604.5 0.678324
3624.75 0.680046
3645 0.68099
3665.25 0.681964
3685.5 0.683324
3705.75 0.685914
3726 0.686163
3746.25 0.686508
3766.5 0.687517
3786.75 0.687701
3807 0.689603
3827.25 0.690499
3847.5 0.692327
3867.75 0.693342
3888 0.694089
3908.25 0.695336
3928.5 0.696114
3948.75 0.697591
3969 0.698408
3989.25 0.699421
4009.5 0.69983
4029.75 0.699966
4050 0.701878
