0 0.0002082
20.25 0.0281424
40.5 0.0478235
60.75 0.0644401
81 0.079115
101.25 0.0913982
121.5 0.104118
141.75 0.114855
162 0.125958
182.25 0.136795
202.5 0.14757
222.75 0.160131
243 0.169358
263.25 0.180307
283.5 0.19111
303.75 0.200778
324 0.211973
344.25 0.222676
364.5 0.233653
384.75 0.244696
405 0.255824
425.25 0.264791
445.5 0.272551
465.75 0.280519
486 0.287126
506.25 0.295355
526.5 0.304384
546.75 0.30961
567 0.316953
587.25 0.32413
607.5 0.331638
627.75 0.339245
648 0.345323
668.25 0.352512
688.5 0.358683
708.75 0.365307
729 0.373293
749.25 0.37967
769.5 0.387004
789.75 0.393485
810 0.400953
830.25 0.406469
850.5 0.412375
870.75 0.418256
891 0.422465
911.25 0.428108
931.5 0.433279
951.75 0.437835
972 0.443127
992.25 0.447153
1012.5 0.452735
1032.75 0.457253
1053 0.460089
1073.25 0.465295
1093.5 0.47082
1113.75 0.475851
1134 0.481973
1154.25 0.484831
1174.5 0.491787
1194.75 0.497244
1215 0.503314
1235.25 0.508497
1255.5 0.513961
1275.75 0.519739
1296 0.525287
1316.25 0.529676
1336.5 0.533505
1356.75 0.537819
1377 0.542141
1397.25 0.546004
1417.5 0.550608
1437.75 0.553996
1458 0.558028
1478.25 0.561545
1498.5 0.565132
1518.75 0.56907
1539 0.572805
1559.25 0.57497
1579.5 0.578343
1599.75 0.580432
1620 0.581939
1640.25 0.583821
1660.5 0.586839
1680.75 0.589196
1701 0.593156
1721.25 0.594994
1741.5 0.597924
1761.75 0.601181
1782 0.603895
1802.25 0.6069
1822.5 0.608755
1842.75 0.611665
1863 0.613475
1883.25 0.61482
1903.5 0.61767
1923.75 0.61948
1944 0.622648
1964.25 0.624438
1984.5 0.62634
2004.75 0.629181
2025 0.630666
2045.25 0.632715
2065.5 0.635962
2085.75 0.638872
2106 0.641043
2126.25 0.643899
2146.5 0.647655
2166.75 0.649815
2187 0.652045
2207.25 0.653325
2227.5 0.655304
2247.75 0.658342
2268 0.660438
2288.25 0.664096
2308.5 0.665536
2328.75 0.667916
2349 0.669597
2369.25 0.672186
2389.5 0.674901
2409.75 0.676475
2430 0.680076
2450.25 0.68205
2470.5 0.682843
2490.75 0.684278
2511 0.68503
2531.25 0.687506
2551.5 0.688067
2571.75 0.689898
2592 0.692817
2612.25 0.692533
2632.5 0.694292
2652.75 0.69629
2673 0.698878
2693.25 0.701106
2713.5 0.703833
2733.75 0.706275
2754 0.708018
2774.25 0.709733
2794.5 0.711011
2814.75 0.713788
2835 0.715235
2855.25 0.716053
2875.5 0.717073
2895.75 0.719346
2916 0.720948
2936.25 0.72184
2956.5 0.723247
2976.75 0.724088
2997 0.725177
3017.25 0.725747
3037.5 0.726983
3057.75 0.727843
3078 0.729338
3098.25 0.73106
3118.5 0.733082
3138.75 0.734192
3159 0.735804
3179.25 0.737602
3199.5 0.73915
3219.75 0.740647
3240 0.742257
3260.25 0.744326
3280.5 0.746099
3300.75 0.747369
3321 0.748286
3341.25 0.749578
3361.5 0.749688
3381.75 0.750543
3402 0.752627
3422.25 0.753463
3442.5 0.75287
3462.75 0.753893
3483 0.754024
3503.25 0.754991
3523.5 0.755373
3543.75 0.755207
3564 0.756072
3584.25 0.756816
3604.5 0.755729
3624.75 0.757688
3645 0.757815
3665.25 0.757794
3685.5 0.758497
3705.75 0.760289
3726 0.760073
3746.25 0.760617
3766.5 0.761353
3786.75 0.761412
3807 0.762385
3827.25 0.763393
3847.5 0.76422
3867.75 0.764404
3888 0.765003
3908.25 0.766109
3928.5 0.766037
3948.75 0.766466
3969 0.766622
3989.25 0.767561
4009.5 0.76704
4029.75 0.767428
4050 0.7686
