0 0.000203971
20.25 0.0285751
40.5 0.0480077
60.75 0.0644738
81 0.0789354
101.25 0.0919322
121.5 0.104424
141.75 0.115492
162 0.126166
182.25 0.137226
202.5 0.147612
222.75 0.159173
243 0.168269
263.25 0.1785
283.5 0.188406
303.75 0.198071
324 0.208625
344.25 0.219123
364.5 0.229503
384.75 0.240498
405 0.250707
425.25 0.259933
445.5 0.266694
465.75 0.274291
486 0.280984
506.25 0.288804
526.5 0.297356
546.75 0.303698
567 0.311274
587.25 0.318794
607.5 0.327075
627.75 0.334134
648 0.340534
668.25 0.347019
688.5 0.353163
708.75 0.358868
729 0.365598
749.25 0.371536
769.5 0.378612
789.75 0.385024
810 0.392367
830.25 0.397872
850.5 0.403436
870.75 0.409229
891 0.413021
911.25 0.417946
931.5 0.423533
951.75 0.428751
972 0.434387
992.25 0.439245
1012.5 0.444562
1032.75 0.449392
1053 0.453108
1073.25 0.458253
1093.5 0.463946
1113.75 0.469609
1134 0.474626
1154.25 0.478805
1174.5 0.485528
1194.75 0.491438
1215 0.496589
1235.25 0.500902
1255.5 0.50579
1275.75 0.511326
1296 0.516252
1316.25 0.520391
1336.5 0.523317
1356.75 0.527996
1377 0.532121
1397.25 0.535527
1417.5 0.540094
1437.75 0.543468
1458 0.546849
1478.25 0.550168
1498.5 0.55379
1518.75 0.557777
1539 0.561284
1559.25 0.565168
1579.5 0.569175
1599.75 0.571945
1620 0.574306
1640.25 0.577208
1660.5 0.581065
1680.75 0.584184
1701 0.588514
1721.25 0.590384
1741.5 0.592511
1761.75 0.595633
1782 0.598533
1802.25 0.601696
1822.5 0.603838
1842.75 0.607311
1863 0.609472
1883.25 0.611002
1903.5 0.614608
1923.75 0.616445
1944 0.618853
1964.25 0.620941
1984.5 0.623072
2004.75 0.626081
2025 0.627895
2045.25 0.629969
2065.5 0.633039
2085.75 0.635625
2106 0.637776
2126.25 0.640436
2146.5 0.643725
2166.75 0.645639
2187 0.647657
2207.25 0.649417
2227.5 0.651259
2247.75 0.653799
2268 0.655642
2288.25 0.658113
2308.5 0.659495
2328.75 0.661678
2349 0.662846
2369.25 0.665499
2389.5 0.668016
2409.75 0.668973
2430 0.671845
2450.25 0.673895
2470.5 0.674947
2490.75 0.676913
2511 0.677418
2531.25 0.679826
2551.5 0.680844
2571.75 0.683119
2592 0.686454
2612.25 0.686629
2632.5 0.689194
2652.75 0.691318
2673 0.693384
2693.25 0.695417
2713.5 0.697343
2733.75 0.699168
2754 0.700724
2774.25 0.702725
2794.5 0.704085
2814.75 0.706461
2835 0.708352
2855.25 0.709285
2875.5 0.710764
2895.75 0.71339
2916 0.714851
2936.25 0.715963
2956.5 0.71755
2976.75 0.71823
2997 0.71977
3017.25 0.72033
3037.5 0.721097
3057.75 0.722122
3078 0.723119
3098.25 0.724766
3118.5 0.727012
3138.75 0.728366
3159 0.729899
3179.25 0.73194
3199.5 0.733959
3219.75 0.734726
3240 0.73618
3260.25 0.737825
3280.5 0.739231
3300.75 0.74038
3321 0.741182
3341.25 0.742706
3361.5 0.743266
3381.75 0.744214
3402 0.746383
3422.25 0.747712
3442.5 0.747427
3462.75 0.748418
3483 0.748623
3503.25 0.749585
3523.5 0.749832
3543.75 0.750289
3564 0.751105
3584.25 0.752148
3604.5 0.75152
3624.75 0.75288
3645 0.753597
3665.25 0.754061
3685.5 0.755248
3705.75 0.75711
3726 0.757339
3746.25 0.757647
3766.5 0.758882
3786.75 0.758975
3807 0.760565
3827.25 0.761057
3847.5 0.76227
3867.75 0.763023
3888 0.763869
3908.25 0.7651
3928.5 0.765695
3948.75 0.766617
3969 0.76747
3989.25 0.768318
4009.5 0.768416
4029.75 0.768565
4050 0.769879
