0 0.0335079
20.25 0.155408
40.5 0.224322
60.75 0.216844
81 0.223199
101.25 0.208952
121.5 0.219511
141.75 0.231191
162 0.256658
182.25 0.29521
202.5 0.308895
222.75 0.315795
243 0.323158
263.25 0.330798
283.5 0.343169
303.75 0.361371
324 0.366721
344.25 0.38041
364.5 0.377359
384.75 0.39225
405 0.398115
425.25 0.405355
445.5 0.41035
465.75 0.413751
486 0.423836
506.25 0.428224
526.5 0.433913
546.75 0.437165
567 0.441348
587.25 0.451781
607.5 0.457045
627.75 0.464304
648 0.46883
668.25 0.475331
688.5 0.482143
708.75 0.485802
729 0.493002
749.25 0.496469
769.5 0.500744
789.75 0.504712
810 0.508547
830.25 0.514597
850.5 0.521121
870.75 0.527696
891 0.531066
911.25 0.534635
931.5 0.538315
951.75 0.54031
972 0.545576
992.25 0.549599
1012.5 0.554123
1032.75 0.558789
1053 0.562342
1073.25 0.565377
1093.5 0.570886
1113.75 0.574383
1134 0.578398
1154.25 0.581738
1174.5 0.58745
1194.75 0.59211
1215 0.59571
1235.25 0.599326
1255.5 0.604335
1275.75 0.610159
1296 0.611732
1316.25 0.615356
1336.5 0.618623
1356.75 0.62247
1377 0.626634
1397.25 0.628963
1417.5 0.633038
1437.75 0.637378
1458 0.639388
1478.25 0.642725
1498.5 0.643881
1518.75 0.646514
1539 0.647511
1559.25 0.649952
1579.5 0.652134
1599.75 0.654268
1620 0.65421
1640.25 0.655648
1660.5 0.658821
1680.75 0.661395
1701 0.664871
1721.25 0.666828
1741.5 0.669275
1761.75 0.672035
1782 0.675188
1802.25 0.677984
1822.5 0.678871
1842.75 0.682062
1863 0.684031
1883.25 0.683716
1903.5 0.687409
1923.75 0.689054
1944 0.690539
1964.25 0.693494
1984.5 0.694999
2004.75 0.698327
2025 0.700183
2045.25 0.701526
2065.5 0.704467
2085.75 0.707944
2106 0.710469
2126.25 0.713459
2146.5 0.716971
2166.75 0.717135
2187 0.718726
2207.25 0.72137
2227.5 0.722619
2247.75 0.724247
2268 0.725343
2288.25 0.728144
2308.5 0.73006
2328.75 0.731949
2349 0.732951
2369.25 0.735114
2389.5 0.737057
2409.75 0.737633
2430 0.740641
2450.25 0.742408
2470.5 0.743842
2490.75 0.745936
2511 0.747275
2531.25 0.749998
2551.5 0.751557
2571.75 0.753273
2592 0.755087
2612.25 0.755751
2632.5 0.758387
2652.75 0.760833
2673 0.762052
2693.25 0.763965
2713.5 0.765458
2733.75 0.767168
2754 0.76731
2774.25 0.768628
2794.5 0.770153
2814.75 0.772309
2835 0.773499
2855.25 0.773702
2875.5 0.774425
2895.75 0.77615
2916 0.77709
2936.25 0.778745
2956.5 0.781495
2976.75 0.782853
2997 0.784152
3017.25 0.783682
3037.5 0.783802
3057.75 0.783686
3078 0.784026
3098.25 0.785468
3118.5 0.786834
3138.75 0.78826
3159 0.789492
3179.25 0.790227
3199.5 0.792419
3219.75 0.793876
3240 0.794893
3260.25 0.795387
3280.5 0.796348
3300.75 0.796755
3321 0.797041
3341.25 0.797308
3361.5 0.797165
3381.75 0.797411
3402 0.798947
3422.25 0.80067
3442.5 0.80004
3462.75 0.800542
3483 0.800167
3503.25 0.800755
3523.5 0.800378
3543.75 0.800657
3564 0.800318
3584.25 0.800724
3604.5 0.799871
3624.75 0.800565
3645 0.801778
3665.25 0.801522
3685.5 0.8024
3705.75 0.803285
3726 0.804032
3746.25 0.80424
3766.5 0.806349
3786.75 0.806514
3807 0.807884
3827.25 0.808349
3847.5 0.808509
3867.75 0.808987
3888 0.810337
3908.25 0.811585
3928.5 0.812581
3948.75 0.813348
3969 0.814311
3989.25 0.814831
4009.5 0.814788
4029.75 0.815296
4050 0.816071
