0 -0.134846
20.25 0.10633
40.5 0.175894
60.75 0.180774
81 0.176626
101.25 0.154369
121.5 0.165293
141.75 0.174548
162 0.197471
182.25 0.243758
202.5 0.257032
222.75 0.270504
243 0.282292
263.25 0.302033
283.5 0.322706
303.75 0.344822
324 0.359096
344.25 0.372876
364.5 0.371803
384.75 0.387181
405 0.395034
425.25 0.397551
445.5 0.399999
465.75 0.400374
486 0.410293
506.25 0.419599
526.5 0.427675
546.75 0.434413
567 0.438354
587.25 0.451989
607.5 0.456084
627.75 0.464179
648 0.470834
668.25 0.478748
688.5 0.487992
708.75 0.492499
729 0.501974
749.25 0.504395
769.5 0.509557
789.75 0.513429
810 0.518946
830.25 0.525727
850.5 0.531381
870.75 0.536698
891 0.538689
911.25 0.542142
931.5 0.545106
951.75 0.546614
972 0.552346
992.25 0.553619
1012.5 0.557037
1032.75 0.561298
1053 0.564717
1073.25 0.568671
1093.5 0.574292
1113.75 0.577484
1134 0.581242
1154.25 0.58311
1174.5 0.589282
1194.75 0.593664
1215 0.598014
1235.25 0.601048
1255.5 0.605249
1275.75 0.611499
1296 0.612559
1316.25 0.617033
1336.5 0.619618
1356.75 0.624665
1377 0.629892
1397.25 0.632878
1417.5 0.637735
1437.75 0.641933
1458 0.643216
1478.25 0.64578
1498.5 0.647652
1518.75 0.649159
1539 0.650252
1559.25 0.652431
1579.5 0.654691
1599.75 0.657083
1620 0.656054
1640.25 0.656791
1660.5 0.661359
1680.75 0.663703
1701 0.668087
1721.25 0.66964
1741.5 0.670145
1761.75 0.672624
1782 0.67694
1802.25 0.679839
1822.5 0.681073
1842.75 0.684811
1863 0.685592
1883.25 0.684186
1903.5 0.688083
1923.75 0.689436
1944 0.690869
1964.25 0.692797
1984.5 0.69465
2004.75 0.698021
2025 0.698853
2045.25 0.700555
2065.5 0.703884
2085.75 0.707023
2106 0.709066
2126.25 0.711551
2146.5 0.714926
2166.75 0.715395
2187 0.717001
2207.25 0.719288
2227.5 0.721018
2247.75 0.722749
2268 0.723893
2288.25 0.725581
2308.5 0.727193
2328.75 0.729336
2349 0.729728
2369.25 0.732681
2389.5 0.735167
2409.75 0.735018
2430 0.738384
2450.25 0.741115
2470.5 0.741231
2490.75 0.74348
2511 0.743857
2531.25 0.746089
2551.5 0.747078
2571.75 0.749383
2592 0.752707
2612.25 0.752697
2632.5 0.755199
2652.75 0.757656
2673 0.759052
2693.25 0.760336
2713.5 0.762399
2733.75 0.76374
2754 0.763417
2774.25 0.765487
2794.5 0.766542
2814.75 0.770119
2835 0.771765
2855.25 0.771694
2875.5 0.771994
2895.75 0.774573
2916 0.775488
2936.25 0.776516
2956.5 0.778444
2976.75 0.779312
2997 0.78065
3017.25 0.780434
3037.5 0.780284
3057.75 0.780988
3078 0.780701
3098.25 0.782296
3118.5 0.783821
3138.75 0.785178
3159 0.78674
3179.25 0.787211
3199.5 0.789864
3219.75 0.790459
3240 0.791015
3260.25 0.79191
3280.5 0.793407
3300.75 0.794173
3321 0.794318
3341.25 0.79444
3361.5 0.794342
3381.75 0.79478
3402 0.797001
3422.25 0.798432
3442.5 0.797854
3462.75 0.799031
3483 0.799038
3503.25 0.799406
3523.5 0.799308
3543.75 0.799716
3564 0.799775
3584.25 0.800758
3604.5 0.798964
3624.75 0.800263
3645 0.800882
3665.25 0.800642
3685.5 0.802024
3705.75 0.803393
3726 0.803683
3746.25 0.804054
3766.5 0.806192
3786.75 0.806166
3807 0.807861
3827.25 0.807857
3847.5 0.8085
3867.75 0.809107
3888 0.810465
3908.25 0.812157
3928.5 0.812676
3948.75 0.813018
3969 0.814268
3989.25 0.815169
4009.5 0.814779
4029.75 0.815007
4050 0.815823
