0 -0.0949338
20.25 0.107106
40.5 0.20574
60.75 0.204375
81 0.164566
101.25 0.15268
121.5 0.156764
141.75 0.185081
162 0.213971
182.25 0.257256
202.5 0.275765
222.75 0.299149
243 0.313
263.25 0.330664
283.5 0.35653
303.75 0.382716
324 0.397361
344.25 0.413823
364.5 0.413843
384.75 0.424314
405 0.431879
425.25 0.434372
445.5 0.440818
465.75 0.441086
486 0.448157
506.25 0.459207
526.5 0.465935
546.75 0.467985
567 0.468262
587.25 0.478871
607.5 0.476008
627.75 0.480596
648 0.486314
668.25 0.495674
688.5 0.504895
708.75 0.506761
729 0.516079
749.25 0.51541
769.5 0.518649
789.75 0.521079
810 0.525681
830.25 0.531752
850.5 0.535464
870.75 0.539937
891 0.541028
911.25 0.546547
931.5 0.547531
951.75 0.547693
972 0.55268
992.25 0.552631
1012.5 0.556063
1032.75 0.560836
1053 0.563911
1073.25 0.568563
1093.5 0.573328
1113.75 0.575931
1134 0.58117
1154.25 0.581345
1174.5 0.589675
1194.75 0.594409
1215 0.599135
1235.25 0.603555
1255.5 0.609886
1275.75 0.614684
1296 0.617617
1316.25 0.622082
1336.5 0.62656
1356.75 0.630571
1377 0.636411
1397.25 0.640223
1417.5 0.644188
1437.75 0.648411
1458 0.651514
1478.25 0.653314
1498.5 0.656242
1518.75 0.658953
1539 0.660148
1559.25 0.66036
1579.5 0.663391
1599.75 0.665045
1620 0.662177
1640.25 0.66274
1660.5 0.666602
1680.75 0.66767
1701 0.672471
1721.25 0.674626
1741.5 0.677011
1761.75 0.679338
1782 0.6836
1802.25 0.685609
1822.5 0.686395
1842.75 0.689036
1863 0.690331
1883.25 0.689395
1903.5 0.692387
1923.75 0.693964
1944 0.697331
1964.25 0.6989
1984.5 0.69969
2004.75 0.702527
2025 0.702519
2045.25 0.704517
2065.5 0.7081
2085.75 0.71133
2106 0.713068
2126.25 0.716017
2146.5 0.720401
2166.75 0.721091
2187 0.723595
2207.25 0.725379
2227.5 0.727123
2247.75 0.729804
2268 0.731489
2288.25 0.733987
2308.5 0.735899
2328.75 0.738092
2349 0.739176
2369.25 0.741544
2389.5 0.74419
2409.75 0.744399
2430 0.748454
2450.25 0.749868
2470.5 0.750233
2490.75 0.751776
2511 0.753178
2531.25 0.755244
2551.5 0.754759
2571.75 0.756224
2592 0.758008
2612.25 0.757345
2632.5 0.758236
2652.75 0.760735
2673 0.761569
2693.25 0.763388
2713.5 0.76668
2733.75 0.768368
2754 0.767988
2774.25 0.769526
2794.5 0.769775
2814.75 0.773488
2835 0.774987
2855.25 0.774381
2875.5 0.774327
2895.75 0.77695
2916 0.777791
2936.25 0.778691
2956.5 0.780472
2976.75 0.781375
2997 0.78143
3017.25 0.78111
3037.5 0.781353
3057.75 0.782295
3078 0.782665
3098.25 0.784502
3118.5 0.785675
3138.75 0.786323
3159 0.787898
3179.25 0.787987
3199.5 0.790492
3219.75 0.791844
3240 0.792198
3260.25 0.793773
3280.5 0.795375
3300.75 0.795616
3321 0.795714
3341.25 0.795928
3361.5 0.794962
3381.75 0.795738
3402 0.798116
3422.25 0.799377
3442.5 0.79896
3462.75 0.80025
3483 0.799924
3503.25 0.800466
3523.5 0.801375
3543.75 0.800548
3564 0.800505
3584.25 0.800515
3604.5 0.798349
3624.75 0.799519
3645 0.799859
3665.25 0.79911
3685.5 0.799359
3705.75 0.800255
3726 0.799651
3746.25 0.799793
3766.5 0.80168
3786.75 0.802189
3807 0.803816
3827.25 0.804517
3847.5 0.805028
3867.75 0.805591
3888 0.806861
3908.25 0.808517
3928.5 0.808717
3948.75 0.808773
3969 0.809169
3989.25 0.809914
4009.5 0.809188
4029.75 0.810138
4050 0.81116
