0 0.000445104
9 0.0366586
18 0.067769
27 0.0971214
36 0.123219
45 0.151264
54 0.180191
63 0.209568
72 0.238318
81 0.268304
90 0.296665
99 0.324304
108 0.352823
117 0.377975
126 0.404239
135 0.429768
144 0.454864
153 0.477991
162 0.501645
171 0.522167
180 0.541076
189 0.560559
198 0.579594
207 0.597737
216 0.616092
225 0.632105
234 0.648351
243 0.66481
252 0.67895
261 0.693286
270 0.708315
279 0.721468
288 0.733386
297 0.744638
306 0.755451
315 0.764591
324 0.773128
333 0.782734
342 0.791053
351 0.800088
360 0.807986
369 0.816939
378 0.823962
387 0.831081
396 0.838035
405 0.845203
414 0.851419
423 0.857733
432 0.863989
441 0.870132
450 0.875391
459 0.879618
468 0.884489
477 0.888604
486 0.892404
495 0.895825
504 0.898289
513 0.900957
522 0.903887
531 0.906403
540 0.908825
549 0.911449
558 0.913632
567 0.916269
576 0.917685
585 0.920117
594 0.92129
603 0.922761
612 0.92419
621 0.925974
630 0.926799
639 0.928237
648 0.929451
657 0.930644
666 0.932146
675 0.93316
684 0.933393
693 0.933737
702 0.934121
711 0.935118
720 0.935541
729 0.936481
738 0.93658
747 0.93709
756 0.938442
765 0.938914
774 0.939717
783 0.940379
792 0.940764
801 0.941703
810 0.942377
819 0.942654
828 0.94286
837 0.943356
846 0.943779
855 0.944264
864 0.944294
873 0.944999
882 0.945503
891 0.946477
900 0.947139
909 0.947172
918 0.947848
927 0.947737
936 0.948219
945 0.949021
954 0.949103
963 0.949135
972 0.949367
981 0.949757
990 0.949846
999 0.950328
1008 0.950129
1017 0.950333
1026 0.949924
1035 0.950032
1044 0.950326
1053 0.94994
1062 0.950128
1071 0.94994
1080 0.950024
1089 0.949792
1098 0.94982
1107 0.949924
1116 0.949915
1125 0.950249
1134 0.950417
1143 0.950466
1152 0.950339
1161 0.949966
1170 0.949798
1179 0.950023
1188 0.950154
1197 0.95003
1206 0.950404
1215 0.950272
1224 0.950059
1233 0.950256
1242 0.949969
1251 0.949946
1260 0.949485
1269 0.949474
1278 0.949865
1287 0.949917
1296 0.950188
1305 0.949245
1314 0.949516
1323 0.950027
1332 0.94957
1341 0.949831
1350 0.949987
1359 0.949806
1368 0.949822
1377 0.95001
1386 0.949658
1395 0.949269
1404 0.949581
1413 0.94988
1422 0.949738
1431 0.949563
1440 0.949801
1449 0.949645
1458 0.94974
1467 0.949732
1476 0.949903
1485 0.949488
1494 0.949584
1503 0.949811
1512 0.949589
1521 0.949371
1530 0.94967
1539 0.949595
1548 0.95054
1557 0.949869
1566 0.950262
1575 0.949933
1584 0.950038
1593 0.950044
1602 0.949655
1611 0.949401
1620 0.949696
1629 0.94952
1638 0.948964
1647 0.949486
1656 0.94915
1665 0.949985
1674 0.949294
1683 0.949629
1692 0.949703
1701 0.95036
1710 0.949672
1719 0.949661
1728 0.949524
1737 0.949094
1746 0.949372
1755 0.949869
1764 0.949849
1773 0.949818
1782 0.949934
1791 0.950012
1800 0.949626
