0 0.0369213
9 0.113539
18 0.118931
27 0.184002
36 0.232073
45 0.281169
54 0.335513
63 0.36948
72 0.408967
81 0.434261
90 0.461032
99 0.477776
108 0.505734
117 0.521959
126 0.548749
135 0.573659
144 0.598201
153 0.618167
162 0.640258
171 0.661812
180 0.677816
189 0.697436
198 0.715489
207 0.731464
216 0.747218
225 0.762129
234 0.774795
243 0.789028
252 0.800532
261 0.812381
270 0.824932
279 0.835381
288 0.84447
297 0.853409
306 0.861729
315 0.868483
324 0.87443
333 0.881201
342 0.887792
351 0.893987
360 0.899035
369 0.905771
378 0.910908
387 0.915967
396 0.92086
405 0.926224
414 0.930246
423 0.934294
432 0.937971
441 0.94192
450 0.944755
459 0.94718
468 0.950162
477 0.952518
486 0.954688
495 0.957043
504 0.958357
513 0.95977
522 0.961199
531 0.962581
540 0.96425
549 0.966126
558 0.967855
567 0.969408
576 0.970919
585 0.972558
594 0.973534
603 0.974803
612 0.975795
621 0.976915
630 0.977741
639 0.978702
648 0.979376
657 0.980077
666 0.98089
675 0.981593
684 0.982063
693 0.9822
702 0.98247
711 0.983184
720 0.983465
729 0.984027
738 0.984537
747 0.985035
756 0.985723
765 0.986345
774 0.986904
783 0.987404
792 0.987765
801 0.988223
810 0.988559
819 0.989036
828 0.989359
837 0.989761
846 0.990259
855 0.99055
864 0.990801
873 0.99114
882 0.991338
891 0.991755
900 0.992068
909 0.992292
918 0.992475
927 0.992697
936 0.992829
945 0.992997
954 0.993089
963 0.99317
972 0.993187
981 0.993208
990 0.993231
999 0.993258
1008 0.993265
1017 0.993263
1026 0.993271
1035 0.993264
1044 0.993266
1053 0.993257
1062 0.993256
1071 0.993275
1080 0.993268
1089 0.993262
1098 0.993276
1107 0.993296
1116 0.993276
1125 0.993307
1134 0.993312
1143 0.993312
1152 0.993309
1161 0.993283
1170 0.993279
1179 0.993272
1188 0.993263
1197 0.993266
1206 0.993269
1215 0.993267
1224 0.993273
1233 0.99326
1242 0.993266
1251 0.993265
1260 0.993266
1269 0.993263
1278 0.993266
1287 0.993265
1296 0.993265
1305 0.993266
1314 0.993269
1323 0.99327
1332 0.993274
1341 0.993266
1350 0.993286
1359 0.993318
1368 0.993296
1377 0.993276
1386 0.993296
1395 0.993278
1404 0.993295
1413 0.993281
1422 0.99328
1431 0.993274
1440 0.99328
1449 0.993277
1458 0.993281
1467 0.993289
1476 0.993293
1485 0.993291
1494 0.993268
1503 0.993278
1512 0.993312
1521 0.993291
1530 0.993283
1539 0.993278
1548 0.993283
1557 0.993266
1566 0.993269
1575 0.993258
1584 0.993254
1593 0.993263
1602 0.993269
1611 0.993267
1620 0.993276
1629 0.993281
1638 0.993275
1647 0.993262
1656 0.993261
1665 0.993275
1674 0.993268
1683 0.993257
1692 0.993262
1701 0.993265
1710 0.993269
1719 0.993264
1728 0.993259
1737 0.99327
1746 0.993268
1755 0.993263
1764 0.993266
1773 0.993282
1782 0.993266
1791 0.993279
1800 0.993293
