0 8.69866e-05
84.5 0.0419142
169 0.0718531
253.5 0.0959488
338 0.122432
422.5 0.147977
507 0.16903
591.5 0.191582
676 0.2124
760.5 0.231014
845 0.249968
929.5 0.270329
1014 0.289673
1098.5 0.307472
1183 0.323458
1267.5 0.343782
1352 0.358593
1436.5 0.378218
1521 0.392037
1605.5 0.407073
1690 0.420455
1774.5 0.438542
1859 0.452042
1943.5 0.467955
2028 0.483021
2112.5 0.499015
2197 0.514299
2281.5 0.53322
2366 0.543874
2450.5 0.559091
2535 0.570203
2619.5 0.580018
2704 0.591808
2788.5 0.60337
2873 0.61571
2957.5 0.623676
3042 0.632607
3126.5 0.641705
3211 0.650082
3295.5 0.660354
3380 0.670732
3464.5 0.680642
3549 0.690039
3633.5 0.699198
3718 0.707757
3802.5 0.71603
3887 0.724269
3971.5 0.73166
4056 0.73973
4140.5 0.747082
4225 0.755585
4309.5 0.762713
4394 0.771839
4478.5 0.779429
4563 0.78697
4647.5 0.795394
4732 0.802271
4816.5 0.806716
4901 0.813654
4985.5 0.81896
5070 0.8215
5154.5 0.82648
5239 0.832103
5323.5 0.836611
5408 0.839694
5492.5 0.842559
5577 0.846225
5661.5 0.851201
5746 0.856615
5830.5 0.860539
5915 0.865082
5999.5 0.867534
6084 0.871278
6168.5 0.873884
6253 0.876125
6337.5 0.877968
6422 0.879826
6506.5 0.882457
6591 0.884254
6675.5 0.886338
6760 0.88721
6844.5 0.889264
6929 0.889358
7013.5 0.891167
7098 0.893163
7182.5 0.894554
7267 0.895929
7351.5 0.89724
7436 0.899442
7520.5 0.900127
7605 0.901694
7689.5 0.902579
7774 0.902923
7858.5 0.903399
7943 0.905147
8027.5 0.905323
8112 0.907081
8196.5 0.90833
8281 0.909221
8365.5 0.910371
8450 0.91172
