0 9.22289e-05
84.5 0.0427672
169 0.0742711
253.5 0.105315
338 0.136181
422.5 0.16528
507 0.191939
591.5 0.219953
676 0.245408
760.5 0.269856
845 0.295366
929.5 0.321
1014 0.341424
1098.5 0.360079
1183 0.380059
1267.5 0.400782
1352 0.421597
1436.5 0.440676
1521 0.459395
1605.5 0.477873
1690 0.497946
1774.5 0.514144
1859 0.53093
1943.5 0.546484
2028 0.560121
2112.5 0.57692
2197 0.588349
2281.5 0.602711
2366 0.616153
2450.5 0.626254
2535 0.640665
2619.5 0.654025
2704 0.666229
2788.5 0.675848
2873 0.687586
2957.5 0.699292
3042 0.711551
3126.5 0.720308
3211 0.728908
3295.5 0.735703
3380 0.74404
3464.5 0.75237
3549 0.761273
3633.5 0.768544
3718 0.774424
3802.5 0.781783
3887 0.787208
3971.5 0.794719
4056 0.80183
4140.5 0.806464
4225 0.812492
4309.5 0.817388
4394 0.82198
4478.5 0.828663
4563 0.834138
4647.5 0.837709
4732 0.84158
4816.5 0.845546
4901 0.849183
4985.5 0.854028
5070 0.85783
5154.5 0.862029
5239 0.864253
5323.5 0.868684
5408 0.871238
5492.5 0.873847
5577 0.877158
5661.5 0.879674
5746 0.881711
5830.5 0.885139
5915 0.888622
5999.5 0.889726
6084 0.892638
6168.5 0.894423
6253 0.895291
6337.5 0.897576
6422 0.899975
6506.5 0.900792
6591 0.903468
6675.5 0.904231
6760 0.906687
6844.5 0.906791
6929 0.908778
7013.5 0.909041
7098 0.910192
7182.5 0.911271
7267 0.912368
7351.5 0.913601
7436 0.915073
7520.5 0.915578
7605 0.915915
7689.5 0.917056
7774 0.917846
7858.5 0.917905
7943 0.917106
8027.5 0.91856
8112 0.918811
8196.5 0.920054
8281 0.920867
8365.5 0.921558
8450 0.922259
