0 1.53989e-08
84.5 0.0036348
169 0.011131
253.5 0.0194891
338 0.0306344
422.5 0.0442024
507 0.0565224
591.5 0.0705402
676 0.0839257
760.5 0.0966669
845 0.109883
929.5 0.125107
1014 0.14156
1098.5 0.156559
1183 0.171167
1267.5 0.189292
1352 0.202784
1436.5 0.220977
1521 0.233415
1605.5 0.247559
1690 0.260128
1774.5 0.278501
1859 0.292638
1943.5 0.30961
2028 0.326577
2112.5 0.344957
2197 0.362388
2281.5 0.383009
2366 0.394665
2450.5 0.412441
2535 0.425457
2619.5 0.437146
2704 0.450519
2788.5 0.463534
2873 0.477816
2957.5 0.487371
3042 0.497594
3126.5 0.508803
3211 0.518583
3295.5 0.53079
3380 0.542423
3464.5 0.554907
3549 0.567174
3633.5 0.578768
3718 0.58937
3802.5 0.600526
3887 0.610579
3971.5 0.620086
4056 0.631171
4140.5 0.641157
4225 0.651383
4309.5 0.661661
4394 0.673827
4478.5 0.684063
4563 0.694673
4647.5 0.706533
4732 0.716234
4816.5 0.722528
4901 0.732136
4985.5 0.738127
5070 0.740939
5154.5 0.747842
5239 0.755766
5323.5 0.761457
5408 0.765144
5492.5 0.768331
5577 0.773249
5661.5 0.780685
5746 0.789469
5830.5 0.794894
5915 0.801596
5999.5 0.804815
6084 0.809258
6168.5 0.812852
6253 0.815721
6337.5 0.81834
6422 0.820921
6506.5 0.823774
6591 0.825704
6675.5 0.828777
6760 0.828943
6844.5 0.831855
6929 0.831185
7013.5 0.833942
7098 0.836086
7182.5 0.837682
7267 0.839442
7351.5 0.84068
7436 0.843745
7520.5 0.844168
7605 0.846371
7689.5 0.84755
7774 0.847698
7858.5 0.847863
7943 0.850389
8027.5 0.850139
8112 0.852549
8196.5 0.85452
8281 0.855756
8365.5 0.857713
8450 0.85941
