0 1.62762e-08
84.5 0.0038889
169 0.0112958
253.5 0.0213094
338 0.0338336
422.5 0.0479452
507 0.0619026
591.5 0.078125
676 0.0943645
760.5 0.111048
845 0.128068
929.5 0.147057
1014 0.164341
1098.5 0.180921
1183 0.197915
1267.5 0.2174
1352 0.235818
1436.5 0.253639
1521 0.272458
1605.5 0.29146
1690 0.309738
1774.5 0.328773
1859 0.346649
1943.5 0.365022
2028 0.381962
2112.5 0.399386
2197 0.414905
2281.5 0.432283
2366 0.447422
2450.5 0.461592
2535 0.477356
2619.5 0.493634
2704 0.508686
2788.5 0.521624
2873 0.536502
2957.5 0.549493
3042 0.563002
3126.5 0.574554
3211 0.584911
3295.5 0.594647
3380 0.605547
3464.5 0.617168
3549 0.629083
3633.5 0.640338
3718 0.649635
3802.5 0.660359
3887 0.668127
3971.5 0.677609
4056 0.68748
4140.5 0.695135
4225 0.703916
4309.5 0.711857
4394 0.720302
4478.5 0.728874
4563 0.737172
4647.5 0.744412
4732 0.750971
4816.5 0.756303
4901 0.763435
4985.5 0.769322
5070 0.774141
5154.5 0.780201
5239 0.784497
5323.5 0.790255
5408 0.793992
5492.5 0.797458
5577 0.802109
5661.5 0.806215
5746 0.81117
5830.5 0.816841
5915 0.821511
5999.5 0.824266
6084 0.82875
6168.5 0.831787
6253 0.834518
6337.5 0.837413
6422 0.840986
6506.5 0.842796
6591 0.845398
6675.5 0.847308
6760 0.8504
6844.5 0.851487
6929 0.852784
7013.5 0.853736
7098 0.855498
7182.5 0.857268
7267 0.858385
7351.5 0.859426
7436 0.86134
7520.5 0.861833
7605 0.862675
7689.5 0.864165
7774 0.864658
7858.5 0.864581
7943 0.864716
8027.5 0.865568
8112 0.866542
8196.5 0.867534
8281 0.868885
8365.5 0.869844
8450 0.870822
