0 1.67127e-08
84.5 0.00385471
169 0.0116448
253.5 0.021512
338 0.033432
422.5 0.0466151
507 0.0594605
591.5 0.0740299
676 0.0884869
760.5 0.102806
845 0.116711
929.5 0.133428
1014 0.149372
1098.5 0.166025
1183 0.18233
1267.5 0.200829
1352 0.21735
1436.5 0.23381
1521 0.251917
1605.5 0.270291
1690 0.286041
1774.5 0.306077
1859 0.323055
1943.5 0.341468
2028 0.35952
2112.5 0.375409
2197 0.391924
2281.5 0.408776
2366 0.423209
2450.5 0.438891
2535 0.452735
2619.5 0.468462
2704 0.483319
2788.5 0.496684
2873 0.511424
2957.5 0.523047
3042 0.535264
3126.5 0.547417
3211 0.557444
3295.5 0.567766
3380 0.579645
3464.5 0.591738
3549 0.603934
3633.5 0.616436
3718 0.627151
3802.5 0.638568
3887 0.647196
3971.5 0.656905
4056 0.667494
4140.5 0.676561
4225 0.686105
4309.5 0.695682
4394 0.705879
4478.5 0.714485
4563 0.724308
4647.5 0.733367
4732 0.741025
4816.5 0.74679
4901 0.755683
4985.5 0.761825
5070 0.766191
5154.5 0.772221
5239 0.778176
5323.5 0.783874
5408 0.788085
5492.5 0.791538
5577 0.79653
5661.5 0.801353
5746 0.808162
5830.5 0.814489
5915 0.818811
5999.5 0.822542
6084 0.826997
6168.5 0.830608
6253 0.834308
6337.5 0.837241
6422 0.841124
6506.5 0.843405
6591 0.844939
6675.5 0.847469
6760 0.850065
6844.5 0.852383
6929 0.852297
7013.5 0.854237
7098 0.856129
7182.5 0.858201
7267 0.85939
7351.5 0.859931
7436 0.861963
7520.5 0.862677
7605 0.864072
7689.5 0.865282
7774 0.865471
7858.5 0.865672
7943 0.866985
8027.5 0.866904
8112 0.868609
8196.5 0.869231
8281 0.870864
8365.5 0.87198
8450 0.872909
