0 9.08592e-05
84.5 0.0434616
169 0.074968
253.5 0.103819
338 0.13248
422.5 0.159175
507 0.18278
591.5 0.207756
676 0.230813
760.5 0.25246
845 0.27413
929.5 0.297091
1014 0.317123
1098.5 0.336496
1183 0.355835
1267.5 0.376765
1352 0.39595
1436.5 0.414664
1521 0.433162
1605.5 0.451347
1690 0.46844
1774.5 0.486175
1859 0.502501
1943.5 0.518715
2028 0.533694
2112.5 0.549009
2197 0.56271
2281.5 0.577547
2366 0.590532
2450.5 0.602504
2535 0.615321
2619.5 0.62865
2704 0.641058
2788.5 0.651612
2873 0.663591
2957.5 0.674048
3042 0.685043
3126.5 0.694133
3211 0.702216
3295.5 0.710213
3380 0.719594
3464.5 0.728548
3549 0.737678
3633.5 0.746261
3718 0.753551
3802.5 0.761632
3887 0.767983
3971.5 0.77538
4056 0.782781
4140.5 0.788622
4225 0.795659
4309.5 0.801652
4394 0.808166
4478.5 0.814797
4563 0.82132
4647.5 0.826731
4732 0.831535
4816.5 0.835669
4901 0.841009
4985.5 0.845949
5070 0.849582
5154.5 0.854004
5239 0.857528
5323.5 0.862018
5408 0.864995
5492.5 0.867909
5577 0.871566
5661.5 0.87455
5746 0.878083
5830.5 0.882038
5915 0.885351
5999.5 0.887384
6084 0.890602
6168.5 0.892894
6253 0.894808
6337.5 0.896941
6422 0.899587
6506.5 0.901104
6591 0.902988
6675.5 0.904426
6760 0.906696
6844.5 0.907666
6929 0.908648
7013.5 0.909549
7098 0.910915
7182.5 0.912157
7267 0.913222
7351.5 0.914145
7436 0.915632
7520.5 0.916241
7605 0.916979
7689.5 0.917942
7774 0.918494
7858.5 0.91878
7943 0.919051
8027.5 0.919816
8112 0.920614
8196.5 0.921425
8281 0.92247
8365.5 0.923197
8450 0.923917
