0 8.99004e-05
84.5 0.0439477
169 0.0754559
253.5 0.102772
338 0.12989
422.5 0.154902
507 0.176368
591.5 0.199218
676 0.220597
760.5 0.240283
845 0.259264
929.5 0.280355
1014 0.300113
1098.5 0.319988
1183 0.338878
1267.5 0.359953
1352 0.377997
1436.5 0.396455
1521 0.414799
1605.5 0.432778
1690 0.447786
1774.5 0.466596
1859 0.4826
1943.5 0.499276
2028 0.515195
2112.5 0.529471
2197 0.544763
2281.5 0.559932
2366 0.572598
2450.5 0.585879
2535 0.59758
2619.5 0.610888
2704 0.623438
2788.5 0.634646
2873 0.646794
2957.5 0.656377
3042 0.666488
3126.5 0.675811
3211 0.683531
3295.5 0.69237
3380 0.702481
3464.5 0.711872
3549 0.721162
3633.5 0.730663
3718 0.73894
3802.5 0.747527
3887 0.754526
3971.5 0.761843
4056 0.769447
4140.5 0.776132
4225 0.783876
4309.5 0.790637
4394 0.798497
4478.5 0.805091
4563 0.812348
4647.5 0.819046
4732 0.824503
4816.5 0.828755
4901 0.835288
4985.5 0.840294
5070 0.843808
5154.5 0.848386
5239 0.852821
5323.5 0.857352
5408 0.860625
5492.5 0.863753
5577 0.867651
5661.5 0.870964
5746 0.875544
5830.5 0.879867
5915 0.883061
5999.5 0.885744
6084 0.889177
6168.5 0.891823
6253 0.89447
6337.5 0.896497
6422 0.899315
6506.5 0.901322
6591 0.902652
6675.5 0.904563
6760 0.906702
6844.5 0.908279
6929 0.908557
7013.5 0.909905
7098 0.911421
7182.5 0.912777
7267 0.91382
7351.5 0.914525
7436 0.916024
7520.5 0.916705
7605 0.917724
7689.5 0.918563
7774 0.918947
7858.5 0.919393
7943 0.920412
8027.5 0.920696
8112 0.921876
8196.5 0.922385
8281 0.923592
8365.5 0.924345
8450 0.925078
