0 1.56527e-08
84.5 0.00393775
169 0.0107972
253.5 0.0210199
338 0.0344073
422.5 0.0498454
507 0.0653912
591.5 0.0839752
676 0.102761
760.5 0.122822
845 0.144293
929.5 0.166526
1014 0.185726
1098.5 0.2022
1183 0.22018
1267.5 0.241074
1352 0.2622
1436.5 0.281967
1521 0.301802
1605.5 0.321701
1690 0.343592
1774.5 0.361197
1859 0.380355
1943.5 0.398671
2028 0.414022
2112.5 0.433638
2197 0.447735
2281.5 0.465865
2366 0.482013
2450.5 0.494022
2535 0.512528
2619.5 0.529593
2704 0.544924
2788.5 0.557253
2873 0.572328
2957.5 0.587273
3042 0.602628
3126.5 0.613321
3211 0.62415
3295.5 0.633048
3380 0.64255
3464.5 0.653496
3549 0.665011
3633.5 0.674484
3718 0.681755
3802.5 0.691488
3887 0.698029
3971.5 0.707187
4056 0.716031
4140.5 0.72167
4225 0.72936
4309.5 0.734963
4394 0.740906
4478.5 0.749429
4563 0.755549
4647.5 0.76019
4732 0.76518
4816.5 0.769892
4901 0.774509
4985.5 0.780031
5070 0.785498
5154.5 0.7916
5239 0.793527
5323.5 0.799371
5408 0.802431
5492.5 0.805914
5577 0.810079
5661.5 0.813161
5746 0.815466
5830.5 0.820201
5915 0.825369
5999.5 0.826728
6084 0.831254
6168.5 0.833471
6253 0.834819
6337.5 0.837658
6422 0.840789
6506.5 0.841926
6591 0.846053
6675.5 0.847078
6760 0.850879
6844.5 0.850206
6929 0.85348
7013.5 0.85302
7098 0.854596
7182.5 0.855934
7267 0.85695
7351.5 0.858705
7436 0.860451
7520.5 0.860628
7605 0.860679
7689.5 0.86257
7774 0.863497
7858.5 0.863023
7943 0.861474
8027.5 0.86366
8112 0.863588
8196.5 0.865109
8281 0.866057
8365.5 0.866792
8450 0.867841
