0 -0.0678663
84.5 0.00419276
169 -0.0452529
253.5 -0.0367195
338 0.0184363
422.5 0.0572674
507 0.0884273
591.5 0.134685
676 0.181639
760.5 0.219378
845 0.263684
929.5 0.302425
1014 0.341557
1098.5 0.378545
1183 0.412294
1267.5 0.449991
1352 0.478811
1436.5 0.512437
1521 0.535862
1605.5 0.556883
1690 0.573448
1774.5 0.594119
1859 0.612918
1943.5 0.630168
2028 0.645499
2112.5 0.660877
2197 0.679355
2281.5 0.696191
2366 0.709213
2450.5 0.721382
2535 0.732196
2619.5 0.744689
2704 0.756498
2788.5 0.766846
2873 0.777499
2957.5 0.785956
3042 0.795012
3126.5 0.801418
3211 0.806877
3295.5 0.815615
3380 0.825391
3464.5 0.832314
3549 0.838755
3633.5 0.84534
3718 0.851439
3802.5 0.857245
3887 0.863192
3971.5 0.868194
4056 0.872568
4140.5 0.876855
4225 0.883404
4309.5 0.8871
4394 0.892908
4478.5 0.897691
4563 0.902412
4647.5 0.906788
4732 0.909946
4816.5 0.912707
4901 0.916905
4985.5 0.921071
5070 0.923908
5154.5 0.927112
5239 0.930054
5323.5 0.93358
5408 0.93599
5492.5 0.939054
5577 0.941936
5661.5 0.943611
5746 0.945753
5830.5 0.947915
5915 0.949968
5999.5 0.951564
6084 0.954011
6168.5 0.955668
6253 0.957214
6337.5 0.958276
6422 0.959994
6506.5 0.961812
6591 0.962986
6675.5 0.964272
6760 0.965993
6844.5 0.966772
6929 0.967509
7013.5 0.968221
7098 0.969373
7182.5 0.969945
7267 0.970873
7351.5 0.971811
7436 0.972753
7520.5 0.973429
7605 0.974052
7689.5 0.97449
7774 0.975123
7858.5 0.97588
7943 0.976595
8027.5 0.977324
8112 0.977932
8196.5 0.978331
8281 0.979084
8365.5 0.97944
8450 0.979971
