0 0.0284126
84.5 -0.0588061
169 -0.00985263
253.5 0.0229577
338 0.0722763
422.5 0.107682
507 0.147095
591.5 0.18998
676 0.228721
760.5 0.257693
845 0.295763
929.5 0.333885
1014 0.365857
1098.5 0.402179
1183 0.436916
1267.5 0.468491
1352 0.495834
1436.5 0.524889
1521 0.547893
1605.5 0.569267
1690 0.58848
1774.5 0.609048
1859 0.627169
1943.5 0.643367
2028 0.658979
2112.5 0.674945
2197 0.689675
2281.5 0.704033
2366 0.716989
2450.5 0.728435
2535 0.739222
2619.5 0.750931
2704 0.762187
2788.5 0.771486
2873 0.781653
2957.5 0.79057
3042 0.800297
3126.5 0.807537
3211 0.813825
3295.5 0.821087
3380 0.830572
3464.5 0.837247
3549 0.843956
3633.5 0.850185
3718 0.855953
3802.5 0.861615
3887 0.867194
3971.5 0.872932
4056 0.878035
4140.5 0.882283
4225 0.888097
4309.5 0.892304
4394 0.897159
4478.5 0.902124
4563 0.907193
4647.5 0.910857
4732 0.913918
4816.5 0.917003
4901 0.92063
4985.5 0.924973
5070 0.927469
5154.5 0.930239
5239 0.933172
5323.5 0.936507
5408 0.93882
5492.5 0.941334
5577 0.944075
5661.5 0.945902
5746 0.947941
5830.5 0.950063
5915 0.951948
5999.5 0.953247
6084 0.955145
6168.5 0.956692
6253 0.95774
6337.5 0.959094
6422 0.960792
6506.5 0.962059
6591 0.963195
6675.5 0.964155
6760 0.965572
6844.5 0.966465
6929 0.967125
7013.5 0.96802
7098 0.968989
7182.5 0.969668
7267 0.97073
7351.5 0.97156
7436 0.972617
7520.5 0.973394
7605 0.974045
7689.5 0.974429
7774 0.975075
7858.5 0.975805
7943 0.976249
8027.5 0.976945
8112 0.977568
8196.5 0.978199
8281 0.978925
8365.5 0.979408
8450 0.979852
