0 0.159838
84.5 -0.152914
169 0.0426375
253.5 0.10484
338 0.144672
422.5 0.175322
507 0.225031
591.5 0.264233
676 0.293729
760.5 0.313404
845 0.346043
929.5 0.383895
1014 0.406749
1098.5 0.440494
1183 0.47568
1267.5 0.499162
1352 0.524847
1436.5 0.548029
1521 0.569955
1605.5 0.591271
1690 0.614271
1774.5 0.633609
1859 0.650679
1943.5 0.665067
2028 0.680346
2112.5 0.697145
2197 0.706544
2281.5 0.717546
2366 0.730358
2450.5 0.740364
2535 0.751308
2619.5 0.761906
2704 0.77231
2788.5 0.780017
2873 0.789427
2957.5 0.799057
3042 0.809754
3126.5 0.817908
3211 0.825256
3295.5 0.830415
3380 0.839316
3464.5 0.845536
3549 0.852512
3633.5 0.858084
3718 0.863237
3802.5 0.868611
3887 0.873597
3971.5 0.880286
4056 0.886303
4140.5 0.890394
4225 0.89515
4309.5 0.899959
4394 0.90342
4478.5 0.908624
4563 0.914108
4647.5 0.916733
4732 0.919628
4816.5 0.92315
4901 0.925951
4985.5 0.930533
5070 0.932561
5154.5 0.934725
5239 0.937619
5323.5 0.940687
5408 0.942856
5492.5 0.944597
5577 0.947139
5661.5 0.949168
5746 0.951053
5830.5 0.95312
5915 0.954765
5999.5 0.95564
6084 0.956763
6168.5 0.958151
6253 0.958488
6337.5 0.960261
6422 0.961932
6506.5 0.962411
6591 0.963494
6675.5 0.963988
6760 0.964969
6844.5 0.966026
6929 0.966578
7013.5 0.967733
7098 0.96844
7182.5 0.969269
7267 0.970526
7351.5 0.9712
7436 0.972421
7520.5 0.973344
7605 0.974039
7689.5 0.974343
7774 0.975005
7858.5 0.975701
7943 0.975757
8027.5 0.976405
8112 0.977049
8196.5 0.978016
8281 0.978702
8365.5 0.979367
8450 0.979685
