0 0.0616209
1 0.0630697
2 0.103214
3 0.128687
4 0.155434
5 0.191127
6 0.22926
7 0.261645
8 0.293789
9 0.324303
10 0.354001
11 0.380586
12 0.407217
13 0.431839
14 0.455937
15 0.479402
16 0.500876
17 0.521805
18 0.542326
19 0.562724
20 0.582768
21 0.600689
22 0.617503
23 0.633873
24 0.649028
25 0.663682
26 0.677762
27 0.690534
28 0.703256
29 0.714977
30 0.726558
31 0.73746
32 0.747877
33 0.757873
34 0.76728
35 0.776462
36 0.785301
37 0.793887
38 0.802
39 0.809833
40 0.817257
41 0.824304
42 0.830881
43 0.837005
44 0.842959
45 0.848674
46 0.853963
47 0.858871
48 0.863474
49 0.867959
50 0.872369
51 0.876472
52 0.880441
53 0.884042
54 0.887365
55 0.89071
56 0.893769
57 0.89665
58 0.899476
59 0.902228
60 0.904909
61 0.907444
62 0.909852
63 0.912299
64 0.914473
65 0.916596
66 0.91855
67 0.920358
68 0.922236
69 0.924015
70 0.925779
71 0.92754
72 0.929141
73 0.930665
74 0.932185
75 0.93369
76 0.935045
77 0.936233
78 0.9375
79 0.938711
80 0.939853
81 0.941044
82 0.942089
83 0.943118
84 0.944018
85 0.944928
86 0.945762
87 0.946619
88 0.947435
89 0.948207
90 0.948931
91 0.949614
92 0.950297
93 0.950886
94 0.951458
95 0.952103
96 0.952719
97 0.953287
98 0.953811
99 0.954356
100 0.954828
101 0.955319
102 0.955783
103 0.956258
104 0.956728
105 0.957231
106 0.957728
107 0.958163
108 0.958522
109 0.958891
110 0.959191
111 0.959476
112 0.959808
113 0.960076
114 0.960362
115 0.960685
116 0.960984
117 0.961245
118 0.96147
119 0.961726
120 0.96195
121 0.962175
122 0.962408
123 0.962616
124 0.962816
125 0.963046
126 0.963292
127 0.963468
128 0.963666
129 0.963892
130 0.964161
131 0.964422
132 0.964652
133 0.964859
134 0.965047
135 0.965234
136 0.965433
137 0.965611
138 0.965773
139 0.965964
140 0.966107
141 0.966265
142 0.96643
143 0.966583
144 0.96672
145 0.966852
146 0.966982
147 0.967105
148 0.96722
149 0.967337
150 0.967475
151 0.967585
152 0.967703
153 0.967815
154 0.9679
155 0.968014
156 0.968116
157 0.968256
158 0.968398
159 0.96856
160 0.968729
161 0.968876
162 0.96903
163 0.969177
164 0.969315
165 0.969468
166 0.969604
167 0.969726
168 0.969861
169 0.97001
170 0.970148
171 0.970266
172 0.970373
173 0.970494
174 0.970588
175 0.970688
176 0.970776
177 0.970859
178 0.970948
179 0.971062
180 0.971166
181 0.971243
182 0.971356
183 0.971472
184 0.971603
185 0.971712
186 0.971823
187 0.971945
188 0.972055
189 0.972148
190 0.97224
191 0.972345
192 0.972439
193 0.972541
194 0.97264
195 0.972723
196 0.972804
197 0.972878
198 0.972949
199 0.97302
200 0.973093
