0 0.0175341
1 0.0720291
2 0.111589
3 0.147283
4 0.181513
5 0.218488
6 0.254316
7 0.286402
8 0.317745
9 0.347829
10 0.376842
11 0.403227
12 0.428791
13 0.452773
14 0.475735
15 0.497617
16 0.517885
17 0.537448
18 0.556635
19 0.575244
20 0.593271
21 0.610022
22 0.626054
23 0.64164
24 0.65628
25 0.670182
26 0.6835
27 0.6959
28 0.708071
29 0.719497
30 0.730653
31 0.741296
32 0.751454
33 0.761227
34 0.770471
35 0.779344
36 0.787815
37 0.795994
38 0.803763
39 0.811282
40 0.818482
41 0.825312
42 0.831741
43 0.837826
44 0.843703
45 0.849324
46 0.854588
47 0.859481
48 0.864097
49 0.86858
50 0.87292
51 0.877024
52 0.880972
53 0.88463
54 0.888046
55 0.89139
56 0.894493
57 0.897407
58 0.900216
59 0.902948
60 0.905589
61 0.908079
62 0.91045
63 0.912753
64 0.914862
65 0.91689
66 0.918792
67 0.920566
68 0.922332
69 0.923998
70 0.925615
71 0.927198
72 0.928669
73 0.930087
74 0.931462
75 0.932819
76 0.934094
77 0.935255
78 0.936439
79 0.937558
80 0.938623
81 0.939679
82 0.94064
83 0.941573
84 0.942419
85 0.94325
86 0.944031
87 0.944824
88 0.945587
89 0.946323
90 0.947027
91 0.947705
92 0.948372
93 0.948984
94 0.94959
95 0.950232
96 0.950851
97 0.951439
98 0.951995
99 0.95255
100 0.953067
101 0.953589
102 0.954095
103 0.954597
104 0.955087
105 0.955575
106 0.956057
107 0.956502
108 0.956911
109 0.957319
110 0.957684
111 0.958034
112 0.958407
113 0.958734
114 0.959058
115 0.959405
116 0.959738
117 0.960044
118 0.960326
119 0.960617
120 0.960881
121 0.96114
122 0.961398
123 0.961638
124 0.961877
125 0.962136
126 0.962395
127 0.962612
128 0.962836
129 0.96307
130 0.963325
131 0.963578
132 0.963809
133 0.964012
134 0.9642
135 0.964384
136 0.964567
137 0.964734
138 0.964888
139 0.965052
140 0.965188
141 0.965327
142 0.965464
143 0.965589
144 0.965701
145 0.965812
146 0.965922
147 0.966033
148 0.966135
149 0.966234
150 0.966342
151 0.966437
152 0.966528
153 0.966611
154 0.966677
155 0.966757
156 0.966831
157 0.966925
158 0.967023
159 0.96713
160 0.967241
161 0.967344
162 0.967453
163 0.967559
164 0.967661
165 0.967771
166 0.967873
167 0.967969
168 0.968071
169 0.96818
170 0.968285
171 0.968384
172 0.968477
173 0.968583
174 0.968674
175 0.968769
176 0.968863
177 0.968953
178 0.96905
179 0.969167
180 0.969271
181 0.969356
182 0.96945
183 0.969546
184 0.969654
185 0.969745
186 0.969836
187 0.969926
188 0.970007
189 0.97008
190 0.970155
191 0.970238
192 0.970317
193 0.9704
194 0.970481
195 0.97055
196 0.970614
197 0.970676
198 0.970738
199 0.970805
200 0.970874
