0 3.36398e-06
40 7.48266e-05
80 4.57854e-05
120 3.47456e-05
160 4.92996e-05
200 3.28406e-05
240 4.44025e-05
280 3.46946e-05
320 4.84333e-05
360 4.19645e-05
400 4.32354e-05
440 3.31673e-05
480 4.67406e-05
520 6.30831e-05
560 4.08519e-05
600 4.72338e-05
640 3.42743e-05
680 4.37987e-05
720 4.86333e-05
760 4.72236e-05
800 5.20278e-05
840 4.23646e-05
880 3.72652e-05
920 4.10206e-05
960 4.53918e-05
1000 2.81656e-05
1040 7.67054e-05
1080 3.62839e-05
1120 5.50181e-05
1160 6.59611e-05
1200 6.68628e-05
1240 4.91123e-05
1280 4.23283e-05
1320 3.90929e-05
1360 4.99156e-05
1400 5.18904e-05
1440 2.75705e-05
1480 5.10168e-05
1520 5.0354e-05
1560 4.22513e-05
1600 4.40129e-05
1640 4.10776e-05
1680 3.79732e-05
1720 4.01364e-05
1760 4.21606e-05
1800 4.89912e-05
1840 4.39901e-05
1880 4.81202e-05
1920 5.81873e-05
1960 3.81817e-05
2000 5.72977e-05
2040 4.31071e-05
2080 4.31026e-05
2120 4.78388e-05
2160 4.28716e-05
2200 3.47714e-05
2240 4.7052e-05
2280 5.71084e-05
2320 4.70327e-05
2360 3.1814e-05
2400 4.90406e-05
2440 6.12298e-05
2480 6.04209e-05
2520 5.35457e-05
2560 4.93158e-05
2600 5.02202e-05
2640 4.48036e-05
2680 6.64654e-05
2720 4.52381e-05
2760 3.6267e-05
2800 4.03684e-05
2840 3.54935e-05
2880 3.94834e-05
2920 5.09861e-05
2960 5.8259e-05
3000 3.3666e-05
3040 4.51816e-05
3080 5.71664e-05
3120 3.40884e-05
3160 3.18044e-05
3200 5.10006e-05
3240 4.82208e-05
3280 4.24508e-05
3320 3.42837e-05
3360 4.61146e-05
3400 4.50859e-05
3440 5.56403e-05
3480 3.64681e-05
3520 4.46386e-05
3560 4.67075e-05
3600 3.82337e-05
3640 4.1386e-05
3680 5.90575e-05
3720 4.56361e-05
3760 5.43175e-05
3800 5.00908e-05
3840 5.58902e-05
3880 5.17349e-05
3920 4.33389e-05
3960 6.69427e-05
4000 3.79885e-05
