0 3.62335e-06
40 5.23722e-05
80 3.78729e-05
120 5.47257e-05
160 5.83289e-05
200 4.6514e-05
240 4.2722e-05
280 5.12834e-05
320 3.04392e-05
360 4.12256e-05
400 3.19922e-05
440 4.13828e-05
480 4.25199e-05
520 5.06938e-05
560 4.19187e-05
600 2.97032e-05
640 4.17365e-05
680 4.45283e-05
720 5.62095e-05
760 4.29186e-05
800 2.52625e-05
840 3.24843e-05
880 4.04253e-05
920 4.35054e-05
960 3.74571e-05
1000 3.54621e-05
1040 4.34242e-05
1080 3.55787e-05
1120 4.07409e-05
1160 3.44365e-05
1200 3.84422e-05
1240 4.69629e-05
1280 6.04208e-05
1320 5.71126e-05
1360 5.93621e-05
1400 5.43595e-05
1440 3.13069e-05
1480 5.3768e-05
1520 3.9016e-05
1560 3.78116e-05
1600 2.68606e-05
1640 4.97532e-05
1680 7.06197e-05
1720 2.65157e-05
1760 4.14196e-05
1800 3.45357e-05
1840 4.50393e-05
1880 4.77233e-05
1920 4.69222e-05
1960 5.47857e-05
2000 3.61284e-05
2040 2.83101e-05
2080 4.24553e-05
2120 6.2835e-05
2160 6.3177e-05
2200 4.07283e-05
2240 5.09842e-05
2280 3.31318e-05
2320 5.51272e-05
2360 4.72519e-05
2400 4.79388e-05
2440 3.82838e-05
2480 3.07761e-05
2520 4.9487e-05
2560 3.02852e-05
2600 5.23743e-05
2640 3.9512e-05
2680 6.03167e-05
2720 4.63087e-05
2760 5.30412e-05
2800 4.8635e-05
2840 3.91209e-05
2880 4.06114e-05
2920 4.10103e-05
2960 4.48852e-05
3000 3.02071e-05
3040 3.96301e-05
3080 4.93344e-05
3120 2.96944e-05
3160 4.93159e-05
3200 4.95287e-05
3240 5.2262e-05
3280 4.84472e-05
3320 5.13233e-05
3360 6.01015e-05
3400 4.75343e-05
3440 2.99045e-05
3480 5.12455e-05
3520 4.87129e-05
3560 5.06891e-05
3600 3.46347e-05
3640 3.30348e-05
3680 5.71979e-05
3720 6.21283e-05
3760 3.31199e-05
3800 6.84901e-05
3840 2.76504e-05
3880 4.85577e-05
3920 5.20597e-05
3960 4.15219e-05
4000 5.41252e-05
