0 2.49254e-11
40 3.81562e-09
80 2.73955e-09
120 6.50223e-09
160 6.5423e-09
200 3.55648e-09
240 3.27247e-09
280 4.58157e-09
320 2.03445e-09
360 4.02482e-09
400 1.62871e-09
440 2.76581e-09
480 3.16429e-09
520 3.90057e-09
560 2.71978e-09
600 1.52767e-09
640 3.95214e-09
680 3.30871e-09
720 5.12369e-09
760 2.27552e-09
800 1.45272e-09
840 1.57771e-09
880 2.67972e-09
920 3.30645e-09
960 2.86209e-09
1000 2.04493e-09
1040 4.50423e-09
1080 2.44669e-09
1120 3.69272e-09
1160 2.92951e-09
1200 2.80408e-09
1240 3.97577e-09
1280 6.00234e-09
1320 6.67568e-09
1360 8.64779e-09
1400 5.0909e-09
1440 1.62532e-09
1480 4.22974e-09
1520 3.24734e-09
1560 2.59696e-09
1600 1.09954e-09
1640 4.76785e-09
1680 1.27702e-08
1720 1.39445e-09
1760 2.90391e-09
1800 2.26982e-09
1840 4.02283e-09
1880 3.82007e-09
1920 3.95166e-09
1960 5.73198e-09
2000 2.30241e-09
2040 1.88449e-09
2080 4.06579e-09
2120 7.0053e-09
2160 9.34279e-09
2200 3.06567e-09
2240 5.4123e-09
2280 2.61218e-09
2320 4.98346e-09
2360 3.79178e-09
2400 5.93124e-09
2440 2.81515e-09
2480 1.55802e-09
2520 4.14284e-09
2560 1.82897e-09
2600 5.00577e-09
2640 2.8058e-09
2680 6.4035e-09
2720 4.4081e-09
2760 5.43067e-09
2800 5.44029e-09
2840 2.39995e-09
2880 2.88113e-09
2920 3.24424e-09
2960 3.69158e-09
3000 1.50898e-09
3040 2.54369e-09
3080 4.61942e-09
3120 1.59496e-09
3160 4.51333e-09
3200 5.05917e-09
3240 6.36713e-09
3280 3.54692e-09
3320 4.37112e-09
3360 5.56566e-09
3400 4.01903e-09
3440 1.93796e-09
3480 4.82844e-09
3520 5.76584e-09
3560 4.7983e-09
3600 2.40635e-09
3640 1.77882e-09
3680 6.90201e-09
3720 8.56313e-09
3760 2.35226e-09
3800 9.03639e-09
3840 1.41605e-09
3880 4.42468e-09
3920 5.3351e-09
3960 4.59157e-09
4000 5.83696e-09
