0 2.32657e-11
40 7.60656e-09
80 3.27682e-09
120 4.55077e-09
160 5.18314e-09
200 2.68665e-09
240 3.22616e-09
280 3.31553e-09
320 3.5367e-09
360 3.47653e-09
400 3.4499e-09
440 2.48787e-09
480 3.49698e-09
520 5.36203e-09
560 2.79812e-09
600 3.45507e-09
640 3.0164e-09
680 3.5577e-09
720 4.4697e-09
760 3.94346e-09
800 3.49251e-09
840 2.49144e-09
880 2.48124e-09
920 3.02938e-09
960 2.86378e-09
1000 1.77969e-09
1040 1.01777e-08
1080 2.76113e-09
1120 4.457e-09
1160 5.24458e-09
1200 5.59022e-09
1240 4.34565e-09
1280 5.0382e-09
1320 4.6724e-09
1360 6.69004e-09
1400 4.78196e-09
1440 1.59339e-09
1480 5.24279e-09
1520 4.30455e-09
1560 2.97298e-09
1600 2.61425e-09
1640 3.92572e-09
1680 8.42255e-09
1720 2.18157e-09
1760 2.97566e-09
1800 4.11445e-09
1840 3.60484e-09
1880 3.78e-09
1920 5.31964e-09
1960 4.41629e-09
2000 4.42542e-09
2040 2.47508e-09
2080 3.62922e-09
2120 5.67095e-09
2160 6.41742e-09
2200 2.74506e-09
2240 4.6043e-09
2280 4.75286e-09
2320 4.98727e-09
2360 2.97637e-09
2400 5.12042e-09
2440 4.50444e-09
2480 3.98742e-09
2520 4.39897e-09
2560 3.273e-09
2600 4.67398e-09
2640 3.15859e-09
2680 8.94685e-09
2720 3.95212e-09
2760 3.9576e-09
2800 3.88445e-09
2840 2.30614e-09
2880 2.82698e-09
2920 3.87124e-09
2960 4.5477e-09
3000 1.67951e-09
3040 4.01509e-09
3080 5.84616e-09
3120 2.02408e-09
3160 3.08257e-09
3200 5.24532e-09
3240 4.78509e-09
3280 3.31387e-09
3320 3.02698e-09
3360 4.47907e-09
3400 4.45514e-09
3440 3.19209e-09
3480 3.58749e-09
3520 4.89189e-09
3560 5.14987e-09
3600 2.45758e-09
3640 2.71947e-09
3680 6.71117e-09
3720 6.33444e-09
3760 4.79797e-09
3800 7.02488e-09
3840 3.43866e-09
3880 4.36082e-09
3920 4.64764e-09
3960 8.61803e-09
4000 4.31277e-09
