0 0.0938611
40 0.119461
80 0.127184
120 -0.273932
160 0.210224
200 0.293416
240 0.299936
280 0.205937
320 -0.274083
360 -0.0093828
400 -0.43844
440 0.20943
480 0.244361
520 0.343158
560 0.366293
600 -0.334782
640 -0.0883296
680 0.175926
720 0.373472
760 0.058754
800 -0.338552
840 0.221149
880 0.355655
920 0.303969
960 0.331119
1000 0.241623
1040 -0.821046
1080 -0.138652
1120 0.0557889
1160 -0.081249
1200 -0.016466
1240 0.116819
1280 0.0911169
1320 -0.0192949
1360 -0.240916
1400 0.305628
1440 0.16141
1480 0.0900329
1520 -0.155781
1560 0.144806
1600 -0.0818016
1640 0.0966722
1680 -0.856937
1720 0.0357287
1760 0.296133
1800 -0.358952
1840 0.180808
1880 0.354013
1920 0.0739929
1960 -0.0438838
2000 -0.0280471
2040 0.0589232
2080 0.0168642
2120 0.148063
2160 -0.282497
2200 0.0737078
2240 0.0837566
2280 -0.334611
2320 0.0885544
2360 0.0955548
2400 -0.177743
2440 0.180566
2480 0.082255
2520 0.342472
2560 -0.0661838
2600 0.22377
2640 0.222798
2680 -0.226457
2720 0.11373
2760 0.0152319
2800 0.0385566
2840 0.343085
2880 0.237318
2920 0.170348
2960 0.290132
3000 0.35333
3040 -0.232769
3080 -0.0616975
3120 0.00987432
3160 0.126244
3200 -0.0760903
3240 0.104313
3280 0.395693
3320 0.347842
3360 0.411937
3400 -0.0773512
3440 0.255191
3480 0.134834
3520 -0.245404
3560 -0.171544
3600 0.148647
3640 0.0359362
3680 0.0137574
3720 -0.181812
3760 -0.510288
3800 0.00165984
3840 0.0291478
3880 0.265833
3920 -0.0427183
3960 -0.930166
4000 -0.0331426
