0 0.101454
40 0.608887
80 0.0900474
120 -0.171104
160 0.0770708
200 0.356187
240 0.207034
280 0.257953
320 -0.195739
360 -0.368175
400 0.408682
440 0.384961
480 0.249781
520 0.482187
560 0.452187
600 0.268499
640 -0.268822
680 0.331267
720 0.378323
760 0.764654
800 -0.276294
840 0.504866
880 0.360229
920 0.253065
960 -0.0399319
1000 0.373894
1040 -0.388674
1080 0.0671474
1120 -0.224767
1160 -0.470339
1200 0.10253
1240 0.197349
1280 0.355825
1320 -0.0465917
1360 -0.454068
1400 0.277164
1440 0.341714
1480 0.536924
1520 -0.133259
1560 0.183587
1600 0.476013
1640 0.0738939
1680 -0.56062
1720 0.0166695
1760 0.307331
1800 0.0969254
1840 0.016886
1880 0.322697
1920 0.205169
1960 0.0902774
2000 0.236049
2040 -0.351312
2080 -0.255701
2120 0.225716
2160 -0.34077
2200 0.151874
2240 -0.0821417
2280 -0.379645
2320 0.360169
2360 0.301741
2400 -0.580898
2440 0.0792511
2480 0.35508
2520 0.308332
2560 0.00590118
2600 0.175119
2640 0.202786
2680 0.239883
2720 -0.0555398
2760 0.0696916
2800 -0.299985
2840 0.431864
2880 0.253105
2920 0.0710276
2960 0.16766
3000 0.346262
3040 0.380377
3080 0.102033
3120 0.191157
3160 0.144233
3200 -0.0623609
3240 -0.33116
3280 0.488828
3320 0.340552
3360 0.459198
3400 0.221278
3440 -0.167061
3480 0.161369
3520 -0.429825
3560 0.132512
3600 -0.00602211
3640 0.369988
3680 -0.109672
3720 -0.21847
3760 -0.144409
3800 0.0736306
3840 0.147845
3880 0.123426
3920 0.0314843
3960 -0.663223
4000 0.00755101
