0 0.0907196
40 -0.035622
80 0.180563
120 -0.153073
160 0.426634
200 0.315414
240 0.387157
280 0.297376
320 -0.148085
360 0.337194
400 -0.81982
440 -0.00889257
480 0.247034
520 0.28533
560 0.276409
600 -0.412549
640 0.228797
680 0.0156201
720 0.386718
760 -0.516238
800 -0.0437824
840 0.102717
880 0.356183
920 0.364335
960 0.609278
1000 0.0909525
1040 -0.694086
1080 -0.336124
1120 0.275089
1160 0.262498
1200 0.126357
1240 0.0449859
1280 -0.273877
1320 0.253492
1360 0.100679
1400 0.33878
1440 -0.0541948
1480 -0.403587
1520 -0.114653
1560 0.123995
1600 -0.131479
1640 0.172538
1680 -0.825929
1720 0.157163
1760 0.285582
1800 -0.482811
1840 0.353168
1880 0.384862
1920 0.0247841
1960 -0.126836
2000 0.00536942
2040 0.350222
2080 0.281529
2120 0.10509
2160 0.100063
2200 -0.00526232
2240 0.285236
2280 -0.113693
2320 -0.25629
2360 -0.135062
2400 0.208055
2440 0.347933
2480 0.242297
2520 0.376398
2560 0.0604739
2600 0.278318
2640 0.250756
2680 -0.600964
2720 0.291635
2760 0.11104
2800 0.571064
2840 0.243888
2880 0.221334
2920 0.269634
2960 0.407881
3000 0.367713
3040 -0.687637
3080 -0.164289
3120 -0.111152
3160 0.367011
3200 -0.0881722
3240 0.622489
3280 0.290398
3320 0.568236
3360 0.404706
3400 -0.40624
3440 0.563807
3480 0.235574
3520 -0.0164351
3560 -0.52176
3600 0.283765
3640 -0.136927
3680 0.130524
3720 0.0286026
3760 -0.455166
3800 0.00191684
3840 0.251675
3880 0.394559
3920 -0.108432
3960 -0.821608
4000 0.0676848
