0 365.00600000 365.51000000
9.00000000 17.05600000 17.20800000
18.00000000 10.05000000 10.11000000
27.00000000 7.45600000 7.56800000
36.00000000 6.09200000 6.15000000
45.00000000 5.14800000 5.18400000
54.00000000 4.51000000 4.50000000
63.00000000 3.96600000 4.03200000
72.00000000 3.58600000 3.60000000
81.00000000 3.31400000 3.31800000
90.00000000 3.09000000 3.12200000
99.00000000 2.86800000 2.86200000
108.00000000 2.70600000 2.68000000
117.00000000 2.50800000 2.59800000
126.00000000 2.36000000 2.46600000
135.00000000 2.30000000 2.32800000
144.00000000 2.21000000 2.21400000
153.00000000 2.11000000 2.11000000
162.00000000 1.99400000 2.01800000
171.00000000 1.90400000 1.94600000
180.00000000 1.85800000 1.86400000
189.00000000 1.76600000 1.80800000
198.00000000 1.74000000 1.73200000
207.00000000 1.67800000 1.65000000
216.00000000 1.61800000 1.61800000
225.00000000 1.53600000 1.55200000
234.00000000 1.50600000 1.52000000
243.00000000 1.44800000 1.45000000
252.00000000 1.39000000 1.38600000
261.00000000 1.37400000 1.35600000
270.00000000 1.34400000 1.34400000
279.00000000 1.32800000 1.30400000
288.00000000 1.26400000 1.27000000
297.00000000 1.25600000 1.25400000
306.00000000 1.20800000 1.21600000
315.00000000 1.18200000 1.17800000
324.00000000 1.11600000 1.16600000
333.00000000 1.10200000 1.14200000
342.00000000 1.11000000 1.10200000
351.00000000 1.05600000 1.07400000
360.00000000 1.02200000 1.04200000
369.00000000 1.01000000 1.01800000
378.00000000 0.98200000 0.98800000
387.00000000 0.97200000 0.96400000
396.00000000 0.96600000 0.92800000
405.00000000 0.92800000 0.94600000
414.00000000 0.91200000 0.91400000
423.00000000 0.88800000 0.88800000
432.00000000 0.86200000 0.86400000
441.00000000 0.83600000 0.82600000
450.00000000 0.80200000 0.81200000
459.00000000 0.79400000 0.78400000
468.00000000 0.78000000 0.80200000
477.00000000 0.77000000 0.76200000
486.00000000 0.74200000 0.73600000
495.00000000 0.72000000 0.72400000
504.00000000 0.71000000 0.71000000
513.00000000 0.68000000 0.69000000
522.00000000 0.67000000 0.69400000
531.00000000 0.66600000 0.66200000
540.00000000 0.65000000 0.65000000
549.00000000 0.61200000 0.62200000
558.00000000 0.58800000 0.59600000
567.00000000 0.58000000 0.59600000
576.00000000 0.57200000 0.57000000
585.00000000 0.55600000 0.55600000
594.00000000 0.55000000 0.53000000
603.00000000 0.54600000 0.55600000
612.00000000 0.54000000 0.52600000
621.00000000 0.52800000 0.52200000
630.00000000 0.50600000 0.53000000
639.00000000 0.51200000 0.49600000
648.00000000 0.49000000 0.50000000
657.00000000 0.45800000 0.48000000
666.00000000 0.46000000 0.47200000
675.00000000 0.44200000 0.45600000
684.00000000 0.45200000 0.43400000
693.00000000 0.42800000 0.42600000
702.00000000 0.40800000 0.40800000
711.00000000 0.40600000 0.37600000
720.00000000 0.39800000 0.38800000
729.00000000 0.38400000 0.38200000
738.00000000 0.36800000 0.35600000
747.00000000 0.35200000 0.36000000
756.00000000 0.34600000 0.34600000
765.00000000 0.33600000 0.35200000
774.00000000 0.34200000 0.33600000
783.00000000 0.32400000 0.32200000
792.00000000 0.31200000 0.31600000
801.00000000 0.29400000 0.30600000
810.00000000 0.29600000 0.29000000
819.00000000 0.29200000 0.30200000
828.00000000 0.28600000 0.28400000
837.00000000 0.28400000 0.28800000
846.00000000 0.27200000 0.28000000
855.00000000 0.27600000 0.27400000
864.00000000 0.26400000 0.26000000
873.00000000 0.25800000 0.26400000
882.00000000 0.24800000 0.26200000
891.00000000 0.24800000 0.25200000
900.00000000 0.24000000 0.25000000
909.00000000 0.24200000 0.23200000
918.00000000 0.23200000 0.23600000
927.00000000 0.23400000 0.23800000
936.00000000 0.22400000 0.22600000
945.00000000 0.21400000 0.22200000
954.00000000 0.21000000 0.21800000
963.00000000 0.21200000 0.21400000
972.00000000 0.20400000 0.20600000
981.00000000 0.20600000 0.20000000
990.00000000 0.18000000 0.19600000
999.00000000 0.19800000 0.19600000
1008.00000000 0.18200000 0.19200000
1017.00000000 0.17200000 0.18200000
1026.00000000 0.17200000 0.17600000
1035.00000000 0.17400000 0.17400000
1044.00000000 0.16000000 0.16400000
1053.00000000 0.16200000 0.16800000
1062.00000000 0.15800000 0.15200000
1071.00000000 0.15200000 0.16200000
1080.00000000 0.14800000 0.14800000
1089.00000000 0.15000000 0.14400000
1098.00000000 0.14200000 0.14800000
1107.00000000 0.13600000 0.14600000
1116.00000000 0.13200000 0.13200000
1125.00000000 0.13400000 0.13000000
1134.00000000 0.13000000 0.12800000
1143.00000000 0.12600000 0.13200000
1152.00000000 0.12800000 0.12800000
1161.00000000 0.12600000 0.12400000
1170.00000000 0.12000000 0.12400000
1179.00000000 0.10400000 0.11400000
1188.00000000 0.10800000 0.10600000
1197.00000000 0.09800000 0.10200000
1206.00000000 0.09400000 0.10000000
1215.00000000 0.09000000 0.10000000
1224.00000000 0.09000000 0.08600000
1233.00000000 0.09000000 0.09600000
1242.00000000 0.08800000 0.08600000
1251.00000000 0.09200000 0.08800000
1260.00000000 0.08400000 0.09000000
1269.00000000 0.09000000 0.08800000
1278.00000000 0.09000000 0.08600000
1287.00000000 0.08800000 0.09000000
1296.00000000 0.08600000 0.08400000
1305.00000000 0.08000000 0.08200000
1314.00000000 0.07400000 0.08000000
1323.00000000 0.07800000 0.07800000
1332.00000000 0.08000000 0.07800000
1341.00000000 0.07600000 0.07000000
1350.00000000 0.07200000 0.07600000
1359.00000000 0.08200000 0.08000000
1368.00000000 0.07800000 0.07600000
1377.00000000 0.07400000 0.08000000
1386.00000000 0.07800000 0.07400000
1395.00000000 0.07400000 0.07400000
1404.00000000 0.06600000 0.07400000
1413.00000000 0.07000000 0.07200000
1422.00000000 0.06800000 0.06800000
1431.00000000 0.06400000 0.07000000
1440.00000000 0.06600000 0.06800000
1449.00000000 0.05800000 0.06200000
1458.00000000 0.06000000 0.06000000
1467.00000000 0.05600000 0.05800000
1476.00000000 0.05000000 0.05600000
1485.00000000 0.05400000 0.05200000
1494.00000000 0.05200000 0.05800000
1503.00000000 0.05600000 0.05600000
1512.00000000 0.05800000 0.05200000
1521.00000000 0.05600000 0.05200000
1530.00000000 0.05200000 0.05400000
1539.00000000 0.05400000 0.05600000
1548.00000000 0.05000000 0.05600000
1557.00000000 0.05000000 0.05400000
1566.00000000 0.04800000 0.05400000
1575.00000000 0.04800000 0.04800000
1584.00000000 0.04400000 0.05000000
1593.00000000 0.04800000 0.04600000
1602.00000000 0.04800000 0.05000000
1611.00000000 0.04600000 0.04600000
1620.00000000 0.04600000 0.04400000
1629.00000000 0.04800000 0.04400000
1638.00000000 0.04200000 0.04800000
1647.00000000 0.04600000 0.04800000
1656.00000000 0.04600000 0.04600000
1665.00000000 0.04600000 0.04600000
1674.00000000 0.04400000 0.04200000
1683.00000000 0.04200000 0.04000000
1692.00000000 0.04400000 0.04400000
1701.00000000 0.04600000 0.04400000
1710.00000000 0.04000000 0.03800000
1719.00000000 0.03800000 0.03800000
1728.00000000 0.04400000 0.04200000
1737.00000000 0.03800000 0.04400000
1746.00000000 0.04000000 0.03600000
1755.00000000 0.03600000 0.04000000
1764.00000000 0.03800000 0.03000000
1773.00000000 0.03800000 0.03600000
1782.00000000 0.03400000 0.03400000
1791.00000000 0.03800000 0.03600000
1800.00000000 0.03400000 0.03400000
