0 -0.116083
64 0.0701073
128 -0.000816501
192 -0.0501386
256 -0.032132
320 0.0106175
384 0.0504967
448 0.0832144
512 0.109018
576 0.144038
640 0.179267
704 0.207585
768 0.237641
832 0.265366
896 0.27298
960 0.282705
1024 0.296448
1088 0.314496
1152 0.327086
1216 0.332968
1280 0.347734
1344 0.357605
1408 0.365678
1472 0.375004
1536 0.384062
1600 0.397771
1664 0.410869
1728 0.425706
1792 0.441974
1856 0.455441
1920 0.46184
1984 0.469813
2048 0.485463
2112 0.498106
2176 0.505988
2240 0.518915
2304 0.526816
2368 0.534923
2432 0.542597
2496 0.549668
2560 0.557425
2624 0.570676
2688 0.581379
2752 0.591113
2816 0.599988
2880 0.607215
2944 0.613623
3008 0.620299
3072 0.629134
3136 0.636611
3200 0.641176
3264 0.648524
3328 0.656092
3392 0.660988
3456 0.670332
3520 0.678006
3584 0.681282
3648 0.689471
3712 0.694327
3776 0.702142
3840 0.7083
3904 0.71316
3968 0.718092
4032 0.7251
4096 0.730417
4160 0.737108
4224 0.741965
4288 0.747204
4352 0.751706
4416 0.757325
4480 0.76193
4544 0.768601
4608 0.772842
4672 0.777036
4736 0.783256
4800 0.787533
4864 0.791963
4928 0.795053
4992 0.800584
5056 0.804878
5120 0.808159
5184 0.811823
5248 0.813739
5312 0.818848
5376 0.823585
5440 0.825804
5504 0.829493
5568 0.832547
5632 0.837733
5696 0.842088
5760 0.846329
5824 0.849709
5888 0.852346
5952 0.856004
6016 0.859229
6080 0.862637
6144 0.865795
6208 0.868039
6272 0.869847
6336 0.872586
6400 0.874899
6464 0.878021
6528 0.881574
6592 0.883548
6656 0.885262
6720 0.887456
6784 0.89012
6848 0.891609
6912 0.89394
6976 0.895939
7040 0.898672
7104 0.90007
7168 0.901532
7232 0.903228
7296 0.90583
7360 0.908427
7424 0.910545
7488 0.912511
7552 0.913839
7616 0.914533
7680 0.915388
7744 0.917015
7808 0.917836
7872 0.919077
7936 0.920293
8000 0.921857
8064 0.922835
8128 0.924256
8192 0.925425
8256 0.927402
8320 0.928988
8384 0.930716
8448 0.93179
8512 0.932736
8576 0.934295
8640 0.935616
8704 0.937314
8768 0.938607
8832 0.940079
8896 0.941384
8960 0.942607
9024 0.944713
9088 0.945455
9152 0.94666
9216 0.947874
9280 0.949305
9344 0.95106
9408 0.951724
9472 0.953012
9536 0.953936
9600 0.954628
9664 0.95571
9728 0.956423
9792 0.95741
9856 0.95823
9920 0.959509
9984 0.960968
10048 0.961839
10112 0.962632
10176 0.963359
10240 0.964534
10304 0.965381
10368 0.966314
10432 0.966759
10496 0.967834
10560 0.968359
10624 0.968742
10688 0.969818
10752 0.97072
10816 0.971369
10880 0.971899
10944 0.972528
11008 0.972636
11072 0.97303
11136 0.973954
11200 0.974271
11264 0.974974
11328 0.974879
11392 0.975477
11456 0.976048
11520 0.976478
11584 0.976769
11648 0.976888
11712 0.977247
11776 0.97789
11840 0.978369
11904 0.978832
11968 0.97909
12032 0.979229
12096 0.979465
12160 0.979817
12224 0.980217
12288 0.980548
12352 0.980685
12416 0.980907
12480 0.981335
12544 0.981474
12608 0.981697
12672 0.98224
12736 0.982378
12800 0.982589
