0 -0.150585
64 0.0221667
128 -0.0652593
192 -0.122199
256 -0.0866174
320 -0.040926
384 0.0151805
448 0.0536209
512 0.0922725
576 0.135988
640 0.177107
704 0.206818
768 0.23451
832 0.264385
896 0.277168
960 0.281612
1024 0.302855
1088 0.321574
1152 0.33134
1216 0.336851
1280 0.349514
1344 0.356915
1408 0.364279
1472 0.372057
1536 0.380244
1600 0.392847
1664 0.402447
1728 0.416514
1792 0.43259
1856 0.444629
1920 0.451798
1984 0.460246
2048 0.479836
2112 0.492082
2176 0.499374
2240 0.512177
2304 0.523444
2368 0.531061
2432 0.539412
2496 0.545372
2560 0.552904
2624 0.565542
2688 0.577408
2752 0.587965
2816 0.597249
2880 0.60266
2944 0.6112
3008 0.619414
3072 0.627232
3136 0.634376
3200 0.639549
3264 0.647736
3328 0.656646
3392 0.662473
3456 0.672574
3520 0.681241
3584 0.681731
3648 0.691163
3712 0.697577
3776 0.704562
3840 0.710678
3904 0.716087
3968 0.721442
4032 0.727406
4096 0.733633
4160 0.741246
4224 0.74661
4288 0.754032
4352 0.758784
4416 0.764157
4480 0.767742
4544 0.774787
4608 0.779597
4672 0.784267
4736 0.789498
4800 0.793474
4864 0.797426
4928 0.801172
4992 0.806797
5056 0.810619
5120 0.813891
5184 0.817812
5248 0.819883
5312 0.825003
5376 0.829574
5440 0.832094
5504 0.835528
5568 0.839392
5632 0.844466
5696 0.84796
5760 0.853736
5824 0.857999
5888 0.860498
5952 0.863978
6016 0.866962
6080 0.870074
6144 0.874251
6208 0.877203
6272 0.878356
6336 0.880044
6400 0.882158
6464 0.885349
6528 0.889092
6592 0.890775
6656 0.893375
6720 0.895375
6784 0.897431
6848 0.898847
6912 0.900939
6976 0.902899
7040 0.905682
7104 0.906815
7168 0.908262
7232 0.909984
7296 0.9129
7360 0.915907
7424 0.918173
7488 0.920398
7552 0.921932
7616 0.922781
7680 0.92319
7744 0.924947
7808 0.926232
7872 0.927916
7936 0.929272
8000 0.930356
8064 0.931476
8128 0.933318
8192 0.933763
8256 0.935836
8320 0.937365
8384 0.938646
8448 0.939907
8512 0.940874
8576 0.941971
8640 0.943686
8704 0.945319
8768 0.946411
8832 0.947721
8896 0.949225
8960 0.950313
9024 0.952141
9088 0.952923
9152 0.953817
9216 0.955612
9280 0.957022
9344 0.95884
9408 0.959345
9472 0.960753
9536 0.961047
9600 0.961404
9664 0.962572
9728 0.963
9792 0.964233
9856 0.96501
9920 0.966575
9984 0.967651
10048 0.968252
10112 0.96894
10176 0.969484
10240 0.970518
10304 0.970883
10368 0.971604
10432 0.971846
10496 0.973068
10560 0.973435
10624 0.973727
10688 0.974228
10752 0.974832
10816 0.975715
10880 0.975781
10944 0.976143
11008 0.976283
11072 0.97669
11136 0.977694
11200 0.977804
11264 0.978415
11328 0.978286
11392 0.978938
11456 0.979323
11520 0.979707
11584 0.979863
11648 0.979748
11712 0.980187
11776 0.980689
11840 0.981179
11904 0.981508
11968 0.981792
12032 0.9819
12096 0.982157
12160 0.982628
12224 0.983086
12288 0.983329
12352 0.983565
12416 0.983998
12480 0.98446
12544 0.984602
12608 0.985029
12672 0.985587
12736 0.985772
12800 0.985899
<<<<<<< HEAD


=======
>>>>>>> df2d2e540a82b5ed2430090153cffd0a129efea4
