0 254.08333333 254.75666667
6.25000000 14.98000000 14.97666667
12.50000000 8.98666667 9.01666667
18.75000000 7.07333333 7.10000000
25.00000000 5.87666667 5.94000000
31.25000000 5.17000000 5.13333333
37.50000000 4.55000000 4.56333333
43.75000000 4.16000000 4.20000000
50.00000000 3.84000000 3.84666667
56.25000000 3.58333333 3.63666667
62.50000000 3.36333333 3.42000000
68.75000000 3.23666667 3.24666667
75.00000000 3.06000000 3.06666667
81.25000000 2.92666667 2.89000000
87.50000000 2.77000000 2.80000000
93.75000000 2.67333333 2.69333333
100.00000000 2.59000000 2.57666667
106.25000000 2.45333333 2.49666667
112.50000000 2.41666667 2.38000000
118.75000000 2.26333333 2.28000000
125.00000000 2.23333333 2.23333333
131.25000000 2.19666667 2.14000000
137.50000000 2.12000000 2.13333333
143.75000000 2.03666667 2.09333333
150.00000000 2.04000000 2.01333333
156.25000000 1.94666667 1.99666667
162.50000000 1.92666667 1.97666667
168.75000000 1.91333333 1.86666667
175.00000000 1.79000000 1.84666667
181.25000000 1.82333333 1.80000000
187.50000000 1.74333333 1.80000000
193.75000000 1.74000000 1.75666667
200.00000000 1.70333333 1.74333333
206.25000000 1.64000000 1.66333333
212.50000000 1.63333333 1.61666667
218.75000000 1.60333333 1.60666667
225.00000000 1.57666667 1.63333333
231.25000000 1.56666667 1.59333333
237.50000000 1.54000000 1.54666667
243.75000000 1.51000000 1.54000000
250.00000000 1.51000000 1.47000000
256.25000000 1.47333333 1.49333333
262.50000000 1.41666667 1.43666667
268.75000000 1.46666667 1.44333333
275.00000000 1.43000000 1.41666667
281.25000000 1.40333333 1.40000000
287.50000000 1.37333333 1.36666667
293.75000000 1.35666667 1.39666667
300.00000000 1.34666667 1.38666667
306.25000000 1.33333333 1.38333333
312.50000000 1.32000000 1.32333333
318.75000000 1.34000000 1.34000000
325.00000000 1.28666667 1.32000000
331.25000000 1.27333333 1.28333333
337.50000000 1.24000000 1.28333333
343.75000000 1.25333333 1.29000000
350.00000000 1.26666667 1.27000000
356.25000000 1.20666667 1.22666667
362.50000000 1.21000000 1.23666667
368.75000000 1.22666667 1.20333333
375.00000000 1.19000000 1.20000000
381.25000000 1.21000000 1.21333333
387.50000000 1.18666667 1.22000000
393.75000000 1.17333333 1.17333333
400.00000000 1.16666667 1.21000000
406.25000000 1.16666667 1.16000000
412.50000000 1.16000000 1.16666667
418.75000000 1.12333333 1.17666667
425.00000000 1.17333333 1.14333333
431.25000000 1.16666667 1.15333333
437.50000000 1.13333333 1.15666667
443.75000000 1.14666667 1.12333333
450.00000000 1.11666667 1.10333333
456.25000000 1.12333333 1.09666667
462.50000000 1.07000000 1.10666667
468.75000000 1.06666667 1.08000000
475.00000000 1.05666667 1.08666667
481.25000000 1.05666667 1.07666667
487.50000000 1.04666667 1.04666667
493.75000000 1.06666667 1.05666667
500.00000000 1.03000000 1.05666667
506.25000000 1.05000000 1.03666667
512.50000000 1.03000000 1.03000000
518.75000000 1.03333333 0.99666667
525.00000000 1.03000000 1.01000000
531.25000000 1.02000000 1.00333333
537.50000000 0.99666667 1.01666667
543.75000000 1.01000000 1.01000000
550.00000000 0.98000000 1.01666667
556.25000000 0.98666667 1.00000000
562.50000000 1.00333333 1.01000000
568.75000000 0.97000000 0.99333333
575.00000000 0.97000000 0.99000000
581.25000000 0.99333333 0.99333333
587.50000000 0.97000000 0.97333333
593.75000000 0.93000000 0.94666667
600.00000000 0.97000000 0.97666667
606.25000000 0.96333333 0.96000000
612.50000000 0.92000000 0.94333333
618.75000000 0.93000000 0.95333333
625.00000000 0.93000000 0.94000000
631.25000000 0.94666667 0.94000000
637.50000000 0.92333333 0.93333333
643.75000000 0.93000000 0.94333333
650.00000000 0.94000000 0.93000000
656.25000000 0.91666667 0.93666667
662.50000000 0.91666667 0.92333333
668.75000000 0.93333333 0.91000000
675.00000000 0.92333333 0.90666667
681.25000000 0.90000000 0.89000000
687.50000000 0.88333333 0.88000000
693.75000000 0.88000000 0.88666667
700.00000000 0.89333333 0.90666667
706.25000000 0.89000000 0.89000000
712.50000000 0.86666667 0.88333333
718.75000000 0.87333333 0.89333333
725.00000000 0.88666667 0.88000000
731.25000000 0.87000000 0.87000000
737.50000000 0.85333333 0.85666667
743.75000000 0.86666667 0.88000000
750.00000000 0.86000000 0.85666667
756.25000000 0.83333333 0.85666667
762.50000000 0.85000000 0.85333333
768.75000000 0.86666667 0.85000000
775.00000000 0.81333333 0.85000000
781.25000000 0.86000000 0.85666667
787.50000000 0.84333333 0.82333333
793.75000000 0.85000000 0.83666667
800.00000000 0.83333333 0.84333333
806.25000000 0.83333333 0.84666667
812.50000000 0.83333333 0.83666667
818.75000000 0.81333333 0.82000000
825.00000000 0.80666667 0.83000000
831.25000000 0.81666667 0.82000000
837.50000000 0.81333333 0.80000000
843.75000000 0.78666667 0.81666667
850.00000000 0.82333333 0.82000000
856.25000000 0.79333333 0.80666667
862.50000000 0.78000000 0.82000000
868.75000000 0.80666667 0.79333333
875.00000000 0.80666667 0.82000000
881.25000000 0.77000000 0.78333333
887.50000000 0.79666667 0.81000000
893.75000000 0.81000000 0.79333333
900.00000000 0.82333333 0.81666667
906.25000000 0.77666667 0.80666667
912.50000000 0.74333333 0.82333333
918.75000000 0.79000000 0.78333333
925.00000000 0.79666667 0.80000000
931.25000000 0.77333333 0.78000000
937.50000000 0.77000000 0.78000000
943.75000000 0.77000000 0.77333333
950.00000000 0.76000000 0.79333333
956.25000000 0.78333333 0.77666667
962.50000000 0.75333333 0.74333333
968.75000000 0.75666667 0.76333333
975.00000000 0.76666667 0.77666667
981.25000000 0.75666667 0.76000000
987.50000000 0.75000000 0.77000000
993.75000000 0.74666667 0.77333333
1000.00000000 0.74333333 0.77000000
1006.25000000 0.76000000 0.76333333
1012.50000000 0.76333333 0.75333333
1018.75000000 0.76000000 0.77666667
1025.00000000 0.73666667 0.76333333
1031.25000000 0.74333333 0.74333333
1037.50000000 0.75333333 0.75666667
1043.75000000 0.75333333 0.72333333
1050.00000000 0.74000000 0.75666667
1056.25000000 0.73000000 0.75666667
1062.50000000 0.74333333 0.76000000
1068.75000000 0.74000000 0.74666667
1075.00000000 0.74000000 0.76333333
1081.25000000 0.73666667 0.73000000
1087.50000000 0.74333333 0.73666667
1093.75000000 0.74000000 0.71333333
1100.00000000 0.72000000 0.74666667
1106.25000000 0.73666667 0.75333333
1112.50000000 0.72666667 0.73000000
1118.75000000 0.72000000 0.72000000
1125.00000000 0.70666667 0.72666667
1131.25000000 0.72666667 0.72666667
1137.50000000 0.72333333 0.72666667
1143.75000000 0.68666667 0.72666667
1150.00000000 0.71666667 0.71333333
1156.25000000 0.73000000 0.74000000
1162.50000000 0.70666667 0.74000000
1168.75000000 0.72000000 0.72000000
1175.00000000 0.70666667 0.73333333
1181.25000000 0.72000000 0.67666667
1187.50000000 0.68666667 0.71333333
1193.75000000 0.68333333 0.72666667
1200.00000000 0.71333333 0.73666667
1206.25000000 0.70333333 0.70666667
1212.50000000 0.71333333 0.71333333
1218.75000000 0.69333333 0.71333333
1225.00000000 0.70000000 0.72000000
1231.25000000 0.68333333 0.68333333
1237.50000000 0.69333333 0.68333333
1243.75000000 0.69000000 0.70000000
1250.00000000 0.68666667 0.70000000
