0 1712.93600000 1717.78400000
84.50000000 13.53600000 13.66400000
169.00000000 7.53600000 7.54400000
253.50000000 5.28000000 5.36800000
338.00000000 4.15200000 4.18400000
422.50000000 3.35200000 3.40000000
507.00000000 2.92800000 2.92800000
591.50000000 2.68000000 2.63200000
676.00000000 2.32800000 2.36800000
760.50000000 2.22400000 2.14400000
845.00000000 2.00800000 1.92800000
929.50000000 1.81600000 1.88800000
1014.00000000 1.74400000 1.68000000
1098.50000000 1.60800000 1.56000000
1183.00000000 1.49600000 1.47200000
1267.50000000 1.42400000 1.44000000
1352.00000000 1.30400000 1.31200000
1436.50000000 1.18400000 1.18400000
1521.00000000 1.08800000 1.04000000
1605.50000000 1.04000000 1.00800000
1690.00000000 1.03200000 1.03200000
1774.50000000 0.99200000 0.97600000
1859.00000000 0.94400000 0.89600000
1943.50000000 0.87200000 0.83200000
2028.00000000 0.77600000 0.75200000
2112.50000000 0.68800000 0.70400000
2197.00000000 0.68800000 0.69600000
2281.50000000 0.64000000 0.66400000
2366.00000000 0.59200000 0.56000000
2450.50000000 0.53600000 0.53600000
2535.00000000 0.48000000 0.48800000
2619.50000000 0.44000000 0.42400000
2704.00000000 0.37600000 0.40000000
2788.50000000 0.30400000 0.32800000
2873.00000000 0.31200000 0.29600000
2957.50000000 0.30400000 0.30400000
3042.00000000 0.27200000 0.27200000
3126.50000000 0.22400000 0.21600000
3211.00000000 0.19200000 0.20000000
3295.50000000 0.16800000 0.15200000
3380.00000000 0.15200000 0.16000000
3464.50000000 0.13600000 0.16000000
3549.00000000 0.14400000 0.15200000
3633.50000000 0.14400000 0.12800000
3718.00000000 0.13600000 0.13600000
3802.50000000 0.12000000 0.12000000
3887.00000000 0.11200000 0.12000000
3971.50000000 0.12000000 0.12800000
4056.00000000 0.10400000 0.12000000
4140.50000000 0.12000000 0.09600000
4225.00000000 0.10400000 0.11200000
4309.50000000 0.10400000 0.10400000
4394.00000000 0.11200000 0.08800000
4478.50000000 0.09600000 0.10400000
4563.00000000 0.10400000 0.11200000
4647.50000000 0.09600000 0.10400000
4732.00000000 0.08800000 0.09600000
4816.50000000 0.08000000 0.09600000
4901.00000000 0.08000000 0.08000000
4985.50000000 0.08000000 0.08000000
5070.00000000 0.08000000 0.08000000
5154.50000000 0.08000000 0.08800000
5239.00000000 0.05600000 0.04800000
5323.50000000 0.04800000 0.04800000
5408.00000000 0.04800000 0.04800000
5492.50000000 0.04800000 0.04800000
5577.00000000 0.04800000 0.04800000
5661.50000000 0.04000000 0.04800000
5746.00000000 0.04800000 0.04800000
5830.50000000 0.04800000 0.04800000
5915.00000000 0.04800000 0.04800000
5999.50000000 0.04000000 0.04000000
6084.00000000 0.04000000 0.04000000
6168.50000000 0.04000000 0.04800000
6253.00000000 0.04000000 0.04000000
6337.50000000 0.04000000 0.04000000
6422.00000000 0.04000000 0.04000000
6506.50000000 0.04000000 0.04000000
6591.00000000 0.03200000 0.04000000
6675.50000000 0.04000000 0.03200000
6760.00000000 0.03200000 0.03200000
6844.50000000 0.03200000 0.03200000
6929.00000000 0.03200000 0.03200000
7013.50000000 0.03200000 0.02400000
7098.00000000 0.03200000 0.03200000
7182.50000000 0.02400000 0.02400000
7267.00000000 0.02400000 0.01600000
7351.50000000 0.02400000 0.02400000
7436.00000000 0.02400000 0.02400000
7520.50000000 0.02400000 0.01600000
7605.00000000 0.01600000 0.02400000
7689.50000000 0.01600000 0.01600000
7774.00000000 0.01600000 0.01600000
7858.50000000 0.01600000 0.01600000
7943.00000000 0.01600000 0.01600000
8027.50000000 0.01600000 0.01600000
8112.00000000 0.01600000 0.01600000
8196.50000000 0.01600000 0.01600000
8281.00000000 0.01600000 0.01600000
8365.50000000 0.01600000 0.00800000
8450.00000000 0.01600000 0.01600000
