0 1710.95200000 1715.88000000
84.50000000 13.69200000 13.78800000
169.00000000 7.62400000 7.57200000
253.50000000 5.30000000 5.42800000
338.00000000 4.16000000 4.15600000
422.50000000 3.37600000 3.42400000
507.00000000 2.90800000 2.90800000
591.50000000 2.52800000 2.52800000
676.00000000 2.22800000 2.24000000
760.50000000 2.06800000 2.06000000
845.00000000 1.88800000 1.84400000
929.50000000 1.65200000 1.70800000
1014.00000000 1.61600000 1.58400000
1098.50000000 1.49600000 1.45200000
1183.00000000 1.36000000 1.32000000
1267.50000000 1.27200000 1.27600000
1352.00000000 1.15200000 1.18000000
1436.50000000 1.05200000 1.04800000
1521.00000000 0.98800000 0.98000000
1605.50000000 0.93600000 0.92000000
1690.00000000 0.91600000 0.92000000
1774.50000000 0.87200000 0.85600000
1859.00000000 0.83200000 0.80000000
1943.50000000 0.77200000 0.75600000
2028.00000000 0.69600000 0.70800000
2112.50000000 0.66400000 0.66800000
2197.00000000 0.64000000 0.64000000
2281.50000000 0.59600000 0.59600000
2366.00000000 0.54400000 0.52800000
2450.50000000 0.49200000 0.48800000
2535.00000000 0.44800000 0.44800000
2619.50000000 0.42400000 0.42800000
2704.00000000 0.39600000 0.40400000
2788.50000000 0.34000000 0.35600000
2873.00000000 0.33200000 0.32800000
2957.50000000 0.31600000 0.30800000
3042.00000000 0.29200000 0.28800000
3126.50000000 0.26000000 0.26400000
3211.00000000 0.22800000 0.21600000
3295.50000000 0.20400000 0.19200000
3380.00000000 0.17600000 0.16800000
3464.50000000 0.15200000 0.15600000
3549.00000000 0.14400000 0.15200000
3633.50000000 0.14000000 0.14000000
3718.00000000 0.13200000 0.13200000
3802.50000000 0.11600000 0.12400000
3887.00000000 0.11200000 0.12400000
3971.50000000 0.11600000 0.12000000
4056.00000000 0.10400000 0.11200000
4140.50000000 0.11200000 0.10000000
4225.00000000 0.09200000 0.09200000
4309.50000000 0.08400000 0.09200000
4394.00000000 0.09200000 0.07600000
4478.50000000 0.08000000 0.07600000
4563.00000000 0.08000000 0.08400000
4647.50000000 0.07600000 0.08000000
4732.00000000 0.07200000 0.07200000
4816.50000000 0.06400000 0.07600000
4901.00000000 0.06000000 0.06800000
4985.50000000 0.06800000 0.06800000
5070.00000000 0.06400000 0.06400000
5154.50000000 0.06400000 0.06800000
5239.00000000 0.05600000 0.04800000
5323.50000000 0.05200000 0.04400000
5408.00000000 0.04400000 0.05200000
5492.50000000 0.04800000 0.05200000
5577.00000000 0.05200000 0.05200000
5661.50000000 0.04800000 0.05200000
5746.00000000 0.05200000 0.04800000
5830.50000000 0.05200000 0.05200000
5915.00000000 0.05200000 0.05200000
5999.50000000 0.04400000 0.04400000
6084.00000000 0.04400000 0.04400000
6168.50000000 0.04000000 0.04000000
6253.00000000 0.03200000 0.03200000
6337.50000000 0.02800000 0.03200000
6422.00000000 0.03200000 0.03200000
6506.50000000 0.02800000 0.03200000
6591.00000000 0.02400000 0.02800000
6675.50000000 0.02800000 0.02400000
6760.00000000 0.02400000 0.02400000
6844.50000000 0.02400000 0.02400000
6929.00000000 0.02400000 0.02400000
7013.50000000 0.02400000 0.02000000
7098.00000000 0.02400000 0.02400000
7182.50000000 0.02000000 0.02000000
7267.00000000 0.02000000 0.01200000
7351.50000000 0.02000000 0.02000000
7436.00000000 0.02000000 0.02000000
7520.50000000 0.02000000 0.01600000
7605.00000000 0.01600000 0.02000000
7689.50000000 0.01600000 0.01600000
7774.00000000 0.01600000 0.01200000
7858.50000000 0.01600000 0.01600000
7943.00000000 0.01600000 0.01600000
8027.50000000 0.01200000 0.01600000
8112.00000000 0.01600000 0.01600000
8196.50000000 0.01600000 0.01600000
8281.00000000 0.01600000 0.01600000
8365.50000000 0.01600000 0.01200000
8450.00000000 0.01200000 0.01600000
