0 253.33888889 253.86000000
6.25000000 14.75444444 14.78777778
12.50000000 8.32000000 8.28888889
18.75000000 5.86888889 5.84888889
25.00000000 4.46111111 4.46888889
31.25000000 3.64444444 3.63444444
37.50000000 3.11333333 3.11000000
43.75000000 2.73222222 2.71222222
50.00000000 2.44333333 2.44444444
56.25000000 2.19111111 2.21222222
62.50000000 1.99000000 1.97222222
68.75000000 1.81777778 1.80222222
75.00000000 1.67111111 1.68444444
81.25000000 1.55777778 1.56111111
87.50000000 1.44000000 1.43444444
93.75000000 1.34777778 1.35000000
100.00000000 1.23666667 1.25555556
106.25000000 1.17000000 1.17555556
112.50000000 1.09222222 1.08888889
118.75000000 1.03222222 1.02666667
125.00000000 0.96333333 0.96000000
131.25000000 0.89222222 0.89777778
137.50000000 0.84555556 0.84222222
143.75000000 0.77111111 0.78333333
150.00000000 0.72333333 0.72444444
156.25000000 0.67555556 0.67888889
162.50000000 0.64000000 0.62666667
168.75000000 0.57000000 0.57333333
175.00000000 0.55000000 0.54222222
181.25000000 0.52000000 0.51777778
187.50000000 0.47444444 0.48333333
193.75000000 0.44444444 0.44444444
200.00000000 0.41111111 0.40000000
206.25000000 0.37555556 0.39111111
212.50000000 0.36777778 0.36777778
218.75000000 0.34333333 0.33888889
225.00000000 0.29555556 0.30777778
231.25000000 0.28555556 0.27888889
237.50000000 0.26444444 0.27000000
243.75000000 0.24111111 0.25111111
250.00000000 0.22222222 0.23222222
256.25000000 0.21000000 0.21000000
262.50000000 0.19666667 0.20222222
268.75000000 0.17888889 0.18111111
275.00000000 0.16222222 0.16444444
281.25000000 0.14555556 0.15000000
287.50000000 0.13555556 0.13777778
293.75000000 0.13222222 0.13111111
300.00000000 0.12666667 0.11333333
306.25000000 0.11000000 0.11555556
312.50000000 0.09888889 0.10111111
318.75000000 0.09000000 0.09222222
325.00000000 0.09222222 0.09000000
331.25000000 0.07444444 0.07555556
337.50000000 0.07222222 0.07000000
343.75000000 0.07000000 0.06888889
350.00000000 0.06222222 0.06555556
356.25000000 0.06111111 0.06222222
362.50000000 0.05222222 0.06000000
368.75000000 0.05222222 0.05111111
375.00000000 0.04888889 0.05000000
381.25000000 0.04777778 0.04444444
387.50000000 0.04555556 0.04777778
393.75000000 0.03666667 0.04111111
400.00000000 0.04222222 0.04111111
406.25000000 0.03777778 0.03666667
412.50000000 0.03555556 0.03444444
418.75000000 0.03111111 0.03333333
425.00000000 0.02666667 0.02777778
431.25000000 0.02777778 0.02888889
437.50000000 0.03000000 0.02888889
443.75000000 0.02555556 0.02666667
450.00000000 0.02222222 0.02333333
456.25000000 0.02111111 0.02111111
462.50000000 0.02222222 0.02111111
468.75000000 0.02000000 0.01666667
475.00000000 0.01444444 0.01555556
481.25000000 0.01555556 0.01444444
487.50000000 0.01222222 0.01444444
493.75000000 0.01555556 0.01444444
500.00000000 0.01000000 0.01222222
506.25000000 0.01000000 0.01000000
512.50000000 0.00888889 0.01000000
518.75000000 0.00888889 0.01000000
525.00000000 0.00888889 0.00888889
531.25000000 0.00666667 0.00777778
537.50000000 0.00555556 0.00666667
543.75000000 0.00666667 0.00555556
550.00000000 0.00444444 0.00444444
556.25000000 0.00444444 0.00555556
562.50000000 0.00555556 0.00555556
568.75000000 0.00555556 0.00444444
575.00000000 0.00222222 0.00333333
581.25000000 0.00222222 0.00222222
587.50000000 0.00222222 0.00222222
593.75000000 0.00222222 0.00222222
600.00000000 0.00222222 0.00222222
606.25000000 0.00222222 0.00222222
612.50000000 0.00111111 0.00222222
618.75000000 0.00222222 0.00222222
625.00000000 0.00222222 0.00222222
631.25000000 0.00222222 0.00111111
637.50000000 0.00222222 0.00222222
643.75000000 0.00111111 0.00111111
650.00000000 0.00111111 0.00111111
656.25000000 0.00111111 0.00111111
662.50000000 0.00111111 0.00111111
668.75000000 0.00111111 0.00111111
675.00000000 0.00111111 0.00111111
681.25000000 0.00111111 0.00111111
687.50000000 0.00111111 0.00111111
693.75000000 0.00111111 0.00111111
700.00000000 0.00111111 0.00111111
706.25000000 0.00000000 0.00000000
712.50000000 0.00000000 0.00000000
718.75000000 0.00000000 0.00000000
725.00000000 0.00000000 0.00000000
731.25000000 0.00000000 0.00000000
737.50000000 0.00000000 0.00000000
743.75000000 0.00000000 0.00000000
750.00000000 0.00000000 0.00000000
756.25000000 0.00000000 0.00000000
762.50000000 0.00000000 0.00000000
768.75000000 0.00000000 0.00000000
775.00000000 0.00000000 0.00000000
781.25000000 0.00000000 0.00000000
787.50000000 0.00000000 0.00000000
793.75000000 0.00000000 0.00000000
800.00000000 0.00000000 0.00000000
806.25000000 0.00000000 0.00000000
812.50000000 0.00000000 0.00000000
818.75000000 0.00000000 0.00000000
825.00000000 0.00000000 0.00000000
831.25000000 0.00000000 0.00000000
837.50000000 0.00000000 0.00000000
843.75000000 0.00000000 0.00000000
850.00000000 0.00000000 0.00000000
856.25000000 0.00000000 0.00000000
862.50000000 0.00000000 0.00000000
868.75000000 0.00000000 0.00000000
875.00000000 0.00000000 0.00000000
881.25000000 0.00000000 0.00000000
887.50000000 0.00000000 0.00000000
893.75000000 0.00000000 0.00000000
900.00000000 0.00000000 0.00000000
906.25000000 0.00000000 0.00000000
912.50000000 0.00000000 0.00000000
918.75000000 0.00000000 0.00000000
925.00000000 0.00000000 0.00000000
931.25000000 0.00000000 0.00000000
937.50000000 0.00000000 0.00000000
943.75000000 0.00000000 0.00000000
950.00000000 0.00000000 0.00000000
956.25000000 0.00000000 0.00000000
962.50000000 0.00000000 0.00000000
968.75000000 0.00000000 0.00000000
975.00000000 0.00000000 0.00000000
981.25000000 0.00000000 0.00000000
987.50000000 0.00000000 0.00000000
993.75000000 0.00000000 0.00000000
1000.00000000 0.00000000 0.00000000
1006.25000000 0.00000000 0.00000000
1012.50000000 0.00000000 0.00000000
1018.75000000 0.00000000 0.00000000
1025.00000000 0.00000000 0.00000000
1031.25000000 0.00000000 0.00000000
1037.50000000 0.00000000 0.00000000
1043.75000000 0.00000000 0.00000000
1050.00000000 0.00000000 0.00000000
1056.25000000 0.00000000 0.00000000
1062.50000000 0.00000000 0.00000000
1068.75000000 0.00000000 0.00000000
1075.00000000 0.00000000 0.00000000
1081.25000000 0.00000000 0.00000000
1087.50000000 0.00000000 0.00000000
1093.75000000 0.00000000 0.00000000
1100.00000000 0.00000000 0.00000000
1106.25000000 0.00000000 0.00000000
1112.50000000 0.00000000 0.00000000
1118.75000000 0.00000000 0.00000000
1125.00000000 0.00000000 0.00000000
1131.25000000 0.00000000 0.00000000
1137.50000000 0.00000000 0.00000000
1143.75000000 0.00000000 0.00000000
1150.00000000 0.00000000 0.00000000
1156.25000000 0.00000000 0.00000000
1162.50000000 0.00000000 0.00000000
1168.75000000 0.00000000 0.00000000
1175.00000000 0.00000000 0.00000000
1181.25000000 0.00000000 0.00000000
1187.50000000 0.00000000 0.00000000
1193.75000000 0.00000000 0.00000000
1200.00000000 0.00000000 0.00000000
1206.25000000 0.00000000 0.00000000
1212.50000000 0.00000000 0.00000000
1218.75000000 0.00000000 0.00000000
1225.00000000 0.00000000 0.00000000
1231.25000000 0.00000000 0.00000000
1237.50000000 0.00000000 0.00000000
1243.75000000 0.00000000 0.00000000
1250.00000000 0.00000000 0.00000000
