0 253.64333333 254.08166667
6.25000000 14.78666667 14.81000000
12.50000000 8.37000000 8.34166667
18.75000000 5.90166667 5.87500000
25.00000000 4.52166667 4.51666667
31.25000000 3.72166667 3.69833333
37.50000000 3.18666667 3.19166667
43.75000000 2.81000000 2.78333333
50.00000000 2.50166667 2.51833333
56.25000000 2.27166667 2.28500000
62.50000000 2.04333333 2.03333333
68.75000000 1.85000000 1.83666667
75.00000000 1.71000000 1.72166667
81.25000000 1.61000000 1.60166667
87.50000000 1.50333333 1.48833333
93.75000000 1.40500000 1.38833333
100.00000000 1.28833333 1.30833333
106.25000000 1.20833333 1.20333333
112.50000000 1.13166667 1.13000000
118.75000000 1.08166667 1.08666667
125.00000000 1.00000000 1.01333333
131.25000000 0.93166667 0.93000000
137.50000000 0.87666667 0.86166667
143.75000000 0.79500000 0.81000000
150.00000000 0.74166667 0.74333333
156.25000000 0.69833333 0.69833333
162.50000000 0.66000000 0.64833333
168.75000000 0.59666667 0.59166667
175.00000000 0.57500000 0.57666667
181.25000000 0.54333333 0.54333333
187.50000000 0.48666667 0.50166667
193.75000000 0.45333333 0.45833333
200.00000000 0.43000000 0.42166667
206.25000000 0.39000000 0.40833333
212.50000000 0.38666667 0.38500000
218.75000000 0.35833333 0.35833333
225.00000000 0.30833333 0.32500000
231.25000000 0.30166667 0.29666667
237.50000000 0.27833333 0.28666667
243.75000000 0.25000000 0.26000000
250.00000000 0.23333333 0.24333333
256.25000000 0.22333333 0.21833333
262.50000000 0.20666667 0.21666667
268.75000000 0.19000000 0.19166667
275.00000000 0.17000000 0.17333333
281.25000000 0.16166667 0.16333333
287.50000000 0.14833333 0.14666667
293.75000000 0.13833333 0.14166667
300.00000000 0.13333333 0.11666667
306.25000000 0.11833333 0.12333333
312.50000000 0.10166667 0.10666667
318.75000000 0.09666667 0.09833333
325.00000000 0.10166667 0.09833333
331.25000000 0.08500000 0.08500000
337.50000000 0.08166667 0.08333333
343.75000000 0.07833333 0.07833333
350.00000000 0.07500000 0.07666667
356.25000000 0.06833333 0.07000000
362.50000000 0.05666667 0.06666667
368.75000000 0.06000000 0.05833333
375.00000000 0.05666667 0.05833333
381.25000000 0.05666667 0.05166667
387.50000000 0.05333333 0.05666667
393.75000000 0.04166667 0.04833333
400.00000000 0.05000000 0.04833333
406.25000000 0.04333333 0.04500000
412.50000000 0.04166667 0.04000000
418.75000000 0.03666667 0.03833333
425.00000000 0.03166667 0.03000000
431.25000000 0.03166667 0.03166667
437.50000000 0.03333333 0.03166667
443.75000000 0.02666667 0.02833333
450.00000000 0.02500000 0.02666667
456.25000000 0.02166667 0.02166667
462.50000000 0.02333333 0.02333333
468.75000000 0.02166667 0.01833333
475.00000000 0.01500000 0.01666667
481.25000000 0.01666667 0.01500000
487.50000000 0.01166667 0.01666667
493.75000000 0.01666667 0.01666667
500.00000000 0.01000000 0.01333333
506.25000000 0.01166667 0.01166667
512.50000000 0.01000000 0.01166667
518.75000000 0.01000000 0.01166667
525.00000000 0.01000000 0.01000000
531.25000000 0.00833333 0.00833333
537.50000000 0.00666667 0.00833333
543.75000000 0.00833333 0.00666667
550.00000000 0.00666667 0.00666667
556.25000000 0.00666667 0.00833333
562.50000000 0.00833333 0.00833333
568.75000000 0.00833333 0.00666667
575.00000000 0.00333333 0.00500000
581.25000000 0.00333333 0.00333333
587.50000000 0.00333333 0.00333333
593.75000000 0.00333333 0.00333333
600.00000000 0.00333333 0.00333333
606.25000000 0.00333333 0.00333333
612.50000000 0.00166667 0.00333333
618.75000000 0.00333333 0.00333333
625.00000000 0.00333333 0.00333333
631.25000000 0.00333333 0.00166667
637.50000000 0.00333333 0.00333333
643.75000000 0.00166667 0.00166667
650.00000000 0.00166667 0.00166667
656.25000000 0.00166667 0.00166667
662.50000000 0.00166667 0.00166667
668.75000000 0.00166667 0.00166667
675.00000000 0.00166667 0.00166667
681.25000000 0.00166667 0.00166667
687.50000000 0.00166667 0.00166667
693.75000000 0.00166667 0.00166667
700.00000000 0.00166667 0.00166667
706.25000000 0.00000000 0.00000000
712.50000000 0.00000000 0.00000000
718.75000000 0.00000000 0.00000000
725.00000000 0.00000000 0.00000000
731.25000000 0.00000000 0.00000000
737.50000000 0.00000000 0.00000000
743.75000000 0.00000000 0.00000000
750.00000000 0.00000000 0.00000000
756.25000000 0.00000000 0.00000000
762.50000000 0.00000000 0.00000000
768.75000000 0.00000000 0.00000000
775.00000000 0.00000000 0.00000000
781.25000000 0.00000000 0.00000000
787.50000000 0.00000000 0.00000000
793.75000000 0.00000000 0.00000000
800.00000000 0.00000000 0.00000000
806.25000000 0.00000000 0.00000000
812.50000000 0.00000000 0.00000000
818.75000000 0.00000000 0.00000000
825.00000000 0.00000000 0.00000000
831.25000000 0.00000000 0.00000000
837.50000000 0.00000000 0.00000000
843.75000000 0.00000000 0.00000000
850.00000000 0.00000000 0.00000000
856.25000000 0.00000000 0.00000000
862.50000000 0.00000000 0.00000000
868.75000000 0.00000000 0.00000000
875.00000000 0.00000000 0.00000000
881.25000000 0.00000000 0.00000000
887.50000000 0.00000000 0.00000000
893.75000000 0.00000000 0.00000000
900.00000000 0.00000000 0.00000000
906.25000000 0.00000000 0.00000000
912.50000000 0.00000000 0.00000000
918.75000000 0.00000000 0.00000000
925.00000000 0.00000000 0.00000000
931.25000000 0.00000000 0.00000000
937.50000000 0.00000000 0.00000000
943.75000000 0.00000000 0.00000000
950.00000000 0.00000000 0.00000000
956.25000000 0.00000000 0.00000000
962.50000000 0.00000000 0.00000000
968.75000000 0.00000000 0.00000000
975.00000000 0.00000000 0.00000000
981.25000000 0.00000000 0.00000000
987.50000000 0.00000000 0.00000000
993.75000000 0.00000000 0.00000000
1000.00000000 0.00000000 0.00000000
1006.25000000 0.00000000 0.00000000
1012.50000000 0.00000000 0.00000000
1018.75000000 0.00000000 0.00000000
1025.00000000 0.00000000 0.00000000
1031.25000000 0.00000000 0.00000000
1037.50000000 0.00000000 0.00000000
1043.75000000 0.00000000 0.00000000
1050.00000000 0.00000000 0.00000000
1056.25000000 0.00000000 0.00000000
1062.50000000 0.00000000 0.00000000
1068.75000000 0.00000000 0.00000000
1075.00000000 0.00000000 0.00000000
1081.25000000 0.00000000 0.00000000
1087.50000000 0.00000000 0.00000000
1093.75000000 0.00000000 0.00000000
1100.00000000 0.00000000 0.00000000
1106.25000000 0.00000000 0.00000000
1112.50000000 0.00000000 0.00000000
1118.75000000 0.00000000 0.00000000
1125.00000000 0.00000000 0.00000000
1131.25000000 0.00000000 0.00000000
1137.50000000 0.00000000 0.00000000
1143.75000000 0.00000000 0.00000000
1150.00000000 0.00000000 0.00000000
1156.25000000 0.00000000 0.00000000
1162.50000000 0.00000000 0.00000000
1168.75000000 0.00000000 0.00000000
1175.00000000 0.00000000 0.00000000
1181.25000000 0.00000000 0.00000000
1187.50000000 0.00000000 0.00000000
1193.75000000 0.00000000 0.00000000
1200.00000000 0.00000000 0.00000000
1206.25000000 0.00000000 0.00000000
1212.50000000 0.00000000 0.00000000
1218.75000000 0.00000000 0.00000000
1225.00000000 0.00000000 0.00000000
1231.25000000 0.00000000 0.00000000
1237.50000000 0.00000000 0.00000000
1243.75000000 0.00000000 0.00000000
1250.00000000 0.00000000 0.00000000
