0 364.25685786 365.35162095
9.00000000 16.89775561 16.98004988
18.00000000 9.82793017 9.86034913
27.00000000 7.15710723 7.23192020
36.00000000 5.68827930 5.69326683
45.00000000 4.76807980 4.80049875
54.00000000 4.08728180 4.12468828
63.00000000 3.58603491 3.60349127
72.00000000 3.21500000 3.20250000
81.00000000 2.87250000 2.86750000
90.00000000 2.68750000 2.70500000
99.00000000 2.41750000 2.40750000
108.00000000 2.27250000 2.30000000
117.00000000 2.11500000 2.09250000
126.00000000 1.97500000 1.97000000
135.00000000 1.82500000 1.83250000
144.00000000 1.70250000 1.68500000
153.00000000 1.67250000 1.63000000
162.00000000 1.51750000 1.54250000
171.00000000 1.47250000 1.47000000
180.00000000 1.35750000 1.36500000
189.00000000 1.30000000 1.29250000
198.00000000 1.24500000 1.26000000
207.00000000 1.16750000 1.17000000
216.00000000 1.10000000 1.10000000
225.00000000 1.06250000 1.08750000
234.00000000 0.99000000 1.00750000
243.00000000 0.97250000 0.97750000
252.00000000 0.93250000 0.94500000
261.00000000 0.90000000 0.91500000
270.00000000 0.84250000 0.85250000
279.00000000 0.79000000 0.79750000
288.00000000 0.77250000 0.76750000
297.00000000 0.72250000 0.74750000
306.00000000 0.69500000 0.68750000
315.00000000 0.66250000 0.66500000
324.00000000 0.64250000 0.62750000
333.00000000 0.60750000 0.61500000
342.00000000 0.58750000 0.59000000
351.00000000 0.59000000 0.59000000
360.00000000 0.53750000 0.55000000
369.00000000 0.50750000 0.51250000
378.00000000 0.49500000 0.49500000
387.00000000 0.46000000 0.46750000
396.00000000 0.43750000 0.44250000
405.00000000 0.42250000 0.42750000
414.00000000 0.41000000 0.39750000
423.00000000 0.39250000 0.40000000
432.00000000 0.38250000 0.38250000
441.00000000 0.37250000 0.37500000
450.00000000 0.36000000 0.35250000
459.00000000 0.32000000 0.31250000
468.00000000 0.31750000 0.32000000
477.00000000 0.30250000 0.30750000
486.00000000 0.28750000 0.30000000
495.00000000 0.27500000 0.27500000
504.00000000 0.25250000 0.25000000
513.00000000 0.24750000 0.25000000
522.00000000 0.22250000 0.23250000
531.00000000 0.21250000 0.20750000
540.00000000 0.20000000 0.20250000
549.00000000 0.19500000 0.19000000
558.00000000 0.19750000 0.18250000
567.00000000 0.17000000 0.18500000
576.00000000 0.15500000 0.16000000
585.00000000 0.15000000 0.16500000
594.00000000 0.15000000 0.15000000
603.00000000 0.13750000 0.14500000
612.00000000 0.13500000 0.12750000
621.00000000 0.12250000 0.13000000
630.00000000 0.12000000 0.11500000
639.00000000 0.10500000 0.11250000
648.00000000 0.11250000 0.11000000
657.00000000 0.10500000 0.10750000
666.00000000 0.10500000 0.10750000
675.00000000 0.08750000 0.10000000
684.00000000 0.08750000 0.09000000
693.00000000 0.08500000 0.08250000
702.00000000 0.06750000 0.07000000
711.00000000 0.06750000 0.06500000
720.00000000 0.06500000 0.06000000
729.00000000 0.05500000 0.06000000
738.00000000 0.05000000 0.05500000
747.00000000 0.05000000 0.05500000
756.00000000 0.04750000 0.04750000
765.00000000 0.05000000 0.04500000
774.00000000 0.05000000 0.04750000
783.00000000 0.04500000 0.04000000
792.00000000 0.03750000 0.03750000
801.00000000 0.04250000 0.03750000
810.00000000 0.04250000 0.03750000
819.00000000 0.03500000 0.03750000
828.00000000 0.04000000 0.03500000
837.00000000 0.03750000 0.03750000
846.00000000 0.03750000 0.03500000
855.00000000 0.03750000 0.03750000
864.00000000 0.03250000 0.03250000
873.00000000 0.03000000 0.03250000
882.00000000 0.02750000 0.03000000
891.00000000 0.03000000 0.02750000
900.00000000 0.03000000 0.03000000
909.00000000 0.02750000 0.03000000
918.00000000 0.02250000 0.02750000
927.00000000 0.02750000 0.02500000
936.00000000 0.02750000 0.02750000
945.00000000 0.02250000 0.02250000
954.00000000 0.01500000 0.02250000
963.00000000 0.02000000 0.02000000
972.00000000 0.02000000 0.02000000
981.00000000 0.01250000 0.01500000
990.00000000 0.01250000 0.01000000
999.00000000 0.01000000 0.01250000
1008.00000000 0.01250000 0.01250000
1017.00000000 0.01250000 0.01250000
1026.00000000 0.01000000 0.01000000
1035.00000000 0.00750000 0.01000000
1044.00000000 0.01000000 0.00750000
1053.00000000 0.01000000 0.01000000
1062.00000000 0.00750000 0.01000000
1071.00000000 0.01000000 0.01000000
1080.00000000 0.00750000 0.00750000
1089.00000000 0.00750000 0.00500000
1098.00000000 0.00750000 0.00750000
1107.00000000 0.00750000 0.00750000
1116.00000000 0.00500000 0.00500000
1125.00000000 0.00500000 0.00500000
1134.00000000 0.00250000 0.00500000
1143.00000000 0.00500000 0.00500000
1152.00000000 0.00000000 0.00500000
1161.00000000 0.00500000 0.00500000
1170.00000000 0.00500000 0.00500000
1179.00000000 0.00500000 0.00500000
1188.00000000 0.00500000 0.00500000
1197.00000000 0.00500000 0.00500000
1206.00000000 0.00500000 0.00500000
1215.00000000 0.00500000 0.00500000
1224.00000000 0.00500000 0.00500000
1233.00000000 0.00500000 0.00500000
1242.00000000 0.00500000 0.00500000
1251.00000000 0.00250000 0.00250000
1260.00000000 0.00250000 0.00250000
1269.00000000 0.00250000 0.00250000
1278.00000000 0.00250000 0.00250000
1287.00000000 0.00250000 0.00250000
1296.00000000 0.00250000 0.00250000
1305.00000000 0.00250000 0.00250000
1314.00000000 0.00250000 0.00250000
1323.00000000 0.00250000 0.00250000
1332.00000000 0.00000000 0.00000000
1341.00000000 0.00000000 0.00000000
1350.00000000 0.00000000 0.00000000
1359.00000000 0.00000000 0.00000000
1368.00000000 0.00000000 0.00000000
1377.00000000 0.00000000 0.00000000
1386.00000000 0.00000000 0.00000000
1395.00000000 0.00000000 0.00000000
1404.00000000 0.00000000 0.00000000
1413.00000000 0.00000000 0.00000000
1422.00000000 0.00000000 0.00000000
1431.00000000 0.00000000 0.00000000
1440.00000000 0.00000000 0.00000000
1449.00000000 0.00000000 0.00000000
1458.00000000 0.00000000 0.00000000
1467.00000000 0.00000000 0.00000000
1476.00000000 0.00000000 0.00000000
1485.00000000 0.00000000 0.00000000
1494.00000000 0.00000000 0.00000000
1503.00000000 0.00000000 0.00000000
1512.00000000 0.00000000 0.00000000
1521.00000000 0.00000000 0.00000000
1530.00000000 0.00000000 0.00000000
1539.00000000 0.00000000 0.00000000
1548.00000000 0.00000000 0.00000000
1557.00000000 0.00000000 0.00000000
1566.00000000 0.00000000 0.00000000
1575.00000000 0.00000000 0.00000000
1584.00000000 0.00000000 0.00000000
1593.00000000 0.00000000 0.00000000
1602.00000000 0.00000000 0.00000000
1611.00000000 0.00000000 0.00000000
1620.00000000 0.00000000 0.00000000
1629.00000000 0.00000000 0.00000000
1638.00000000 0.00000000 0.00000000
1647.00000000 0.00000000 0.00000000
1656.00000000 0.00000000 0.00000000
1665.00000000 0.00000000 0.00000000
1674.00000000 0.00000000 0.00000000
1683.00000000 0.00000000 0.00000000
1692.00000000 0.00000000 0.00000000
1701.00000000 0.00000000 0.00000000
1710.00000000 0.00000000 0.00000000
1719.00000000 0.00000000 0.00000000
1728.00000000 0.00000000 0.00000000
1737.00000000 0.00000000 0.00000000
1746.00000000 0.00000000 0.00000000
1755.00000000 0.00000000 0.00000000
1764.00000000 0.00000000 0.00000000
1773.00000000 0.00000000 0.00000000
1782.00000000 0.00000000 0.00000000
1791.00000000 0.00000000 0.00000000
1800.00000000 0.00000000 0.00000000
