0 364.35333333 365.52333333
9.00000000 16.72666667 16.85000000
18.00000000 9.85000000 9.89666667
27.00000000 7.20000000 7.26666667
36.00000000 5.74000000 5.78333333
45.00000000 4.80000000 4.83333333
54.00000000 4.13666667 4.17666667
63.00000000 3.63333333 3.66666667
72.00000000 3.23333333 3.23000000
81.00000000 2.87000000 2.87000000
90.00000000 2.69000000 2.69666667
99.00000000 2.42000000 2.40666667
108.00000000 2.25000000 2.26333333
117.00000000 2.11333333 2.11000000
126.00000000 1.98333333 1.98333333
135.00000000 1.82000000 1.83000000
144.00000000 1.69000000 1.73000000
153.00000000 1.66666667 1.61000000
162.00000000 1.50333333 1.53666667
171.00000000 1.46333333 1.47000000
180.00000000 1.36333333 1.36333333
189.00000000 1.31333333 1.29000000
198.00000000 1.26333333 1.28333333
207.00000000 1.18000000 1.19000000
216.00000000 1.11000000 1.11000000
225.00000000 1.06000000 1.07666667
234.00000000 0.98666667 1.01333333
243.00000000 0.95333333 0.97000000
252.00000000 0.93333333 0.94666667
261.00000000 0.89333333 0.91000000
270.00000000 0.84333333 0.84333333
279.00000000 0.78000000 0.79333333
288.00000000 0.76666667 0.75666667
297.00000000 0.71666667 0.75333333
306.00000000 0.68666667 0.68000000
315.00000000 0.65333333 0.65666667
324.00000000 0.64333333 0.62666667
333.00000000 0.59333333 0.61000000
342.00000000 0.57666667 0.58333333
351.00000000 0.59000000 0.58333333
360.00000000 0.53333333 0.54666667
369.00000000 0.52000000 0.52000000
378.00000000 0.50666667 0.50333333
387.00000000 0.47333333 0.48000000
396.00000000 0.45000000 0.45333333
405.00000000 0.43666667 0.44333333
414.00000000 0.43000000 0.40666667
423.00000000 0.39666667 0.40666667
432.00000000 0.39333333 0.38666667
441.00000000 0.38000000 0.39000000
450.00000000 0.37333333 0.37000000
459.00000000 0.33666667 0.33333333
468.00000000 0.33000000 0.32666667
477.00000000 0.31666667 0.31666667
486.00000000 0.30000000 0.31333333
495.00000000 0.28666667 0.28666667
504.00000000 0.27000000 0.26666667
513.00000000 0.26000000 0.26000000
522.00000000 0.23666667 0.25000000
531.00000000 0.23333333 0.23000000
540.00000000 0.22000000 0.22666667
549.00000000 0.21333333 0.20666667
558.00000000 0.21666667 0.20666667
567.00000000 0.18666667 0.20333333
576.00000000 0.17000000 0.18333333
585.00000000 0.16666667 0.18666667
594.00000000 0.16333333 0.16333333
603.00000000 0.15000000 0.16333333
612.00000000 0.15000000 0.14666667
621.00000000 0.13666667 0.14666667
630.00000000 0.13666667 0.12666667
639.00000000 0.12000000 0.13000000
648.00000000 0.12666667 0.12333333
657.00000000 0.11666667 0.12000000
666.00000000 0.11666667 0.12000000
675.00000000 0.10333333 0.11666667
684.00000000 0.11000000 0.11333333
693.00000000 0.10333333 0.10333333
702.00000000 0.08000000 0.08666667
711.00000000 0.08000000 0.07666667
720.00000000 0.07666667 0.07000000
729.00000000 0.06666667 0.07000000
738.00000000 0.06000000 0.06333333
747.00000000 0.06000000 0.06333333
756.00000000 0.05333333 0.05666667
765.00000000 0.06000000 0.05333333
774.00000000 0.06000000 0.05666667
783.00000000 0.05333333 0.04666667
792.00000000 0.04333333 0.04666667
801.00000000 0.05000000 0.04333333
810.00000000 0.05000000 0.04333333
819.00000000 0.04000000 0.04333333
828.00000000 0.04666667 0.04000000
837.00000000 0.04666667 0.04333333
846.00000000 0.04666667 0.04000000
855.00000000 0.04333333 0.04333333
864.00000000 0.03666667 0.03666667
873.00000000 0.03333333 0.03666667
882.00000000 0.03000000 0.03333333
891.00000000 0.03333333 0.03000000
900.00000000 0.03333333 0.03333333
909.00000000 0.03000000 0.03333333
918.00000000 0.02333333 0.03000000
927.00000000 0.03000000 0.02666667
936.00000000 0.03000000 0.03000000
945.00000000 0.02333333 0.02333333
954.00000000 0.01333333 0.02333333
963.00000000 0.02000000 0.02000000
972.00000000 0.02000000 0.02000000
981.00000000 0.01000000 0.01333333
990.00000000 0.01333333 0.01000000
999.00000000 0.01000000 0.01333333
1008.00000000 0.01333333 0.01333333
1017.00000000 0.01333333 0.01333333
1026.00000000 0.01333333 0.01333333
1035.00000000 0.01000000 0.01333333
1044.00000000 0.01333333 0.01000000
1053.00000000 0.01333333 0.01333333
1062.00000000 0.01000000 0.01333333
1071.00000000 0.01333333 0.01333333
1080.00000000 0.01000000 0.01000000
1089.00000000 0.01000000 0.00666667
1098.00000000 0.01000000 0.01000000
1107.00000000 0.01000000 0.01000000
1116.00000000 0.00666667 0.00666667
1125.00000000 0.00666667 0.00666667
1134.00000000 0.00333333 0.00666667
1143.00000000 0.00666667 0.00666667
1152.00000000 0.00000000 0.00666667
1161.00000000 0.00666667 0.00666667
1170.00000000 0.00666667 0.00666667
1179.00000000 0.00666667 0.00666667
1188.00000000 0.00666667 0.00666667
1197.00000000 0.00666667 0.00666667
1206.00000000 0.00666667 0.00666667
1215.00000000 0.00666667 0.00666667
1224.00000000 0.00666667 0.00666667
1233.00000000 0.00666667 0.00666667
1242.00000000 0.00666667 0.00666667
1251.00000000 0.00333333 0.00333333
1260.00000000 0.00333333 0.00333333
1269.00000000 0.00333333 0.00333333
1278.00000000 0.00333333 0.00333333
1287.00000000 0.00333333 0.00333333
1296.00000000 0.00333333 0.00333333
1305.00000000 0.00333333 0.00333333
1314.00000000 0.00333333 0.00333333
1323.00000000 0.00333333 0.00333333
1332.00000000 0.00000000 0.00000000
1341.00000000 0.00000000 0.00000000
1350.00000000 0.00000000 0.00000000
1359.00000000 0.00000000 0.00000000
1368.00000000 0.00000000 0.00000000
1377.00000000 0.00000000 0.00000000
1386.00000000 0.00000000 0.00000000
1395.00000000 0.00000000 0.00000000
1404.00000000 0.00000000 0.00000000
1413.00000000 0.00000000 0.00000000
1422.00000000 0.00000000 0.00000000
1431.00000000 0.00000000 0.00000000
1440.00000000 0.00000000 0.00000000
1449.00000000 0.00000000 0.00000000
1458.00000000 0.00000000 0.00000000
1467.00000000 0.00000000 0.00000000
1476.00000000 0.00000000 0.00000000
1485.00000000 0.00000000 0.00000000
1494.00000000 0.00000000 0.00000000
1503.00000000 0.00000000 0.00000000
1512.00000000 0.00000000 0.00000000
1521.00000000 0.00000000 0.00000000
1530.00000000 0.00000000 0.00000000
1539.00000000 0.00000000 0.00000000
1548.00000000 0.00000000 0.00000000
1557.00000000 0.00000000 0.00000000
1566.00000000 0.00000000 0.00000000
1575.00000000 0.00000000 0.00000000
1584.00000000 0.00000000 0.00000000
1593.00000000 0.00000000 0.00000000
1602.00000000 0.00000000 0.00000000
1611.00000000 0.00000000 0.00000000
1620.00000000 0.00000000 0.00000000
1629.00000000 0.00000000 0.00000000
1638.00000000 0.00000000 0.00000000
1647.00000000 0.00000000 0.00000000
1656.00000000 0.00000000 0.00000000
1665.00000000 0.00000000 0.00000000
1674.00000000 0.00000000 0.00000000
1683.00000000 0.00000000 0.00000000
1692.00000000 0.00000000 0.00000000
1701.00000000 0.00000000 0.00000000
1710.00000000 0.00000000 0.00000000
1719.00000000 0.00000000 0.00000000
1728.00000000 0.00000000 0.00000000
1737.00000000 0.00000000 0.00000000
1746.00000000 0.00000000 0.00000000
1755.00000000 0.00000000 0.00000000
1764.00000000 0.00000000 0.00000000
1773.00000000 0.00000000 0.00000000
1782.00000000 0.00000000 0.00000000
1791.00000000 0.00000000 0.00000000
1800.00000000 0.00000000 0.00000000
