0 2596.50434783 2603.66086957
128.00000000 13.37391304 13.39130435
256.00000000 7.33043478 7.28260870
384.00000000 5.11739130 5.14347826
512.00000000 3.96521739 3.92608695
640.00000000 3.22173913 3.17391304
768.00000000 2.62173913 2.59565218
896.00000000 2.15652174 2.16956522
1024.00000000 1.95217392 1.95217391
1152.00000000 1.76521739 1.71739130
1280.00000000 1.60434783 1.59130435
1408.00000000 1.48695652 1.44782609
1536.00000000 1.32608695 1.27826087
1664.00000000 1.24347826 1.27826087
1792.00000000 1.08695652 1.11739130
1920.00000000 1.06956522 1.06521739
2048.00000000 0.94347826 0.93913044
2176.00000000 0.89565217 0.90869565
2304.00000000 0.84347826 0.84347826
2432.00000000 0.76521739 0.76956522
2560.00000000 0.69565217 0.70434783
2688.00000000 0.62173913 0.60000000
2816.00000000 0.62173913 0.57826087
2944.00000000 0.55652174 0.54782608
3072.00000000 0.51304348 0.49565218
3200.00000000 0.44782609 0.45652174
3328.00000000 0.40869565 0.43478261
3456.00000000 0.39565218 0.39130435
3584.00000000 0.34347826 0.33913044
3712.00000000 0.32173913 0.32173913
3840.00000000 0.28695652 0.30000000
3968.00000000 0.29130435 0.28260870
4096.00000000 0.26521739 0.25217391
4224.00000000 0.24347826 0.23478261
4352.00000000 0.20434783 0.21304348
4480.00000000 0.19130435 0.18695652
4608.00000000 0.15652174 0.15652174
4736.00000000 0.14347826 0.13478261
4864.00000000 0.13478261 0.13043478
4992.00000000 0.12173913 0.11739131
5120.00000000 0.11304348 0.10434783
5248.00000000 0.09130435 0.10434783
5376.00000000 0.10000000 0.08695652
5504.00000000 0.08260869 0.08260869
5632.00000000 0.07391304 0.07391304
5760.00000000 0.06956522 0.06956522
5888.00000000 0.05652174 0.06086956
6016.00000000 0.05217391 0.05217391
6144.00000000 0.04347826 0.04347826
6272.00000000 0.04347826 0.04347826
6400.00000000 0.03478261 0.03478261
6528.00000000 0.03043479 0.03043479
6656.00000000 0.01739131 0.01739131
6784.00000000 0.01739131 0.02173913
6912.00000000 0.01739131 0.02173913
7040.00000000 0.02173913 0.01739131
7168.00000000 0.01739131 0.02173913
7296.00000000 0.02173913 0.02173913
7424.00000000 0.01739131 0.01739131
7552.00000000 0.01739131 0.01739131
7680.00000000 0.01304348 0.01304348
7808.00000000 0.01739131 0.01739131
7936.00000000 0.01739131 0.01739131
8064.00000000 0.01304348 0.00869565
8192.00000000 0.00434783 0.00000000
8320.00000000 0.00434783 0.00434783
8448.00000000 0.00000000 0.00000000
8576.00000000 0.00000000 0.00000000
8704.00000000 0.00000000 0.00000000
8832.00000000 0.00000000 0.00000000
8960.00000000 0.00000000 0.00000000
9088.00000000 0.00000000 0.00000000
9216.00000000 0.00000000 0.00000000
9344.00000000 0.00000000 0.00000000
9472.00000000 0.00000000 0.00000000
9600.00000000 0.00000000 0.00000000
9728.00000000 0.00000000 0.00000000
9856.00000000 0.00000000 0.00000000
9984.00000000 0.00000000 0.00000000
10112.00000000 0.00000000 0.00000000
10240.00000000 0.00000000 0.00000000
10368.00000000 0.00000000 0.00000000
10496.00000000 0.00000000 0.00000000
10624.00000000 0.00000000 0.00000000
10752.00000000 0.00000000 0.00000000
10880.00000000 0.00000000 0.00000000
11008.00000000 0.00000000 0.00000000
11136.00000000 0.00000000 0.00000000
11264.00000000 0.00000000 0.00000000
11392.00000000 0.00000000 0.00000000
11520.00000000 0.00000000 0.00000000
11648.00000000 0.00000000 0.00000000
11776.00000000 0.00000000 0.00000000
11904.00000000 0.00000000 0.00000000
12032.00000000 0.00000000 0.00000000
12160.00000000 0.00000000 0.00000000
12288.00000000 0.00000000 0.00000000
12416.00000000 0.00000000 0.00000000
12544.00000000 0.00000000 0.00000000
12672.00000000 0.00000000 0.00000000
12800.00000000 0.00000000 0.00000000
