0 2597.60000000 2605.11000000
128.00000000 13.19000000 13.18000000
256.00000000 7.50000000 7.52000000
384.00000000 5.22000000 5.33000000
512.00000000 4.10000000 4.04000000
640.00000000 3.24000000 3.28000000
768.00000000 2.71000000 2.68000000
896.00000000 2.19000000 2.22000000
1024.00000000 2.11000000 2.05000000
1152.00000000 1.86000000 1.81000000
1280.00000000 1.68000000 1.61000000
1408.00000000 1.48000000 1.46000000
1536.00000000 1.31000000 1.27000000
1664.00000000 1.20000000 1.25000000
1792.00000000 1.07000000 1.13000000
1920.00000000 1.04000000 1.03000000
2048.00000000 0.84000000 0.85000000
2176.00000000 0.81000000 0.81000000
2304.00000000 0.76000000 0.76000000
2432.00000000 0.72000000 0.73000000
2560.00000000 0.66000000 0.65000000
2688.00000000 0.56000000 0.54000000
2816.00000000 0.53000000 0.49000000
2944.00000000 0.49000000 0.48000000
3072.00000000 0.41000000 0.42000000
3200.00000000 0.34000000 0.39000000
3328.00000000 0.34000000 0.35000000
3456.00000000 0.30000000 0.31000000
3584.00000000 0.24000000 0.28000000
3712.00000000 0.26000000 0.26000000
3840.00000000 0.24000000 0.24000000
3968.00000000 0.25000000 0.24000000
4096.00000000 0.20000000 0.19000000
4224.00000000 0.20000000 0.19000000
4352.00000000 0.17000000 0.17000000
4480.00000000 0.17000000 0.17000000
4608.00000000 0.14000000 0.15000000
4736.00000000 0.12000000 0.13000000
4864.00000000 0.10000000 0.11000000
4992.00000000 0.09000000 0.08000000
5120.00000000 0.06000000 0.06000000
5248.00000000 0.06000000 0.06000000
5376.00000000 0.06000000 0.06000000
5504.00000000 0.05000000 0.05000000
5632.00000000 0.02000000 0.03000000
5760.00000000 0.03000000 0.03000000
5888.00000000 0.02000000 0.02000000
6016.00000000 0.01000000 0.01000000
6144.00000000 0.00000000 0.00000000
6272.00000000 0.00000000 0.00000000
6400.00000000 0.00000000 0.00000000
6528.00000000 0.00000000 0.00000000
6656.00000000 0.00000000 0.00000000
6784.00000000 0.00000000 0.00000000
6912.00000000 0.00000000 0.00000000
7040.00000000 0.00000000 0.00000000
7168.00000000 0.00000000 0.00000000
7296.00000000 0.00000000 0.00000000
7424.00000000 0.00000000 0.00000000
7552.00000000 0.00000000 0.00000000
7680.00000000 0.00000000 0.00000000
7808.00000000 0.00000000 0.00000000
7936.00000000 0.00000000 0.00000000
8064.00000000 0.00000000 0.00000000
8192.00000000 0.00000000 0.00000000
8320.00000000 0.00000000 0.00000000
8448.00000000 0.00000000 0.00000000
8576.00000000 0.00000000 0.00000000
8704.00000000 0.00000000 0.00000000
8832.00000000 0.00000000 0.00000000
8960.00000000 0.00000000 0.00000000
9088.00000000 0.00000000 0.00000000
9216.00000000 0.00000000 0.00000000
9344.00000000 0.00000000 0.00000000
9472.00000000 0.00000000 0.00000000
9600.00000000 0.00000000 0.00000000
9728.00000000 0.00000000 0.00000000
9856.00000000 0.00000000 0.00000000
9984.00000000 0.00000000 0.00000000
10112.00000000 0.00000000 0.00000000
10240.00000000 0.00000000 0.00000000
10368.00000000 0.00000000 0.00000000
10496.00000000 0.00000000 0.00000000
10624.00000000 0.00000000 0.00000000
10752.00000000 0.00000000 0.00000000
10880.00000000 0.00000000 0.00000000
11008.00000000 0.00000000 0.00000000
11136.00000000 0.00000000 0.00000000
11264.00000000 0.00000000 0.00000000
11392.00000000 0.00000000 0.00000000
11520.00000000 0.00000000 0.00000000
11648.00000000 0.00000000 0.00000000
11776.00000000 0.00000000 0.00000000
11904.00000000 0.00000000 0.00000000
12032.00000000 0.00000000 0.00000000
12160.00000000 0.00000000 0.00000000
12288.00000000 0.00000000 0.00000000
12416.00000000 0.00000000 0.00000000
12544.00000000 0.00000000 0.00000000
12672.00000000 0.00000000 0.00000000
12800.00000000 0.00000000 0.00000000
