0 0.00177553
2.25 0.00557198
4.5 0.00514981
6.75 0.00519585
9 0.00495373
11.25 0.00503411
13.5 0.00470403
15.75 0.00477659
18 0.0047205
20.25 0.00485546
22.5 0.00479482
24.75 0.00481752
27 0.00484171
29.25 0.00482537
31.5 0.00473296
33.75 0.004911
36 0.00484177
38.25 0.00481361
40.5 0.00483969
42.75 0.00485798
45 0.00496371
47.25 0.00489274
49.5 0.00475925
51.75 0.00470669
54 0.00510763
56.25 0.00488825
58.5 0.00454917
60.75 0.00472969
63 0.00515193
65.25 0.0049191
67.5 0.00490396
69.75 0.00513256
72 0.00498964
74.25 0.00505163
76.5 0.00471406
78.75 0.0049207
81 0.00463117
83.25 0.00503141
85.5 0.00508351
87.75 0.00500287
90 0.0049071
92.25 0.00504735
94.5 0.00494429
96.75 0.00481349
99 0.00471228
101.25 0.00493586
103.5 0.00484202
105.75 0.00487078
108 0.00488356
110.25 0.00473688
112.5 0.00492879
114.75 0.00488163
117 0.00474412
119.25 0.00477875
121.5 0.00478765
123.75 0.00482294
126 0.00480989
128.25 0.00469618
130.5 0.00478543
132.75 0.00503262
135 0.00508235
137.25 0.00471182
139.5 0.00457052
141.75 0.00471342
144 0.0048233
146.25 0.00484768
148.5 0.00493717
150.75 0.00486768
153 0.0046228
155.25 0.00503332
157.5 0.00517051
159.75 0.00487529
162 0.00469945
164.25 0.00478064
166.5 0.00483038
168.75 0.00483003
171 0.00470833
173.25 0.00461385
175.5 0.0047423
177.75 0.0048153
180 0.00501714
182.25 0.00478291
184.5 0.00496127
186.75 0.00495155
189 0.00484981
191.25 0.00468026
193.5 0.0050505
195.75 0.00496587
198 0.00493006
200.25 0.00468982
202.5 0.00490027
204.75 0.00502365
207 0.00482755
209.25 0.00483193
211.5 0.00500642
213.75 0.00471839
216 0.00491979
218.25 0.0046928
220.5 0.00499678
222.75 0.00481604
225 0.00489399
227.25 0.00457769
229.5 0.00469444
231.75 0.00486155
234 0.00491415
236.25 0.00497318
238.5 0.00487747
240.75 0.00497692
243 0.00494468
245.25 0.00496133
247.5 0.00505056
249.75 0.00462531
252 0.00473698
254.25 0.00479167
256.5 0.0047508
258.75 0.00443241
261 0.00484393
263.25 0.00463369
265.5 0.00468408
267.75 0.0047239
270 0.00463048
272.25 0.0047216
274.5 0.00497205
276.75 0.00499508
279 0.0046957
281.25 0.00503386
283.5 0.00492978
285.75 0.00514058
288 0.00498679
290.25 0.00482113
292.5 0.00491473
294.75 0.00501515
297 0.00491956
299.25 0.00513879
301.5 0.00471628
303.75 0.00464108
306 0.00469197
308.25 0.00476764
310.5 0.00470411
312.75 0.00468541
315 0.0047642
317.25 0.00487001
319.5 0.00497806
321.75 0.00511504
324 0.00510625
326.25 0.00483143
328.5 0.0048809
330.75 0.00478511
333 0.00506126
335.25 0.0049567
337.5 0.00463805
339.75 0.00499737
342 0.00477825
344.25 0.00463285
346.5 0.00464829
348.75 0.00497783
351 0.0048297
353.25 0.00494651
355.5 0.00490763
357.75 0.0050261
360 0.0046389
362.25 0.00460431
364.5 0.00477381
366.75 0.00492751
369 0.00486213
371.25 0.00463149
373.5 0.00486054
375.75 0.00500209
378 0.00485796
380.25 0.00442627
382.5 0.00481063
384.75 0.00490315
387 0.00477498
389.25 0.00468375
391.5 0.00473056
393.75 0.00469721
396 0.00472768
398.25 0.00502681
400.5 0.00486672
402.75 0.00485997
405 0.0047695
407.25 0.00522991
409.5 0.00501982
411.75 0.00477454
414 0.00470587
416.25 0.00470674
418.5 0.00470895
420.75 0.00477917
423 0.00487639
425.25 0.00487828
427.5 0.00484771
429.75 0.00486692
432 0.00502477
434.25 0.00505122
436.5 0.00490279
438.75 0.00481268
441 0.00508573
443.25 0.00478726
445.5 0.00485926
447.75 0.00478546
450 0.00465774
