0 0.000336041
2.25 0.0401346
4.5 0.0177031
6.75 -0.0464463
9 -0.0844844
11.25 -0.150208
13.5 0.0691895
15.75 -0.00508194
18 -0.156916
20.25 0.023426
22.5 -0.168042
24.75 0.0315083
27 -0.0707604
29.25 -0.103845
31.5 -0.0681789
33.75 -0.00769261
36 0.0318524
38.25 0.00711127
40.5 -0.00454245
42.75 -0.145486
45 0.0447154
47.25 -0.062337
49.5 0.0330926
51.75 -0.0763131
54 -0.0200567
56.25 0.0721365
58.5 -0.111423
60.75 -0.0388557
63 -0.0466165
65.25 0.011775
67.5 0.0175218
69.75 -0.170742
72 -0.111928
74.25 0.0133882
76.5 -0.0530346
78.75 0.0462881
81 0.106217
83.25 0.0261813
85.5 -0.0573973
87.75 0.0942871
90 -0.0149739
92.25 -0.0964351
94.5 -0.111033
96.75 -0.0721829
99 0.0378099
101.25 0.0392667
103.5 -0.155767
105.75 0.118362
108 -0.0225211
110.25 -0.125393
112.5 0.0643066
114.75 -0.065332
117 -0.00185927
119.25 0.0486764
121.5 -0.124159
123.75 -0.0761346
126 -0.0706162
128.25 0.0366508
130.5 -0.135193
132.75 -0.00938272
135 -0.0355674
137.25 -0.0152673
139.5 0.0952467
141.75 -0.0912254
144 0.0968425
146.25 0.0247676
148.5 -0.0829343
150.75 -0.0766715
153 -0.0920335
155.25 -0.0896572
157.5 -0.0828253
159.75 0.044966
162 -0.0535678
164.25 0.0500216
166.5 -0.00948044
168.75 0.0273376
171 -0.0492345
173.25 0.00463524
175.5 0.0109374
177.75 0.087987
180 0.0166542
182.25 -0.0792546
184.5 0.112837
186.75 -0.0881856
189 -0.0336352
191.25 -0.026642
193.5 0.00657238
195.75 0.0114603
198 0.0334943
200.25 -0.0691879
202.5 -0.0271556
204.75 -0.0199582
207 -0.0336547
209.25 0.0909008
211.5 -0.111656
213.75 -0.0679835
216 -0.0587262
218.25 -0.13964
220.5 0.0586416
222.75 0.00251323
225 -0.0435041
227.25 -0.00884279
229.5 -0.0204365
231.75 -0.115984
234 -0.00902388
236.25 0.0646655
238.5 -0.168882
240.75 -6.56419e-05
243 -0.0317014
245.25 -0.131605
247.5 -0.16801
249.75 -0.0523716
252 -0.069023
254.25 0.0505394
256.5 -0.0234985
258.75 -0.0499596
261 -0.0678895
263.25 0.040507
265.5 -0.13442
267.75 -0.0304687
270 0.0745846
272.25 0.000267629
274.5 -0.018346
276.75 -0.0067427
279 -0.118302
281.25 0.0246266
283.5 -0.0660847
285.75 -0.00343127
288 -0.0472818
290.25 0.0538841
292.5 0.00941863
294.75 -0.0109712
297 -0.0508614
299.25 -0.132294
301.5 0.00882516
303.75 -0.101417
306 -0.076331
308.25 -0.0104813
310.5 0.146098
312.75 0.031035
315 -0.113459
317.25 0.0120968
319.5 0.0158827
321.75 0.0108414
324 -0.129116
326.25 -0.161278
328.5 0.0234966
330.75 -0.0903428
333 0.0455345
335.25 0.0232225
337.5 0.0654336
339.75 -0.088608
342 -0.0139102
344.25 -0.193882
346.5 -0.00844851
348.75 0.0203182
351 -0.109217
353.25 -0.0544393
355.5 -0.0231856
357.75 0.0116304
360 -0.065964
362.25 0.0548547
364.5 -0.169445
366.75 -0.0108331
369 -0.180725
371.25 -0.0965257
373.5 0.0632614
375.75 0.111446
378 0.00742905
380.25 -0.0686464
382.5 -0.0207181
384.75 0.0145426
387 -0.00504261
389.25 -0.0256374
391.5 -0.0699538
393.75 0.0571761
396 -0.0427775
398.25 -0.00366811
400.5 -0.0590027
402.75 -0.0416228
405 -0.0239558
407.25 0.0662022
409.5 -0.0156797
411.75 -0.0829882
414 0.0567835
416.25 -0.125345
418.5 0.0235419
420.75 -0.0512196
423 -0.119969
425.25 -0.0215885
427.5 -0.130039
429.75 -0.0994447
432 -0.00814916
434.25 0.0145993
436.5 0.0228539
438.75 -0.0183055
441 -0.0151189
443.25 0.00932786
445.5 -0.0583664
447.75 -0.0581397
450 0.0822746
