0 1.25042e-07
16 0.00101064
32 0.00213274
48 0.00324057
64 0.00392216
80 0.00487936
96 0.00562051
112 0.0064194
128 0.00646397
144 0.00625435
160 0.00615379
176 0.0061924
192 0.00633627
208 0.0067407
224 0.00737888
240 0.00772881
256 0.00789239
272 0.00744498
288 0.00728094
304 0.00712698
320 0.00722031
336 0.00721715
352 0.00688101
368 0.00659251
384 0.00692439
400 0.0072314
416 0.00762815
432 0.00773112
448 0.00759685
464 0.00734427
480 0.00717584
496 0.00689893
512 0.0066007
528 0.00678069
544 0.00688263
560 0.00734601
576 0.00765626
592 0.00870781
608 0.00957108
624 0.0103918
640 0.0104536
656 0.0106843
672 0.0107412
688 0.010665
704 0.010592
720 0.0106225
736 0.0101431
752 0.0098388
768 0.00934802
784 0.00909129
800 0.00917647
816 0.00916216
832 0.0092284
848 0.00914469
864 0.00894616
880 0.00887478
896 0.00911286
912 0.00916878
928 0.00923198
944 0.00915193
960 0.00920673
976 0.00937052
992 0.00941013
1008 0.00945304
1024 0.00954081
1040 0.00970522
1056 0.00973934
1072 0.00991568
1088 0.00962149
1104 0.00949938
1120 0.00965243
1136 0.0102055
1152 0.0104629
1168 0.0107085
1184 0.0106863
1200 0.0109158
1216 0.0109573
1232 0.0113279
1248 0.0117279
1264 0.0119424
1280 0.0120215
1296 0.0120626
1312 0.0118824
1328 0.0116986
1344 0.0116689
1360 0.0117092
1376 0.0118488
1392 0.0120876
1408 0.0120962
1424 0.0124051
1440 0.0125604
1456 0.0128621
1472 0.0132497
1488 0.0136931
1504 0.0139061
1520 0.0140771
1536 0.0141047
1552 0.0141932
1568 0.0144774
1584 0.014685
1600 0.0151728
1616 0.0153498
1632 0.0158026
1648 0.0162254
1664 0.0165765
1680 0.01674
1696 0.0168651
1712 0.0172116
1728 0.0171178
1744 0.0172848
1760 0.0175341
1776 0.0175593
1792 0.017683
1808 0.0178417
1824 0.0179755
1840 0.0183967
1856 0.018965
1872 0.0198924
1888 0.0207161
1904 0.0216485
1920 0.0224613
1936 0.023642
1952 0.0240748
1968 0.0245208
1984 0.0249697
2000 0.0254973
2016 0.0255035
2032 0.025788
2048 0.0259246
2064 0.0261206
2080 0.0262509
2096 0.0263551
2112 0.026856
2128 0.0272189
2144 0.0277029
2160 0.0280248
2176 0.0281356
2192 0.0282652
2208 0.0286265
2224 0.0287657
2240 0.0289206
2256 0.0293186
2272 0.0295615
2288 0.0296558
2304 0.0296591
2320 0.0300515
2336 0.0299536
2352 0.0299539
2368 0.0304415
2384 0.030859
2400 0.030919
2416 0.0309283
2432 0.0311839
2448 0.0313217
2464 0.0318727
2480 0.0322355
2496 0.0328911
2512 0.0336022
2528 0.0343178
2544 0.0346266
2560 0.035508
2576 0.0356622
2592 0.0357378
2608 0.0359173
2624 0.0361035
2640 0.0364125
2656 0.0365021
2672 0.036549
2688 0.0368283
2704 0.03708
2720 0.0370375
2736 0.0376167
2752 0.0379454
2768 0.0383222
2784 0.0383808
2800 0.0385035
2816 0.038577
2832 0.0387483
2848 0.0389999
2864 0.0391711
2880 0.0392544
2896 0.0394103
2912 0.0397028
2928 0.0399646
2944 0.0400601
2960 0.0406281
2976 0.0412307
2992 0.0420154
3008 0.0426569
3024 0.0430062
3040 0.0433148
3056 0.0437178
3072 0.044052
3088 0.0442303
3104 0.0442833
3120 0.0446644
3136 0.0449245
3152 0.0452693
3168 0.0454566
3184 0.0460353
3200 0.0460354
