0 0.000249506
16 0.0229237
32 0.033757
48 0.0419188
64 0.0468018
80 0.0517218
96 0.0550744
112 0.0585136
128 0.0590451
144 0.0596836
160 0.0593891
176 0.0593849
192 0.0598921
208 0.0612902
224 0.0633575
240 0.0639194
256 0.0645521
272 0.0641393
288 0.0640401
304 0.0643633
320 0.0663293
336 0.066769
352 0.0658405
368 0.0646862
384 0.0655912
400 0.0665837
416 0.0677329
432 0.0675751
448 0.0668491
464 0.065626
480 0.0647622
496 0.0634081
512 0.0615236
528 0.0612955
544 0.0610984
560 0.0627276
576 0.064189
592 0.0674578
608 0.0694822
624 0.0709617
640 0.0705134
656 0.0705856
672 0.0706107
688 0.0700925
704 0.0690685
720 0.0689855
736 0.0679107
752 0.0671783
768 0.0657768
784 0.0652909
800 0.0655135
816 0.065745
832 0.0659573
848 0.065282
864 0.0647212
880 0.0640601
896 0.0647495
912 0.0649751
928 0.0647365
944 0.0644436
960 0.0647069
976 0.0655986
992 0.065787
1008 0.0655866
1024 0.0660153
1040 0.0660254
1056 0.0656315
1072 0.0659616
1088 0.0643263
1104 0.0636328
1120 0.0639624
1136 0.0647876
1152 0.0644457
1168 0.0654051
1184 0.065327
1200 0.0655745
1216 0.0661893
1232 0.0667807
1248 0.0665848
1264 0.0675264
1280 0.0684443
1296 0.0683315
1312 0.0671027
1328 0.0664593
1344 0.0662054
1360 0.066605
1376 0.0668797
1392 0.0670079
1408 0.066112
1424 0.0660657
1440 0.0655883
1456 0.0652816
1472 0.0658835
1488 0.0668792
1504 0.0676771
1520 0.0678562
1536 0.0676601
1552 0.0674678
1568 0.0679112
1584 0.0685367
1600 0.0695781
1616 0.0690951
1632 0.0698936
1648 0.0704607
1664 0.071032
1680 0.0710307
1696 0.0709988
1712 0.0717093
1728 0.071062
1744 0.0710714
1760 0.0722068
1776 0.0721456
1792 0.07257
1808 0.0729096
1824 0.0736076
1840 0.0746707
1856 0.0757137
1872 0.0768429
1888 0.0772895
1904 0.078857
1920 0.0792747
1936 0.080444
1952 0.0805027
1968 0.0798306
1984 0.079533
2000 0.0802798
2016 0.0799679
2032 0.0797097
2048 0.0799295
2064 0.0802425
2080 0.0805681
2096 0.0811236
2112 0.0821281
2128 0.0831346
2144 0.0844266
2160 0.0852779
2176 0.084514
2192 0.0848651
2208 0.0855833
2224 0.0855745
2240 0.0859566
2256 0.0862677
2272 0.0866012
2288 0.0870838
2304 0.0878741
2320 0.0885779
2336 0.0889923
2352 0.0889449
2368 0.0905864
2384 0.0913182
2400 0.0907703
2416 0.0906221
2432 0.0913169
2448 0.0913312
2464 0.0919801
2480 0.0924301
2496 0.0932495
2512 0.093944
2528 0.0945067
2544 0.0945667
2560 0.0962972
2576 0.095848
2592 0.0960175
2608 0.0961724
2624 0.0961887
2640 0.0959007
2656 0.0962706
2672 0.0965874
2688 0.0964619
2704 0.0960665
2720 0.0955777
2736 0.0960181
2752 0.0964916
2768 0.0965585
2784 0.0964577
2800 0.0959305
2816 0.0956013
2832 0.0957884
2848 0.095936
2864 0.0966268
2880 0.0972261
2896 0.0977758
2912 0.0990463
2928 0.0992718
2944 0.0990958
2960 0.0998287
2976 0.100533
2992 0.100942
3008 0.100791
3024 0.100782
3040 0.100433
3056 0.100601
3072 0.1009
3088 0.101615
3104 0.102291
3120 0.102839
3136 0.103709
3152 0.1051
3168 0.105755
3184 0.106844
3200 0.107819
