0 1.23082e-07
16 0.000988856
32 0.00216626
48 0.0033828
64 0.00408173
80 0.00496638
96 0.00571263
112 0.00644709
128 0.00641711
144 0.0062007
160 0.00614096
176 0.00618957
192 0.00628919
208 0.00665678
224 0.00719736
240 0.00746644
256 0.00758012
272 0.0071827
288 0.00714367
304 0.00699694
320 0.00706654
336 0.00708474
352 0.00685162
368 0.00665872
384 0.00694248
400 0.00727604
416 0.00783927
432 0.0079897
448 0.00785011
464 0.00753927
480 0.0073055
496 0.00708299
512 0.00679063
528 0.00688184
544 0.00693612
560 0.00724754
576 0.00748067
592 0.00827338
608 0.00889815
624 0.00959484
640 0.00958379
656 0.00978824
672 0.00986013
688 0.00983439
704 0.00986493
720 0.00993152
736 0.00952925
752 0.00931005
768 0.00887
784 0.00863844
800 0.00873711
816 0.00870532
832 0.00870472
848 0.00873367
864 0.00857926
880 0.00853554
896 0.00869852
912 0.00869413
928 0.00880187
944 0.00875265
960 0.00889558
976 0.00901542
992 0.00912989
1008 0.00935441
1024 0.00934802
1040 0.00935015
1056 0.00931601
1072 0.00942889
1088 0.00916071
1104 0.00901198
1120 0.00917472
1136 0.00961792
1152 0.00981656
1168 0.00997613
1184 0.0099091
1200 0.0101004
1216 0.0100983
1232 0.0104756
1248 0.010828
1264 0.011003
1280 0.0110062
1296 0.0110232
1312 0.0108574
1328 0.0107031
1344 0.0107134
1360 0.0107385
1376 0.0108586
1392 0.0110904
1408 0.0111043
1424 0.0113402
1440 0.0115798
1456 0.0118859
1472 0.0122176
1488 0.0125483
1504 0.0126983
1520 0.01272
1536 0.0127564
1552 0.0128186
1568 0.0130471
1584 0.0132554
1600 0.0137142
1616 0.0139336
1632 0.0143374
1648 0.014771
1664 0.0150557
1680 0.0151887
1696 0.0152614
1712 0.0155723
1728 0.0155238
1744 0.0156774
1760 0.0158988
1776 0.0159067
1792 0.0160233
1808 0.0161329
1824 0.0162128
1840 0.0166549
1856 0.0171718
1872 0.017911
1888 0.018605
1904 0.0193435
1920 0.020012
1936 0.0209681
1952 0.0212788
1968 0.0215755
1984 0.0218586
2000 0.0222681
2016 0.022232
2032 0.0225089
2048 0.0226632
2064 0.0228799
2080 0.0230785
2096 0.0231899
2112 0.0236606
2128 0.0239339
2144 0.0243652
2160 0.0247075
2176 0.0248191
2192 0.0248689
2208 0.0251367
2224 0.0252715
2240 0.0254512
2256 0.0257778
2272 0.0260032
2288 0.0260966
2304 0.0261189
2320 0.0264619
2336 0.0263454
2352 0.0263795
2368 0.026772
2384 0.0271633
2400 0.0272312
2416 0.0272493
2432 0.0274801
2448 0.0276318
2464 0.0280678
2480 0.0283863
2496 0.0289192
2512 0.0296337
2528 0.0302966
2544 0.0305366
2560 0.0312853
2576 0.0314624
2592 0.0315794
2608 0.0317788
2624 0.0319277
2640 0.03214
2656 0.032245
2672 0.0322809
2688 0.0324889
2704 0.0327402
2720 0.0327267
2736 0.0332257
2752 0.0334824
2768 0.0337944
2784 0.0339557
2800 0.0340005
2816 0.0340887
2832 0.0342463
2848 0.0344674
2864 0.0346477
2880 0.0346469
2896 0.0346911
2912 0.0349078
2928 0.0351014
2944 0.0351411
2960 0.0356165
2976 0.0361821
2992 0.036902
3008 0.0374858
3024 0.0378198
3040 0.0380694
3056 0.0384206
3072 0.0386515
3088 0.0387474
3104 0.0388
3120 0.0390965
3136 0.0393326
3152 0.0395701
3168 0.039792
3184 0.0403514
3200 0.0404337
