0 -0.00472654
16 0.119066
32 0.148771
48 0.137198
64 0.169092
80 0.155265
96 0.12686
112 0.104918
128 0.142964
144 0.243934
160 0.262022
176 0.272067
192 0.269468
208 0.246097
224 0.216812
240 0.167138
256 0.149032
272 0.226483
288 0.2519
304 0.295497
320 0.363283
336 0.38298
352 0.402614
368 0.406845
384 0.378544
400 0.360257
416 0.327392
432 0.301782
448 0.30345
464 0.295233
480 0.291885
496 0.289495
512 0.256117
528 0.208705
544 0.171304
560 0.136579
576 0.125591
592 0.0889157
608 0.0335583
624 -0.0387349
640 -0.0666275
656 -0.100977
672 -0.10156
688 -0.105533
704 -0.144085
720 -0.152853
736 -0.113582
752 -0.0920989
768 -0.0663451
784 -0.038033
800 -0.0393198
816 -0.0271788
832 -0.0426156
848 -0.0748359
864 -0.0758524
880 -0.0987203
896 -0.108437
912 -0.0977626
928 -0.129384
944 -0.133481
960 -0.137041
976 -0.126354
992 -0.107136
1008 -0.133163
1024 -0.133092
1040 -0.161443
1056 -0.198079
1072 -0.207264
1088 -0.247269
1104 -0.263885
1120 -0.270883
1136 -0.345739
1152 -0.41418
1168 -0.399065
1184 -0.394812
1200 -0.409745
1216 -0.385715
1232 -0.412804
1248 -0.499005
1264 -0.481544
1280 -0.460641
1296 -0.478414
1312 -0.521298
1328 -0.533928
1344 -0.54866
1360 -0.528965
1376 -0.539396
1392 -0.577126
1408 -0.640544
1424 -0.718887
1440 -0.774072
1456 -0.861219
1472 -0.926362
1488 -0.96758
1504 -0.964742
1520 -0.997641
1536 -0.993493
1552 -1.02383
1568 -1.04388
1584 -1.00861
1600 -1.00705
1616 -1.06383
1632 -1.08025
1648 -1.10569
1664 -1.13356
1680 -1.15675
1696 -1.19309
1712 -1.19339
1728 -1.20027
1744 -1.22452
1760 -1.17363
1776 -1.17547
1792 -1.15013
1808 -1.15274
1824 -1.14365
1840 -1.12988
1856 -1.14778
1872 -1.22068
1888 -1.31236
1904 -1.33244
1920 -1.43908
1936 -1.53386
1952 -1.62143
1968 -1.77974
1984 -1.91678
2000 -1.9529
2016 -2.00556
2032 -2.04679
2048 -2.02522
2064 -2.00788
2080 -1.96605
2096 -1.92414
2112 -1.88064
2128 -1.84925
2144 -1.79632
2160 -1.75084
2176 -1.81714
2192 -1.81371
2208 -1.81278
2224 -1.82768
2240 -1.80298
2256 -1.83537
2272 -1.82316
2288 -1.78727
2304 -1.72521
2320 -1.73595
2336 -1.70611
2352 -1.70237
2368 -1.65106
2384 -1.62827
2400 -1.66787
2416 -1.67557
2432 -1.65752
2448 -1.66271
2464 -1.68447
2480 -1.69093
2496 -1.70465
2512 -1.70282
2528 -1.7306
2544 -1.75032
2560 -1.71491
2576 -1.76043
2592 -1.73453
2608 -1.74027
2624 -1.74269
2640 -1.8208
2656 -1.79939
2672 -1.77708
2688 -1.82207
2704 -1.86716
2720 -1.88346
2736 -1.91094
2752 -1.91846
2768 -1.95772
2784 -1.95671
2800 -2.02753
2816 -2.06938
2832 -2.0808
2848 -2.09841
2864 -2.06653
2880 -2.03689
2896 -2.02658
2912 -1.95403
2928 -1.95862
2944 -2.00481
2960 -1.99749
2976 -1.98764
2992 -2.03829
3008 -2.09991
3024 -2.11679
3040 -2.17702
3056 -2.18931
3072 -2.20713
3088 -2.18552
3104 -2.13979
3120 -2.1511
3136 -2.11362
3152 -2.03869
3168 -1.9776
3184 -1.92719
3200 -1.83156
