0 -0.00860754
16 0.07678
32 0.128416
48 0.155816
64 0.209395
80 0.176039
96 0.147
112 0.125089
128 0.145905
144 0.244208
160 0.255267
176 0.244071
192 0.233578
208 0.205583
224 0.161792
240 0.108326
256 0.105964
272 0.190263
288 0.224653
304 0.279598
320 0.35886
336 0.381114
352 0.412673
368 0.424468
384 0.390501
400 0.36888
416 0.337278
432 0.306952
448 0.300027
464 0.294718
480 0.289081
496 0.284102
512 0.256163
528 0.195251
544 0.15628
560 0.133045
576 0.14179
592 0.0864296
608 0.0174962
624 -0.0636751
640 -0.102435
656 -0.144449
672 -0.154333
688 -0.170797
704 -0.22032
720 -0.232091
736 -0.199358
752 -0.18014
768 -0.160595
784 -0.132653
800 -0.138028
816 -0.119688
832 -0.121291
848 -0.145761
864 -0.135716
880 -0.162632
896 -0.173611
912 -0.171787
928 -0.202909
944 -0.203699
960 -0.198891
976 -0.177581
992 -0.174282
1008 -0.197564
1024 -0.18925
1040 -0.226299
1056 -0.261019
1072 -0.27898
1088 -0.325224
1104 -0.346027
1120 -0.359325
1136 -0.431365
1152 -0.519206
1168 -0.503258
1184 -0.504052
1200 -0.538554
1216 -0.50109
1232 -0.540084
1248 -0.645272
1264 -0.61905
1280 -0.566162
1296 -0.583455
1312 -0.638902
1328 -0.648635
1344 -0.662215
1360 -0.639445
1376 -0.649015
1392 -0.692093
1408 -0.767494
1424 -0.842152
1440 -0.919775
1456 -1.01809
1472 -1.05249
1488 -1.06139
1504 -1.03613
1520 -1.05727
1536 -1.08106
1552 -1.11807
1568 -1.13913
1584 -1.12627
1600 -1.13416
1616 -1.2152
1632 -1.23484
1648 -1.26816
1664 -1.28536
1680 -1.3179
1696 -1.3457
1712 -1.34711
1728 -1.3898
1744 -1.42196
1760 -1.36301
1776 -1.37355
1792 -1.3577
1808 -1.35635
1824 -1.31769
1840 -1.29944
1856 -1.30828
1872 -1.36884
1888 -1.4679
1904 -1.48135
1920 -1.57409
1936 -1.6534
1952 -1.71486
1968 -1.84766
1984 -1.94748
2000 -1.95624
2016 -1.98811
2032 -2.05877
2048 -2.05787
2064 -2.05672
2080 -2.04407
2096 -2.00469
2112 -1.98161
2128 -1.93829
2144 -1.88657
2160 -1.85363
2176 -1.93912
2192 -1.92459
2208 -1.90832
2224 -1.92814
2240 -1.91425
2256 -1.93956
2272 -1.94166
2288 -1.91052
2304 -1.84092
2320 -1.83015
2336 -1.7822
2352 -1.78626
2368 -1.70972
2384 -1.70056
2400 -1.75265
2416 -1.76607
2432 -1.73963
2448 -1.75497
2464 -1.76731
2480 -1.77317
2496 -1.78255
2512 -1.80741
2528 -1.84233
2544 -1.87198
2560 -1.82912
2576 -1.88188
2592 -1.87639
2608 -1.88332
2624 -1.90212
2640 -1.95919
2656 -1.93849
2672 -1.91773
2688 -1.95795
2704 -2.01787
2720 -2.05442
2736 -2.08014
2752 -2.07549
2768 -2.11027
2784 -2.12515
2800 -2.18395
2816 -2.22086
2832 -2.22305
2848 -2.23741
2864 -2.19537
2880 -2.15262
2896 -2.12236
2912 -2.04711
2928 -2.05531
2944 -2.07945
2960 -2.07676
2976 -2.0795
2992 -2.12353
3008 -2.19902
3024 -2.23416
3040 -2.29423
3056 -2.3197
3072 -2.32694
3088 -2.28352
3104 -2.23218
3120 -2.22328
3136 -2.17688
3152 -2.09822
3168 -2.06438
3184 -2.03266
3200 -1.96009
