0 365.64000000 366.30666667
9.00000000 16.83000000 16.96666667
18.00000000 11.05666667 11.15000000
27.00000000 8.80000000 8.75666667
36.00000000 7.31666667 7.36666667
45.00000000 6.49666667 6.50333333
54.00000000 5.80666667 5.89000000
63.00000000 5.38666667 5.36333333
72.00000000 4.94333333 4.96000000
81.00000000 4.69000000 4.62000000
90.00000000 4.40666667 4.44333333
99.00000000 4.20333333 4.19666667
108.00000000 3.92000000 3.97333333
117.00000000 3.83000000 3.84666667
126.00000000 3.68333333 3.71666667
135.00000000 3.58333333 3.63666667
144.00000000 3.43000000 3.45666667
153.00000000 3.28333333 3.29666667
162.00000000 3.24666667 3.28000000
171.00000000 3.14000000 3.19000000
180.00000000 3.03333333 3.03333333
189.00000000 3.03333333 3.03000000
198.00000000 2.93000000 2.94333333
207.00000000 2.85666667 2.87333333
216.00000000 2.80333333 2.82666667
225.00000000 2.75000000 2.76666667
234.00000000 2.69333333 2.70333333
243.00000000 2.63000000 2.63666667
252.00000000 2.60000000 2.56000000
261.00000000 2.56000000 2.61666667
270.00000000 2.52333333 2.56333333
279.00000000 2.48666667 2.43333333
288.00000000 2.47333333 2.44000000
297.00000000 2.41000000 2.42333333
306.00000000 2.41333333 2.40666667
315.00000000 2.37000000 2.39666667
324.00000000 2.37666667 2.36666667
333.00000000 2.29333333 2.32333333
342.00000000 2.29333333 2.30000000
351.00000000 2.23333333 2.27333333
360.00000000 2.22666667 2.20000000
369.00000000 2.21666667 2.19000000
378.00000000 2.14333333 2.18000000
387.00000000 2.14666667 2.16333333
396.00000000 2.09000000 2.14000000
405.00000000 2.10666667 2.07333333
414.00000000 2.08666667 2.05000000
423.00000000 2.07000000 2.09000000
432.00000000 2.03333333 2.05000000
441.00000000 2.00333333 2.01000000
450.00000000 1.99666667 1.95333333
459.00000000 1.99000000 1.96000000
468.00000000 1.90666667 1.93000000
477.00000000 1.94000000 1.92666667
486.00000000 1.85000000 1.87333333
495.00000000 1.89000000 1.89333333
504.00000000 1.87666667 1.87333333
513.00000000 1.88333333 1.87000000
522.00000000 1.86000000 1.82333333
531.00000000 1.85666667 1.86666667
540.00000000 1.84000000 1.85333333
549.00000000 1.81000000 1.82000000
558.00000000 1.80666667 1.81333333
567.00000000 1.79333333 1.81666667
576.00000000 1.77666667 1.79333333
585.00000000 1.76333333 1.82000000
594.00000000 1.81333333 1.81666667
603.00000000 1.75333333 1.76666667
612.00000000 1.74666667 1.79000000
621.00000000 1.75666667 1.75333333
630.00000000 1.74666667 1.75666667
639.00000000 1.74333333 1.76000000
648.00000000 1.74333333 1.73333333
657.00000000 1.69333333 1.73000000
666.00000000 1.74000000 1.72333333
675.00000000 1.72000000 1.69666667
684.00000000 1.70000000 1.71000000
693.00000000 1.68000000 1.71666667
702.00000000 1.69666667 1.66333333
711.00000000 1.67000000 1.66333333
720.00000000 1.68000000 1.67333333
729.00000000 1.64333333 1.63333333
738.00000000 1.66666667 1.64333333
747.00000000 1.64666667 1.65666667
756.00000000 1.65000000 1.64666667
765.00000000 1.63000000 1.64000000
774.00000000 1.61666667 1.67666667
783.00000000 1.60333333 1.60000000
792.00000000 1.65666667 1.63666667
801.00000000 1.63000000 1.64000000
810.00000000 1.60666667 1.59666667
819.00000000 1.58666667 1.58333333
828.00000000 1.59666667 1.61000000
837.00000000 1.59666667 1.62666667
846.00000000 1.60666667 1.63666667
855.00000000 1.60333333 1.62333333
864.00000000 1.56333333 1.63333333
873.00000000 1.56666667 1.63000000
882.00000000 1.59000000 1.60666667
891.00000000 1.56000000 1.59000000
900.00000000 1.61666667 1.57333333
909.00000000 1.55333333 1.60000000
918.00000000 1.57333333 1.57666667
927.00000000 1.56666667 1.58000000
936.00000000 1.55666667 1.57333333
945.00000000 1.57000000 1.57333333
954.00000000 1.55000000 1.52333333
963.00000000 1.55333333 1.58333333
972.00000000 1.52000000 1.55666667
981.00000000 1.55333333 1.58000000
990.00000000 1.52333333 1.53666667
999.00000000 1.54000000 1.52333333
1008.00000000 1.50333333 1.52666667
1017.00000000 1.49000000 1.56333333
1026.00000000 1.52333333 1.52333333
1035.00000000 1.52666667 1.54000000
1044.00000000 1.51000000 1.53333333
1053.00000000 1.49666667 1.49666667
1062.00000000 1.50333333 1.47333333
1071.00000000 1.50000000 1.52666667
1080.00000000 1.44333333 1.51000000
1089.00000000 1.47000000 1.50000000
1098.00000000 1.54000000 1.50333333
1107.00000000 1.45666667 1.45666667
1116.00000000 1.48666667 1.51333333
1125.00000000 1.49666667 1.52666667
1134.00000000 1.46666667 1.49000000
1143.00000000 1.47333333 1.50666667
1152.00000000 1.49000000 1.46333333
1161.00000000 1.48666667 1.48666667
1170.00000000 1.51000000 1.49000000
1179.00000000 1.48333333 1.45333333
1188.00000000 1.44000000 1.50000000
1197.00000000 1.44666667 1.48666667
1206.00000000 1.50333333 1.46000000
1215.00000000 1.44333333 1.43333333
1224.00000000 1.46000000 1.44000000
1233.00000000 1.41666667 1.43333333
1242.00000000 1.47666667 1.46000000
1251.00000000 1.44666667 1.45000000
1260.00000000 1.43666667 1.44333333
1269.00000000 1.45000000 1.44333333
1278.00000000 1.41666667 1.46000000
1287.00000000 1.44000000 1.46666667
1296.00000000 1.45666667 1.44000000
1305.00000000 1.41666667 1.46000000
1314.00000000 1.42666667 1.44000000
1323.00000000 1.40666667 1.45666667
1332.00000000 1.42333333 1.41666667
1341.00000000 1.40000000 1.41000000
1350.00000000 1.41333333 1.42333333
1359.00000000 1.42000000 1.44333333
1368.00000000 1.40666667 1.43666667
1377.00000000 1.39333333 1.42666667
1386.00000000 1.40333333 1.40000000
1395.00000000 1.40333333 1.39666667
1404.00000000 1.40333333 1.43666667
1413.00000000 1.37333333 1.43000000
1422.00000000 1.43666667 1.42000000
1431.00000000 1.39000000 1.42000000
1440.00000000 1.41000000 1.38666667
1449.00000000 1.37333333 1.41000000
1458.00000000 1.38000000 1.42000000
1467.00000000 1.39666667 1.38000000
1476.00000000 1.40333333 1.37000000
1485.00000000 1.39666667 1.36333333
1494.00000000 1.40666667 1.36666667
1503.00000000 1.41333333 1.38000000
1512.00000000 1.36333333 1.36666667
1521.00000000 1.39333333 1.39666667
1530.00000000 1.34666667 1.36666667
1539.00000000 1.36333333 1.36666667
1548.00000000 1.36000000 1.40666667
1557.00000000 1.37000000 1.36333333
1566.00000000 1.36666667 1.37333333
1575.00000000 1.34333333 1.37000000
1584.00000000 1.34000000 1.34666667
1593.00000000 1.34333333 1.35000000
1602.00000000 1.35000000 1.35333333
1611.00000000 1.32000000 1.34666667
1620.00000000 1.34000000 1.31666667
1629.00000000 1.32333333 1.36666667
1638.00000000 1.33666667 1.34000000
1647.00000000 1.30666667 1.35666667
1656.00000000 1.33333333 1.35000000
1665.00000000 1.31000000 1.31666667
1674.00000000 1.32333333 1.34000000
1683.00000000 1.32666667 1.34333333
1692.00000000 1.33000000 1.36000000
1701.00000000 1.30333333 1.33333333
1710.00000000 1.32000000 1.32333333
1719.00000000 1.33666667 1.30000000
1728.00000000 1.29666667 1.33333333
1737.00000000 1.31000000 1.32333333
1746.00000000 1.27333333 1.32666667
1755.00000000 1.29666667 1.30333333
1764.00000000 1.27000000 1.32000000
1773.00000000 1.29333333 1.33000000
1782.00000000 1.29666667 1.32666667
1791.00000000 1.30333333 1.33000000
1800.00000000 1.31333333 1.29333333
