0 161.69000000 161.92250000
4.00000000 14.47750000 14.57250000
8.00000000 8.59250000 8.63000000
12.00000000 6.39000000 6.40500000
16.00000000 5.24250000 5.26750000
20.00000000 4.39500000 4.42750000
24.00000000 3.82000000 3.87750000
28.00000000 3.36500000 3.42750000
32.00000000 3.06500000 3.07250000
36.00000000 2.75250000 2.79500000
40.00000000 2.60250000 2.61000000
44.00000000 2.36000000 2.42000000
48.00000000 2.21250000 2.29000000
52.00000000 2.12750000 2.12750000
56.00000000 2.03000000 2.05250000
60.00000000 1.91250000 1.94500000
64.00000000 1.81000000 1.84000000
68.00000000 1.73500000 1.71250000
72.00000000 1.66250000 1.69250000
76.00000000 1.62250000 1.63000000
80.00000000 1.51750000 1.52750000
84.00000000 1.47000000 1.47750000
88.00000000 1.40500000 1.41250000
92.00000000 1.34750000 1.35250000
96.00000000 1.30500000 1.30750000
100.00000000 1.26500000 1.28250000
104.00000000 1.25250000 1.23000000
108.00000000 1.20750000 1.22250000
112.00000000 1.17000000 1.19250000
116.00000000 1.10500000 1.11250000
120.00000000 1.08500000 1.08000000
124.00000000 1.04750000 1.07500000
128.00000000 1.02000000 1.02750000
132.00000000 1.00000000 0.97750000
136.00000000 0.92500000 0.94500000
140.00000000 0.90750000 0.91750000
144.00000000 0.87750000 0.88250000
148.00000000 0.85500000 0.88250000
152.00000000 0.83500000 0.85000000
156.00000000 0.81250000 0.80750000
160.00000000 0.77250000 0.80000000
164.00000000 0.76000000 0.77000000
168.00000000 0.72250000 0.73000000
172.00000000 0.69250000 0.72000000
176.00000000 0.67000000 0.67000000
180.00000000 0.66000000 0.65250000
184.00000000 0.63250000 0.64250000
188.00000000 0.59500000 0.60500000
192.00000000 0.57750000 0.59500000
196.00000000 0.55250000 0.55750000
200.00000000 0.54000000 0.52750000
204.00000000 0.51750000 0.52000000
208.00000000 0.50500000 0.51500000
212.00000000 0.49000000 0.51750000
216.00000000 0.48500000 0.50000000
220.00000000 0.43500000 0.47000000
224.00000000 0.43750000 0.43750000
228.00000000 0.43750000 0.42750000
232.00000000 0.42750000 0.41750000
236.00000000 0.40000000 0.41000000
240.00000000 0.40000000 0.40750000
244.00000000 0.39000000 0.40750000
248.00000000 0.36500000 0.39250000
252.00000000 0.37750000 0.38500000
256.00000000 0.35750000 0.36250000
260.00000000 0.33250000 0.34750000
264.00000000 0.33750000 0.33250000
268.00000000 0.33250000 0.31750000
272.00000000 0.30000000 0.31000000
276.00000000 0.28250000 0.30250000
280.00000000 0.27000000 0.29250000
284.00000000 0.26750000 0.27250000
288.00000000 0.26750000 0.25250000
292.00000000 0.25250000 0.25500000
296.00000000 0.25250000 0.24500000
300.00000000 0.25000000 0.23500000
304.00000000 0.22250000 0.23500000
308.00000000 0.23500000 0.22000000
312.00000000 0.22750000 0.24000000
316.00000000 0.21500000 0.22000000
320.00000000 0.22500000 0.22500000
324.00000000 0.21500000 0.21250000
328.00000000 0.20000000 0.21000000
332.00000000 0.20000000 0.18750000
336.00000000 0.19250000 0.19250000
340.00000000 0.18250000 0.19000000
344.00000000 0.18750000 0.18500000
348.00000000 0.16750000 0.18000000
352.00000000 0.16750000 0.17000000
356.00000000 0.17000000 0.16750000
360.00000000 0.16750000 0.16750000
364.00000000 0.16250000 0.15750000
368.00000000 0.16250000 0.15250000
372.00000000 0.14750000 0.14500000
376.00000000 0.13500000 0.14500000
380.00000000 0.13000000 0.14500000
384.00000000 0.13500000 0.13000000
388.00000000 0.11500000 0.12750000
392.00000000 0.12250000 0.12250000
396.00000000 0.11250000 0.11250000
400.00000000 0.10500000 0.11500000
404.00000000 0.10750000 0.11000000
408.00000000 0.11000000 0.10750000
412.00000000 0.10500000 0.10500000
416.00000000 0.09750000 0.09750000
420.00000000 0.10000000 0.09500000
424.00000000 0.08750000 0.09000000
428.00000000 0.08500000 0.09500000
432.00000000 0.08750000 0.09750000
436.00000000 0.09000000 0.09000000
440.00000000 0.08500000 0.08500000
444.00000000 0.08000000 0.08500000
448.00000000 0.08000000 0.08000000
452.00000000 0.07500000 0.07750000
456.00000000 0.06750000 0.07000000
460.00000000 0.06750000 0.06750000
464.00000000 0.07250000 0.07000000
468.00000000 0.07000000 0.06750000
472.00000000 0.06500000 0.07000000
476.00000000 0.07000000 0.06750000
480.00000000 0.07000000 0.07000000
484.00000000 0.07000000 0.06250000
488.00000000 0.06000000 0.06500000
492.00000000 0.06000000 0.06750000
496.00000000 0.05500000 0.06500000
500.00000000 0.06250000 0.06500000
504.00000000 0.06500000 0.06500000
508.00000000 0.05250000 0.06250000
512.00000000 0.06250000 0.05750000
516.00000000 0.05250000 0.06000000
520.00000000 0.05750000 0.05750000
524.00000000 0.06000000 0.05750000
528.00000000 0.05500000 0.05500000
532.00000000 0.05500000 0.05500000
536.00000000 0.05000000 0.05000000
540.00000000 0.05500000 0.05000000
544.00000000 0.04000000 0.05250000
548.00000000 0.05250000 0.04750000
552.00000000 0.04750000 0.04750000
556.00000000 0.04500000 0.04750000
560.00000000 0.04750000 0.04750000
564.00000000 0.04750000 0.04500000
568.00000000 0.04250000 0.04500000
572.00000000 0.04500000 0.04750000
576.00000000 0.04000000 0.04250000
580.00000000 0.04000000 0.04250000
584.00000000 0.04250000 0.04500000
588.00000000 0.04000000 0.04250000
592.00000000 0.04000000 0.04000000
596.00000000 0.04000000 0.03750000
600.00000000 0.03000000 0.03500000
604.00000000 0.03500000 0.03750000
608.00000000 0.03500000 0.03250000
612.00000000 0.02750000 0.02750000
616.00000000 0.03000000 0.03000000
620.00000000 0.03250000 0.03000000
624.00000000 0.02500000 0.03000000
628.00000000 0.03000000 0.02250000
632.00000000 0.02750000 0.02500000
636.00000000 0.02750000 0.02750000
640.00000000 0.02500000 0.02750000
644.00000000 0.02500000 0.02500000
648.00000000 0.02500000 0.02500000
652.00000000 0.02500000 0.02500000
656.00000000 0.02250000 0.02000000
660.00000000 0.01750000 0.02250000
664.00000000 0.02250000 0.01750000
668.00000000 0.02000000 0.02000000
672.00000000 0.02000000 0.02000000
676.00000000 0.02000000 0.01750000
680.00000000 0.01750000 0.01750000
684.00000000 0.01750000 0.01250000
688.00000000 0.01250000 0.01500000
692.00000000 0.01750000 0.01250000
696.00000000 0.01250000 0.01500000
700.00000000 0.01250000 0.01000000
704.00000000 0.01500000 0.01500000
708.00000000 0.01500000 0.01250000
712.00000000 0.01500000 0.01500000
716.00000000 0.01000000 0.01250000
720.00000000 0.01500000 0.01500000
724.00000000 0.01500000 0.01500000
728.00000000 0.01500000 0.01500000
732.00000000 0.01500000 0.01500000
736.00000000 0.01250000 0.01500000
740.00000000 0.01500000 0.01500000
744.00000000 0.01500000 0.01250000
748.00000000 0.01250000 0.01500000
752.00000000 0.01250000 0.01250000
756.00000000 0.01250000 0.01250000
760.00000000 0.00750000 0.01250000
764.00000000 0.01000000 0.01000000
768.00000000 0.01250000 0.01250000
772.00000000 0.01250000 0.01000000
776.00000000 0.01250000 0.01250000
780.00000000 0.01250000 0.01250000
784.00000000 0.01000000 0.01250000
788.00000000 0.00750000 0.01000000
792.00000000 0.00750000 0.01000000
796.00000000 0.01000000 0.01000000
800.00000000 0.00750000 0.00750000
