0 161.79500000 162.04000000
4.00000000 14.41000000 14.45500000
8.00000000 8.60500000 8.65000000
12.00000000 6.41500000 6.38500000
16.00000000 5.40000000 5.39000000
20.00000000 4.53500000 4.56000000
24.00000000 3.92500000 4.00500000
28.00000000 3.47000000 3.52500000
32.00000000 3.18500000 3.16500000
36.00000000 2.84000000 2.88000000
40.00000000 2.65000000 2.68500000
44.00000000 2.38000000 2.45000000
48.00000000 2.26000000 2.31000000
52.00000000 2.17500000 2.11500000
56.00000000 2.05500000 2.07500000
60.00000000 1.91000000 1.94500000
64.00000000 1.81500000 1.85000000
68.00000000 1.76000000 1.72000000
72.00000000 1.67500000 1.69000000
76.00000000 1.61000000 1.63000000
80.00000000 1.53000000 1.52500000
84.00000000 1.45000000 1.49000000
88.00000000 1.42000000 1.42000000
92.00000000 1.34000000 1.34500000
96.00000000 1.33000000 1.31500000
100.00000000 1.25500000 1.26000000
104.00000000 1.24500000 1.23500000
108.00000000 1.24000000 1.21000000
112.00000000 1.16000000 1.16500000
116.00000000 1.10500000 1.09500000
120.00000000 1.07000000 1.06500000
124.00000000 1.01000000 1.05000000
128.00000000 0.98500000 0.98500000
132.00000000 0.97000000 0.96000000
136.00000000 0.92500000 0.94000000
140.00000000 0.88000000 0.93000000
144.00000000 0.85000000 0.85500000
148.00000000 0.83000000 0.86500000
152.00000000 0.82000000 0.81000000
156.00000000 0.79500000 0.78500000
160.00000000 0.74500000 0.76000000
164.00000000 0.75000000 0.74500000
168.00000000 0.72000000 0.71000000
172.00000000 0.68500000 0.71000000
176.00000000 0.67500000 0.65500000
180.00000000 0.66500000 0.63000000
184.00000000 0.64500000 0.66000000
188.00000000 0.59500000 0.61000000
192.00000000 0.59000000 0.60000000
196.00000000 0.56500000 0.56000000
200.00000000 0.55500000 0.55000000
204.00000000 0.53500000 0.54500000
208.00000000 0.53500000 0.53500000
212.00000000 0.50500000 0.55500000
216.00000000 0.50500000 0.50500000
220.00000000 0.45500000 0.49500000
224.00000000 0.47000000 0.45500000
228.00000000 0.46000000 0.46000000
232.00000000 0.46000000 0.44000000
236.00000000 0.43000000 0.44500000
240.00000000 0.42000000 0.44000000
244.00000000 0.40000000 0.43000000
248.00000000 0.38000000 0.42000000
252.00000000 0.40000000 0.41000000
256.00000000 0.39500000 0.39500000
260.00000000 0.38000000 0.38000000
264.00000000 0.36500000 0.35000000
268.00000000 0.36000000 0.33500000
272.00000000 0.33500000 0.35000000
276.00000000 0.32500000 0.33500000
280.00000000 0.30500000 0.32500000
284.00000000 0.30500000 0.31000000
288.00000000 0.30500000 0.29000000
292.00000000 0.28500000 0.29500000
296.00000000 0.29500000 0.29000000
300.00000000 0.29500000 0.26500000
304.00000000 0.25000000 0.26500000
308.00000000 0.26500000 0.25000000
312.00000000 0.26000000 0.26500000
316.00000000 0.24500000 0.24500000
320.00000000 0.25500000 0.26000000
324.00000000 0.24500000 0.24500000
328.00000000 0.23000000 0.23500000
332.00000000 0.23500000 0.20500000
336.00000000 0.23000000 0.23000000
340.00000000 0.23000000 0.22000000
344.00000000 0.22500000 0.21000000
348.00000000 0.20000000 0.21000000
352.00000000 0.20000000 0.20500000
356.00000000 0.20500000 0.20000000
360.00000000 0.20000000 0.19500000
364.00000000 0.19000000 0.19500000
368.00000000 0.20000000 0.19000000
372.00000000 0.18000000 0.16500000
376.00000000 0.16000000 0.17500000
380.00000000 0.15000000 0.17500000
384.00000000 0.16500000 0.15500000
388.00000000 0.13000000 0.14500000
392.00000000 0.14500000 0.14500000
396.00000000 0.13000000 0.13500000
400.00000000 0.12500000 0.13500000
404.00000000 0.12500000 0.12500000
408.00000000 0.12500000 0.12500000
412.00000000 0.12000000 0.12000000
416.00000000 0.11000000 0.12000000
420.00000000 0.11000000 0.11500000
424.00000000 0.10000000 0.10000000
428.00000000 0.10000000 0.10500000
432.00000000 0.09500000 0.11000000
436.00000000 0.10000000 0.10500000
440.00000000 0.09000000 0.09500000
444.00000000 0.08000000 0.08500000
448.00000000 0.07500000 0.08000000
452.00000000 0.08000000 0.08000000
456.00000000 0.07500000 0.07500000
460.00000000 0.07000000 0.07000000
464.00000000 0.08000000 0.07500000
468.00000000 0.07500000 0.07500000
472.00000000 0.07500000 0.08000000
476.00000000 0.08000000 0.07500000
480.00000000 0.07500000 0.07500000
484.00000000 0.07500000 0.06000000
488.00000000 0.06000000 0.06500000
492.00000000 0.06500000 0.07000000
496.00000000 0.05500000 0.06500000
500.00000000 0.07000000 0.06500000
504.00000000 0.07000000 0.07000000
508.00000000 0.06000000 0.07000000
512.00000000 0.07000000 0.07000000
516.00000000 0.06000000 0.07000000
520.00000000 0.06500000 0.06500000
524.00000000 0.07000000 0.06500000
528.00000000 0.06000000 0.06000000
532.00000000 0.06000000 0.06000000
536.00000000 0.06000000 0.05000000
540.00000000 0.06000000 0.05500000
544.00000000 0.05000000 0.05500000
548.00000000 0.05500000 0.05000000
552.00000000 0.05500000 0.05500000
556.00000000 0.04500000 0.05000000
560.00000000 0.05000000 0.05000000
564.00000000 0.05000000 0.05000000
568.00000000 0.04500000 0.05000000
572.00000000 0.05000000 0.05000000
576.00000000 0.04000000 0.04500000
580.00000000 0.03500000 0.04000000
584.00000000 0.04000000 0.04500000
588.00000000 0.04000000 0.04000000
592.00000000 0.04000000 0.04000000
596.00000000 0.04000000 0.03500000
600.00000000 0.03000000 0.03500000
604.00000000 0.03500000 0.04000000
608.00000000 0.04000000 0.03500000
612.00000000 0.03000000 0.03500000
616.00000000 0.04000000 0.04000000
620.00000000 0.04000000 0.03500000
624.00000000 0.03500000 0.03500000
628.00000000 0.03500000 0.02000000
632.00000000 0.03500000 0.03000000
636.00000000 0.03500000 0.03500000
640.00000000 0.03000000 0.03500000
644.00000000 0.03000000 0.03500000
648.00000000 0.03000000 0.03000000
652.00000000 0.03000000 0.03000000
656.00000000 0.02500000 0.02500000
660.00000000 0.02000000 0.02500000
664.00000000 0.02500000 0.02500000
668.00000000 0.02000000 0.02000000
672.00000000 0.02000000 0.02000000
676.00000000 0.02000000 0.02000000
680.00000000 0.01500000 0.01500000
684.00000000 0.01500000 0.01000000
688.00000000 0.00500000 0.01000000
692.00000000 0.01500000 0.01500000
696.00000000 0.01000000 0.01500000
700.00000000 0.01500000 0.00500000
704.00000000 0.01500000 0.01500000
708.00000000 0.01500000 0.01500000
712.00000000 0.01500000 0.01500000
716.00000000 0.01000000 0.01500000
720.00000000 0.01500000 0.01500000
724.00000000 0.01500000 0.01500000
728.00000000 0.01500000 0.01500000
732.00000000 0.01500000 0.01500000
736.00000000 0.01500000 0.01500000
740.00000000 0.01500000 0.01500000
744.00000000 0.01500000 0.01500000
748.00000000 0.01500000 0.01500000
752.00000000 0.01500000 0.01500000
756.00000000 0.01500000 0.01500000
760.00000000 0.01000000 0.01500000
764.00000000 0.01000000 0.01500000
768.00000000 0.01500000 0.01500000
772.00000000 0.01500000 0.01500000
776.00000000 0.01500000 0.01500000
780.00000000 0.01500000 0.01500000
784.00000000 0.01500000 0.01500000
788.00000000 0.01000000 0.01000000
792.00000000 0.00500000 0.01000000
796.00000000 0.01000000 0.01000000
800.00000000 0.00500000 0.00500000
