0 4.32529e-06
40 0.000723281
80 0.00133594
120 0.00194566
160 0.00237277
200 0.00307386
240 0.00366846
280 0.00413051
320 0.00446055
360 0.0048237
400 0.0053299
440 0.00566816
480 0.00596385
520 0.00641381
560 0.00680478
600 0.00726255
640 0.00755602
680 0.00792807
720 0.00796038
760 0.00832298
800 0.00867348
840 0.00907253
880 0.00935824
920 0.00972841
960 0.00996039
1000 0.0103089
1040 0.0107355
1080 0.0112967
1120 0.0114964
1160 0.0117716
1200 0.0121343
1240 0.012543
1280 0.013073
1320 0.0134905
1360 0.0140748
1400 0.0144193
1440 0.0150531
1480 0.0154419
1520 0.0158718
1560 0.0164351
1600 0.0170933
1640 0.0176072
1680 0.0183134
1720 0.0189129
1760 0.0194484
1800 0.0197153
1840 0.0198948
1880 0.0203698
1920 0.0207038
1960 0.0207311
2000 0.0212659
2040 0.0214269
2080 0.0222101
2120 0.0224117
2160 0.0228966
2200 0.0232595
2240 0.0235153
2280 0.0237755
2320 0.0242787
2360 0.0244207
2400 0.0251153
2440 0.0255627
2480 0.0261872
2520 0.0262167
2560 0.0267546
2600 0.0270648
2640 0.0274708
2680 0.0275456
2720 0.028453
2760 0.0287124
2800 0.028736
2840 0.0296928
2880 0.0301399
2920 0.0311511
2960 0.031688
3000 0.0319819
3040 0.032314
3080 0.0334281
3120 0.0336134
3160 0.0341166
3200 0.0348194
3240 0.0352929
3280 0.0356246
3320 0.0356152
3360 0.0353586
3400 0.0361043
3440 0.0366037
3480 0.0366787
3520 0.037351
3560 0.0376194
3600 0.0385687
3640 0.0393913
3680 0.0401913
3720 0.040752
3760 0.0412508
3800 0.0412171
3840 0.0416044
3880 0.0429023
3920 0.0435712
3960 0.0437025
4000 0.0439108
