0 4.91661e-11
40 1.09954e-06
80 3.43202e-06
120 7.46115e-06
160 1.24126e-05
200 1.6344e-05
240 2.39797e-05
280 3.16047e-05
320 4.25202e-05
360 5.5173e-05
400 6.95359e-05
440 8.06911e-05
480 8.40343e-05
520 9.3515e-05
560 0.000108306
600 0.000121542
640 0.000132731
680 0.000147698
720 0.000167319
760 0.000184808
800 0.000192059
840 0.000208835
880 0.000224957
920 0.000258964
960 0.000309217
1000 0.000326438
1040 0.000382132
1080 0.000392321
1120 0.000438431
1160 0.000465983
1200 0.000511346
1240 0.00056805
1280 0.000620817
1320 0.000662105
1360 0.000734412
1400 0.000767293
1440 0.000809973
1480 0.000892869
1520 0.000981896
1560 0.00108369
1600 0.00114842
1640 0.00121112
1680 0.00128431
1720 0.00134155
1760 0.00143931
1800 0.00155213
1840 0.00161315
1880 0.00168917
1920 0.00178631
1960 0.00184255
2000 0.00192137
2040 0.00198582
2080 0.00208985
2120 0.00234659
2160 0.00245832
2200 0.00265012
2240 0.00271705
2280 0.00289172
2320 0.00300369
2360 0.00321991
2400 0.00338895
2440 0.00344836
2480 0.00363749
2520 0.00374627
2560 0.00402474
2600 0.00421266
2640 0.00446363
2680 0.00458618
2720 0.0047106
2760 0.0047809
2800 0.0049513
2840 0.00534237
2880 0.00559099
2920 0.00566936
2960 0.00578707
3000 0.00590683
3040 0.00611016
3080 0.00600209
3120 0.00607532
3160 0.00621932
3200 0.00648183
3240 0.00666347
3280 0.00679727
3320 0.00693633
3360 0.00700789
3400 0.00727295
3440 0.00722385
3480 0.00731835
3520 0.00762805
3560 0.00803877
3600 0.00801689
3640 0.00805336
3680 0.00825549
3720 0.00822676
3760 0.00843907
3800 0.00863392
3840 0.00869939
3880 0.0087962
3920 0.00883535
3960 0.00898482
4000 0.00917461
