0 2.54973e-06
40 0.00082898
80 0.00134732
120 0.00167384
160 0.00211694
200 0.0023537
240 0.00243036
280 0.00275996
320 0.00286995
360 0.00314829
400 0.00326648
440 0.0034631
480 0.00371471
520 0.00393413
560 0.00431575
600 0.00461333
640 0.00482902
680 0.00513937
720 0.00535306
760 0.00569147
800 0.00616106
840 0.00661219
880 0.00667296
920 0.00666677
960 0.00689874
1000 0.00727778
1040 0.00740035
1080 0.00754468
1120 0.0077829
1160 0.00855137
1200 0.00910191
1240 0.00975765
1280 0.00983053
1320 0.0105168
1360 0.0111584
1400 0.0117161
1440 0.0117007
1480 0.011794
1520 0.011869
1560 0.01235
1600 0.0128874
1640 0.0132834
1680 0.0138357
1720 0.0143411
1760 0.0145371
1800 0.015255
1840 0.0154806
1880 0.0158301
1920 0.0163709
1960 0.0169821
2000 0.0174888
2040 0.0180021
2080 0.0179998
2120 0.0184717
2160 0.0186748
2200 0.0190203
2240 0.0197168
2280 0.0200411
2320 0.0206745
2360 0.021406
2400 0.0219452
2440 0.0224166
2480 0.0226721
2520 0.0229837
2560 0.0233754
2600 0.0237406
2640 0.0236389
2680 0.0235093
2720 0.0237969
2760 0.0242156
2800 0.0248034
2840 0.0253233
2880 0.0255778
2920 0.0257077
2960 0.0262618
3000 0.0270173
3040 0.0267276
3080 0.0272334
3120 0.0277948
3160 0.0282016
3200 0.0286089
3240 0.0284961
3280 0.028785
3320 0.0294223
3360 0.0296784
3400 0.0299555
3440 0.0303306
3480 0.0310477
3520 0.0307777
3560 0.0309723
3600 0.0318677
3640 0.0322439
3680 0.0319348
3720 0.0321611
3760 0.0322932
3800 0.0324639
3840 0.0328939
3880 0.03271
3920 0.0321991
3960 0.032374
4000 0.0331926
