0 3.73344e-06
40 0.000758514
80 0.00133973
120 0.00185505
160 0.00228749
200 0.00283381
240 0.00325576
280 0.00367366
320 0.00393035
360 0.00426523
400 0.00464209
440 0.00493314
480 0.00521414
520 0.00558725
560 0.0059751
600 0.00637948
640 0.00664702
680 0.0069985
720 0.00709127
760 0.00744581
800 0.00783601
840 0.00825242
880 0.00846315
920 0.00870786
960 0.00893984
1000 0.00929853
1040 0.00962378
1080 0.010046
1120 0.0102586
1160 0.0106982
1200 0.0111235
1240 0.0116146
1280 0.0119922
1320 0.0124993
1360 0.0131027
1400 0.0135182
1440 0.0139356
1480 0.0142259
1520 0.0145375
1560 0.0150734
1600 0.0156913
1640 0.0161659
1680 0.0168208
1720 0.017389
1760 0.0178113
1800 0.0182285
1840 0.0184234
1880 0.0188566
1920 0.0192595
1960 0.0194814
2000 0.0200069
2040 0.0202853
2080 0.0208067
2120 0.0210984
2160 0.0214893
2200 0.0218464
2240 0.0222491
2280 0.0225307
2320 0.0230773
2360 0.0234158
2400 0.0240586
2440 0.024514
2480 0.0250155
2520 0.025139
2560 0.0256282
2600 0.0259567
2640 0.0261935
2680 0.0262002
2720 0.026901
2760 0.0272135
2800 0.0274251
2840 0.0282363
2880 0.0286192
2920 0.0293366
2960 0.0298793
3000 0.030327
3040 0.0304519
3080 0.0313632
3120 0.0316739
3160 0.0321449
3200 0.0327492
3240 0.0330273
3280 0.0333447
3320 0.0335509
3360 0.0334652
3400 0.0340547
3440 0.0345127
3480 0.0348017
3520 0.0351599
3560 0.0354037
3600 0.036335
3640 0.0370088
3680 0.0374391
3720 0.0378884
3760 0.0382649
3800 0.0382994
3840 0.0387009
3880 0.0395049
3920 0.0397805
3960 0.0399263
4000 0.0403381
