0 0.284499
40 0.428549
80 0.209609
120 -0.00531524
160 -0.338506
200 -0.569145
240 -0.732865
280 -0.960074
320 -1.0229
360 -1.00459
400 -1.14002
440 -1.09946
480 -1.03579
520 -0.9705
560 -0.865358
600 -0.858447
640 -0.851142
680 -0.778003
720 -0.767076
760 -0.701786
800 -0.674805
840 -0.616767
880 -0.654778
920 -0.568869
960 -0.579304
1000 -0.559881
1040 -0.496966
1080 -0.512029
1120 -0.491247
1160 -0.454698
1200 -0.404933
1240 -0.37869
1280 -0.400448
1320 -0.365069
1360 -0.327518
1400 -0.257107
1440 -0.221084
1480 -0.234615
1520 -0.208387
1560 -0.191736
1600 -0.139007
1640 -0.0674768
1680 -0.000273787
1720 0.0359607
1760 0.0473922
1800 0.0687018
1840 0.105086
1880 0.136786
1920 0.149761
1960 0.147573
2000 0.142078
2040 0.169877
2080 0.182364
2120 0.177752
2160 0.175936
2200 0.201328
2240 0.200076
2280 0.237334
2320 0.244912
2360 0.246057
2400 0.253192
2440 0.259947
2480 0.245162
2520 0.254092
2560 0.286736
2600 0.29178
2640 0.305241
2680 0.323109
2720 0.319763
2760 0.326737
2800 0.318482
2840 0.342942
2880 0.347941
2920 0.35577
2960 0.353179
3000 0.350673
3040 0.34759
3080 0.364453
3120 0.366858
3160 0.378794
3200 0.385153
3240 0.370912
3280 0.363638
3320 0.353178
3360 0.362118
3400 0.356001
3440 0.356944
3480 0.35534
3520 0.344581
3560 0.343407
3600 0.350609
3640 0.350427
3680 0.347605
3720 0.357069
3760 0.364246
3800 0.361048
3840 0.358593
3880 0.357664
3920 0.356554
3960 0.351084
4000 0.354613
