0 0.207618
40 0.104149
80 0.430854
120 0.427742
160 0.464536
200 0.457149
240 0.330341
280 0.292838
320 0.30618
360 0.249962
400 0.201561
440 0.206594
480 0.25616
520 0.324145
560 0.322855
600 0.380221
640 0.358867
680 0.376787
720 0.351876
760 0.354047
800 0.402678
840 0.43095
880 0.429631
920 0.429365
960 0.410149
1000 0.409625
1040 0.379914
1080 0.318321
1120 0.288163
1160 0.297326
1200 0.253951
1240 0.218635
1280 0.204798
1320 0.177448
1360 0.129912
1400 0.114522
1440 0.108311
1480 0.0830436
1520 0.099153
1560 0.0756655
1600 0.093145
1640 0.100671
1680 0.0414399
1720 0.0469722
1760 0.0683736
1800 0.0835812
1840 0.0892496
1880 0.101692
1920 0.16162
1960 0.158734
2000 0.144344
2040 0.141602
2080 0.145619
2120 0.125665
2160 0.100134
2200 0.0922712
2240 0.0834104
2280 0.0728467
2320 0.0758338
2360 0.0485905
2400 0.0276122
2440 0.0576668
2480 0.0282066
2520 0.0116336
2560 0.023835
2600 -0.00847281
2640 -0.0400938
2680 -0.0487804
2720 -0.00806157
2760 -0.00196181
2800 0.0193142
2840 0.00836994
2880 0.0194692
2920 0.0111568
2960 0.0283979
3000 0.0261155
3040 0.012669
3080 0.0281188
3120 0.0457023
3160 0.0538422
3200 0.0522722
3240 0.0435685
3280 0.0743474
3320 0.0786485
3360 0.0766052
3400 0.0750407
3440 0.10157
3480 0.0842345
3520 0.0577616
3560 0.0270826
3600 0.0636127
3640 0.0562783
3680 0.0526515
3720 0.0207974
3760 0.0186406
3800 0.0146445
3840 0.0233922
3880 0.0288691
3920 0.0393811
3960 0.0226533
4000 0.0174626
