0 0.227692
40 0.468044
80 0.432544
120 0.515016
160 0.523028
200 0.400935
240 0.318928
280 0.347894
320 0.330711
360 0.329902
400 0.220371
440 0.143402
480 0.180443
520 0.161093
560 0.158149
600 0.131412
640 0.0355033
680 0.130327
720 0.121637
760 0.0969963
800 0.0877875
840 0.0827489
880 0.0354474
920 0.0885055
960 0.10253
1000 0.0673652
1040 0.0844101
1080 0.0380157
1120 0.00835663
1160 0.0428574
1200 0.0587583
1240 0.102436
1280 0.0704718
1320 0.099751
1360 0.0834143
1400 0.117369
1440 0.0864627
1480 0.0980453
1520 0.110253
1560 0.0986559
1600 0.0956553
1640 0.0654235
1680 0.0987358
1720 0.0829112
1760 0.0792018
1800 0.0352383
1840 -0.0144603
1880 0.00488509
1920 0.0424089
1960 0.101796
2000 0.0392869
2040 0.0394881
2080 0.0644234
2120 0.0310281
2160 -0.0262295
2200 0.0243773
2240 0.0697902
2280 0.11423
2320 0.108201
2360 0.0877547
2400 0.0746301
2440 0.0773524
2480 0.0842822
2520 0.072023
2560 0.0810972
2600 0.0920951
2640 0.103071
2680 0.0958176
2720 0.0654779
2760 0.0223295
2800 0.00738139
2840 0.0700432
2880 0.0602352
2920 0.103023
2960 0.0477363
3000 0.0322878
3040 0.0174206
3080 0.064312
3120 0.102854
3160 0.124479
3200 0.111974
3240 0.0883672
3280 0.0546988
3320 0.0339939
3360 0.0621362
3400 0.0663269
3440 0.08238
3480 0.0502218
3520 0.042808
3560 0.0480372
3600 0.0515068
3640 0.0565314
3680 0.056943
3720 0.0654118
3760 0.0515894
3800 0.053752
3840 0.0752644
3880 0.0191783
3920 0.0461069
3960 0.0430241
4000 0.060318
