0 152.95500000 152.67500000
8.00000000 7.25500000 7.36000000
16.00000000 3.96000000 3.99500000
24.00000000 2.66500000 2.75000000
32.00000000 2.08000000 2.01500000
40.00000000 1.67500000 1.70000000
48.00000000 1.38000000 1.33500000
56.00000000 1.11000000 1.12500000
64.00000000 0.96000000 1.03000000
72.00000000 0.85000000 0.82000000
80.00000000 0.73500000 0.75000000
88.00000000 0.58500000 0.59500000
96.00000000 0.53500000 0.52000000
104.00000000 0.51000000 0.51500000
112.00000000 0.48000000 0.46500000
120.00000000 0.38000000 0.38500000
128.00000000 0.32500000 0.33500000
136.00000000 0.32000000 0.31000000
144.00000000 0.30500000 0.29500000
152.00000000 0.25000000 0.24500000
160.00000000 0.24000000 0.25000000
168.00000000 0.19500000 0.21000000
176.00000000 0.19500000 0.20000000
184.00000000 0.15500000 0.17000000
192.00000000 0.16500000 0.16000000
200.00000000 0.14000000 0.14000000
208.00000000 0.12000000 0.13000000
216.00000000 0.11000000 0.11500000
224.00000000 0.10000000 0.09500000
232.00000000 0.07500000 0.08500000
240.00000000 0.07000000 0.07000000
248.00000000 0.06500000 0.06000000
256.00000000 0.05500000 0.05500000
264.00000000 0.05000000 0.05500000
272.00000000 0.03500000 0.04000000
280.00000000 0.03500000 0.03000000
288.00000000 0.02500000 0.02000000
296.00000000 0.02500000 0.02000000
304.00000000 0.02000000 0.01500000
312.00000000 0.01500000 0.01000000
320.00000000 0.00500000 0.00500000
328.00000000 0.00500000 0.00500000
336.00000000 0.00500000 0.00500000
344.00000000 0.00500000 0.00500000
352.00000000 0.00500000 0.00500000
360.00000000 0.00500000 0.00500000
368.00000000 0.00500000 0.00500000
376.00000000 0.00500000 0.00500000
384.00000000 0.00500000 0.00500000
392.00000000 0.00500000 0.00500000
400.00000000 0.00500000 0.00500000
408.00000000 0.00500000 0.00500000
416.00000000 0.00500000 0.00500000
424.00000000 0.00500000 0.00500000
432.00000000 0.00000000 0.00000000
440.00000000 0.00000000 0.00000000
448.00000000 0.00000000 0.00000000
456.00000000 0.00000000 0.00000000
464.00000000 0.00000000 0.00000000
472.00000000 0.00000000 0.00000000
480.00000000 0.00000000 0.00000000
488.00000000 0.00000000 0.00000000
496.00000000 0.00000000 0.00000000
504.00000000 0.00000000 0.00000000
512.00000000 0.00000000 0.00000000
520.00000000 0.00000000 0.00000000
528.00000000 0.00000000 0.00000000
536.00000000 0.00000000 0.00000000
544.00000000 0.00000000 0.00000000
552.00000000 0.00000000 0.00000000
560.00000000 0.00000000 0.00000000
568.00000000 0.00000000 0.00000000
576.00000000 0.00000000 0.00000000
584.00000000 0.00000000 0.00000000
592.00000000 0.00000000 0.00000000
600.00000000 0.00000000 0.00000000
608.00000000 0.00000000 0.00000000
616.00000000 0.00000000 0.00000000
624.00000000 0.00000000 0.00000000
632.00000000 0.00000000 0.00000000
640.00000000 0.00000000 0.00000000
648.00000000 0.00000000 0.00000000
656.00000000 0.00000000 0.00000000
664.00000000 0.00000000 0.00000000
672.00000000 0.00000000 0.00000000
680.00000000 0.00000000 0.00000000
688.00000000 0.00000000 0.00000000
696.00000000 0.00000000 0.00000000
704.00000000 0.00000000 0.00000000
712.00000000 0.00000000 0.00000000
720.00000000 0.00000000 0.00000000
728.00000000 0.00000000 0.00000000
736.00000000 0.00000000 0.00000000
744.00000000 0.00000000 0.00000000
752.00000000 0.00000000 0.00000000
760.00000000 0.00000000 0.00000000
768.00000000 0.00000000 0.00000000
776.00000000 0.00000000 0.00000000
784.00000000 0.00000000 0.00000000
792.00000000 0.00000000 0.00000000
800.00000000 0.00000000 0.00000000
808.00000000 0.00000000 0.00000000
816.00000000 0.00000000 0.00000000
824.00000000 0.00000000 0.00000000
832.00000000 0.00000000 0.00000000
840.00000000 0.00000000 0.00000000
848.00000000 0.00000000 0.00000000
856.00000000 0.00000000 0.00000000
864.00000000 0.00000000 0.00000000
872.00000000 0.00000000 0.00000000
880.00000000 0.00000000 0.00000000
888.00000000 0.00000000 0.00000000
896.00000000 0.00000000 0.00000000
904.00000000 0.00000000 0.00000000
912.00000000 0.00000000 0.00000000
920.00000000 0.00000000 0.00000000
928.00000000 0.00000000 0.00000000
936.00000000 0.00000000 0.00000000
944.00000000 0.00000000 0.00000000
952.00000000 0.00000000 0.00000000
960.00000000 0.00000000 0.00000000
968.00000000 0.00000000 0.00000000
976.00000000 0.00000000 0.00000000
984.00000000 0.00000000 0.00000000
992.00000000 0.00000000 0.00000000
1000.00000000 0.00000000 0.00000000
1008.00000000 0.00000000 0.00000000
1016.00000000 0.00000000 0.00000000
1024.00000000 0.00000000 0.00000000
1032.00000000 0.00000000 0.00000000
1040.00000000 0.00000000 0.00000000
1048.00000000 0.00000000 0.00000000
1056.00000000 0.00000000 0.00000000
1064.00000000 0.00000000 0.00000000
1072.00000000 0.00000000 0.00000000
1080.00000000 0.00000000 0.00000000
1088.00000000 0.00000000 0.00000000
1096.00000000 0.00000000 0.00000000
1104.00000000 0.00000000 0.00000000
1112.00000000 0.00000000 0.00000000
1120.00000000 0.00000000 0.00000000
1128.00000000 0.00000000 0.00000000
1136.00000000 0.00000000 0.00000000
1144.00000000 0.00000000 0.00000000
1152.00000000 0.00000000 0.00000000
1160.00000000 0.00000000 0.00000000
1168.00000000 0.00000000 0.00000000
1176.00000000 0.00000000 0.00000000
1184.00000000 0.00000000 0.00000000
1192.00000000 0.00000000 0.00000000
1200.00000000 0.00000000 0.00000000
1208.00000000 0.00000000 0.00000000
1216.00000000 0.00000000 0.00000000
1224.00000000 0.00000000 0.00000000
