0 7.96543e-08
20.25 0.00176143
40.5 0.00590707
60.75 0.0121669
81 0.0205872
101.25 0.0305642
121.5 0.0410644
141.75 0.0523596
162 0.0649794
182.25 0.0781422
202.5 0.0922905
222.75 0.107704
243 0.122963
263.25 0.139752
283.5 0.159708
303.75 0.179183
324 0.198126
344.25 0.218136
364.5 0.240966
384.75 0.263587
405 0.286215
425.25 0.30682
445.5 0.327956
465.75 0.350279
486 0.371122
506.25 0.390016
526.5 0.41094
546.75 0.430291
567 0.450367
587.25 0.469526
607.5 0.488046
627.75 0.505427
648 0.522271
668.25 0.538928
688.5 0.554544
708.75 0.570363
729 0.587782
749.25 0.603343
769.5 0.619783
789.75 0.634198
810 0.648587
830.25 0.662771
850.5 0.677281
870.75 0.688725
891 0.701283
911.25 0.712534
931.5 0.721377
951.75 0.732307
972 0.741245
992.25 0.750972
1012.5 0.759683
1032.75 0.767016
1053 0.773485
1073.25 0.779495
1093.5 0.784476
1113.75 0.79068
1134 0.796354
1154.25 0.801644
1174.5 0.808273
1194.75 0.813176
1215 0.81778
1235.25 0.823028
1255.5 0.829432
1275.75 0.833308
1296 0.838576
1316.25 0.84245
1336.5 0.845518
1356.75 0.848529
1377 0.852059
1397.25 0.854962
1417.5 0.858328
1437.75 0.860925
1458 0.863889
1478.25 0.866557
1498.5 0.869183
1518.75 0.871644
1539 0.87513
1559.25 0.877413
1579.5 0.879336
1599.75 0.88204
1620 0.883512
1640.25 0.884582
1660.5 0.886565
1680.75 0.886547
1701 0.887581
1721.25 0.887684
1741.5 0.889057
1761.75 0.889804
1782 0.892412
1802.25 0.89384
1822.5 0.893886
1842.75 0.893925
1863 0.894905
1883.25 0.895161
1903.5 0.894826
1923.75 0.89482
1944 0.89629
1964.25 0.896326
1984.5 0.896104
2004.75 0.895545
2025 0.895838
2045.25 0.897063
2065.5 0.89729
2085.75 0.896652
2106 0.898106
2126.25 0.897368
2146.5 0.897432
2166.75 0.897041
2187 0.897518
2207.25 0.898317
2227.5 0.898523
2247.75 0.898605
2268 0.898947
2288.25 0.899778
2308.5 0.90005
2328.75 0.900565
2349 0.901839
2369.25 0.900612
2389.5 0.900764
2409.75 0.901138
2430 0.901349
2450.25 0.902625
2470.5 0.902544
2490.75 0.902878
2511 0.90247
2531.25 0.902175
2551.5 0.90263
2571.75 0.903918
2592 0.904099
2612.25 0.903562
2632.5 0.903244
2652.75 0.903692
2673 0.902683
2693.25 0.903193
2713.5 0.903272
2733.75 0.904197
2754 0.904482
2774.25 0.904184
2794.5 0.904476
2814.75 0.904986
2835 0.905441
2855.25 0.906804
2875.5 0.90714
2895.75 0.90683
2916 0.906628
2936.25 0.907218
2956.5 0.906848
2976.75 0.907724
2997 0.906944
3017.25 0.906367
3037.5 0.90685
3057.75 0.90622
3078 0.906634
3098.25 0.907476
3118.5 0.908072
3138.75 0.906299
3159 0.906907
3179.25 0.907744
3199.5 0.906632
3219.75 0.90652
3240 0.907117
3260.25 0.907416
3280.5 0.906876
3300.75 0.907157
3321 0.907016
3341.25 0.907347
3361.5 0.907407
3381.75 0.906884
3402 0.907096
3422.25 0.907112
3442.5 0.906001
3462.75 0.906685
3483 0.905908
3503.25 0.907238
3523.5 0.90658
3543.75 0.906054
3564 0.906503
3584.25 0.906634
3604.5 0.906686
3624.75 0.906493
3645 0.907252
3665.25 0.907304
3685.5 0.907201
3705.75 0.907062
3726 0.906801
3746.25 0.906358
3766.5 0.905458
3786.75 0.905713
3807 0.906404
3827.25 0.906085
3847.5 0.906703
3867.75 0.906491
3888 0.905363
3908.25 0.905788
3928.5 0.905709
3948.75 0.904744
3969 0.904388
3989.25 0.905844
4009.5 0.905231
4029.75 0.905201
4050 0.906306
