0 0.000196916
20.25 0.0291389
40.5 0.0532177
60.75 0.0767746
81 0.100903
101.25 0.12406
121.5 0.145886
141.75 0.167478
162 0.189321
182.25 0.211225
202.5 0.233269
222.75 0.255522
243 0.275565
263.25 0.296925
283.5 0.320799
303.75 0.342961
324 0.363626
344.25 0.383822
364.5 0.406916
384.75 0.429055
405 0.450267
425.25 0.470052
445.5 0.489612
465.75 0.510109
486 0.528938
506.25 0.545882
526.5 0.563838
546.75 0.580012
567 0.59715
587.25 0.613032
607.5 0.629301
627.75 0.642998
648 0.657025
668.25 0.670571
688.5 0.683511
708.75 0.696257
729 0.709634
749.25 0.721703
769.5 0.734648
789.75 0.745636
810 0.756868
830.25 0.767594
850.5 0.778161
870.75 0.787208
891 0.796206
911.25 0.804437
931.5 0.811255
951.75 0.81931
972 0.825867
992.25 0.833096
1012.5 0.839556
1032.75 0.845428
1053 0.850645
1073.25 0.855424
1093.5 0.859422
1113.75 0.864387
1134 0.868712
1154.25 0.872772
1174.5 0.878214
1194.75 0.882009
1215 0.885611
1235.25 0.889536
1255.5 0.894196
1275.75 0.897352
1296 0.900927
1316.25 0.903735
1336.5 0.905978
1356.75 0.908331
1377 0.910854
1397.25 0.91308
1417.5 0.915467
1437.75 0.917351
1458 0.919629
1478.25 0.921662
1498.5 0.923626
1518.75 0.92556
1539 0.927924
1559.25 0.929728
1579.5 0.931131
1599.75 0.932942
1620 0.934
1640.25 0.934826
1660.5 0.936038
1680.75 0.936229
1701 0.936941
1721.25 0.937181
1741.5 0.938095
1761.75 0.938726
1782 0.940219
1802.25 0.941101
1822.5 0.941144
1842.75 0.941284
1863 0.941864
1883.25 0.942138
1903.5 0.941913
1923.75 0.942105
1944 0.942995
1964.25 0.943052
1984.5 0.943123
2004.75 0.942886
2025 0.943084
2045.25 0.943929
2065.5 0.944196
2085.75 0.943949
2106 0.944856
2126.25 0.944701
2146.5 0.944804
2166.75 0.944717
2187 0.945097
2207.25 0.945621
2227.5 0.945762
2247.75 0.945976
2268 0.946287
2288.25 0.946864
2308.5 0.947035
2328.75 0.947391
2349 0.948167
2369.25 0.947532
2389.5 0.947726
2409.75 0.948023
2430 0.948224
2450.25 0.949004
2470.5 0.949023
2490.75 0.949254
2511 0.949112
2531.25 0.948964
2551.5 0.949272
2571.75 0.949971
2592 0.950117
2612.25 0.949873
2632.5 0.949787
2652.75 0.950042
2673 0.949548
2693.25 0.949892
2713.5 0.950007
2733.75 0.950562
2754 0.95079
2774.25 0.950716
2794.5 0.950886
2814.75 0.951196
2835 0.951465
2855.25 0.952222
2875.5 0.952419
2895.75 0.952258
2916 0.95215
2936.25 0.952462
2956.5 0.952267
2976.75 0.952729
2997 0.95232
3017.25 0.952018
3037.5 0.952271
3057.75 0.951938
3078 0.952154
3098.25 0.952599
3118.5 0.952912
3138.75 0.951981
3159 0.9523
3179.25 0.952743
3199.5 0.95216
3219.75 0.952099
3240 0.952411
3260.25 0.952568
3280.5 0.952283
3300.75 0.952427
3321 0.952354
3341.25 0.952532
3361.5 0.952564
3381.75 0.952287
3402 0.952401
3422.25 0.95241
3442.5 0.951827
3462.75 0.952184
3483 0.951776
3503.25 0.952476
3523.5 0.95213
3543.75 0.951853
3564 0.952084
3584.25 0.952155
3604.5 0.952183
3624.75 0.952083
3645 0.952484
3665.25 0.952509
3685.5 0.952456
3705.75 0.952383
3726 0.952243
3746.25 0.95201
3766.5 0.951535
3786.75 0.95167
3807 0.952038
3827.25 0.951865
3847.5 0.952193
3867.75 0.952082
3888 0.951488
3908.25 0.951713
3928.5 0.951671
3948.75 0.951162
3969 0.950972
3989.25 0.951741
4009.5 0.951418
4029.75 0.951403
4050 0.951985
