0 -0.0542244
20.25 -0.0745354
40.5 -0.0857363
60.75 -0.064173
81 -0.0220352
101.25 0.0141216
121.5 0.0705235
141.75 0.133268
162 0.187088
182.25 0.248561
202.5 0.303928
222.75 0.350416
243 0.380707
263.25 0.414861
283.5 0.448109
303.75 0.476625
324 0.501589
344.25 0.519294
364.5 0.544722
384.75 0.568149
405 0.588266
425.25 0.611352
445.5 0.63192
465.75 0.653869
486 0.6735
506.25 0.691164
526.5 0.707383
546.75 0.720947
567 0.737011
587.25 0.750623
607.5 0.767624
627.75 0.777525
648 0.790148
668.25 0.801492
688.5 0.813017
708.75 0.823445
729 0.832793
749.25 0.841629
769.5 0.851632
789.75 0.859301
810 0.867787
830.25 0.875135
850.5 0.881514
870.75 0.888609
891 0.893777
911.25 0.898913
931.5 0.903905
951.75 0.909071
972 0.913219
992.25 0.917985
1012.5 0.922212
1032.75 0.926871
1053 0.931055
1073.25 0.934754
1093.5 0.937898
1113.75 0.941759
1134 0.944751
1154.25 0.947603
1174.5 0.952009
1194.75 0.954707
1215 0.957322
1235.25 0.95987
1255.5 0.962674
1275.75 0.965145
1296 0.96685
1316.25 0.968518
1336.5 0.96988
1356.75 0.971561
1377 0.972995
1397.25 0.974516
1417.5 0.97584
1437.75 0.976955
1458 0.978515
1478.25 0.979873
1498.5 0.981129
1518.75 0.982511
1539 0.98364
1559.25 0.984938
1579.5 0.985777
1599.75 0.986605
1620 0.987211
1640.25 0.987777
1660.5 0.988131
1680.75 0.988567
1701 0.988924
1721.25 0.989325
1741.5 0.989734
1761.75 0.990244
1782 0.990498
1802.25 0.990778
1822.5 0.990817
1842.75 0.991074
1863 0.991212
1883.25 0.991508
1903.5 0.991404
1923.75 0.991823
1944 0.992072
1964.25 0.992152
1984.5 0.992554
2004.75 0.992676
2025 0.99277
2045.25 0.993198
2065.5 0.993513
2085.75 0.993701
2106 0.994003
2126.25 0.9945
2146.5 0.994648
2166.75 0.9949
2187 0.995175
2207.25 0.995395
2227.5 0.995465
2247.75 0.995826
2268 0.996104
2288.25 0.996401
2308.5 0.99646
2328.75 0.99664
2349 0.996865
2369.25 0.996887
2389.5 0.997129
2409.75 0.997342
2430 0.99753
2450.25 0.997762
2470.5 0.997892
2490.75 0.998008
2511 0.998161
2531.25 0.998175
2551.5 0.998322
2571.75 0.998369
2592 0.998474
2612.25 0.998555
2632.5 0.998726
2652.75 0.998768
2673 0.998843
2693.25 0.999005
2713.5 0.999158
2733.75 0.999304
2754 0.999468
2774.25 0.999643
2794.5 0.999677
2814.75 0.999766
2835 0.999829
2855.25 0.999914
2875.5 0.999958
2895.75 0.999962
2916 0.999958
2936.25 0.999962
2956.5 0.999961
2976.75 0.999965
2997 0.999966
3017.25 0.999967
3037.5 0.999967
3057.75 0.999964
3078 0.999961
3098.25 0.999965
3118.5 0.999967
3138.75 0.999966
3159 0.999965
3179.25 0.999972
3199.5 0.999973
3219.75 0.99997
3240 0.999967
3260.25 0.999966
3280.5 0.999964
3300.75 0.999957
3321 0.999959
3341.25 0.999968
3361.5 0.999968
3381.75 0.999963
3402 0.999969
3422.25 0.999969
3442.5 0.99997
3462.75 0.999967
3483 0.999966
3503.25 0.999969
3523.5 0.999968
3543.75 0.999968
3564 0.999957
3584.25 0.999962
3604.5 0.999963
3624.75 0.999965
3645 0.999971
3665.25 0.999966
3685.5 0.999969
3705.75 0.999969
3726 0.999962
3746.25 0.999961
3766.5 0.999958
3786.75 0.999959
3807 0.999969
3827.25 0.999958
3847.5 0.999965
3867.75 0.999966
3888 0.999962
3908.25 0.999968
3928.5 0.999966
3948.75 0.999962
3969 0.999956
3989.25 0.999964
4009.5 0.999962
4029.75 0.999964
4050 0.999966
