0 -0.113159
3 0.00238785
6 0.10143
9 0.151577
12 0.165222
15 0.181633
18 0.18558
21 0.179276
24 0.16813
27 0.144056
30 0.10051
33 0.0885018
36 0.0273622
39 -0.00940446
42 -0.0370837
45 -0.0530092
48 -0.0522836
51 -0.0834493
54 -0.0914067
57 -0.0772533
60 -0.0828159
63 -0.0662711
66 -0.0652764
69 -0.0612095
72 -0.0394803
75 -0.0239997
78 -0.00278544
81 0.00534397
84 0.0194364
87 0.0329994
90 0.0528322
93 0.0666445
96 0.0734594
99 0.0849682
102 0.0952392
105 0.110077
108 0.1239
111 0.13363
114 0.140274
117 0.158528
120 0.164669
123 0.170215
126 0.180812
129 0.183576
132 0.193178
135 0.196634
138 0.192851
141 0.202604
144 0.215867
147 0.222392
150 0.238849
153 0.24009
156 0.252803
159 0.263321
162 0.274129
165 0.278326
168 0.286619
171 0.296293
174 0.297335
177 0.302132
180 0.311708
183 0.319275
186 0.328625
189 0.333845
192 0.34231
195 0.349615
198 0.352121
201 0.366485
204 0.37062
207 0.381103
210 0.391458
213 0.399605
216 0.402676
219 0.414908
222 0.424154
225 0.427102
228 0.435058
231 0.439486
234 0.445826
237 0.448062
240 0.451123
243 0.454712
246 0.462451
249 0.46478
252 0.469186
255 0.470245
258 0.471107
261 0.474169
264 0.482854
267 0.488328
270 0.490069
273 0.491639
276 0.491263
279 0.496722
282 0.502413
285 0.505958
288 0.506931
291 0.510931
294 0.517104
297 0.521786
300 0.524535
303 0.531671
306 0.534062
309 0.537376
312 0.543444
315 0.547195
318 0.548636
321 0.553781
324 0.557048
327 0.558965
330 0.563704
333 0.565469
336 0.567018
339 0.568351
342 0.571836
345 0.575124
348 0.576517
351 0.581609
354 0.583363
357 0.586315
360 0.589065
363 0.591386
366 0.594956
369 0.597955
372 0.601343
375 0.602895
378 0.603201
381 0.605546
384 0.606243
387 0.611086
390 0.613519
393 0.616787
396 0.622874
399 0.626946
402 0.628301
405 0.632428
408 0.633596
411 0.63442
414 0.63601
417 0.637394
420 0.640701
423 0.642895
426 0.644325
429 0.647395
432 0.648391
435 0.653465
438 0.652929
441 0.655539
444 0.65714
447 0.661112
450 0.664117
453 0.664569
456 0.666385
459 0.667584
462 0.669761
465 0.670981
468 0.672988
471 0.674061
474 0.678532
477 0.681332
480 0.683331
483 0.68661
486 0.687707
489 0.689694
492 0.691181
495 0.694256
498 0.698368
501 0.700482
504 0.701286
507 0.703335
510 0.707419
513 0.710095
516 0.709256
519 0.709992
522 0.715345
525 0.718233
528 0.719756
531 0.721253
534 0.721322
537 0.722465
540 0.723639
543 0.725013
546 0.726585
549 0.727504
552 0.728264
555 0.729382
558 0.730524
561 0.731038
564 0.733601
567 0.736133
570 0.738846
573 0.740145
576 0.741285
579 0.741904
582 0.744311
585 0.744937
588 0.746143
591 0.74657
594 0.748137
597 0.750405
600 0.750872
603 0.750135
606 0.752142
609 0.754891
612 0.756349
615 0.758695
618 0.757971
621 0.757152
624 0.760304
627 0.761276
630 0.761147
633 0.762306
636 0.76198
639 0.764285
642 0.764823
645 0.765526
648 0.767467
651 0.767784
654 0.769838
657 0.772647
660 0.773209
663 0.774779
666 0.775557
669 0.776708
672 0.777544
675 0.777644
678 0.779981
681 0.780974
684 0.781819
687 0.782433
690 0.782621
693 0.785701
696 0.787982
699 0.788764
702 0.790298
705 0.792674
708 0.794182
711 0.797016
714 0.798214
717 0.799589
720 0.801305
723 0.802643
726 0.802992
729 0.803533
732 0.803564
735 0.805101
738 0.807007
741 0.807343
744 0.808561
747 0.810627
750 0.811312
753 0.812579
756 0.815953
759 0.817568
762 0.818757
765 0.821541
768 0.824659
771 0.824941
774 0.826233
777 0.825723
780 0.827821
783 0.828521
786 0.830355
789 0.831419
792 0.83189
795 0.833102
798 0.833505
801 0.835811
804 0.837911
807 0.838331
810 0.840512
813 0.841558
816 0.842674
819 0.843095
822 0.843916
825 0.845129
828 0.844805
831 0.84482
834 0.846101
837 0.847015
840 0.847179
843 0.846639
846 0.84827
849 0.849978
852 0.850057
855 0.851471
858 0.851434
861 0.852042
864 0.853196
867 0.853798
870 0.855053
873 0.856366
876 0.856483
879 0.857444
882 0.858826
885 0.859754
888 0.86014
891 0.861511
894 0.862066
897 0.863101
900 0.864591
903 0.866528
906 0.867024
909 0.866488
912 0.867481
915 0.868615
918 0.869605
921 0.871343
924 0.872411
927 0.873325
930 0.874415
933 0.875565
936 0.875395
939 0.876505
942 0.877506
945 0.878472
948 0.879304
951 0.880735
954 0.880794
957 0.880842
960 0.880873
963 0.881551
966 0.882068
969 0.882225
972 0.882995
975 0.88345
978 0.883662
981 0.883008
984 0.882546
987 0.883325
990 0.882572
993 0.883973
996 0.88483
999 0.886319
1002 0.887627
1005 0.887735
1008 0.887694
1011 0.888555
1014 0.889522
1017 0.890211
1020 0.890886
1023 0.891941
1026 0.893038
1029 0.893525
1032 0.894937
1035 0.894715
1038 0.894751
1041 0.895287
1044 0.896763
1047 0.898622
1050 0.900708
1053 0.901705
1056 0.90146
1059 0.902102
1062 0.903451
1065 0.903793
1068 0.903843
1071 0.904068
1074 0.904983
1077 0.905289
1080 0.905356
1083 0.905743
1086 0.907495
1089 0.907832
1092 0.90811
1095 0.9093
1098 0.909849
1101 0.911436
1104 0.912266
1107 0.912478
1110 0.91281
1113 0.913579
1116 0.914515
1119 0.914289
1122 0.915714
1125 0.916002
1128 0.916814
1131 0.918224
1134 0.918429
1137 0.919643
1140 0.920279
1143 0.919484
1146 0.919333
1149 0.919084
1152 0.919897
1155 0.919385
1158 0.919821
1161 0.920394
1164 0.921018
1167 0.921649
1170 0.921455
1173 0.922584
1176 0.923462
1179 0.924261
1182 0.92435
1185 0.924802
1188 0.925612
1191 0.926003
1194 0.926353
1197 0.926277
1200 0.92759
1203 0.927289
1206 0.927642
1209 0.928465
1212 0.929822
1215 0.930763
1218 0.930836
1221 0.931939
1224 0.931378
1227 0.932198
1230 0.932887
1233 0.933939
1236 0.934222
1239 0.934746
1242 0.936444
1245 0.936894
1248 0.937653
1251 0.936982
1254 0.938378
1257 0.938161
1260 0.938283
1263 0.938517
1266 0.938809
1269 0.938982
1272 0.939665
1275 0.940064
1278 0.940851
1281 0.941617
1284 0.942764
1287 0.943202
1290 0.944125
1293 0.94415
1296 0.944156
1299 0.945014
1302 0.946289
1305 0.945784
1308 0.946617
1311 0.946943
1314 0.94757
1317 0.947992
1320 0.948348
1323 0.948481
1326 0.948177
1329 0.948653
1332 0.949424
1335 0.949841
1338 0.950035
1341 0.950922
1344 0.951207
1347 0.952017
1350 0.951924
1353 0.952539
1356 0.952674
1359 0.953605
1362 0.954598
1365 0.955433
1368 0.956052
1371 0.956573
1374 0.957215
1377 0.958054
1380 0.958048
1383 0.958911
1386 0.959264
1389 0.95933
1392 0.959157
1395 0.959593
1398 0.959941
1401 0.961162
1404 0.961262
1407 0.960926
1410 0.96132
1413 0.961728
1416 0.961492
1419 0.96266
1422 0.963895
1425 0.964277
1428 0.964874
1431 0.965015
1434 0.965278
1437 0.965762
1440 0.96613
1443 0.966908
1446 0.967049
1449 0.967507
1452 0.967618
1455 0.968177
1458 0.968222
1461 0.967924
1464 0.968329
1467 0.968619
1470 0.969041
1473 0.969187
1476 0.969733
1479 0.970615
1482 0.97085
1485 0.971413
1488 0.9722
1491 0.972551
1494 0.973241
1497 0.973674
1500 0.974287
1503 0.974845
1506 0.975156
1509 0.975074
1512 0.975595
1515 0.976468
1518 0.977222
1521 0.97796
1524 0.978689
1527 0.978448
1530 0.978349
1533 0.978233
1536 0.978508
1539 0.978814
1542 0.979097
1545 0.979261
1548 0.980059
1551 0.980658
1554 0.981059
1557 0.981244
1560 0.980957
1563 0.981123
1566 0.981591
1569 0.982051
1572 0.982306
1575 0.981942
1578 0.98192
1581 0.982046
1584 0.982106
1587 0.982102
1590 0.982727
1593 0.983278
1596 0.983385
1599 0.98326
1602 0.983218
1605 0.983652
1608 0.983946
1611 0.983672
1614 0.983863
1617 0.984355
1620 0.984548
1623 0.984708
1626 0.984884
1629 0.985109
1632 0.985091
1635 0.984975
1638 0.985773
1641 0.986016
1644 0.986252
1647 0.986467
1650 0.986363
1653 0.986369
1656 0.986027
1659 0.985616
1662 0.985984
1665 0.986318
1668 0.986235
1671 0.986259
1674 0.986651
1677 0.98705
1680 0.987586
1683 0.987624
1686 0.987593
1689 0.987749
1692 0.987996
1695 0.988296
1698 0.988818
1701 0.988831
1704 0.988936
1707 0.989266
1710 0.989937
1713 0.989998
1716 0.98994
1719 0.989754
1722 0.98981
1725 0.990301
1728 0.990682
1731 0.990835
1734 0.990873
1737 0.990858
1740 0.991238
1743 0.991515
1746 0.991658
1749 0.991694
1752 0.991654
1755 0.991757
1758 0.991838
1761 0.991733
1764 0.991958
1767 0.99217
1770 0.992183
1773 0.992556
1776 0.993139
1779 0.993056
1782 0.99338
1785 0.993753
1788 0.99382
1791 0.994179
1794 0.994293
1797 0.994129
1800 0.994678
1803 0.994557
1806 0.994453
1809 0.994403
1812 0.994412
1815 0.994601
1818 0.99463
1821 0.994833
1824 0.995125
1827 0.995226
1830 0.995289
1833 0.995487
1836 0.995834
1839 0.995901
1842 0.996
1845 0.996019
1848 0.99601
1851 0.996279
1854 0.99641
1857 0.996658
1860 0.996597
1863 0.996834
1866 0.996941
1869 0.996957
1872 0.996966
1875 0.997107
1878 0.997172
1881 0.997157
1884 0.997123
1887 0.997221
1890 0.997244
1893 0.997208
1896 0.997111
1899 0.99713
1902 0.997203
1905 0.997215
1908 0.997152
1911 0.997366
1914 0.99729
1917 0.997422
1920 0.99737
1923 0.997298
1926 0.997389
1929 0.997288
1932 0.997414
1935 0.997668
1938 0.99761
1941 0.997913
1944 0.997882
1947 0.997842
1950 0.997805
1953 0.997805
1956 0.997815
1959 0.997938
1962 0.998002
1965 0.998136
1968 0.998065
1971 0.998163
1974 0.998166
1977 0.99815
1980 0.998082
1983 0.998118
1986 0.998176
1989 0.998274
1992 0.998309
1995 0.998345
1998 0.998484
2001 0.998539
2004 0.99861
2007 0.998825
2010 0.998872
2013 0.998942
2016 0.998864
2019 0.998882
2022 0.998866
2025 0.998888
2028 0.999005
2031 0.999026
2034 0.999026
2037 0.998999
2040 0.998913
2043 0.998971
2046 0.999073
2049 0.99913
2052 0.999207
2055 0.999168
2058 0.999225
2061 0.999335
2064 0.999359
2067 0.999394
2070 0.999438
2073 0.99951
2076 0.999584
2079 0.999672
2082 0.999667
2085 0.999653
2088 0.999654
2091 0.999689
2094 0.999728
2097 0.99972
2100 0.99977
2103 0.999827
2106 0.999855
2109 0.999863
2112 0.99989
2115 0.999911
2118 0.999908
2121 0.999919
2124 0.999936
2127 0.999952
2130 0.999958
2133 0.999959
2136 0.99996
2139 0.99996
2142 0.999965
2145 0.99996
2148 0.999963
2151 0.999963
2154 0.999954
2157 0.999954
2160 0.999962
2163 0.999968
2166 0.999975
2169 0.999973
2172 0.99997
2175 0.999976
2178 0.999973
2181 0.99997
2184 0.99997
2187 0.999972
2190 0.999977
2193 0.999972
2196 0.999974
2199 0.999975
2202 0.999965
2205 0.999968
2208 0.999966
2211 0.999968
2214 0.999965
2217 0.999966
2220 0.999958
2223 0.999963
2226 0.999964
2229 0.99996
2232 0.999957
2235 0.999959
2238 0.999957
2241 0.99996
2244 0.999965
2247 0.999967
2250 0.999967
2253 0.999961
2256 0.999963
2259 0.999958
2262 0.99997
2265 0.999961
2268 0.99997
2271 0.999972
2274 0.999961
2277 0.999963
2280 0.999961
2283 0.999958
2286 0.999955
2289 0.999962
2292 0.999959
2295 0.999963
2298 0.999966
2301 0.999959
2304 0.999968
2307 0.999975
2310 0.999978
2313 0.999971
2316 0.999979
2319 0.999978
2322 0.999976
2325 0.999969
2328 0.999961
2331 0.99996
2334 0.999966
2337 0.999972
2340 0.999967
2343 0.999974
2346 0.999967
2349 0.999965
2352 0.999957
2355 0.999965
2358 0.999974
2361 0.99997
2364 0.999979
2367 0.999967
2370 0.999964
2373 0.999971
2376 0.999963
2379 0.999967
2382 0.99997
2385 0.999968
2388 0.999959
2391 0.999964
2394 0.999957
2397 0.999963
2400 0.999964
2403 0.999955
2406 0.999962
2409 0.99996
2412 0.999956
2415 0.999967
2418 0.99997
2421 0.999976
2424 0.99998
2427 0.999979
2430 0.999971
2433 0.999973
2436 0.999965
2439 0.999963
2442 0.999968
2445 0.999967
2448 0.999959
2451 0.999963
2454 0.99996
2457 0.999968
2460 0.999974
2463 0.999965
2466 0.999963
2469 0.999959
2472 0.999969
2475 0.99997
2478 0.999966
2481 0.999963
2484 0.999962
2487 0.999969
2490 0.999967
2493 0.999964
2496 0.999968
2499 0.999973
2502 0.999974
2505 0.999973
2508 0.999963
2511 0.999965
2514 0.999959
2517 0.999965
2520 0.999974
2523 0.999982
2526 0.999974
2529 0.999974
2532 0.99998
2535 0.999978
2538 0.999977
2541 0.999973
2544 0.999971
2547 0.999969
2550 0.999965
2553 0.999968
2556 0.999964
2559 0.999962
2562 0.999966
2565 0.99997
2568 0.999969
2571 0.999965
2574 0.999969
2577 0.999966
2580 0.999962
2583 0.999974
2586 0.999971
2589 0.999971
2592 0.999974
2595 0.999974
2598 0.99997
2601 0.999972
2604 0.999974
2607 0.999975
2610 0.999969
2613 0.999968
2616 0.99997
2619 0.999957
2622 0.999963
2625 0.999959
2628 0.999966
2631 0.999971
2634 0.999966
2637 0.999966
2640 0.999967
2643 0.999975
2646 0.999974
2649 0.999973
2652 0.999973
2655 0.999966
2658 0.999964
2661 0.999965
2664 0.999969
2667 0.999973
2670 0.999965
2673 0.999969
2676 0.999969
2679 0.999969
2682 0.999969
2685 0.999968
2688 0.999976
2691 0.999966
2694 0.999971
2697 0.999968
2700 0.999969
2703 0.999974
2706 0.999976
2709 0.999968
2712 0.999968
2715 0.999975
2718 0.999966
2721 0.999963
2724 0.999961
2727 0.999961
2730 0.999966
2733 0.999965
2736 0.999964
2739 0.99997
2742 0.999968
2745 0.99997
2748 0.999966
2751 0.999972
2754 0.999971
2757 0.999969
2760 0.999969
2763 0.999964
