0 0.167459
1 -0.0917594
2 -0.16106
3 -0.170756
4 -0.334179
5 -0.423742
6 -0.47369
7 -0.470072
8 -0.499984
9 -0.493068
10 -0.536793
11 -0.452063
12 -0.435849
13 -0.348587
14 -0.285655
15 -0.28454
16 -0.227005
17 -0.17494
18 -0.150928
19 -0.126366
20 -0.0778795
21 -0.0246581
22 -0.0132771
23 -0.0036764
24 0.0464063
25 0.0550063
26 0.0929198
27 0.123925
28 0.114968
29 0.155053
30 0.165649
31 0.19912
32 0.231651
33 0.245811
34 0.257968
35 0.28003
36 0.25554
37 0.249418
38 0.261054
39 0.258768
40 0.255254
41 0.240447
42 0.247969
43 0.261269
44 0.265438
45 0.264309
46 0.250481
47 0.251988
48 0.244397
49 0.260344
50 0.275089
51 0.272564
52 0.288731
53 0.294177
54 0.301609
55 0.308775
56 0.300586
57 0.307809
58 0.29156
59 0.302457
60 0.302413
61 0.289063
62 0.286023
63 0.289614
64 0.289838
65 0.29058
66 0.285505
67 0.281203
68 0.279226
69 0.289732
70 0.287278
71 0.284392
72 0.285626
73 0.273783
74 0.265796
75 0.271222
76 0.259235
77 0.27577
78 0.288289
79 0.315456
80 0.306479
81 0.281569
82 0.279474
83 0.282036
84 0.276734
85 0.286574
86 0.273825
87 0.269547
88 0.262396
89 0.253418
90 0.239566
91 0.23977
92 0.232496
93 0.228726
94 0.229024
95 0.226312
96 0.209532
97 0.207628
98 0.185694
99 0.193932
100 0.19384
101 0.188745
102 0.202317
103 0.205986
104 0.209064
105 0.204502
106 0.213651
107 0.21373
108 0.203767
109 0.201897
110 0.208375
111 0.208197
112 0.219772
113 0.213815
114 0.209408
115 0.205137
116 0.206474
117 0.196424
118 0.192204
119 0.187848
120 0.186277
121 0.187196
122 0.193112
123 0.178042
124 0.178575
125 0.180632
126 0.17576
127 0.177568
128 0.184528
129 0.1812
130 0.188125
131 0.196772
132 0.194768
133 0.194071
134 0.19111
135 0.192222
136 0.187244
137 0.194803
138 0.187922
139 0.193439
140 0.188582
141 0.194318
142 0.176962
143 0.188132
144 0.20125
145 0.211875
146 0.211053
147 0.200554
148 0.210325
149 0.218144
150 0.217814
151 0.218639
152 0.210233
153 0.210045
154 0.211111
155 0.213403
156 0.214385
157 0.206935
158 0.198949
159 0.209337
160 0.214689
161 0.218185
162 0.224726
163 0.230269
164 0.227891
165 0.222741
166 0.216608
167 0.210901
168 0.213036
169 0.217138
170 0.214368
171 0.215516
172 0.225664
173 0.225066
174 0.220842
175 0.214423
176 0.228533
177 0.224667
178 0.232508
179 0.23204
180 0.234168
181 0.233783
182 0.230468
183 0.226798
184 0.230049
185 0.229241
186 0.221846
187 0.221097
188 0.229261
189 0.226802
190 0.220645
191 0.222673
192 0.220756
193 0.220781
194 0.224289
195 0.22841
196 0.227395
197 0.235761
198 0.243523
199 0.245829
200 0.256205
201 0.263128
202 0.264337
203 0.267093
204 0.266671
205 0.274975
206 0.271143
207 0.2776
208 0.284802
209 0.285429
210 0.288654
211 0.288755
212 0.292898
213 0.285776
214 0.280102
215 0.286134
216 0.284016
217 0.277491
218 0.276946
219 0.269571
220 0.265448
221 0.277607
222 0.275416
223 0.273175
224 0.279851
225 0.278525
226 0.286174
227 0.293679
228 0.302431
229 0.29801
230 0.306255
231 0.304202
232 0.30746
233 0.312423
234 0.314681
235 0.307474
236 0.304875
237 0.308233
238 0.305244
239 0.313434
240 0.311215
241 0.317325
242 0.321621
243 0.327639
244 0.319008
245 0.324101
246 0.322846
247 0.325715
248 0.324977
249 0.327012
250 0.322616
251 0.323096
252 0.325323
253 0.331127
254 0.332594
255 0.335676
256 0.33491
257 0.340133
258 0.340664
259 0.338394
260 0.34282
261 0.341597
262 0.339198
263 0.343072
264 0.34341
265 0.344475
266 0.346256
267 0.342372
268 0.34534
269 0.345527
270 0.352512
271 0.347619
272 0.344456
273 0.339415
274 0.338868
275 0.34149
276 0.34521
277 0.342837
278 0.346205
279 0.345085
280 0.347359
281 0.344605
282 0.336173
283 0.335545
284 0.341241
285 0.341585
286 0.343657
287 0.339746
288 0.340685
289 0.345156
290 0.344068
291 0.343855
292 0.351609
293 0.352643
294 0.35428
295 0.354858
296 0.359269
297 0.363163
298 0.363953
299 0.365872
300 0.370036
301 0.379763
302 0.379679
303 0.382741
304 0.384394
305 0.388543
306 0.386023
307 0.382435
308 0.383002
309 0.383331
310 0.390028
311 0.390096
312 0.389691
313 0.391907
314 0.39358
315 0.396017
316 0.39942
317 0.401756
318 0.404954
319 0.404004
320 0.405432
321 0.405146
322 0.40526
323 0.400994
324 0.402863
325 0.406924
326 0.407579
327 0.408997
328 0.415456
329 0.412447
330 0.413644
331 0.413026
332 0.414801
333 0.417155
334 0.422019
335 0.421944
336 0.427351
337 0.428593
338 0.428022
339 0.429593
340 0.42849
341 0.42975
342 0.427302
343 0.424218
344 0.424504
345 0.424977
346 0.426156
347 0.430381
348 0.428289
349 0.425464
350 0.423108
351 0.424169
352 0.422126
353 0.424808
354 0.426147
355 0.426134
356 0.430085
357 0.432326
358 0.434605
359 0.43673
360 0.437571
361 0.439179
362 0.435334
363 0.443002
364 0.445289
365 0.445564
366 0.453031
367 0.452545
368 0.451559
369 0.455144
370 0.457486
371 0.463397
372 0.466946
373 0.469949
374 0.469601
375 0.468002
376 0.471047
377 0.475088
378 0.478836
379 0.478351
380 0.482212
381 0.486201
382 0.488677
383 0.489779
384 0.490788
385 0.492722
386 0.491718
387 0.494653
388 0.497802
389 0.499305
390 0.505861
391 0.507851
392 0.511926
393 0.511101
394 0.515396
395 0.515956
396 0.519833
397 0.518566
398 0.521025
399 0.518064
400 0.523022
401 0.526847
402 0.525469
403 0.523089
404 0.525037
405 0.523625
406 0.526516
407 0.525055
408 0.529751
409 0.53023
410 0.533033
411 0.534175
412 0.538015
413 0.539602
414 0.543827
415 0.543975
416 0.543217
417 0.542191
418 0.541508
419 0.539532
420 0.541125
421 0.54072
422 0.539607
423 0.537855
424 0.538679
425 0.540156
426 0.539923
427 0.538586
428 0.537587
429 0.533882
430 0.537003
431 0.539196
432 0.540425
433 0.539749
434 0.538269
435 0.540723
436 0.545976
437 0.549903
438 0.55119
439 0.549915
440 0.547592
441 0.549273
442 0.552149
443 0.553236
444 0.556764
445 0.555897
446 0.560498
447 0.560992
448 0.5618
449 0.559509
450 0.558545
451 0.562775
452 0.564904
453 0.564023
454 0.567151
455 0.568152
456 0.566937
457 0.568363
458 0.568291
459 0.566367
460 0.569008
461 0.573785
462 0.577173
463 0.576372
464 0.577546
465 0.57731
466 0.576046
467 0.581311
468 0.579409
469 0.579763
470 0.584237
471 0.586173
472 0.588992
473 0.591208
474 0.590532
475 0.591578
476 0.592295
477 0.593329
478 0.593182
479 0.594747
480 0.596978
481 0.597837
482 0.59815
483 0.593828
484 0.595503
485 0.593681
486 0.591416
487 0.593654
488 0.59031
489 0.590986
490 0.589517
491 0.589919
492 0.591301
493 0.592858
494 0.592049
495 0.594189
496 0.593912
497 0.593905
498 0.594073
499 0.594111
500 0.595649
501 0.597487
502 0.599981
503 0.604863
504 0.606626
505 0.607543
506 0.607626
507 0.610002
508 0.608885
509 0.609146
510 0.607949
511 0.609399
512 0.609392
513 0.611602
514 0.609164
515 0.607138
516 0.60738
517 0.606742
518 0.60843
519 0.607679
520 0.605386
521 0.604408
522 0.606014
523 0.603372
524 0.606301
525 0.606455
526 0.606985
527 0.605578
528 0.607475
529 0.609272
530 0.611688
531 0.611969
532 0.61274
533 0.6138
534 0.616078
535 0.616198
536 0.61629
537 0.617508
538 0.61612
539 0.619212
540 0.618597
541 0.618221
542 0.621363
543 0.621116
544 0.623181
545 0.623144
546 0.623319
547 0.627412
548 0.62689
549 0.625464
550 0.62894
551 0.631986
552 0.632856
553 0.633181
554 0.635929
555 0.635827
556 0.635651
557 0.634196
558 0.638446
559 0.63858
560 0.637371
561 0.640166
562 0.640515
563 0.638516
564 0.641673
565 0.644648
566 0.643291
567 0.646169
568 0.650232
569 0.65002
570 0.649196
571 0.64727
572 0.648893
573 0.651763
574 0.651409
575 0.651899
576 0.652932
577 0.653194
578 0.650852
579 0.652892
580 0.654076
581 0.653829
582 0.6564
583 0.658057
584 0.658499
585 0.659134
586 0.659462
587 0.660282
588 0.659067
589 0.658938
590 0.660704
591 0.66158
592 0.660682
593 0.663749
594 0.664981
595 0.66358
596 0.665768
597 0.666791
598 0.668346
599 0.668387
600 0.668459
601 0.667907
602 0.666734
603 0.66736
604 0.667115
605 0.669066
606 0.670985
607 0.673465
608 0.677122
609 0.676216
610 0.676452
611 0.67643
612 0.679355
613 0.679992
614 0.678527
615 0.678429
616 0.679876
617 0.677822
618 0.676937
619 0.677698
620 0.675492
621 0.675144
622 0.676387
623 0.678757
624 0.677731
625 0.678762
626 0.678156
627 0.677856
628 0.678406
629 0.678379
630 0.677691
631 0.675743
632 0.673884
633 0.672906
634 0.673696
635 0.674893
636 0.67245
637 0.675269
638 0.676579
639 0.677563
640 0.678055
641 0.680841
642 0.680239
643 0.684424
644 0.688846
645 0.688831
646 0.689257
647 0.68805
648 0.688829
649 0.688765
650 0.689019
651 0.68791
652 0.690528
653 0.691856
654 0.690706
655 0.689018
656 0.689792
657 0.689322
658 0.688438
659 0.688335
660 0.689856
661 0.6914
662 0.690952
663 0.692705
664 0.693479
665 0.696411
666 0.696817
667 0.697284
668 0.700489
669 0.701772
670 0.700311
671 0.698316
672 0.700165
673 0.701818
674 0.70161
675 0.701309
676 0.701287
677 0.702252
678 0.701833
679 0.701139
680 0.701509
681 0.702823
682 0.702327
683 0.701639
684 0.702116
685 0.702232
686 0.702279
687 0.702436
688 0.70423
689 0.702283
690 0.700187
691 0.700015
692 0.700423
693 0.702868
694 0.701349
695 0.704468
696 0.70544
697 0.705025
698 0.703984
699 0.704099
700 0.70426
701 0.70578
702 0.704251
703 0.702817
704 0.70455
705 0.70358
706 0.704068
707 0.704968
708 0.704748
709 0.703887
710 0.708232
711 0.7095
712 0.711482
713 0.713287
714 0.715477
715 0.716758
716 0.717669
717 0.718432
718 0.71802
719 0.718114
720 0.718485
721 0.718426
722 0.719832
723 0.718571
724 0.72001
725 0.72024
726 0.72081
727 0.722498
728 0.720283
729 0.723538
730 0.723841
731 0.725135
732 0.724249
733 0.727183
734 0.727342
735 0.729202
736 0.726747
737 0.726633
738 0.727026
739 0.72556
740 0.726908
741 0.728009
742 0.728013
743 0.729323
744 0.729183
745 0.730532
746 0.729175
747 0.729042
748 0.728676
749 0.729364
750 0.730606
751 0.729384
752 0.730151
753 0.733361
754 0.733656
755 0.733693
756 0.733371
757 0.735757
758 0.735084
759 0.737498
760 0.737646
761 0.738982
762 0.73963
763 0.739698
764 0.740618
765 0.742098
766 0.742426
767 0.743177
768 0.742955
769 0.743698
770 0.742651
771 0.742183
772 0.742672
773 0.743587
774 0.741558
775 0.739992
776 0.739492
777 0.738603
778 0.739883
779 0.740305
780 0.73917
781 0.741199
782 0.742344
783 0.742467
784 0.741355
785 0.742949
786 0.74125
787 0.740472
788 0.739944
789 0.739525
790 0.741586
791 0.74227
792 0.740811
793 0.73967
794 0.74027
795 0.740457
796 0.740119
797 0.74003
798 0.74034
799 0.740208
800 0.740701
801 0.739236
802 0.739066
803 0.741044
804 0.740575
805 0.74174
806 0.741505
807 0.741545
808 0.740787
809 0.742725
810 0.742787
811 0.745848
812 0.746936
813 0.747893
814 0.748334
815 0.748407
816 0.749214
817 0.751238
818 0.751359
819 0.751827
820 0.752669
821 0.752054
822 0.752264
823 0.752871
824 0.754519
825 0.753695
826 0.752514
827 0.752801
828 0.753499
829 0.755957
830 0.755638
831 0.757699
832 0.757468
833 0.757066
834 0.757468
835 0.75903
836 0.759494
837 0.759808
838 0.75877
839 0.758629
840 0.759111
841 0.759794
842 0.760505
843 0.761274
844 0.760964
845 0.758828
846 0.75963
847 0.759446
848 0.759956
849 0.762051
850 0.759929
851 0.76018
852 0.760961
853 0.76369
854 0.76352
855 0.763384
856 0.763434
857 0.762503
858 0.764194
859 0.765753
860 0.766922
861 0.76717
862 0.766861
863 0.767674
864 0.766225
865 0.768155
866 0.768068
867 0.768578
868 0.769743
869 0.770938
870 0.770244
871 0.770209
872 0.771719
873 0.769872
874 0.770744
875 0.771121
876 0.771357
877 0.77153
878 0.771866
879 0.771994
880 0.772796
881 0.773688
882 0.772518
883 0.772377
884 0.771382
885 0.771422
886 0.771356
887 0.771032
888 0.772001
889 0.772011
890 0.771949
891 0.77259
892 0.775871
893 0.776651
894 0.775997
895 0.777006
896 0.774943
897 0.776616
898 0.778115
899 0.779118
900 0.779587
901 0.780053
902 0.780968
903 0.781129
904 0.782219
905 0.782819
906 0.783455
907 0.783549
908 0.782235
909 0.78302
910 0.78319
911 0.783383
912 0.783149
913 0.781622
914 0.783552
915 0.782265
916 0.781642
917 0.781835
918 0.782861
919 0.783892
920 0.784908
921 0.78499
922 0.784634
923 0.785411
924 0.785335
925 0.785525
926 0.786898
927 0.786417
928 0.786128
929 0.786844
930 0.787919
931 0.787303
932 0.786782
933 0.786231
934 0.78642
935 0.788607
936 0.787357
937 0.788833
938 0.788738
939 0.788401
940 0.787227
941 0.787307
942 0.789741
943 0.790074
944 0.791102
945 0.791677
946 0.791462
947 0.793088
948 0.791367
949 0.791103
950 0.789177
951 0.792319
952 0.793827
953 0.794611
954 0.79421
955 0.793642
956 0.792823
957 0.793131
958 0.793544
959 0.794062
960 0.794387
961 0.794523
962 0.794108
963 0.794069
964 0.793761
965 0.793705
966 0.796812
967 0.796815
968 0.799085
969 0.800181
970 0.800292
971 0.799499
972 0.800601
973 0.800685
974 0.801203
975 0.801195
976 0.801774
977 0.802618
978 0.803645
979 0.804254
980 0.804099
981 0.803916
982 0.804302
983 0.801921
984 0.803081
985 0.803932
986 0.802965
987 0.803596
988 0.804297
989 0.804263
990 0.806718
991 0.807581
992 0.806982
993 0.807666
994 0.809572
995 0.810506
996 0.810687
997 0.810047
998 0.811139
999 0.810147
1000 0.809964
1001 0.810008
1002 0.808678
1003 0.807892
1004 0.807749
1005 0.807724
1006 0.80791
1007 0.807212
1008 0.808768
1009 0.807215
1010 0.807873
1011 0.808877
1012 0.809
1013 0.809027
1014 0.808091
1015 0.807423
1016 0.808437
1017 0.807668
1018 0.809052
1019 0.810271
1020 0.810873
1021 0.810674
1022 0.809837
1023 0.809526
1024 0.810544
1025 0.809122
1026 0.810073
1027 0.809933
1028 0.810043
1029 0.811077
1030 0.810792
1031 0.811334
1032 0.813673
1033 0.813817
1034 0.814612
1035 0.814422
1036 0.815463
1037 0.814349
1038 0.813721
1039 0.814682
1040 0.814026
1041 0.815491
1042 0.814484
1043 0.815582
1044 0.815678
1045 0.814214
1046 0.813461
1047 0.813762
1048 0.813435
1049 0.815001
1050 0.815106
1051 0.814803
1052 0.814685
1053 0.816057
1054 0.816349
1055 0.817039
1056 0.818002
1057 0.819133
1058 0.819682
1059 0.819405
1060 0.81974
1061 0.818916
1062 0.819722
1063 0.81837
1064 0.818758
1065 0.819629
1066 0.820924
1067 0.820891
1068 0.821738
1069 0.820735
1070 0.821244
1071 0.821247
1072 0.821407
1073 0.822197
1074 0.82301
1075 0.824981
1076 0.824955
1077 0.825023
1078 0.825855
1079 0.827222
1080 0.827528
1081 0.828273
1082 0.827597
1083 0.828252
1084 0.829477
1085 0.830449
1086 0.830871
1087 0.83105
1088 0.831641
1089 0.831709
1090 0.831194
1091 0.832049
1092 0.832375
1093 0.831909
1094 0.833239
1095 0.83441
1096 0.834711
1097 0.835595
1098 0.836519
1099 0.835974
1100 0.835933
1101 0.835668
1102 0.835548
1103 0.836106
1104 0.835436
1105 0.836871
1106 0.837864
1107 0.838972
1108 0.83886
1109 0.839914
1110 0.84006
1111 0.840745
1112 0.841604
1113 0.841943
1114 0.842343
1115 0.842676
1116 0.84387
1117 0.843396
1118 0.844316
1119 0.845264
1120 0.846027
1121 0.844578
1122 0.844139
1123 0.844849
1124 0.844807
1125 0.84544
1126 0.845347
1127 0.846865
1128 0.847477
1129 0.848766
1130 0.849627
1131 0.850226
1132 0.851357
1133 0.850981
1134 0.851932
1135 0.852482
1136 0.852694
1137 0.853325
1138 0.853243
1139 0.851466
1140 0.851944
1141 0.852501
1142 0.853392
1143 0.853797
1144 0.855722
1145 0.857162
1146 0.858068
1147 0.858933
1148 0.858584
1149 0.857128
1150 0.858059
1151 0.85962
1152 0.860064
1153 0.859035
1154 0.859726
1155 0.858935
1156 0.860385
1157 0.859862
1158 0.86009
1159 0.860343
1160 0.860861
1161 0.861876
1162 0.862612
1163 0.86251
1164 0.860927
1165 0.860013
1166 0.859989
1167 0.857343
1168 0.857626
1169 0.857808
1170 0.858981
1171 0.858875
1172 0.860742
1173 0.861168
1174 0.861483
1175 0.862297
1176 0.863689
1177 0.863702
1178 0.864729
1179 0.865233
1180 0.865231
1181 0.863332
1182 0.862685
1183 0.861972
1184 0.862344
1185 0.862595
1186 0.862998
1187 0.862673
1188 0.863277
1189 0.863963
1190 0.864099
1191 0.862286
1192 0.862318
1193 0.863353
1194 0.864199
1195 0.863674
1196 0.864224
1197 0.864097
1198 0.864226
1199 0.864935
1200 0.864681
1201 0.864341
1202 0.864389
1203 0.864953
1204 0.866009
1205 0.865948
1206 0.866424
1207 0.867584
1208 0.867281
1209 0.867254
1210 0.867917
1211 0.868532
1212 0.867993
1213 0.867772
1214 0.867291
1215 0.867328
1216 0.868226
1217 0.869292
1218 0.868051
1219 0.867015
1220 0.867484
1221 0.867912
1222 0.869242
1223 0.869506
1224 0.869401
1225 0.868929
1226 0.869132
1227 0.869363
1228 0.868919
1229 0.869747
1230 0.869971
1231 0.870579
1232 0.871371
1233 0.871534
1234 0.870597
1235 0.871807
1236 0.87207
1237 0.872373
1238 0.872606
1239 0.87222
1240 0.873007
1241 0.873909
1242 0.873915
1243 0.87388
1244 0.874667
1245 0.873804
1246 0.874616
1247 0.874919
1248 0.876717
1249 0.876215
1250 0.877158
1251 0.877752
1252 0.878503
1253 0.878325
1254 0.879093
1255 0.879085
1256 0.879129
1257 0.878257
1258 0.877655
1259 0.877416
1260 0.878986
1261 0.879541
1262 0.878407
1263 0.879654
1264 0.881145
1265 0.882545
1266 0.883134
1267 0.88372
1268 0.884192
1269 0.884226
1270 0.883449
1271 0.883145
1272 0.88351
1273 0.88333
1274 0.883464
1275 0.882709
1276 0.883497
1277 0.883747
1278 0.883941
1279 0.883645
1280 0.882736
1281 0.882121
1282 0.882121
1283 0.882705
1284 0.883512
1285 0.883755
1286 0.883588
1287 0.884427
1288 0.884817
1289 0.884948
1290 0.886013
1291 0.885673
1292 0.885898
1293 0.886763
1294 0.885942
1295 0.886302
1296 0.887396
1297 0.888233
1298 0.888163
1299 0.888312
1300 0.887417
1301 0.888045
1302 0.888072
1303 0.888998
1304 0.890176
1305 0.888787
1306 0.890874
1307 0.89118
1308 0.891919
1309 0.893001
1310 0.892734
1311 0.892881
1312 0.892903
1313 0.892704
1314 0.893244
1315 0.894064
1316 0.894391
1317 0.894905
1318 0.89501
1319 0.895778
1320 0.896909
1321 0.895565
1322 0.895883
1323 0.894828
1324 0.895865
1325 0.896674
1326 0.897455
1327 0.89861
1328 0.898217
1329 0.899303
1330 0.899873
1331 0.900494
1332 0.900672
1333 0.900306
1334 0.900838
1335 0.900926
1336 0.902168
1337 0.900829
1338 0.901069
1339 0.900682
1340 0.901683
1341 0.902177
1342 0.901852
1343 0.902307
1344 0.901761
1345 0.902857
1346 0.903001
1347 0.902865
1348 0.903195
1349 0.902351
1350 0.902814
1351 0.903686
1352 0.904223
1353 0.903904
1354 0.904195
1355 0.904146
1356 0.904613
1357 0.905291
1358 0.905658
1359 0.905238
1360 0.905083
1361 0.904788
1362 0.904826
1363 0.905407
1364 0.906142
1365 0.906164
1366 0.905825
1367 0.905906
1368 0.90529
1369 0.90495
1370 0.905429
1371 0.906249
1372 0.906927
1373 0.907913
1374 0.908629
1375 0.909248
1376 0.908125
1377 0.907688
1378 0.908116
1379 0.909087
1380 0.908948
1381 0.909651
1382 0.908883
1383 0.909078
1384 0.908443
1385 0.908522
1386 0.907886
1387 0.907504
1388 0.908807
1389 0.909147
1390 0.908836
1391 0.909893
1392 0.909981
1393 0.909892
1394 0.910391
1395 0.910719
1396 0.911119
1397 0.911239
1398 0.911006
1399 0.911066
1400 0.910448
1401 0.910142
1402 0.909786
1403 0.910925
1404 0.911361
1405 0.911582
1406 0.912776
1407 0.913435
1408 0.912851
1409 0.913524
1410 0.913344
1411 0.913794
1412 0.913197
1413 0.914268
1414 0.914176
1415 0.915056
1416 0.914517
1417 0.915228
1418 0.915499
1419 0.915897
1420 0.915726
1421 0.916744
1422 0.918653
1423 0.917997
1424 0.918762
1425 0.918976
1426 0.919414
1427 0.9191
1428 0.91916
1429 0.919723
1430 0.91905
1431 0.919334
1432 0.918665
1433 0.918885
1434 0.918585
1435 0.919193
1436 0.919695
1437 0.919226
1438 0.919578
1439 0.920037
1440 0.920155
1441 0.919267
1442 0.918452
1443 0.918395
1444 0.918175
1445 0.918345
1446 0.918994
1447 0.919583
1448 0.920839
1449 0.920582
1450 0.920409
1451 0.920283
1452 0.919469
1453 0.919929
1454 0.919502
1455 0.919435
1456 0.919281
1457 0.918769
1458 0.919127
1459 0.92004
1460 0.919941
1461 0.92093
1462 0.920452
1463 0.920135
1464 0.920705
1465 0.921212
1466 0.920826
1467 0.921458
1468 0.920417
1469 0.92003
1470 0.920468
1471 0.921407
1472 0.922731
1473 0.922488
1474 0.922936
1475 0.923712
1476 0.923175
1477 0.923214
1478 0.923245
1479 0.923727
1480 0.923883
1481 0.923573
1482 0.923213
1483 0.924603
1484 0.925527
1485 0.925977
1486 0.925245
1487 0.926479
1488 0.926054
1489 0.92611
1490 0.926435
1491 0.926427
1492 0.926642
1493 0.927111
1494 0.927439
1495 0.928779
1496 0.928879
1497 0.929886
1498 0.929842
1499 0.929275
1500 0.928489
1501 0.928359
1502 0.927116
1503 0.92762
1504 0.927709
1505 0.927772
1506 0.927193
1507 0.927465
1508 0.927046
1509 0.927062
1510 0.927314
1511 0.927987
1512 0.928022
1513 0.928014
1514 0.92829
1515 0.927884
1516 0.92762
1517 0.927085
1518 0.927095
1519 0.927472
1520 0.928172
1521 0.928482
1522 0.928969
1523 0.929552
1524 0.929245
1525 0.929437
1526 0.928958
1527 0.929043
1528 0.928579
1529 0.929605
1530 0.929359
1531 0.929562
1532 0.929736
1533 0.929732
1534 0.928391
1535 0.929388
1536 0.930347
1537 0.931648
1538 0.931637
1539 0.931383
1540 0.931832
1541 0.931608
1542 0.931696
1543 0.931657
1544 0.931828
1545 0.932387
1546 0.931465
1547 0.93228
1548 0.931757
1549 0.93132
1550 0.931355
1551 0.930927
1552 0.931199
1553 0.931425
1554 0.930822
1555 0.930624
1556 0.931142
1557 0.930649
1558 0.931105
1559 0.931658
1560 0.931638
1561 0.930992
1562 0.931404
1563 0.930731
1564 0.93103
1565 0.932211
1566 0.931167
1567 0.931258
1568 0.931019
1569 0.930492
1570 0.930249
1571 0.929994
1572 0.930427
1573 0.930302
1574 0.929618
1575 0.930771
1576 0.93074
1577 0.929946
1578 0.929642
1579 0.92852
1580 0.929137
1581 0.928853
1582 0.929708
1583 0.929644
1584 0.929645
1585 0.929698
1586 0.929748
1587 0.92915
1588 0.929501
1589 0.928941
1590 0.92912
1591 0.929244
1592 0.929129
1593 0.929879
1594 0.93006
1595 0.930434
1596 0.930731
1597 0.930557
1598 0.930765
1599 0.930492
1600 0.93109
1601 0.931193
1602 0.930817
1603 0.931523
1604 0.930754
1605 0.930181
1606 0.93042
1607 0.931265
1608 0.932336
1609 0.932136
1610 0.932246
1611 0.932842
1612 0.932774
1613 0.93331
1614 0.933562
1615 0.932979
1616 0.932446
1617 0.932407
1618 0.932951
1619 0.933449
1620 0.933578
1621 0.933062
1622 0.933327
1623 0.93314
1624 0.933481
1625 0.933338
1626 0.93446
1627 0.934092
1628 0.933597
1629 0.932627
1630 0.932905
1631 0.932678
1632 0.9336
1633 0.933718
1634 0.934377
1635 0.935066
1636 0.93552
1637 0.935169
1638 0.935162
1639 0.936149
1640 0.935509
1641 0.935368
1642 0.935319
1643 0.935486
1644 0.935433
1645 0.934968
1646 0.934814
1647 0.935718
1648 0.935512
1649 0.934847
1650 0.934858
1651 0.934674
1652 0.935164
1653 0.935452
1654 0.936095
1655 0.936292
1656 0.936418
1657 0.937181
1658 0.936783
1659 0.935836
1660 0.936487
1661 0.9379
1662 0.937297
1663 0.937512
1664 0.93764
1665 0.937193
1666 0.938208
1667 0.938481
1668 0.939684
1669 0.940366
1670 0.940547
1671 0.940706
1672 0.940419
1673 0.940083
1674 0.9401
1675 0.940565
1676 0.9404
1677 0.939881
1678 0.940479
1679 0.94
1680 0.939948
1681 0.939561
1682 0.939306
1683 0.939985
1684 0.940687
1685 0.940217
1686 0.939907
1687 0.939843
1688 0.939346
1689 0.939089
1690 0.939324
1691 0.939613
1692 0.939686
1693 0.93914
1694 0.939107
1695 0.940012
1696 0.939823
1697 0.939316
1698 0.939866
1699 0.940009
1700 0.940571
1701 0.941027
1702 0.94063
1703 0.940482
1704 0.939987
1705 0.940784
1706 0.94127
1707 0.941191
1708 0.941455
1709 0.94146
1710 0.941253
1711 0.941705
1712 0.942028
1713 0.942632
1714 0.942526
1715 0.943154
1716 0.942351
1717 0.942704
1718 0.942884
1719 0.943027
1720 0.943788
1721 0.944457
1722 0.945053
1723 0.944144
1724 0.943953
1725 0.944245
1726 0.943876
1727 0.944207
1728 0.944095
1729 0.943841
1730 0.944014
1731 0.943624
1732 0.943215
1733 0.943683
1734 0.943403
1735 0.943316
1736 0.943459
1737 0.944104
1738 0.944181
1739 0.944259
1740 0.945042
1741 0.945167
1742 0.945667
1743 0.946408
1744 0.946455
1745 0.946495
1746 0.946253
1747 0.946508
1748 0.946356
1749 0.947117
1750 0.948001
1751 0.947874
1752 0.94774
1753 0.947937
1754 0.948199
1755 0.947576
1756 0.948113
1757 0.948382
1758 0.947917
1759 0.947728
1760 0.947904
1761 0.948371
1762 0.948217
1763 0.949228
1764 0.949246
1765 0.949695
1766 0.949406
1767 0.949775
1768 0.949867
1769 0.950832
1770 0.951234
1771 0.951403
1772 0.951597
1773 0.951497
1774 0.952348
1775 0.952207
1776 0.951581
1777 0.951639
1778 0.951764
1779 0.952009
1780 0.952342
1781 0.95271
1782 0.953203
1783 0.953396
1784 0.953298
1785 0.953162
1786 0.952997
1787 0.954075
1788 0.953621
1789 0.95367
1790 0.953174
1791 0.952814
1792 0.951942
1793 0.951269
1794 0.951417
1795 0.952005
1796 0.951936
1797 0.951785
1798 0.951902
1799 0.952119
1800 0.95299
1801 0.953239
1802 0.953941
1803 0.953677
1804 0.954112
1805 0.953588
1806 0.95407
1807 0.953479
1808 0.953108
1809 0.953724
1810 0.954525
1811 0.955842
1812 0.955997
1813 0.956909
1814 0.956876
1815 0.957194
1816 0.957696
1817 0.957988
1818 0.957712
1819 0.957423
1820 0.957473
1821 0.956852
1822 0.957074
1823 0.956301
1824 0.956256
1825 0.957099
1826 0.957217
1827 0.957121
1828 0.957548
1829 0.957662
1830 0.957884
1831 0.95846
1832 0.957934
1833 0.95809
1834 0.958044
1835 0.958219
1836 0.959287
1837 0.959904
1838 0.959699
1839 0.960198
1840 0.960309
1841 0.959926
1842 0.96041
1843 0.960271
1844 0.960586
1845 0.960774
1846 0.961011
1847 0.961111
1848 0.961539
1849 0.962144
1850 0.96223
1851 0.962683
1852 0.963696
1853 0.964297
1854 0.964582
1855 0.965067
1856 0.965242
1857 0.965964
1858 0.965929
1859 0.96573
1860 0.965596
1861 0.965891
1862 0.966375
1863 0.966404
1864 0.966253
1865 0.966422
1866 0.966476
1867 0.966697
1868 0.966651
1869 0.968051
1870 0.968007
1871 0.968128
1872 0.968676
1873 0.968542
1874 0.968608
1875 0.968686
1876 0.968658
1877 0.969209
1878 0.969433
1879 0.969441
1880 0.969408
1881 0.969321
1882 0.969175
1883 0.968959
1884 0.969
1885 0.968482
1886 0.968473
1887 0.968276
1888 0.968406
1889 0.968192
1890 0.968079
1891 0.967933
1892 0.967745
1893 0.967603
1894 0.9676
1895 0.967842
1896 0.968275
1897 0.967864
1898 0.967993
1899 0.968135
1900 0.968147
1901 0.968873
1902 0.968998
1903 0.96864
1904 0.968573
1905 0.968221
1906 0.968415
1907 0.968294
1908 0.968032
1909 0.967825
1910 0.967714
1911 0.967602
1912 0.967951
1913 0.967881
1914 0.967999
1915 0.967995
1916 0.967748
1917 0.967758
1918 0.968104
1919 0.968587
1920 0.968344
1921 0.968667
1922 0.969032
1923 0.969297
1924 0.969328
1925 0.969792
1926 0.969976
1927 0.969796
1928 0.969357
1929 0.969831
1930 0.969503
1931 0.969263
1932 0.969488
1933 0.969179
1934 0.96942
1935 0.970063
1936 0.969546
1937 0.969274
1938 0.96963
1939 0.969289
1940 0.969593
1941 0.969407
1942 0.969563
1943 0.969385
1944 0.969804
1945 0.969149
1946 0.969072
1947 0.968773
1948 0.968474
1949 0.969131
1950 0.969109
1951 0.968966
1952 0.968618
1953 0.969093
1954 0.968785
1955 0.968653
1956 0.968661
1957 0.968431
1958 0.968648
1959 0.969004
1960 0.968715
1961 0.969227
1962 0.969907
1963 0.969475
1964 0.969801
1965 0.969393
1966 0.969652
1967 0.970126
1968 0.969779
1969 0.969444
1970 0.970261
1971 0.971114
1972 0.970579
1973 0.970747
1974 0.970103
1975 0.970263
1976 0.970243
1977 0.970275
1978 0.970719
1979 0.970392
1980 0.969912
1981 0.969554
1982 0.969363
1983 0.969411
1984 0.96951
1985 0.96917
1986 0.969302
1987 0.969298
1988 0.969679
1989 0.970048
1990 0.970215
1991 0.970288
1992 0.970343
1993 0.970481
1994 0.971218
1995 0.97147
1996 0.971724
1997 0.97237
1998 0.97237
1999 0.972132
2000 0.97196
2001 0.97215
2002 0.972612
2003 0.973312
2004 0.973352
2005 0.973271
2006 0.973116
2007 0.973056
2008 0.972937
2009 0.973183
2010 0.973461
2011 0.973277
2012 0.973328
2013 0.973176
2014 0.97366
2015 0.973956
2016 0.973985
2017 0.973716
2018 0.973884
2019 0.974093
2020 0.974368
2021 0.974662
2022 0.974788
2023 0.975246
2024 0.975888
2025 0.976222
2026 0.976748
2027 0.977109
2028 0.976891
2029 0.976921
2030 0.977386
2031 0.977719
2032 0.977748
2033 0.977511
2034 0.978033
2035 0.978056
2036 0.977861
2037 0.977712
2038 0.977747
2039 0.977918
2040 0.978199
2041 0.978791
2042 0.978696
2043 0.979439
2044 0.979298
2045 0.979116
2046 0.978913
2047 0.979138
2048 0.979318
2049 0.979867
2050 0.979929
2051 0.979672
2052 0.980184
2053 0.980488
2054 0.98064
2055 0.980783
2056 0.981227
2057 0.981308
2058 0.981905
2059 0.981744
2060 0.982114
2061 0.981902
2062 0.981729
2063 0.981448
2064 0.981539
2065 0.981582
2066 0.981746
2067 0.981663
2068 0.981981
2069 0.982238
2070 0.982161
2071 0.981898
2072 0.982206
2073 0.982209
2074 0.981881
2075 0.982096
2076 0.982177
2077 0.982067
2078 0.98215
2079 0.981938
2080 0.982298
2081 0.981972
2082 0.982314
2083 0.982242
2084 0.98258
2085 0.982349
2086 0.98209
2087 0.981888
2088 0.982155
2089 0.982366
2090 0.98236
2091 0.982309
2092 0.982027
2093 0.982612
2094 0.982585
2095 0.982444
2096 0.982501
2097 0.982643
2098 0.982672
2099 0.982703
2100 0.983077
2101 0.983374
2102 0.983222
2103 0.983321
2104 0.983403
2105 0.983584
2106 0.983666
2107 0.983588
2108 0.983576
2109 0.98383
2110 0.984027
2111 0.984569
2112 0.984403
2113 0.984415
2114 0.984527
2115 0.98484
2116 0.98481
2117 0.984995
2118 0.984781
2119 0.984792
2120 0.984904
2121 0.985391
2122 0.985795
2123 0.986143
2124 0.986327
2125 0.986404
2126 0.98663
2127 0.986452
2128 0.986714
2129 0.987149
2130 0.986793
2131 0.987067
2132 0.986895
2133 0.987142
2134 0.987228
2135 0.987656
2136 0.987834
2137 0.987904
2138 0.988287
2139 0.988421
2140 0.988605
2141 0.98862
2142 0.988705
2143 0.98838
2144 0.988368
2145 0.988342
2146 0.988527
2147 0.988742
2148 0.988638
2149 0.988942
2150 0.989379
2151 0.989374
2152 0.98949
2153 0.989488
2154 0.989563
2155 0.98966
2156 0.989586
2157 0.989597
2158 0.98957
2159 0.98996
2160 0.989924
2161 0.990138
2162 0.990294
2163 0.990349
2164 0.990597
2165 0.991097
2166 0.990782
2167 0.991028
2168 0.99104
2169 0.990994
2170 0.991188
2171 0.991185
2172 0.9911
2173 0.99125
2174 0.99155
2175 0.991767
2176 0.991481
2177 0.991536
2178 0.991547
2179 0.991496
2180 0.991578
2181 0.991707
2182 0.991758
2183 0.991798
2184 0.991893
2185 0.991865
2186 0.991891
2187 0.991899
2188 0.991779
2189 0.99205
2190 0.991922
2191 0.991995
2192 0.991969
2193 0.992163
2194 0.992116
2195 0.991907
2196 0.991903
2197 0.992196
2198 0.992282
2199 0.992296
2200 0.992325
2201 0.992242
2202 0.992606
2203 0.992593
2204 0.992679
2205 0.992539
2206 0.992651
2207 0.992712
2208 0.992601
2209 0.992534
2210 0.992565
2211 0.992586
2212 0.99276
2213 0.992716
2214 0.992748
2215 0.992674
2216 0.992785
2217 0.992536
2218 0.992687
2219 0.992689
2220 0.992895
2221 0.992869
2222 0.9929
2223 0.993118
2224 0.993145
2225 0.993279
2226 0.993204
2227 0.993418
2228 0.993676
2229 0.993493
2230 0.993606
2231 0.993621
2232 0.993737
2233 0.994103
2234 0.994144
2235 0.993841
2236 0.994085
2237 0.993998
2238 0.99408
2239 0.994118
2240 0.994343
2241 0.994451
2242 0.994406
2243 0.994237
2244 0.993996
2245 0.994142
2246 0.994127
2247 0.99421
2248 0.994247
2249 0.994228
2250 0.994142
2251 0.994254
2252 0.994503
2253 0.994605
2254 0.994784
2255 0.994651
2256 0.994772
2257 0.995021
2258 0.995156
2259 0.995197
2260 0.995272
2261 0.99537
2262 0.995324
2263 0.995386
2264 0.995552
2265 0.995585
2266 0.995731
2267 0.995861
2268 0.996178
2269 0.996361
2270 0.996509
2271 0.996639
2272 0.996775
2273 0.996742
2274 0.996836
2275 0.996763
2276 0.996601
2277 0.996825
2278 0.996946
2279 0.996852
2280 0.996707
2281 0.996871
2282 0.996882
2283 0.996915
2284 0.996936
2285 0.996742
2286 0.996731
2287 0.996677
2288 0.996692
2289 0.996829
2290 0.996529
2291 0.996521
2292 0.996527
2293 0.996474
2294 0.996463
2295 0.996447
2296 0.996447
2297 0.996305
2298 0.996244
2299 0.996503
2300 0.99641
2301 0.996367
2302 0.996499
2303 0.996491
2304 0.996632
2305 0.996695
2306 0.996756
2307 0.996685
2308 0.996689
2309 0.996657
2310 0.996633
2311 0.996781
2312 0.996823
2313 0.996927
2314 0.996972
2315 0.997044
2316 0.997054
2317 0.997094
2318 0.997188
2319 0.996971
2320 0.996799
2321 0.996857
2322 0.996849
2323 0.996874
2324 0.996805
2325 0.996955
2326 0.996958
2327 0.997031
2328 0.997036
2329 0.996997
2330 0.997038
2331 0.997174
2332 0.997106
2333 0.997067
2334 0.996909
2335 0.996798
2336 0.996815
2337 0.996739
2338 0.996878
2339 0.996849
2340 0.996602
2341 0.996848
2342 0.997044
2343 0.997099
2344 0.997031
2345 0.996988
2346 0.997041
2347 0.997093
2348 0.997144
2349 0.997097
2350 0.997005
2351 0.99703
2352 0.997038
2353 0.997122
2354 0.997353
2355 0.997472
2356 0.997602
2357 0.997674
2358 0.997644
2359 0.997658
2360 0.997589
2361 0.997457
2362 0.997579
2363 0.997645
2364 0.997583
2365 0.997668
2366 0.99769
2367 0.997709
2368 0.997642
2369 0.997748
2370 0.997712
2371 0.997787
2372 0.997758
2373 0.997608
2374 0.997568
2375 0.997483
2376 0.997387
2377 0.99712
2378 0.99714
2379 0.997091
2380 0.996993
2381 0.99706
2382 0.997122
2383 0.997276
2384 0.997359
2385 0.997348
2386 0.997332
2387 0.997291
2388 0.997159
2389 0.997228
2390 0.997157
2391 0.997255
2392 0.997341
2393 0.997245
2394 0.997146
2395 0.997174
2396 0.997189
2397 0.997179
2398 0.997378
2399 0.997532
2400 0.997724
2401 0.997746
2402 0.997834
2403 0.997776
2404 0.997777
2405 0.997796
2406 0.997624
2407 0.997611
2408 0.99767
2409 0.997703
2410 0.997699
2411 0.997718
2412 0.99773
2413 0.997887
2414 0.997926
2415 0.997987
2416 0.997836
2417 0.997772
2418 0.997771
2419 0.997948
2420 0.998064
2421 0.998094
2422 0.998063
2423 0.998103
2424 0.99808
2425 0.997928
2426 0.997844
2427 0.997992
2428 0.998005
2429 0.998113
2430 0.998126
2431 0.998184
2432 0.998078
2433 0.998135
2434 0.99798
2435 0.997957
2436 0.998112
2437 0.998142
2438 0.998084
2439 0.998192
2440 0.9983
2441 0.998237
2442 0.998187
2443 0.998096
2444 0.99823
2445 0.998344
2446 0.99837
2447 0.998327
2448 0.998293
2449 0.998377
2450 0.998466
2451 0.998457
2452 0.998348
2453 0.998339
2454 0.998365
2455 0.998391
2456 0.998471
2457 0.99855
2458 0.998684
2459 0.998687
2460 0.998675
2461 0.998641
2462 0.998625
2463 0.998624
2464 0.998834
2465 0.998919
2466 0.998968
2467 0.999003
2468 0.998984
2469 0.99903
2470 0.999014
2471 0.999031
2472 0.99903
2473 0.999029
2474 0.999129
2475 0.999207
2476 0.999179
2477 0.999238
2478 0.999169
2479 0.999206
2480 0.999193
2481 0.999215
2482 0.99922
2483 0.999243
2484 0.999232
2485 0.9993
2486 0.999419
2487 0.999436
2488 0.999485
2489 0.999504
2490 0.999505
2491 0.999496
2492 0.999454
2493 0.999457
2494 0.999499
2495 0.999497
2496 0.999542
2497 0.999571
2498 0.999556
2499 0.999554
2500 0.999525
2501 0.999561
2502 0.999586
2503 0.999599
2504 0.999618
2505 0.999648
2506 0.999657
2507 0.999655
2508 0.999676
2509 0.999665
2510 0.999635
2511 0.99967
2512 0.999663
2513 0.99965
2514 0.999632
2515 0.999664
2516 0.999698
2517 0.999695
2518 0.999732
2519 0.999744
2520 0.99975
2521 0.999783
2522 0.999806
2523 0.999804
2524 0.999835
2525 0.999853
2526 0.999853
2527 0.999878
2528 0.999898
2529 0.999897
2530 0.999882
2531 0.9999
2532 0.999906
2533 0.999916
2534 0.999923
2535 0.999924
2536 0.999927
2537 0.999932
2538 0.999929
2539 0.999925
2540 0.999941
2541 0.999937
2542 0.999928
2543 0.999943
2544 0.999944
2545 0.999958
2546 0.999957
2547 0.999953
2548 0.99996
2549 0.99995
2550 0.999943
2551 0.999939
2552 0.999944
2553 0.999935
2554 0.999922
2555 0.999928
2556 0.999933
2557 0.99993
2558 0.999934
2559 0.999944
2560 0.999938
2561 0.999923
2562 0.999928
2563 0.999912
2564 0.99992
2565 0.999922
2566 0.999931
2567 0.999934
2568 0.999912
2569 0.999929
2570 0.999935
2571 0.999944
2572 0.99994
2573 0.999945
2574 0.999938
2575 0.999933
2576 0.999926
2577 0.999932
2578 0.999945
2579 0.999928
2580 0.999938
2581 0.999932
2582 0.999934
2583 0.999933
2584 0.999931
2585 0.999928
2586 0.99995
2587 0.999949
2588 0.999958
2589 0.999952
2590 0.999939
2591 0.999955
2592 0.999959
2593 0.999961
2594 0.99996
2595 0.999954
2596 0.999966
2597 0.999972
2598 0.999973
2599 0.999969
2600 0.999968
2601 0.999968
2602 0.999969
2603 0.999959
2604 0.999962
2605 0.999951
2606 0.999948
2607 0.999952
2608 0.999956
2609 0.999961
2610 0.999969
2611 0.999971
2612 0.999971
2613 0.999967
2614 0.999966
2615 0.999971
2616 0.999963
2617 0.999961
2618 0.99996
2619 0.999959
2620 0.999959
2621 0.999958
2622 0.999958
2623 0.999967
2624 0.999963
2625 0.999969
2626 0.999967
2627 0.999961
2628 0.999969
2629 0.999961
2630 0.999966
2631 0.99997
2632 0.999971
2633 0.999974
2634 0.999969
2635 0.999979
2636 0.999975
2637 0.999974
2638 0.999974
2639 0.999975
2640 0.999971
2641 0.999968
2642 0.99997
2643 0.999969
2644 0.999968
2645 0.999969
2646 0.999973
2647 0.999973
2648 0.999973
2649 0.999976
2650 0.99997
2651 0.999965
2652 0.999968
2653 0.999956
2654 0.999961
2655 0.999948
2656 0.999948
2657 0.999943
2658 0.999943
2659 0.999942
2660 0.999946
2661 0.999948
2662 0.999948
2663 0.999953
2664 0.999947
2665 0.999952
2666 0.999955
2667 0.999942
2668 0.999955
2669 0.999954
2670 0.999952
2671 0.999937
2672 0.999932
2673 0.999918
2674 0.999918
2675 0.999917
2676 0.999939
2677 0.999938
2678 0.999931
2679 0.999944
2680 0.999941
2681 0.999948
2682 0.999963
2683 0.999959
2684 0.999959
2685 0.999953
2686 0.999959
2687 0.99995
2688 0.999942
2689 0.999944
2690 0.999947
2691 0.99994
2692 0.999949
2693 0.99995
2694 0.999948
2695 0.999961
2696 0.999961
2697 0.999958
2698 0.999963
2699 0.999957
2700 0.999947
2701 0.999952
2702 0.999948
2703 0.999957
2704 0.999956
2705 0.999957
2706 0.999959
2707 0.999963
2708 0.999967
2709 0.999971
2710 0.999979
2711 0.999983
2712 0.999971
2713 0.999961
2714 0.99996
2715 0.99997
2716 0.999972
2717 0.999956
2718 0.999964
2719 0.999957
2720 0.999954
2721 0.99996
2722 0.999955
2723 0.999949
2724 0.999945
2725 0.999953
2726 0.99995
2727 0.99995
2728 0.999956
2729 0.999958
2730 0.999947
2731 0.999939
2732 0.999944
2733 0.999943
2734 0.999941
2735 0.999931
2736 0.999932
2737 0.999943
2738 0.999946
2739 0.99995
2740 0.999945
2741 0.999943
2742 0.99992
2743 0.999911
2744 0.999937
2745 0.999934
2746 0.999939
2747 0.999926
2748 0.999947
2749 0.999963
2750 0.999968
2751 0.999969
2752 0.999965
2753 0.999969
2754 0.999964
2755 0.999972
2756 0.99997
2757 0.999972
2758 0.999973
2759 0.999967
2760 0.999955
2761 0.999954
2762 0.999966
2763 0.999968
2764 0.999964
