0 -0.0731434
3 -0.143109
6 -0.0389749
9 0.0276626
12 0.0753877
15 0.111057
18 0.143555
21 0.162612
24 0.188748
27 0.158392
30 0.125543
33 0.119763
36 0.057852
39 0.0162747
42 -0.0083368
45 -0.0273989
48 -0.0250131
51 -0.0363246
54 -0.0298539
57 -0.0136147
60 -0.00984755
63 0.0223737
66 0.0195109
69 0.031305
72 0.0491658
75 0.0674681
78 0.101006
81 0.107543
84 0.132769
87 0.152997
90 0.165742
93 0.176943
96 0.179603
99 0.183088
102 0.184237
105 0.195161
108 0.203086
111 0.2048
114 0.211406
117 0.225611
120 0.231113
123 0.232834
126 0.240911
129 0.238565
132 0.249532
135 0.241806
138 0.230635
141 0.234087
144 0.245637
147 0.249098
150 0.268091
153 0.269158
156 0.283409
159 0.292951
162 0.302304
165 0.306826
168 0.308647
171 0.314122
174 0.313771
177 0.323802
180 0.332076
183 0.339489
186 0.350103
189 0.355018
192 0.359926
195 0.370041
198 0.371053
201 0.386172
204 0.392358
207 0.402712
210 0.417104
213 0.424906
216 0.430102
219 0.441561
222 0.452097
225 0.454893
228 0.466091
231 0.472207
234 0.480337
237 0.481989
240 0.486177
243 0.487955
246 0.496642
249 0.497884
252 0.501244
255 0.504595
258 0.505567
261 0.508961
264 0.520145
267 0.523997
270 0.529069
273 0.532364
276 0.534508
279 0.540197
282 0.546542
285 0.551472
288 0.551269
291 0.557268
294 0.564198
297 0.569076
300 0.569365
303 0.576802
306 0.580164
309 0.579444
312 0.588789
315 0.591319
318 0.594833
321 0.597212
324 0.601568
327 0.602968
330 0.606459
333 0.6118
336 0.612828
339 0.616212
342 0.620664
345 0.623313
348 0.625442
351 0.630253
354 0.630786
357 0.633674
360 0.637327
363 0.63861
366 0.642168
369 0.644135
372 0.646944
375 0.649775
378 0.649566
381 0.650819
384 0.65009
387 0.654541
390 0.658005
393 0.66315
396 0.668034
399 0.673781
402 0.676069
405 0.681209
408 0.68035
411 0.681216
414 0.681676
417 0.682357
420 0.687298
423 0.689181
426 0.689848
429 0.692208
432 0.693094
435 0.698107
438 0.697805
441 0.6988
444 0.698761
447 0.703399
450 0.705041
453 0.705981
456 0.709648
459 0.710955
462 0.711729
465 0.713388
468 0.71456
471 0.714914
474 0.719071
477 0.720885
480 0.722684
483 0.72718
486 0.727023
489 0.72624
492 0.728947
495 0.731817
498 0.734753
501 0.736238
504 0.737659
507 0.739275
510 0.742359
513 0.746824
516 0.747908
519 0.747807
522 0.752953
525 0.754408
528 0.75626
531 0.756043
534 0.756659
537 0.757315
540 0.757474
543 0.758408
546 0.760375
549 0.761151
552 0.762883
555 0.763324
558 0.764148
561 0.765667
564 0.769129
567 0.771786
570 0.77484
573 0.775483
576 0.775789
579 0.776986
582 0.780985
585 0.78276
588 0.784183
591 0.785275
594 0.786991
597 0.789688
600 0.789736
603 0.789187
606 0.790783
609 0.792911
612 0.795179
615 0.796402
618 0.795801
621 0.79508
624 0.798259
627 0.799278
630 0.7994
633 0.80025
636 0.800114
639 0.801321
642 0.803078
645 0.804226
648 0.806542
651 0.807287
654 0.809737
657 0.811425
660 0.811116
663 0.811769
666 0.813451
669 0.81416
672 0.815478
675 0.817198
678 0.819756
681 0.820115
684 0.820496
687 0.821517
690 0.82162
693 0.822818
696 0.82336
699 0.823019
702 0.824014
705 0.825552
708 0.82717
711 0.828707
714 0.830366
717 0.831534
720 0.833217
723 0.834147
726 0.833908
729 0.833972
732 0.834489
735 0.83692
738 0.837479
741 0.837554
744 0.838197
747 0.839095
750 0.839489
753 0.841116
756 0.843084
759 0.843456
762 0.84478
765 0.846018
768 0.848918
771 0.848896
774 0.848219
777 0.84809
780 0.849387
783 0.850694
786 0.852086
789 0.852432
792 0.8525
795 0.854109
798 0.854217
801 0.856223
804 0.857814
807 0.857397
810 0.858994
813 0.860123
816 0.860846
819 0.860384
822 0.86115
825 0.861486
828 0.860593
831 0.860085
834 0.861766
837 0.862708
840 0.863133
843 0.862742
846 0.864059
849 0.864995
852 0.863907
855 0.864595
858 0.864532
861 0.864635
864 0.865223
867 0.865912
870 0.866519
873 0.867963
876 0.867737
879 0.868561
882 0.870481
885 0.870643
888 0.871608
891 0.873171
894 0.873496
897 0.875147
900 0.875904
903 0.877448
906 0.877481
909 0.876664
912 0.878454
915 0.879549
918 0.881415
921 0.88222
924 0.882222
927 0.882592
930 0.882427
933 0.882931
936 0.882552
939 0.882487
942 0.883113
945 0.883802
948 0.883887
951 0.885076
954 0.884905
957 0.884968
960 0.88504
963 0.885345
966 0.88638
969 0.887066
972 0.887915
975 0.888857
978 0.889534
981 0.889501
984 0.889329
987 0.889825
990 0.888447
993 0.890275
996 0.891458
999 0.892371
1002 0.893326
1005 0.893003
1008 0.892575
1011 0.893541
1014 0.894858
1017 0.895662
1020 0.895903
1023 0.897209
1026 0.898364
1029 0.897714
1032 0.898826
1035 0.898575
1038 0.897917
1041 0.898062
1044 0.900053
1047 0.902658
1050 0.904783
1053 0.905825
1056 0.906253
1059 0.90661
1062 0.90758
1065 0.907721
1068 0.907739
1071 0.908078
1074 0.909456
1077 0.909717
1080 0.909675
1083 0.910238
1086 0.911637
1089 0.91199
1092 0.912545
1095 0.913637
1098 0.913763
1101 0.915087
1104 0.915664
1107 0.915124
1110 0.914838
1113 0.914895
1116 0.915875
1119 0.914999
1122 0.916049
1125 0.916353
1128 0.916826
1131 0.919169
1134 0.919391
1137 0.921396
1140 0.922019
1143 0.920514
1146 0.921134
1149 0.920318
1152 0.921424
1155 0.921529
1158 0.922407
1161 0.922928
1164 0.924359
1167 0.925438
1170 0.924593
1173 0.925006
1176 0.926191
1179 0.927191
1182 0.927238
1185 0.927714
1188 0.929237
1191 0.929478
1194 0.930009
1197 0.931021
1200 0.931702
1203 0.931282
1206 0.931924
1209 0.9325
1212 0.933455
1215 0.933805
1218 0.934382
1221 0.934947
1224 0.934369
1227 0.934876
1230 0.936169
1233 0.937147
1236 0.93809
1239 0.93824
1242 0.939824
1245 0.939709
1248 0.940878
1251 0.939561
1254 0.941214
1257 0.940428
1260 0.940729
1263 0.940695
1266 0.940896
1269 0.941151
1272 0.941323
1275 0.942083
1278 0.943169
1281 0.943584
1284 0.944985
1287 0.945287
1290 0.945706
1293 0.945975
1296 0.946018
1299 0.946779
1302 0.948193
1305 0.946929
1308 0.947534
1311 0.947679
1314 0.948559
1317 0.948839
1320 0.949026
1323 0.949045
1326 0.948071
1329 0.948616
1332 0.949512
1335 0.949658
1338 0.949181
1341 0.949686
1344 0.950337
1347 0.951425
1350 0.951783
1353 0.951949
1356 0.951721
1359 0.951696
1362 0.952246
1365 0.952907
1368 0.953444
1371 0.953918
1374 0.954626
1377 0.955981
1380 0.955616
1383 0.956984
1386 0.957249
1389 0.957393
1392 0.957721
1395 0.95798
1398 0.957903
1401 0.959154
1404 0.959244
1407 0.958432
1410 0.958807
1413 0.958836
1416 0.957936
1419 0.959144
1422 0.960157
1425 0.960955
1428 0.961666
1431 0.962399
1434 0.962822
1437 0.963348
1440 0.963951
1443 0.964961
1446 0.965095
1449 0.965759
1452 0.965357
1455 0.965973
1458 0.965959
1461 0.965377
1464 0.965918
1467 0.966642
1470 0.967446
1473 0.96748
1476 0.968138
1479 0.969303
1482 0.969576
1485 0.96989
1488 0.970902
1491 0.971367
1494 0.971854
1497 0.971821
1500 0.97272
1503 0.97337
1506 0.973748
1509 0.973604
1512 0.974479
1515 0.975338
1518 0.976357
1521 0.977124
1524 0.977474
1527 0.977382
1530 0.977452
1533 0.977066
1536 0.977575
1539 0.977734
1542 0.977737
1545 0.977793
1548 0.978402
1551 0.978903
1554 0.979355
1557 0.979226
1560 0.978838
1563 0.979241
1566 0.979551
1569 0.980312
1572 0.980846
1575 0.980497
1578 0.980292
1581 0.980898
1584 0.981172
1587 0.981142
1590 0.981887
1593 0.982345
1596 0.982535
1599 0.982658
1602 0.982356
1605 0.982797
1608 0.983014
1611 0.98243
1614 0.982775
1617 0.983012
1620 0.983196
1623 0.983311
1626 0.983598
1629 0.983668
1632 0.983652
1635 0.983674
1638 0.984563
1641 0.984769
1644 0.984903
1647 0.985236
1650 0.985052
1653 0.985169
1656 0.984628
1659 0.983941
1662 0.984476
1665 0.985065
1668 0.984876
1671 0.984913
1674 0.985487
1677 0.986058
1680 0.986733
1683 0.986479
1686 0.986423
1689 0.986489
1692 0.986808
1695 0.987374
1698 0.98836
1701 0.98849
1704 0.988945
1707 0.988985
1710 0.989915
1713 0.990104
1716 0.990044
1719 0.990089
1722 0.990037
1725 0.990403
1728 0.990851
1731 0.991128
1734 0.991044
1737 0.99105
1740 0.991497
1743 0.991659
1746 0.991628
1749 0.991518
1752 0.991515
1755 0.991694
1758 0.991743
1761 0.991962
1764 0.992214
1767 0.992425
1770 0.992655
1773 0.993014
1776 0.993405
1779 0.99346
1782 0.993935
1785 0.994268
1788 0.994554
1791 0.994964
1794 0.995232
1797 0.995177
1800 0.995759
1803 0.995716
1806 0.995661
1809 0.995679
1812 0.995729
1815 0.996174
1818 0.996214
1821 0.996177
1824 0.996606
1827 0.996908
1830 0.996839
1833 0.997028
1836 0.997271
1839 0.997564
1842 0.997628
1845 0.998059
1848 0.998035
1851 0.998201
1854 0.998419
1857 0.998664
1860 0.998867
1863 0.999181
1866 0.999336
1869 0.999516
1872 0.999571
1875 0.999735
1878 0.999687
1881 0.999757
1884 0.999793
1887 0.999818
1890 0.999841
1893 0.999875
1896 0.999888
1899 0.999898
1902 0.999913
1905 0.999933
1908 0.999921
1911 0.999933
1914 0.999935
1917 0.999948
1920 0.999963
1923 0.99996
1926 0.999959
1929 0.999969
1932 0.999964
1935 0.999962
1938 0.999966
1941 0.99996
1944 0.999959
1947 0.999961
1950 0.999969
1953 0.999962
1956 0.999962
1959 0.999961
1962 0.999962
1965 0.999964
1968 0.999973
1971 0.999973
1974 0.999963
1977 0.999965
1980 0.999966
1983 0.999975
1986 0.99998
1989 0.999976
1992 0.99997
1995 0.999971
1998 0.999968
2001 0.999974
2004 0.99997
2007 0.999956
2010 0.999957
2013 0.999957
2016 0.999959
2019 0.999963
2022 0.999971
2025 0.99997
2028 0.999976
2031 0.99997
2034 0.999969
2037 0.999966
2040 0.999964
2043 0.999967
2046 0.999971
2049 0.999978
2052 0.999974
2055 0.999978
2058 0.999966
2061 0.999962
2064 0.999969
2067 0.999968
2070 0.999965
2073 0.99997
2076 0.999958
2079 0.999963
2082 0.999969
2085 0.999974
2088 0.999966
2091 0.999971
2094 0.999974
2097 0.999973
2100 0.999972
2103 0.99997
2106 0.99997
2109 0.999962
2112 0.999965
2115 0.999979
2118 0.999979
2121 0.999971
2124 0.999976
2127 0.999978
2130 0.999967
2133 0.999959
2136 0.999956
2139 0.999958
2142 0.999962
2145 0.999955
2148 0.999961
2151 0.999961
2154 0.999955
2157 0.999955
2160 0.999958
2163 0.999968
2166 0.999977
2169 0.999978
2172 0.99997
2175 0.999972
2178 0.999971
2181 0.999971
2184 0.99997
2187 0.999975
2190 0.999977
2193 0.999973
2196 0.999976
2199 0.999978
2202 0.999965
2205 0.999963
2208 0.999969
2211 0.999969
2214 0.999963
2217 0.999965
2220 0.999955
2223 0.999959
2226 0.999965
2229 0.999969
2232 0.999958
2235 0.999964
2238 0.99996
2241 0.999965
2244 0.999968
2247 0.999968
2250 0.999966
2253 0.999961
2256 0.999965
2259 0.999957
2262 0.999966
2265 0.999955
2268 0.999964
2271 0.999971
2274 0.999958
2277 0.999957
2280 0.999957
2283 0.99996
2286 0.99996
2289 0.999968
2292 0.999966
2295 0.999971
2298 0.999972
2301 0.999956
2304 0.999972
2307 0.999975
2310 0.99998
2313 0.999974
2316 0.999979
2319 0.999978
2322 0.999973
2325 0.999962
2328 0.999957
2331 0.999963
2334 0.999973
2337 0.999974
2340 0.999967
2343 0.999972
2346 0.999965
2349 0.999967
2352 0.999957
2355 0.999958
2358 0.999969
2361 0.999961
2364 0.999973
2367 0.99996
2370 0.999962
2373 0.99997
2376 0.999967
2379 0.999967
2382 0.99997
2385 0.999973
2388 0.999964
2391 0.999964
2394 0.999954
2397 0.999966
2400 0.999966
2403 0.999952
2406 0.999967
2409 0.999963
2412 0.999957
2415 0.999964
2418 0.999967
2421 0.999977
2424 0.999981
2427 0.999977
2430 0.999972
2433 0.999977
2436 0.999965
2439 0.999961
2442 0.999971
2445 0.999977
2448 0.999961
2451 0.999964
2454 0.999961
2457 0.999965
2460 0.999974
2463 0.999974
2466 0.999978
2469 0.999968
2472 0.999968
2475 0.999969
2478 0.99997
2481 0.99997
2484 0.999961
2487 0.999963
2490 0.999964
2493 0.999962
2496 0.999968
2499 0.999974
2502 0.999972
2505 0.999975
2508 0.999961
2511 0.999962
2514 0.999956
2517 0.99996
2520 0.999971
2523 0.999982
2526 0.999971
2529 0.999967
2532 0.99998
2535 0.999977
2538 0.999975
2541 0.999978
2544 0.999971
2547 0.999974
2550 0.99997
2553 0.999972
2556 0.999972
2559 0.999963
2562 0.999969
2565 0.999968
2568 0.999966
2571 0.99996
2574 0.999965
2577 0.999964
2580 0.999956
2583 0.999973
2586 0.999972
2589 0.99997
2592 0.999973
2595 0.999978
2598 0.999976
2601 0.999971
2604 0.999974
2607 0.999976
2610 0.999966
2613 0.999968
2616 0.999973
2619 0.999955
2622 0.999967
2625 0.999961
2628 0.999968
2631 0.999974
2634 0.999965
2637 0.99996
2640 0.999965
2643 0.999978
2646 0.999975
2649 0.999978
2652 0.999979
2655 0.999965
2658 0.999962
2661 0.999962
2664 0.999965
2667 0.999975
2670 0.999969
2673 0.999968
2676 0.999965
2679 0.999967
2682 0.99997
2685 0.999972
2688 0.999979
2691 0.999966
2694 0.999969
2697 0.999966
2700 0.999972
2703 0.999977
2706 0.999981
2709 0.999969
2712 0.999968
2715 0.999976
2718 0.999967
2721 0.999968
2724 0.999971
2727 0.999964
2730 0.999963
2733 0.999955
2736 0.999958
2739 0.999966
2742 0.999962
2745 0.999971
2748 0.999966
2751 0.99997
2754 0.999969
2757 0.999967
2760 0.999966
2763 0.999964
