0 0.0151668
3 0.0306134
6 0.122371
9 0.150008
12 0.157433
15 0.160614
18 0.17091
21 0.175009
24 0.184935
27 0.17217
30 0.142448
33 0.133403
36 0.0903433
39 0.0660926
42 0.0400164
45 0.0314905
48 0.0323678
51 0.0113396
54 0.0106713
57 0.0185311
60 0.00873412
63 0.0219138
66 0.0202829
69 0.0257963
72 0.0396571
75 0.0521434
78 0.0713897
81 0.0779701
84 0.0874582
87 0.0961601
90 0.109118
93 0.116433
96 0.122641
99 0.130913
102 0.136584
105 0.149823
108 0.166596
111 0.175998
114 0.181409
117 0.192518
120 0.195462
123 0.196913
126 0.20808
129 0.211668
132 0.220818
135 0.222818
138 0.222452
141 0.23031
144 0.243042
147 0.248858
150 0.259248
153 0.260573
156 0.269028
159 0.277637
162 0.288143
165 0.290829
168 0.300004
171 0.309737
174 0.310982
177 0.316114
180 0.32325
183 0.331924
186 0.339711
189 0.34546
192 0.355297
195 0.360893
198 0.365583
201 0.379078
204 0.382315
207 0.393021
210 0.404612
213 0.412119
216 0.415434
219 0.427366
222 0.434006
225 0.434563
228 0.441008
231 0.44571
234 0.452763
237 0.456388
240 0.462492
243 0.466943
246 0.473168
249 0.477238
252 0.482709
255 0.483313
258 0.486371
261 0.489225
264 0.49584
267 0.501518
270 0.505906
273 0.509125
276 0.511313
279 0.514729
282 0.518941
285 0.521714
288 0.52529
291 0.528307
294 0.53359
297 0.537271
300 0.540513
303 0.547444
306 0.550209
309 0.552628
312 0.557925
315 0.559021
318 0.561773
321 0.567879
324 0.569996
327 0.571516
330 0.575849
333 0.578828
336 0.580959
339 0.58285
342 0.585287
345 0.588753
348 0.590254
351 0.593409
354 0.596096
357 0.599076
360 0.601307
363 0.604023
366 0.607272
369 0.610825
372 0.615053
375 0.617174
378 0.61786
381 0.619756
384 0.620936
387 0.62548
390 0.628266
393 0.631902
396 0.636812
399 0.641282
402 0.643181
405 0.64648
408 0.648482
411 0.650435
414 0.652439
417 0.653203
420 0.656995
423 0.658845
426 0.661208
429 0.664343
432 0.665839
435 0.670096
438 0.669338
441 0.671329
444 0.67299
447 0.676616
450 0.679264
453 0.680001
456 0.682072
459 0.683073
462 0.684414
465 0.686521
468 0.688641
471 0.690372
474 0.694592
477 0.696381
480 0.698014
483 0.700864
486 0.702344
489 0.705154
492 0.706893
495 0.709498
498 0.713144
501 0.715526
504 0.716322
507 0.718719
510 0.722712
513 0.725024
516 0.725071
519 0.725272
522 0.729578
525 0.732381
528 0.734242
531 0.736183
534 0.736004
537 0.736812
540 0.737426
543 0.738635
546 0.740478
549 0.740975
552 0.74171
555 0.74354
558 0.744568
561 0.745455
564 0.747575
567 0.75029
570 0.752922
573 0.753688
576 0.754906
579 0.755391
582 0.757788
585 0.75827
588 0.75948
591 0.760086
594 0.761778
597 0.763863
600 0.764008
603 0.76408
606 0.765575
609 0.767747
612 0.769203
615 0.77118
618 0.770784
621 0.770504
624 0.773365
627 0.774352
630 0.774243
633 0.775216
636 0.775187
639 0.776605
642 0.776982
645 0.777818
648 0.779257
651 0.779371
654 0.781552
657 0.784223
660 0.7848
663 0.786365
666 0.787114
669 0.788319
672 0.789376
675 0.78963
678 0.791815
681 0.792107
684 0.792786
687 0.793444
690 0.793569
693 0.795693
696 0.797433
699 0.797746
702 0.79928
705 0.801371
708 0.80302
711 0.805481
714 0.806703
717 0.808095
720 0.809246
723 0.810051
726 0.81053
729 0.811051
732 0.811438
735 0.81301
738 0.814228
741 0.814274
744 0.815386
747 0.817002
750 0.817554
753 0.819096
756 0.821976
759 0.823171
762 0.824172
765 0.826417
768 0.828864
771 0.829104
774 0.830163
777 0.830124
780 0.8317
783 0.832351
786 0.833661
789 0.834384
792 0.835179
795 0.836147
798 0.836939
801 0.838651
804 0.840279
807 0.840585
810 0.842455
813 0.843375
816 0.844833
819 0.845291
822 0.846063
825 0.847249
828 0.846975
831 0.847368
834 0.84869
837 0.849451
840 0.849484
843 0.84908
846 0.850601
849 0.851878
852 0.851868
855 0.852902
858 0.852989
861 0.853519
864 0.85429
867 0.85498
870 0.856104
873 0.857048
876 0.856904
879 0.857767
882 0.859186
885 0.86005
888 0.860431
891 0.861553
894 0.861919
897 0.862963
900 0.864271
903 0.865395
906 0.866184
909 0.86559
912 0.86636
915 0.86729
918 0.867891
921 0.868998
924 0.869732
927 0.870379
930 0.87115
933 0.872572
936 0.872436
939 0.873527
942 0.87438
945 0.87522
948 0.87546
951 0.87688
954 0.877125
957 0.877247
960 0.877395
963 0.877977
966 0.878305
969 0.878434
972 0.87874
975 0.879512
978 0.879805
981 0.879623
984 0.879106
987 0.879644
990 0.879342
993 0.880266
996 0.881311
999 0.882864
1002 0.883714
1005 0.884079
1008 0.884313
1011 0.885341
1014 0.885896
1017 0.886669
1020 0.887434
1023 0.888433
1026 0.88941
1029 0.890022
1032 0.891226
1035 0.890947
1038 0.891193
1041 0.891157
1044 0.892454
1047 0.893815
1050 0.895649
1053 0.896505
1056 0.896203
1059 0.896895
1062 0.898126
1065 0.898115
1068 0.898184
1071 0.898917
1074 0.899444
1077 0.899901
1080 0.900522
1083 0.900478
1086 0.901894
1089 0.902118
1092 0.902566
1095 0.903736
1098 0.904487
1101 0.905789
1104 0.906457
1107 0.906648
1110 0.906898
1113 0.907492
1116 0.908398
1119 0.908097
1122 0.909383
1125 0.909497
1128 0.909956
1131 0.911388
1134 0.911842
1137 0.913137
1140 0.913901
1143 0.913351
1146 0.91322
1149 0.913381
1152 0.914195
1155 0.913535
1158 0.914022
1161 0.914531
1164 0.915348
1167 0.91604
1170 0.915545
1173 0.916863
1176 0.917841
1179 0.918591
1182 0.918957
1185 0.919674
1188 0.920276
1191 0.920605
1194 0.921062
1197 0.921055
1200 0.922165
1203 0.922331
1206 0.922918
1209 0.923728
1212 0.925343
1215 0.925997
1218 0.926183
1221 0.927163
1224 0.92708
1227 0.927914
1230 0.928639
1233 0.92944
1236 0.929623
1239 0.930078
1242 0.931482
1245 0.931918
1248 0.932623
1251 0.932175
1254 0.933224
1257 0.933156
1260 0.933367
1263 0.933889
1266 0.934051
1269 0.934366
1272 0.934572
1275 0.934823
1278 0.935406
1281 0.935982
1284 0.936855
1287 0.937216
1290 0.937679
1293 0.937912
1296 0.937972
1299 0.938704
1302 0.939768
1305 0.939338
1308 0.940283
1311 0.940674
1314 0.941063
1317 0.94161
1320 0.941853
1323 0.942046
1326 0.941966
1329 0.942491
1332 0.943281
1335 0.94363
1338 0.943876
1341 0.94469
1344 0.944843
1347 0.945598
1350 0.945751
1353 0.946186
1356 0.946326
1359 0.947033
1362 0.947679
1365 0.948358
1368 0.948928
1371 0.94952
1374 0.950079
1377 0.950875
1380 0.95097
1383 0.951781
1386 0.951898
1389 0.952005
1392 0.952053
1395 0.952301
1398 0.952508
1401 0.953485
1404 0.953527
1407 0.953328
1410 0.953557
1413 0.953833
1416 0.953818
1419 0.954953
1422 0.956025
1425 0.956233
1428 0.9569
1431 0.957074
1434 0.957257
1437 0.957695
1440 0.957747
1443 0.958537
1446 0.958483
1449 0.958879
1452 0.95899
1455 0.959676
1458 0.959879
1461 0.95963
1464 0.95977
1467 0.960078
1470 0.960535
1473 0.960579
1476 0.960928
1479 0.961818
1482 0.962077
1485 0.962545
1488 0.962996
1491 0.963333
1494 0.963856
1497 0.964268
1500 0.964826
1503 0.965542
1506 0.966026
1509 0.966073
1512 0.966454
1515 0.967238
1518 0.967763
1521 0.96838
1524 0.969157
1527 0.969046
1530 0.969104
1533 0.969067
1536 0.969404
1539 0.969814
1542 0.970088
1545 0.970214
1548 0.970999
1551 0.971674
1554 0.971867
1557 0.972103
1560 0.971899
1563 0.972046
1566 0.972448
1569 0.972789
1572 0.972942
1575 0.972719
1578 0.972671
1581 0.972995
1584 0.973157
1587 0.973414
1590 0.974008
1593 0.974612
1596 0.974828
1599 0.974829
1602 0.97489
1605 0.975245
1608 0.975456
1611 0.975333
1614 0.975685
1617 0.976187
1620 0.97639
1623 0.976642
1626 0.976912
1629 0.977195
1632 0.97718
1635 0.97716
1638 0.977848
1641 0.978057
1644 0.978247
1647 0.978387
1650 0.978302
1653 0.978334
1656 0.978154
1659 0.977957
1662 0.978299
1665 0.978608
1668 0.978569
1671 0.978638
1674 0.97897
1677 0.97934
1680 0.979813
1683 0.979844
1686 0.979803
1689 0.979952
1692 0.980169
1695 0.980411
1698 0.980839
1701 0.980803
1704 0.980888
1707 0.981143
1710 0.981684
1713 0.981735
1716 0.981687
1719 0.981541
1722 0.981579
1725 0.981978
1728 0.982292
1731 0.982425
1734 0.982448
1737 0.982454
1740 0.982776
1743 0.983009
1746 0.983181
1749 0.983209
1752 0.983163
1755 0.98321
1758 0.983301
1761 0.983194
1764 0.983361
1767 0.983515
1770 0.98355
1773 0.98384
1776 0.984309
1779 0.984231
1782 0.984489
1785 0.984786
1788 0.984848
1791 0.985139
1794 0.985233
1797 0.985097
1800 0.985547
1803 0.985445
1806 0.985374
1809 0.985332
1812 0.985336
1815 0.985501
1818 0.985511
1821 0.985707
1824 0.985947
1827 0.986042
1830 0.986111
1833 0.986282
1836 0.9866
1839 0.986635
1842 0.986703
1845 0.986755
1848 0.986744
1851 0.986963
1854 0.987065
1857 0.987349
1860 0.987266
1863 0.987444
1866 0.987534
1869 0.987563
1872 0.987523
1875 0.987634
1878 0.987689
1881 0.987656
1884 0.987605
1887 0.987648
1890 0.987643
1893 0.987626
1896 0.987553
1899 0.987587
1902 0.987646
1905 0.987671
1908 0.987634
1911 0.9878
1914 0.987726
1917 0.98782
1920 0.987783
1923 0.987726
1926 0.987788
1929 0.987701
1932 0.987816
1935 0.988009
1938 0.98797
1941 0.988206
1944 0.988173
1947 0.988134
1950 0.988103
1953 0.988104
1956 0.988113
1959 0.988212
1962 0.988273
1965 0.98838
1968 0.988315
1971 0.988396
1974 0.988392
1977 0.988386
1980 0.98835
1983 0.988404
1986 0.98847
1989 0.988578
1992 0.988624
1995 0.988628
1998 0.988741
2001 0.98878
2004 0.98882
2007 0.988967
2010 0.989008
2013 0.989059
2016 0.989012
2019 0.989014
2022 0.98897
2025 0.988994
2028 0.989084
2031 0.98909
2034 0.989096
2037 0.989089
2040 0.989025
2043 0.989064
2046 0.989135
2049 0.989195
2052 0.989262
2055 0.989226
2058 0.989281
2061 0.989354
2064 0.989375
2067 0.989405
2070 0.98945
2073 0.9895
2076 0.989563
2079 0.989633
2082 0.989632
2085 0.989617
2088 0.98961
2091 0.989643
2094 0.989686
2097 0.98968
2100 0.989721
2103 0.989773
2106 0.989791
2109 0.989795
2112 0.989819
2115 0.989874
2118 0.989893
2121 0.989883
2124 0.989934
2127 0.98993
2130 0.989912
2133 0.989928
2136 0.989939
2139 0.98992
2142 0.9899
2145 0.98988
2148 0.989893
2151 0.989875
2154 0.989861
2157 0.989856
2160 0.989867
2163 0.989868
2166 0.989876
2169 0.989888
2172 0.989889
2175 0.989908
2178 0.989906
2181 0.989899
2184 0.989933
2187 0.989912
2190 0.989907
2193 0.989909
2196 0.98992
2199 0.989903
2202 0.989897
2205 0.989905
2208 0.989903
2211 0.989899
2214 0.989885
2217 0.989895
2220 0.989893
2223 0.989914
2226 0.989895
2229 0.98989
2232 0.989888
2235 0.989916
2238 0.989953
2241 0.989966
2244 0.989951
2247 0.98997
2250 0.989962
2253 0.989923
2256 0.989914
2259 0.989924
2262 0.989926
2265 0.989922
2268 0.989895
2271 0.989913
2274 0.989882
2277 0.989888
2280 0.989877
2283 0.989881
2286 0.989878
2289 0.989886
2292 0.989867
2295 0.989866
2298 0.989868
2301 0.989862
2304 0.989866
2307 0.989871
2310 0.989873
2313 0.989866
2316 0.989876
2319 0.989882
2322 0.98988
2325 0.989901
2328 0.989886
2331 0.989867
2334 0.989872
2337 0.989876
2340 0.989868
2343 0.989877
2346 0.989871
2349 0.989869
2352 0.98986
2355 0.989869
2358 0.989879
2361 0.989872
2364 0.989879
2367 0.989867
2370 0.989869
2373 0.98988
2376 0.989865
2379 0.989881
2382 0.989881
2385 0.989876
2388 0.989876
2391 0.989909
2394 0.989906
2397 0.989904
2400 0.989891
2403 0.989866
2406 0.98989
2409 0.989916
2412 0.989897
2415 0.98992
2418 0.989917
2421 0.989911
2424 0.989935
2427 0.989939
2430 0.989938
2433 0.989915
2436 0.989905
2439 0.989893
2442 0.98989
2445 0.989893
2448 0.989874
2451 0.989871
2454 0.98987
2457 0.989878
2460 0.989877
2463 0.989868
2466 0.989871
2469 0.989875
2472 0.989878
2475 0.989874
2478 0.989875
2481 0.989875
2484 0.989863
2487 0.989896
2490 0.989898
2493 0.989899
2496 0.989886
2499 0.989917
2502 0.989884
2505 0.989876
2508 0.989871
2511 0.989876
2514 0.989863
2517 0.989874
2520 0.989883
2523 0.989883
2526 0.989874
2529 0.98987
2532 0.98988
2535 0.989881
2538 0.989881
2541 0.989872
2544 0.989869
2547 0.98987
2550 0.989861
2553 0.989874
2556 0.989867
2559 0.989876
2562 0.989899
2565 0.989884
2568 0.989889
2571 0.989885
2574 0.989895
2577 0.989881
2580 0.989883
2583 0.989886
2586 0.989874
2589 0.989871
2592 0.989876
2595 0.989882
2598 0.989869
2601 0.989869
2604 0.98988
2607 0.989878
2610 0.989874
2613 0.989865
2616 0.989871
2619 0.989861
2622 0.989873
2625 0.98987
2628 0.989874
2631 0.989872
2634 0.989864
2637 0.98987
2640 0.989873
2643 0.98989
2646 0.989884
2649 0.989884
2652 0.989895
2655 0.98991
2658 0.989899
2661 0.989874
2664 0.9899
2667 0.989914
2670 0.989913
2673 0.989923
2676 0.989935
2679 0.989907
2682 0.989894
2685 0.989918
2688 0.989908
2691 0.989894
2694 0.989879
2697 0.989876
2700 0.989893
2703 0.989888
2706 0.98989
2709 0.989882
2712 0.989892
2715 0.989892
2718 0.989881
2721 0.989878
2724 0.989868
2727 0.989881
2730 0.989894
2733 0.989878
2736 0.989892
2739 0.989895
2742 0.989929
2745 0.989942
2748 0.98992
2751 0.989915
2754 0.989913
2757 0.989924
2760 0.989913
2763 0.989905
