0 820.40666667 823.00000000
20.25000000 20.42666667 20.54000000
40.50000000 12.80666667 12.88333333
60.75000000 9.80666667 9.94666667
81.00000000 8.12000000 8.18666667
101.25000000 6.91666667 7.01000000
121.50000000 6.14333333 6.12000000
141.75000000 5.59666667 5.62666667
162.00000000 5.15333333 5.18333333
182.25000000 4.84333333 4.89666667
202.50000000 4.57333333 4.60000000
222.75000000 4.26000000 4.23000000
243.00000000 3.95666667 4.02000000
263.25000000 3.80000000 3.80000000
283.50000000 3.57000000 3.62666667
303.75000000 3.42666667 3.46333333
324.00000000 3.27666667 3.27000000
344.25000000 3.11000000 3.14000000
364.50000000 3.02333333 3.00333333
384.75000000 2.89000000 2.90333333
405.00000000 2.80333333 2.77000000
425.25000000 2.72666667 2.74666667
445.50000000 2.67666667 2.69666667
465.75000000 2.56666667 2.57000000
486.00000000 2.46666667 2.47666667
506.25000000 2.40000000 2.41333333
526.50000000 2.34333333 2.35666667
546.75000000 2.29000000 2.24333333
567.00000000 2.18666667 2.23000000
587.25000000 2.20000000 2.16000000
607.50000000 2.13333333 2.11333333
627.75000000 2.09666667 2.11666667
648.00000000 2.05666667 2.03333333
668.25000000 1.99000000 1.99666667
688.50000000 1.96666667 1.99000000
708.75000000 1.92666667 1.96333333
729.00000000 1.90000000 1.90333333
749.25000000 1.85000000 1.87333333
769.50000000 1.76000000 1.78333333
789.75000000 1.73000000 1.72666667
810.00000000 1.74000000 1.71666667
830.25000000 1.71666667 1.73000000
850.50000000 1.66333333 1.71666667
870.75000000 1.65000000 1.68000000
891.00000000 1.61666667 1.63000000
911.25000000 1.61333333 1.63666667
931.50000000 1.60000000 1.62000000
951.75000000 1.49666667 1.56666667
972.00000000 1.57333333 1.54666667
992.25000000 1.48000000 1.53000000
1012.50000000 1.46666667 1.50666667
1032.75000000 1.48333333 1.50666667
1053.00000000 1.43666667 1.48666667
1073.25000000 1.45333333 1.45333333
1093.50000000 1.41333333 1.41000000
1113.75000000 1.37333333 1.40000000
1134.00000000 1.36000000 1.38666667
1154.25000000 1.36333333 1.33000000
1174.50000000 1.34333333 1.36666667
1194.75000000 1.28333333 1.31666667
1215.00000000 1.29000000 1.29666667
1235.25000000 1.25333333 1.27333333
1255.50000000 1.29666667 1.27333333
1275.75000000 1.26000000 1.24666667
1296.00000000 1.21666667 1.22666667
1316.25000000 1.21666667 1.25333333
1336.50000000 1.20333333 1.16333333
1356.75000000 1.20666667 1.18333333
1377.00000000 1.17666667 1.20000000
1397.25000000 1.17333333 1.12666667
1417.50000000 1.14333333 1.15666667
1437.75000000 1.14333333 1.11333333
1458.00000000 1.10000000 1.13000000
1478.25000000 1.08333333 1.10666667
1498.50000000 1.10000000 1.04666667
1518.75000000 1.06000000 1.02666667
1539.00000000 1.01666667 1.05000000
1559.25000000 1.03666667 1.06000000
1579.50000000 1.04000000 1.04000000
1599.75000000 1.02666667 1.02000000
1620.00000000 1.02000000 1.02333333
1640.25000000 1.02666667 1.02666667
1660.50000000 0.97000000 1.02000000
1680.75000000 1.00000000 1.01333333
1701.00000000 0.99000000 0.97666667
1721.25000000 0.96666667 0.95333333
1741.50000000 0.95000000 0.97333333
1761.75000000 0.94333333 0.93666667
1782.00000000 0.93000000 0.93000000
1802.25000000 0.94333333 0.92333333
1822.50000000 0.90666667 0.94000000
1842.75000000 0.92000000 0.89666667
1863.00000000 0.91000000 0.89666667
1883.25000000 0.89000000 0.89666667
1903.50000000 0.91000000 0.89666667
1923.75000000 0.86000000 0.90333333
1944.00000000 0.90333333 0.91666667
1964.25000000 0.88000000 0.87666667
1984.50000000 0.88000000 0.87000000
2004.75000000 0.86000000 0.87000000
2025.00000000 0.84666667 0.83333333
2045.25000000 0.83666667 0.85333333
2065.50000000 0.86333333 0.85333333
2085.75000000 0.80333333 0.83000000
2106.00000000 0.80333333 0.83000000
2126.25000000 0.81666667 0.81000000
2146.50000000 0.82000000 0.82000000
2166.75000000 0.79333333 0.81000000
2187.00000000 0.81666667 0.82000000
2207.25000000 0.77666667 0.79666667
2227.50000000 0.79333333 0.78000000
2247.75000000 0.77000000 0.77666667
2268.00000000 0.77333333 0.76666667
2288.25000000 0.73333333 0.77666667
2308.50000000 0.75000000 0.77666667
2328.75000000 0.76000000 0.76666667
2349.00000000 0.75666667 0.74000000
2369.25000000 0.71000000 0.75333333
2389.50000000 0.71000000 0.74000000
2409.75000000 0.71666667 0.72000000
2430.00000000 0.71333333 0.71000000
2450.25000000 0.73333333 0.73333333
2470.50000000 0.71333333 0.71666667
2490.75000000 0.71333333 0.72000000
2511.00000000 0.71333333 0.70333333
2531.25000000 0.71000000 0.70333333
2551.50000000 0.67666667 0.69666667
2571.75000000 0.68333333 0.69000000
2592.00000000 0.70666667 0.68000000
2612.25000000 0.68333333 0.66666667
2632.50000000 0.65666667 0.68000000
2652.75000000 0.67000000 0.67333333
2673.00000000 0.64666667 0.68000000
2693.25000000 0.67666667 0.66333333
2713.50000000 0.64666667 0.65333333
2733.75000000 0.63333333 0.62000000
2754.00000000 0.65000000 0.66000000
2774.25000000 0.63666667 0.65000000
2794.50000000 0.64000000 0.63666667
2814.75000000 0.65333333 0.64333333
2835.00000000 0.62333333 0.64666667
2855.25000000 0.62666667 0.63000000
2875.50000000 0.60666667 0.61333333
2895.75000000 0.61666667 0.62000000
2916.00000000 0.60666667 0.62666667
2936.25000000 0.63000000 0.61666667
2956.50000000 0.61666667 0.62666667
2976.75000000 0.62666667 0.61666667
2997.00000000 0.60666667 0.61666667
3017.25000000 0.59333333 0.58666667
3037.50000000 0.59000000 0.58000000
3057.75000000 0.57666667 0.59000000
3078.00000000 0.57000000 0.57333333
3098.25000000 0.57000000 0.58333333
3118.50000000 0.56000000 0.59000000
3138.75000000 0.58333333 0.57333333
3159.00000000 0.55666667 0.57666667
3179.25000000 0.55333333 0.55666667
3199.50000000 0.56333333 0.55000000
3219.75000000 0.56000000 0.54666667
3240.00000000 0.53333333 0.55333333
3260.25000000 0.54333333 0.56000000
3280.50000000 0.54000000 0.56000000
3300.75000000 0.53333333 0.54333333
3321.00000000 0.53333333 0.55000000
3341.25000000 0.52333333 0.53000000
3361.50000000 0.54666667 0.52666667
3381.75000000 0.53666667 0.51666667
3402.00000000 0.53000000 0.51666667
3422.25000000 0.51333333 0.51666667
3442.50000000 0.51333333 0.52000000
3462.75000000 0.51000000 0.53000000
3483.00000000 0.50666667 0.51666667
3503.25000000 0.52666667 0.49666667
3523.50000000 0.49333333 0.51000000
3543.75000000 0.49666667 0.51333333
3564.00000000 0.51000000 0.49666667
3584.25000000 0.49666667 0.49000000
3604.50000000 0.49666667 0.48000000
3624.75000000 0.48666667 0.47000000
3645.00000000 0.47666667 0.47000000
3665.25000000 0.49000000 0.49333333
3685.50000000 0.49666667 0.47666667
3705.75000000 0.48666667 0.48333333
3726.00000000 0.45666667 0.47000000
3746.25000000 0.47666667 0.49000000
3766.50000000 0.48000000 0.49666667
3786.75000000 0.45333333 0.46666667
3807.00000000 0.45666667 0.46666667
3827.25000000 0.47000000 0.46666667
3847.50000000 0.46666667 0.46000000
3867.75000000 0.46666667 0.46666667
3888.00000000 0.46333333 0.46666667
3908.25000000 0.44666667 0.46000000
3928.50000000 0.44666667 0.42666667
3948.75000000 0.45000000 0.46333333
3969.00000000 0.44333333 0.44666667
3989.25000000 0.46333333 0.45000000
4009.50000000 0.44666667 0.45000000
4029.75000000 0.45333333 0.44000000
4050.00000000 0.44666667 0.42666667
