0 5.97133e-05
128 0.0135037
256 0.0160359
384 0.0145868
512 0.0161034
640 0.015526
768 0.0161799
896 0.0156503
1024 0.0149195
1152 0.0152284
1280 0.014061
1408 0.0152356
1536 0.015177
1664 0.0167995
1792 0.0122788
1920 0.0132759
2048 0.0123876
2176 0.0151709
2304 0.0153305
2432 0.0145414
2560 0.0133921
2688 0.0132793
2816 0.0119775
2944 0.0107489
3072 0.0134142
3200 0.0131508
3328 0.0141528
3456 0.0139312
3584 0.0144223
3712 0.0141046
3840 0.0130227
3968 0.014625
4096 0.0160974
4224 0.0145757
4352 0.0134722
4480 0.0141203
4608 0.0144538
4736 0.0139437
4864 0.0135975
4992 0.0125906
5120 0.0142869
5248 0.0149924
5376 0.0147547
5504 0.0136175
5632 0.0131892
5760 0.0140231
5888 0.0152506
6016 0.0158526
6144 0.0152129
6272 0.0143759
6400 0.0152523
6528 0.015171
6656 0.013464
6784 0.013897
6912 0.0139522
7040 0.0132539
7168 0.0129278
7296 0.0127233
7424 0.0142821
7552 0.013633
7680 0.0120811
7808 0.0126364
7936 0.0143156
8064 0.0124478
8192 0.0132465
8320 0.0138811
8448 0.0151192
8576 0.0150247
8704 0.0162195
8832 0.0155692
8960 0.0144427
9088 0.0137291
9216 0.013951
9344 0.0124636
9472 0.0120556
9600 0.0108799
9728 0.0118851
9856 0.0122424
9984 0.0126106
10112 0.0126464
10240 0.014352
10368 0.0148894
10496 0.0153159
10624 0.0137426
10752 0.0149915
10880 0.0135681
11008 0.0132826
11136 0.0134501
11264 0.0122406
11392 0.0126145
11520 0.0119991
11648 0.012064
11776 0.013192
11904 0.0121877
12032 0.0132279
12160 0.0130006
12288 0.0130301
12416 0.0122965
12544 0.0136063
12672 0.0137573
12800 0.0118626
