0 6.72084e-09
128 0.000344215
256 0.000453521
384 0.000411042
512 0.000411492
640 0.000376075
768 0.00043656
896 0.000443452
1024 0.000425626
1152 0.000410178
1280 0.000344402
1408 0.000451784
1536 0.000398308
1664 0.000488488
1792 0.000250444
1920 0.000306338
2048 0.000244436
2176 0.000336847
2304 0.000415937
2432 0.000365342
2560 0.000294817
2688 0.000347603
2816 0.000263966
2944 0.000221173
3072 0.000287793
3200 0.000367892
3328 0.000451638
3456 0.000374229
3584 0.000374497
3712 0.000410343
3840 0.000387269
3968 0.000452306
4096 0.000556002
4224 0.000407987
4352 0.000372026
4480 0.000399351
4608 0.000424672
4736 0.000418577
4864 0.000420726
4992 0.000389729
5120 0.000331699
5248 0.000418266
5376 0.000429361
5504 0.000413978
5632 0.000373424
5760 0.000381632
5888 0.000393453
6016 0.000410316
6144 0.000448319
6272 0.000408368
6400 0.000409677
6528 0.000334405
6656 0.000293501
6784 0.000283403
6912 0.000327584
7040 0.000310622
7168 0.000283055
7296 0.000298912
7424 0.000425341
7552 0.000392788
7680 0.000372088
7808 0.000373548
7936 0.000438468
8064 0.000319672
8192 0.000315277
8320 0.000339834
8448 0.000397992
8576 0.000376977
8704 0.000491764
8832 0.000490996
8960 0.000410648
9088 0.000493225
9216 0.000389539
9344 0.000278915
9472 0.000249796
9600 0.00020664
9728 0.000318844
9856 0.000271449
9984 0.000331383
10112 0.000290062
10240 0.000317875
10368 0.000347333
10496 0.000380073
10624 0.000348732
10752 0.000455039
10880 0.0003704
11008 0.000387239
11136 0.000363984
11264 0.000313223
11392 0.000322075
11520 0.000316837
11648 0.000328439
11776 0.000353116
11904 0.000273019
12032 0.000322582
12160 0.000302464
12288 0.000291674
12416 0.000247505
12544 0.000328051
12672 0.000377646
12800 0.000292251
