0 6.24162e-05
128 0.0139632
256 0.0158598
384 0.0144386
512 0.0144518
640 0.0141145
768 0.0152374
896 0.0152161
1024 0.0155818
1152 0.0148585
1280 0.0136349
1408 0.0152619
1536 0.015454
1664 0.0159748
1792 0.0117629
1920 0.012799
2048 0.0112535
2176 0.0137314
2304 0.013856
2432 0.0135067
2560 0.0128437
2688 0.0131717
2816 0.0118113
2944 0.0108353
3072 0.0133046
3200 0.0130889
3328 0.0149428
3456 0.0145719
3584 0.014454
3712 0.0144994
3840 0.0142833
3968 0.0155089
4096 0.0156952
4224 0.0144285
4352 0.0136171
4480 0.0144688
4608 0.0143868
4736 0.0143148
4864 0.0147285
4992 0.0134982
5120 0.0135887
5248 0.0140341
5376 0.0144486
5504 0.0140936
5632 0.0132576
5760 0.014029
5888 0.0148824
6016 0.0154681
6144 0.0154543
6272 0.0145883
6400 0.0149095
6528 0.0139951
6656 0.0125508
6784 0.0125223
6912 0.0130542
7040 0.012966
7168 0.0124741
7296 0.012256
7424 0.0138719
7552 0.0131133
7680 0.0126842
7808 0.0133077
7936 0.0147747
8064 0.0126375
8192 0.0129178
8320 0.0129865
8448 0.0142062
8576 0.0137859
8704 0.0149819
8832 0.0149556
8960 0.0142648
9088 0.0147594
9216 0.0139447
9344 0.0120006
9472 0.0113539
9600 0.0104763
9728 0.0115501
9856 0.0116782
9984 0.011981
10112 0.0120999
10240 0.0134827
10368 0.0140244
10496 0.0142327
10624 0.013147
10752 0.0145789
10880 0.0142251
11008 0.0136817
11136 0.0141969
11264 0.0127841
11392 0.013057
11520 0.0124402
11648 0.0126892
11776 0.0131013
11904 0.0124662
12032 0.0131541
12160 0.0127919
12288 0.0126721
12416 0.0118842
12544 0.0134104
12672 0.0135753
12800 0.0117183
