0 0.258565
128 0.210736
256 0.192184
384 0.0603943
512 0.043273
640 0.11732
768 0.0193467
896 0.110908
1024 0.271227
1152 0.188261
1280 0.167031
1408 0.0401465
1536 0.316453
1664 0.132648
1792 0.205777
1920 0.163892
2048 0.0831896
2176 0.163036
2304 -0.216087
2432 0.037774
2560 0.22924
2688 0.0343958
2816 0.126635
2944 0.153584
3072 0.388969
3200 -0.0913143
3328 -0.0328816
3456 0.192152
3584 0.227744
3712 0.0334123
3840 0.115382
3968 0.117654
4096 -0.286412
4224 0.00353857
4352 -0.0340042
4480 0.0594743
4608 -0.0693493
4736 -0.053735
4864 0.0519247
4992 -0.116978
5120 0.18551
5248 -0.130929
5376 -0.0313162
5504 -0.0839216
5632 -0.103689
5760 0.058265
5888 0.244966
6016 0.307866
6144 0.143696
6272 0.060324
6400 0.139722
6528 0.257904
6656 0.105605
6784 0.182951
6912 0.0505882
7040 0.162815
7168 0.179115
7296 0.00522038
7424 -0.211286
7552 -0.289321
7680 -0.314736
7808 -0.113752
7936 -0.0661304
8064 -0.168083
8192 -0.0179073
8320 -0.0388494
8448 0.0361287
8576 0.0246246
8704 -0.1483
8832 -0.127588
8960 0.0229523
9088 -0.190837
9216 0.0320609
9344 0.0143358
9472 0.105857
9600 -0.0291347
9728 -0.344871
9856 0.0627401
9984 -0.198485
10112 0.0931839
10240 0.273474
10368 0.251923
10496 0.128484
10624 -0.0107484
10752 -0.140397
10880 0.155375
11008 -0.0692121
11136 0.201269
11264 0.113935
11392 0.150862
11520 -0.0313799
11648 -0.0492749
11776 -0.0226887
11904 0.239127
12032 0.133174
12160 0.141594
12288 0.178172
12416 0.266902
12544 0.150256
12672 -0.0528911
12800 -0.114001
