0 0.234091
128 0.162134
256 0.267362
384 0.0747181
512 0.0756428
640 0.177885
768 0.191903
896 0.0490613
1024 0.171647
1152 0.183449
1280 0.139213
1408 0.168684
1536 0.360308
1664 0.0676855
1792 0.243971
1920 0.155947
2048 0.132525
2176 0.262553
2304 -0.0754099
2432 0.0181032
2560 0.190542
2688 -0.0873467
2816 0.124507
2944 0.15827
3072 0.364958
3200 -0.153874
3328 0.0297935
3456 0.334411
3584 0.182306
3712 -0.0270831
3840 0.0672467
3968 0.200496
4096 -0.197587
4224 0.0562738
4352 0.00446865
4480 0.0161898
4608 0.007893
4736 -0.049226
4864 0.0411535
4992 -0.106998
5120 0.200613
5248 -0.116614
5376 -0.0872969
5504 -0.154253
5632 -0.154684
5760 -0.0130951
5888 0.206454
6016 0.42554
6144 0.343544
6272 0.0840347
6400 0.123916
6528 0.387805
6656 0.247457
6784 0.25524
6912 0.0600628
7040 0.0622008
7168 0.166781
7296 0.000448736
7424 -0.363919
7552 -0.408821
7680 -0.523221
7808 -0.0641904
7936 -0.00306629
8064 -0.0359834
8192 0.13187
8320 -0.0111437
8448 -0.00311803
8576 0.0451371
8704 -0.14063
8832 -0.0534469
8960 0.0372049
9088 -0.290171
9216 0.0244757
9344 0.0337861
9472 0.0349088
9600 0.143873
9728 -0.549344
9856 -0.0371736
9984 -0.363382
10112 -0.0102291
10240 0.295421
10368 0.287351
10496 0.116045
10624 -0.0641975
10752 -0.241504
10880 0.17887
11008 -0.0185222
11136 0.165074
11264 0.123858
11392 0.0815671
11520 -0.0869805
11648 -0.161581
11776 -0.244745
11904 0.121485
12032 0.0542429
12160 0.170323
12288 0.17945
12416 0.298873
12544 0.183357
12672 -0.00302359
12800 -0.122332
