0 0.27484
128 0.234525
256 0.196968
384 0.0283243
512 0.0297566
640 0.112267
768 0.119712
896 0.0846907
1024 0.246965
1152 0.142101
1280 0.147488
1408 0.060406
1536 0.332234
1664 0.0858102
1792 0.189989
1920 0.129967
2048 0.069842
2176 0.213501
2304 -0.166477
2432 -0.00263592
2560 0.212793
2688 -0.00356157
2816 0.107855
2944 0.116125
3072 0.374164
3200 -0.147412
3328 -0.0226828
3456 0.23759
3584 0.207457
3712 0.0481374
3840 0.101731
3968 0.119513
4096 -0.257058
4224 0.0402394
4352 -0.00634267
4480 0.0923943
4608 -0.0517589
4736 -0.0426982
4864 0.060542
4992 -0.139015
5120 0.203665
5248 -0.123662
5376 -0.0566972
5504 -0.084159
5632 -0.124564
5760 0.060935
5888 0.223575
6016 0.285082
6144 0.122903
6272 0.0811491
6400 0.157033
6528 0.292657
6656 0.136777
6784 0.192688
6912 0.0776849
7040 0.152351
7168 0.180914
7296 0.0100367
7424 -0.210373
7552 -0.284212
7680 -0.31271
7808 -0.109318
7936 -0.00862961
8064 -0.00162725
8192 0.110626
8320 -0.0150452
8448 0.0279411
8576 0.0164358
8704 -0.190891
8832 -0.195188
8960 -0.0180911
9088 -0.264166
9216 -0.00323729
9344 0.0632984
9472 0.0622743
9600 0.117236
9728 -0.390064
9856 0.0096361
9984 -0.308566
10112 0.0187991
10240 0.251346
10368 0.234055
10496 0.123747
10624 -0.017618
10752 -0.140904
10880 0.169538
11008 -0.068706
11136 0.194095
11264 0.0834839
11392 0.11083
11520 -0.0473116
11648 -0.0398083
11776 -0.057263
11904 0.243204
12032 0.135694
12160 0.151555
12288 0.183647
12416 0.247546
12544 0.175871
12672 -0.0492089
12800 -0.128276
