0 6.48406e-08
25 0.00225978
50 0.006876
75 0.0128634
100 0.0195875
125 0.0279889
150 0.037081
175 0.0469184
200 0.0575725
225 0.0689588
250 0.080185
275 0.0914297
300 0.105235
325 0.117271
350 0.13163
375 0.146011
400 0.160454
425 0.174876
450 0.189708
475 0.205455
500 0.221755
525 0.23743
550 0.252546
575 0.267984
600 0.283335
625 0.299493
650 0.313477
675 0.328369
700 0.345451
725 0.359218
750 0.373958
775 0.387252
800 0.400686
825 0.414803
850 0.427053
875 0.439083
900 0.451942
925 0.463537
950 0.4757
975 0.484998
1000 0.496907
1025 0.508092
1050 0.519194
1075 0.529145
1100 0.540158
1125 0.549776
1150 0.557852
1175 0.567799
1200 0.577367
1225 0.586417
1250 0.596461
1275 0.605438
1300 0.613874
1325 0.622761
1350 0.631292
1375 0.636925
1400 0.643937
1425 0.652143
1450 0.657727
1475 0.665292
1500 0.670176
1525 0.676998
1550 0.684081
1575 0.690115
1600 0.698006
1625 0.705065
1650 0.710923
1675 0.716607
1700 0.722425
1725 0.727073
1750 0.732273
1775 0.739205
1800 0.745487
1825 0.750428
1850 0.756688
1875 0.762065
1900 0.766633
1925 0.770849
1950 0.775379
1975 0.77924
2000 0.783801
2025 0.788184
2050 0.791942
2075 0.79858
2100 0.801668
2125 0.806535
2150 0.808541
2175 0.811426
2200 0.813257
2225 0.815457
2250 0.818078
2275 0.820238
2300 0.823327
2325 0.8243
2350 0.826637
2375 0.829138
2400 0.829807
2425 0.832988
2450 0.835359
2475 0.83746
2500 0.838865
2525 0.840813
2550 0.842875
2575 0.843887
2600 0.845468
2625 0.847233
2650 0.848972
2675 0.8506
2700 0.852325
2725 0.853721
2750 0.855111
2775 0.855805
2800 0.857432
2825 0.858078
2850 0.859245
2875 0.860357
2900 0.861191
2925 0.862028
2950 0.862392
2975 0.863484
3000 0.863871
3025 0.865551
3050 0.867988
3075 0.867976
3100 0.867162
3125 0.867254
3150 0.867903
3175 0.868743
3200 0.870612
3225 0.87148
3250 0.871075
3275 0.871454
3300 0.871393
3325 0.871905
3350 0.873744
3375 0.874098
3400 0.875069
3425 0.875491
3450 0.877029
3475 0.877282
3500 0.877967
3525 0.878558
3550 0.879188
3575 0.879171
3600 0.88103
3625 0.879812
3650 0.88137
3675 0.882256
3700 0.882083
3725 0.882643
3750 0.88349
3775 0.884383
3800 0.884695
3825 0.884588
3850 0.885407
3875 0.886143
3900 0.885682
3925 0.886385
3950 0.88769
3975 0.888197
4000 0.888161
4025 0.889793
4050 0.890402
4075 0.890341
4100 0.890222
4125 0.891592
4150 0.891938
4175 0.892452
4200 0.892056
4225 0.893422
4250 0.894496
4275 0.894091
4300 0.894284
4325 0.895576
4350 0.895779
4375 0.895099
4400 0.895316
4425 0.895824
4450 0.895348
4475 0.895063
4500 0.894288
4525 0.894836
4550 0.89533
4575 0.895439
4600 0.895823
4625 0.894877
4650 0.894932
4675 0.895033
4700 0.895033
4725 0.895198
4750 0.894809
4775 0.895156
4800 0.895358
4825 0.89634
4850 0.896536
4875 0.895473
4900 0.895886
4925 0.894785
4950 0.895477
4975 0.895313
5000 0.896469
