0 0.000142687
25 0.0266515
50 0.0499548
75 0.070627
100 0.0910229
125 0.110877
150 0.131181
175 0.14983
200 0.168654
225 0.185824
250 0.201945
275 0.217171
300 0.234372
325 0.250192
350 0.26694
375 0.280486
400 0.294713
425 0.310714
450 0.325798
475 0.339268
500 0.354618
525 0.367402
550 0.381088
575 0.395207
600 0.407881
625 0.419538
650 0.431934
675 0.444992
700 0.455457
725 0.467373
750 0.476722
775 0.485093
800 0.495414
825 0.505353
850 0.516542
875 0.525939
900 0.533776
925 0.544763
950 0.552961
975 0.563168
1000 0.572988
1025 0.582352
1050 0.590871
1075 0.599573
1100 0.607037
1125 0.61613
1150 0.624936
1175 0.63426
1200 0.643466
1225 0.651625
1250 0.658625
1275 0.667428
1300 0.674624
1325 0.68183
1350 0.690411
1375 0.697816
1400 0.705895
1425 0.713586
1450 0.719647
1475 0.726879
1500 0.73373
1525 0.740762
1550 0.747933
1575 0.75408
1600 0.760105
1625 0.76485
1650 0.769876
1675 0.775288
1700 0.779752
1725 0.783823
1750 0.787541
1775 0.792365
1800 0.796045
1825 0.799731
1850 0.804549
1875 0.809642
1900 0.814269
1925 0.818484
1950 0.822069
1975 0.826796
2000 0.830843
2025 0.835029
2050 0.838203
2075 0.840717
2100 0.84432
2125 0.847244
2150 0.849504
2175 0.853494
2200 0.855689
2225 0.857977
2250 0.860393
2275 0.863277
2300 0.865399
2325 0.867264
2350 0.869144
2375 0.870902
2400 0.872878
2425 0.875909
2450 0.877192
2475 0.880667
2500 0.882419
2525 0.884388
2550 0.886929
2575 0.887345
2600 0.888622
2625 0.890338
2650 0.892279
2675 0.893904
2700 0.895116
2725 0.897826
2750 0.899503
2775 0.901357
2800 0.903074
2825 0.90429
2850 0.905849
2875 0.907316
2900 0.908498
2925 0.909708
2950 0.910644
2975 0.91137
3000 0.913082
3025 0.913367
3050 0.915271
3075 0.916305
3100 0.917451
3125 0.918357
3150 0.919606
3175 0.920542
3200 0.921327
3225 0.921554
3250 0.92269
3275 0.922529
3300 0.924211
3325 0.92508
3350 0.92602
3375 0.927193
3400 0.927893
3425 0.927922
3450 0.92893
3475 0.92981
3500 0.931171
3525 0.931565
3550 0.932683
3575 0.933144
3600 0.934131
3625 0.935007
3650 0.934867
3675 0.935709
3700 0.936737
3725 0.937082
3750 0.936993
3775 0.93807
3800 0.93855
3825 0.939375
3850 0.940382
3875 0.940593
3900 0.940106
3925 0.941131
3950 0.941453
3975 0.942198
4000 0.943234
4025 0.943362
4050 0.943193
4075 0.942994
4100 0.942842
4125 0.943645
4150 0.94361
4175 0.943839
4200 0.943967
4225 0.945224
4250 0.945482
4275 0.946221
4300 0.946494
4325 0.946534
4350 0.947156
4375 0.946991
4400 0.947124
4425 0.947817
4450 0.948522
4475 0.948214
4500 0.948812
4525 0.948865
4550 0.948659
4575 0.949378
4600 0.94939
4625 0.949313
4650 0.949231
4675 0.949374
4700 0.94954
4725 0.949931
4750 0.950035
4775 0.950252
4800 0.950149
4825 0.950441
4850 0.950116
4875 0.949935
4900 0.949517
4925 0.950261
4950 0.949976
4975 0.950483
5000 0.950566
