0 0.000181904
25 0.0326836
50 0.0585178
75 0.0821293
100 0.103059
125 0.124363
150 0.145297
175 0.165749
200 0.184948
225 0.204697
250 0.223082
275 0.240897
300 0.26018
325 0.277467
350 0.296358
375 0.313839
400 0.33063
425 0.34695
450 0.362846
475 0.37832
500 0.394071
525 0.409251
550 0.424551
575 0.439369
600 0.453765
625 0.467765
650 0.480745
675 0.49322
700 0.507994
725 0.519299
750 0.531676
775 0.542311
800 0.55349
825 0.56603
850 0.575929
875 0.586135
900 0.596792
925 0.606665
950 0.616725
975 0.624442
1000 0.634705
1025 0.643307
1050 0.652107
1075 0.660259
1100 0.669526
1125 0.67714
1150 0.683937
1175 0.692268
1200 0.69967
1225 0.70707
1250 0.714563
1275 0.721705
1300 0.72834
1325 0.735042
1350 0.741797
1375 0.74651
1400 0.752083
1425 0.758405
1450 0.762743
1475 0.768774
1500 0.773032
1525 0.778477
1550 0.78398
1575 0.788925
1600 0.794728
1625 0.800395
1650 0.80494
1675 0.809167
1700 0.813445
1725 0.816921
1750 0.820824
1775 0.825957
1800 0.830527
1825 0.83425
1850 0.83855
1875 0.842158
1900 0.845566
1925 0.848514
1950 0.851681
1975 0.854628
2000 0.857617
2025 0.860814
2050 0.86355
2075 0.867978
2100 0.870389
2125 0.873818
2150 0.875458
2175 0.877472
2200 0.878892
2225 0.880674
2250 0.882889
2275 0.884723
2300 0.886879
2325 0.888031
2350 0.889813
2375 0.891672
2400 0.892407
2425 0.894728
2450 0.896208
2475 0.897707
2500 0.898622
2525 0.899922
2550 0.901364
2575 0.902321
2600 0.903363
2625 0.904791
2650 0.906255
2675 0.907204
2700 0.908465
2725 0.90947
2750 0.910606
2775 0.911039
2800 0.912017
2825 0.912904
2850 0.913751
2875 0.914674
2900 0.915086
2925 0.915751
2950 0.91612
2975 0.91701
3000 0.917221
3025 0.918319
3050 0.919976
3075 0.920045
3100 0.919776
3125 0.920005
3150 0.920683
3175 0.921325
3200 0.922592
3225 0.923123
3250 0.92319
3275 0.923643
3300 0.923752
3325 0.92441
3350 0.925658
3375 0.926082
3400 0.927
3425 0.927473
3450 0.928455
3475 0.928734
3500 0.929381
3525 0.92985
3550 0.930389
3575 0.93047
3600 0.931707
3625 0.931055
3650 0.932076
3675 0.932727
3700 0.932791
3725 0.933044
3750 0.9336
3775 0.934186
3800 0.934484
3825 0.934503
3850 0.935098
3875 0.935456
3900 0.93527
3925 0.935781
3950 0.936645
3975 0.937016
4000 0.937106
4025 0.938022
4050 0.938362
4075 0.938446
4100 0.938452
4125 0.939279
4150 0.939482
4175 0.939795
4200 0.939702
4225 0.940487
4250 0.941072
4275 0.940864
4300 0.940956
4325 0.941648
4350 0.941748
4375 0.941381
4400 0.941503
4425 0.941799
4450 0.941551
4475 0.941393
4500 0.940981
4525 0.941295
4550 0.941567
4575 0.941627
4600 0.941827
4625 0.941331
4650 0.941333
4675 0.941423
4700 0.941428
4725 0.941547
4750 0.941318
4775 0.941471
4800 0.941573
4825 0.942072
4850 0.942195
4875 0.941665
4900 0.941904
4925 0.941355
4950 0.941684
4975 0.941614
5000 0.942211
