0 0.000162296
25 0.0296676
50 0.0542363
75 0.0763781
100 0.0970409
125 0.11762
150 0.138239
175 0.157789
200 0.176801
225 0.19526
250 0.212514
275 0.229034
300 0.247276
325 0.263829
350 0.281649
375 0.297162
400 0.312671
425 0.328832
450 0.344322
475 0.358794
500 0.374344
525 0.388327
550 0.402819
575 0.417288
600 0.430823
625 0.443651
650 0.45634
675 0.469106
700 0.481725
725 0.493336
750 0.504199
775 0.513702
800 0.524452
825 0.535692
850 0.546235
875 0.556037
900 0.565284
925 0.575714
950 0.584843
975 0.593805
1000 0.603846
1025 0.61283
1050 0.621489
1075 0.629916
1100 0.638281
1125 0.646635
1150 0.654437
1175 0.663264
1200 0.671568
1225 0.679347
1250 0.686594
1275 0.694566
1300 0.701482
1325 0.708436
1350 0.716104
1375 0.722163
1400 0.728989
1425 0.735996
1450 0.741195
1475 0.747826
1500 0.753381
1525 0.75962
1550 0.765957
1575 0.771502
1600 0.777416
1625 0.782622
1650 0.787408
1675 0.792227
1700 0.796599
1725 0.800372
1750 0.804183
1775 0.809161
1800 0.813286
1825 0.81699
1850 0.82155
1875 0.8259
1900 0.829917
1925 0.833499
1950 0.836875
1975 0.840712
2000 0.84423
2025 0.847921
2050 0.850876
2075 0.854348
2100 0.857355
2125 0.860531
2150 0.862481
2175 0.865483
2200 0.86729
2225 0.869325
2250 0.871641
2275 0.874
2300 0.876139
2325 0.877647
2350 0.879478
2375 0.881287
2400 0.882642
2425 0.885318
2450 0.8867
2475 0.889187
2500 0.890521
2525 0.892155
2550 0.894146
2575 0.894833
2600 0.895993
2625 0.897564
2650 0.899267
2675 0.900554
2700 0.90179
2725 0.903648
2750 0.905054
2775 0.906198
2800 0.907545
2825 0.908597
2850 0.9098
2875 0.910995
2900 0.911792
2925 0.912729
2950 0.913382
2975 0.91419
3000 0.915152
3025 0.915843
3050 0.917623
3075 0.918175
3100 0.918614
3125 0.919181
3150 0.920145
3175 0.920933
3200 0.921959
3225 0.922339
3250 0.92294
3275 0.923086
3300 0.923982
3325 0.924745
3350 0.925839
3375 0.926637
3400 0.927447
3425 0.927698
3450 0.928692
3475 0.929272
3500 0.930276
3525 0.930708
3550 0.931536
3575 0.931807
3600 0.932919
3625 0.933031
3650 0.933472
3675 0.934218
3700 0.934764
3725 0.935063
3750 0.935297
3775 0.936128
3800 0.936517
3825 0.936939
3850 0.93774
3875 0.938024
3900 0.937688
3925 0.938456
3950 0.939049
3975 0.939607
4000 0.94017
4025 0.940692
4050 0.940778
4075 0.94072
4100 0.940647
4125 0.941462
4150 0.941546
4175 0.941817
4200 0.941834
4225 0.942855
4250 0.943277
4275 0.943543
4300 0.943725
4325 0.944091
4350 0.944452
4375 0.944186
4400 0.944314
4425 0.944808
4450 0.945036
4475 0.944804
4500 0.944897
4525 0.94508
4550 0.945113
4575 0.945503
4600 0.945608
4625 0.945322
4650 0.945282
4675 0.945399
4700 0.945484
4725 0.945739
4750 0.945677
4775 0.945862
4800 0.945861
4825 0.946257
4850 0.946156
4875 0.9458
4900 0.945711
4925 0.945808
4950 0.94583
4975 0.946048
5000 0.946389
