0 3.7892e-08
25 0.00141766
50 0.00506738
75 0.0101952
100 0.0167224
125 0.0246825
150 0.0337892
175 0.0434022
200 0.0537876
225 0.0643283
250 0.0741182
275 0.0848062
300 0.0966439
325 0.109011
350 0.121518
375 0.132783
400 0.144301
425 0.157508
450 0.171073
475 0.183837
500 0.198118
525 0.210585
550 0.223867
575 0.238326
600 0.251374
625 0.263604
650 0.275575
675 0.288673
700 0.29918
725 0.310996
750 0.319823
775 0.3289
800 0.339653
825 0.349774
850 0.361004
875 0.37053
900 0.379209
925 0.390698
950 0.400146
975 0.41078
1000 0.422022
1025 0.432089
1050 0.44142
1075 0.451189
1100 0.459645
1125 0.469993
1150 0.480689
1175 0.492024
1200 0.503687
1225 0.51341
1250 0.5221
1275 0.533392
1300 0.542949
1325 0.552427
1350 0.562826
1375 0.572657
1400 0.583046
1425 0.593625
1450 0.601593
1475 0.611233
1500 0.620478
1525 0.629487
1550 0.639301
1575 0.648336
1600 0.656259
1625 0.662833
1650 0.670045
1675 0.677072
1700 0.682528
1725 0.687007
1750 0.691656
1775 0.69783
1800 0.702448
1825 0.707144
1850 0.71286
1875 0.720021
1900 0.726636
1925 0.732238
1950 0.737292
1975 0.744215
2000 0.749681
2025 0.755227
2050 0.758769
2075 0.762001
2100 0.76713
2125 0.770895
2150 0.77403
2175 0.779353
2200 0.782144
2225 0.784429
2250 0.78706
2275 0.790871
2300 0.793397
2325 0.795797
2350 0.798065
2375 0.800272
2400 0.802401
2425 0.806206
2450 0.808029
2475 0.812822
2500 0.815223
2525 0.817551
2550 0.820764
2575 0.821261
2600 0.822871
2625 0.824758
2650 0.826911
2675 0.829533
2700 0.83068
2725 0.834143
2750 0.836202
2775 0.838618
2800 0.840555
2825 0.841959
2850 0.844259
2875 0.84623
2900 0.8478
2925 0.849192
2950 0.850547
2975 0.851022
3000 0.853486
3025 0.853546
3050 0.856006
3075 0.857245
3100 0.858674
3125 0.859709
3150 0.861413
3175 0.862199
3200 0.863338
3225 0.863671
3250 0.865269
3275 0.864417
3300 0.8669
3325 0.868231
3350 0.869556
3375 0.870944
3400 0.871721
3425 0.871595
3450 0.872799
3475 0.874062
3500 0.876385
3525 0.876851
3550 0.878553
3575 0.879074
3600 0.880532
3625 0.881785
3650 0.881216
3675 0.882542
3700 0.88422
3725 0.884547
3750 0.884383
3775 0.885972
3800 0.886272
3825 0.887656
3850 0.889222
3875 0.88947
3900 0.888469
3925 0.890061
3950 0.890344
3975 0.891417
4000 0.893236
4025 0.89343
4050 0.892839
4075 0.892403
4100 0.892079
4125 0.893405
4150 0.893145
4175 0.893459
4200 0.893545
4225 0.895618
4250 0.895935
4275 0.897259
4300 0.897532
4325 0.897454
4350 0.898428
4375 0.898123
4400 0.898308
4425 0.899396
4450 0.900568
4475 0.899858
4500 0.900933
4525 0.900982
4550 0.900555
4575 0.901799
4600 0.901731
4625 0.901578
4650 0.901442
4675 0.901671
4700 0.901911
4725 0.902638
4750 0.902766
4775 0.903154
4800 0.902917
4825 0.903432
4850 0.902787
4875 0.902427
4900 0.901635
4925 0.903033
4950 0.902494
4975 0.903457
5000 0.903612
