0 4.86373e-08
25 0.00162673
50 0.00531838
75 0.0104393
100 0.0164555
125 0.0239833
150 0.0322013
175 0.0414265
200 0.05135
225 0.0620838
250 0.0723231
275 0.0830496
300 0.0951194
325 0.106895
350 0.119705
375 0.131522
400 0.143542
425 0.156307
450 0.169169
475 0.1822
500 0.195951
525 0.20899
550 0.222056
575 0.236443
600 0.249478
625 0.263573
650 0.275941
675 0.289057
700 0.302474
725 0.314398
750 0.325707
775 0.336651
800 0.348038
825 0.359985
850 0.371808
875 0.382757
900 0.3935
925 0.405033
950 0.416021
975 0.426225
1000 0.437335
1025 0.448494
1050 0.458968
1075 0.469382
1100 0.479532
1125 0.489927
1150 0.50002
1175 0.510368
1200 0.52051
1225 0.530586
1250 0.540679
1275 0.551086
1300 0.560512
1325 0.569526
1350 0.579475
1375 0.587781
1400 0.596248
1425 0.606218
1450 0.6139
1475 0.622809
1500 0.630562
1525 0.638954
1550 0.647298
1575 0.655028
1600 0.662957
1625 0.669872
1650 0.676291
1675 0.682225
1700 0.688131
1725 0.692916
1750 0.69817
1775 0.704548
1800 0.709978
1825 0.714855
1850 0.72041
1875 0.726935
1900 0.732415
1925 0.737245
1950 0.741566
1975 0.746806
2000 0.751216
2025 0.755964
2050 0.759672
2075 0.764208
2100 0.768364
2125 0.772506
2150 0.775654
2175 0.780063
2200 0.78298
2225 0.786178
2250 0.789417
2275 0.793031
2300 0.796231
2325 0.798514
2350 0.801495
2375 0.804407
2400 0.806896
2425 0.810175
2450 0.81256
2475 0.815593
2500 0.817988
2525 0.820372
2550 0.823295
2575 0.824684
2600 0.826675
2625 0.828584
2650 0.830374
2675 0.832559
2700 0.834315
2725 0.836483
2750 0.838402
2775 0.839941
2800 0.841537
2825 0.843
2850 0.844581
2875 0.846073
2900 0.847739
2925 0.848747
2950 0.849692
2975 0.850842
3000 0.851839
3025 0.853195
3050 0.854951
3075 0.855947
3100 0.8569
3125 0.857503
3150 0.858808
3175 0.859526
3200 0.860926
3225 0.86152
3250 0.862754
3275 0.862606
3300 0.863522
3325 0.864763
3350 0.866328
3375 0.867139
3400 0.86838
3425 0.868674
3450 0.869887
3475 0.871043
3500 0.872466
3525 0.872778
3550 0.873689
3575 0.874378
3600 0.875747
3625 0.876108
3650 0.876749
3675 0.877944
3700 0.879332
3725 0.880274
3750 0.881129
3775 0.882071
3800 0.882571
3825 0.883344
3850 0.884143
3875 0.885107
3900 0.884434
3925 0.885821
3950 0.886604
3975 0.886788
4000 0.887951
4025 0.888931
4050 0.889309
4075 0.889269
4100 0.889182
4125 0.890371
4150 0.890562
4175 0.89118
4200 0.891216
4225 0.892361
4250 0.893141
4275 0.893547
4300 0.893963
4325 0.894577
4350 0.895279
4375 0.894892
4400 0.895227
4425 0.895909
4450 0.896432
4475 0.896517
4500 0.896774
4525 0.896878
4550 0.897134
4575 0.897634
4600 0.897852
4625 0.897592
4650 0.897385
4675 0.89754
4700 0.897544
4725 0.897953
4750 0.897789
4775 0.898158
4800 0.89824
4825 0.898854
4850 0.898698
4875 0.897753
4900 0.897604
4925 0.897784
4950 0.898365
4975 0.898519
5000 0.898942
