0 5.13663e-08
25 0.00183872
50 0.00597169
75 0.0115293
100 0.0181549
125 0.0263357
150 0.0354351
175 0.0451603
200 0.05568
225 0.0666436
250 0.0771516
275 0.088118
300 0.100939
325 0.113141
350 0.126574
375 0.139397
400 0.152378
425 0.166192
450 0.18039
475 0.194646
500 0.209936
525 0.224007
550 0.238207
575 0.253155
600 0.267354
625 0.281549
650 0.294526
675 0.308521
700 0.322315
725 0.335107
750 0.34689
775 0.358076
800 0.370169
825 0.382288
850 0.394029
875 0.404806
900 0.415576
925 0.427117
950 0.437923
975 0.447889
1000 0.459464
1025 0.470091
1050 0.480307
1075 0.490167
1100 0.499901
1125 0.509884
1150 0.51927
1175 0.529912
1200 0.540527
1225 0.549913
1250 0.55928
1275 0.569415
1300 0.578411
1325 0.587594
1350 0.597059
1375 0.604791
1400 0.613491
1425 0.622884
1450 0.62966
1475 0.638263
1500 0.645327
1525 0.653243
1550 0.661691
1575 0.669226
1600 0.677133
1625 0.683949
1650 0.690484
1675 0.69684
1700 0.702476
1725 0.70704
1750 0.711965
1775 0.718518
1800 0.723967
1825 0.728786
1850 0.734774
1875 0.741043
1900 0.746634
1925 0.751544
1950 0.756336
1975 0.761728
2000 0.766741
2025 0.771705
2050 0.775355
2075 0.78029
2100 0.784399
2125 0.788715
2150 0.791285
2175 0.795389
2200 0.7977
2225 0.799943
2250 0.802569
2275 0.805555
2300 0.808362
2325 0.810049
2350 0.812351
2375 0.814705
2400 0.816104
2425 0.819597
2450 0.821694
2475 0.825141
2500 0.827044
2525 0.829182
2550 0.83182
2575 0.832574
2600 0.83417
2625 0.835995
2650 0.837942
2675 0.840067
2700 0.841503
2725 0.843932
2750 0.845657
2775 0.847211
2800 0.848993
2825 0.850018
2850 0.851752
2875 0.853294
2900 0.854496
2925 0.85561
2950 0.856469
2975 0.857253
3000 0.858679
3025 0.859548
3050 0.861997
3075 0.862611
3100 0.862918
3125 0.863482
3150 0.864658
3175 0.865471
3200 0.866975
3225 0.867575
3250 0.868172
3275 0.867935
3300 0.869146
3325 0.870068
3350 0.87165
3375 0.872521
3400 0.873395
3425 0.873543
3450 0.874914
3475 0.875672
3500 0.877176
3525 0.877704
3550 0.87887
3575 0.879123
3600 0.880781
3625 0.880798
3650 0.881293
3675 0.882399
3700 0.883151
3725 0.883595
3750 0.883937
3775 0.885178
3800 0.885483
3825 0.886122
3850 0.887315
3875 0.887807
3900 0.887076
3925 0.888223
3950 0.889017
3975 0.889807
4000 0.890699
4025 0.891611
4050 0.89162
4075 0.891372
4100 0.89115
4125 0.892499
4150 0.892541
4175 0.892955
4200 0.8928
4225 0.89452
4250 0.895215
4275 0.895675
4300 0.895908
4325 0.896515
4350 0.897104
4375 0.896611
4400 0.896812
4425 0.89761
4450 0.897958
4475 0.897461
4500 0.89761
4525 0.897909
4550 0.897943
4575 0.898619
4600 0.898777
4625 0.898227
4650 0.898187
4675 0.898352
4700 0.898472
4725 0.898918
4750 0.898787
4775 0.899155
4800 0.899137
4825 0.899886
4850 0.899662
4875 0.89895
4900 0.89876
4925 0.898909
4950 0.898985
4975 0.899385
5000 0.900041
