0 0.000166432
25 0.0288739
50 0.0518434
75 0.0730003
100 0.0920885
125 0.111577
150 0.130039
175 0.149136
200 0.167103
225 0.185832
250 0.203116
275 0.219789
300 0.237119
325 0.253575
350 0.271194
375 0.286481
400 0.301377
425 0.31631
450 0.330636
475 0.344423
500 0.35822
525 0.372127
550 0.385585
575 0.400051
600 0.413241
625 0.427405
650 0.439217
675 0.451499
700 0.465023
725 0.475344
750 0.486592
775 0.497169
800 0.507823
825 0.519865
850 0.530287
875 0.540435
900 0.550673
925 0.561032
950 0.571124
975 0.579741
1000 0.58931
1025 0.599084
1050 0.608137
1075 0.616698
1100 0.626014
1125 0.634373
1150 0.642563
1175 0.650503
1200 0.658121
1225 0.666314
1250 0.674568
1275 0.682574
1300 0.689934
1325 0.696636
1350 0.704395
1375 0.710621
1400 0.716462
1425 0.724076
1450 0.729962
1475 0.736415
1500 0.742114
1525 0.748569
1550 0.754323
1575 0.759693
1600 0.765813
1625 0.771321
1650 0.775997
1675 0.780033
1700 0.784796
1725 0.788417
1750 0.792872
1775 0.797958
1800 0.802408
1825 0.806328
1850 0.81046
1875 0.81486
1900 0.818885
1925 0.822191
1950 0.825273
1975 0.828608
2000 0.831206
2025 0.834425
2050 0.837482
2075 0.841425
2100 0.844404
2125 0.847734
2150 0.850369
2175 0.853347
2200 0.855784
2225 0.858547
2250 0.861496
2275 0.864258
2300 0.866721
2325 0.868629
2350 0.8711
2375 0.87348
2400 0.875539
2425 0.877767
2450 0.879522
2475 0.881161
2500 0.883018
2525 0.884782
2550 0.88668
2575 0.887991
2600 0.88948
2625 0.891106
2650 0.892518
2675 0.89398
2700 0.895531
2725 0.896899
2750 0.89834
2775 0.899249
2800 0.900274
2825 0.901828
2850 0.90276
2875 0.903745
2900 0.904856
2925 0.905523
2950 0.906147
2975 0.907427
3000 0.907805
3025 0.909282
3050 0.910352
3075 0.911081
3100 0.911889
3125 0.912387
3150 0.913351
3175 0.913893
3200 0.915141
3225 0.915659
3250 0.916505
3275 0.916956
3300 0.91722
3325 0.918208
3350 0.919339
3375 0.91987
3400 0.921009
3425 0.921565
3450 0.922368
3475 0.923043
3500 0.923893
3525 0.924237
3550 0.924809
3575 0.925412
3600 0.926363
3625 0.926541
3650 0.927518
3675 0.928282
3700 0.929184
3725 0.929979
3750 0.930929
3775 0.931446
3800 0.931892
3825 0.93233
3850 0.932701
3875 0.933517
3900 0.933266
3925 0.934064
3950 0.934814
3975 0.934794
4000 0.935375
4025 0.936258
4050 0.936739
4075 0.937002
4100 0.93706
4125 0.937772
4150 0.938084
4175 0.938591
4200 0.938735
4225 0.939147
4250 0.939727
4275 0.939756
4300 0.940119
4325 0.940741
4350 0.941098
4375 0.940935
4400 0.941209
4425 0.941518
4450 0.941659
4475 0.941928
4500 0.941892
4525 0.941968
4550 0.942278
4575 0.942341
4600 0.942564
4625 0.942395
4650 0.942264
4675 0.942374
4700 0.942329
4725 0.94249
4750 0.942353
4775 0.942537
4800 0.942705
4825 0.943049
4850 0.943126
4875 0.942504
4900 0.942627
4925 0.942425
4950 0.94304
4975 0.942939
5000 0.943227
