0 0.000158517
25 0.0281331
50 0.0512139
75 0.0722092
100 0.0917333
125 0.111344
150 0.13042
175 0.149367
200 0.16762
225 0.185829
250 0.202726
275 0.218916
300 0.236203
325 0.252447
350 0.269776
375 0.284483
400 0.299156
425 0.314445
450 0.329023
475 0.342705
500 0.357019
525 0.370552
550 0.384086
575 0.398436
600 0.411454
625 0.424783
650 0.436789
675 0.44933
700 0.461834
725 0.472687
750 0.483302
775 0.493144
800 0.503687
825 0.515028
850 0.525705
875 0.535603
900 0.545041
925 0.555609
950 0.56507
975 0.574217
1000 0.583869
1025 0.593507
1050 0.602382
1075 0.61099
1100 0.619688
1125 0.628292
1150 0.636687
1175 0.645089
1200 0.653236
1225 0.661418
1250 0.669254
1275 0.677525
1300 0.684831
1325 0.691701
1350 0.699734
1375 0.706353
1400 0.71294
1425 0.720579
1450 0.726524
1475 0.733236
1500 0.739319
1525 0.745967
1550 0.752193
1575 0.757822
1600 0.76391
1625 0.769164
1650 0.773957
1675 0.778451
1700 0.783115
1725 0.786886
1750 0.791095
1775 0.796094
1800 0.800287
1825 0.804129
1850 0.80849
1875 0.813121
1900 0.817346
1925 0.820955
1950 0.824205
1975 0.828004
2000 0.831085
2025 0.834626
2050 0.837722
2075 0.841189
2100 0.844376
2125 0.847571
2150 0.850081
2175 0.853396
2200 0.855752
2225 0.858357
2250 0.861128
2275 0.863931
2300 0.86628
2325 0.868174
2350 0.870448
2375 0.872621
2400 0.874652
2425 0.877148
2450 0.878745
2475 0.880996
2500 0.882818
2525 0.884651
2550 0.886763
2575 0.887776
2600 0.889194
2625 0.89085
2650 0.892438
2675 0.893955
2700 0.895393
2725 0.897208
2750 0.898728
2775 0.899952
2800 0.901207
2825 0.902649
2850 0.90379
2875 0.904935
2900 0.90607
2925 0.906918
2950 0.907646
2975 0.908741
3000 0.909564
3025 0.910644
3050 0.911992
3075 0.912822
3100 0.913743
3125 0.914377
3150 0.915436
3175 0.916109
3200 0.917203
3225 0.917624
3250 0.918567
3275 0.918814
3300 0.91955
3325 0.920499
3350 0.921566
3375 0.922311
3400 0.923304
3425 0.923684
3450 0.924555
3475 0.925299
3500 0.926319
3525 0.92668
3550 0.927434
3575 0.927989
3600 0.928952
3625 0.929363
3650 0.929968
3675 0.930758
3700 0.931702
3725 0.932347
3750 0.93295
3775 0.933654
3800 0.934111
3825 0.934678
3850 0.935261
3875 0.935876
3900 0.935546
3925 0.93642
3950 0.937027
3975 0.937262
4000 0.937995
4025 0.938626
4050 0.93889
4075 0.938999
4100 0.938987
4125 0.93973
4150 0.939926
4175 0.94034
4200 0.940479
4225 0.941173
4250 0.941645
4275 0.941911
4300 0.942244
4325 0.942672
4350 0.943117
4375 0.942954
4400 0.943181
4425 0.943618
4450 0.943947
4475 0.944023
4500 0.944199
4525 0.944267
4550 0.944405
4575 0.944687
4600 0.944839
4625 0.944701
4650 0.944586
4675 0.944707
4700 0.944733
4725 0.94497
4750 0.944914
4775 0.945109
4800 0.945186
4825 0.945513
4850 0.945456
4875 0.944981
4900 0.944924
4925 0.945037
4950 0.945352
4975 0.945454
5000 0.945673
