0 5.40099e-08
25 0.00173127
50 0.00544388
75 0.0105613
100 0.016322
125 0.0236337
150 0.0314073
175 0.0404387
200 0.0501312
225 0.0609616
250 0.0714256
275 0.0821713
300 0.0943571
325 0.105837
350 0.118798
375 0.130892
400 0.143162
425 0.155707
450 0.168217
475 0.181381
500 0.194868
525 0.208193
550 0.22115
575 0.235501
600 0.24853
625 0.263557
650 0.276124
675 0.289249
700 0.304121
725 0.316099
750 0.328649
775 0.340527
800 0.35223
825 0.36509
850 0.37721
875 0.38887
900 0.400645
925 0.4122
950 0.423959
975 0.433948
1000 0.444991
1025 0.456697
1050 0.467742
1075 0.478479
1100 0.489476
1125 0.499894
1150 0.509685
1175 0.51954
1200 0.528921
1225 0.539174
1250 0.549969
1275 0.559933
1300 0.569294
1325 0.578076
1350 0.5878
1375 0.595343
1400 0.602849
1425 0.612514
1450 0.620053
1475 0.628597
1500 0.635604
1525 0.643687
1550 0.651296
1575 0.658374
1600 0.666306
1625 0.673391
1650 0.679414
1675 0.684801
1700 0.690932
1725 0.695871
1750 0.701427
1775 0.707907
1800 0.713743
1825 0.718711
1850 0.724185
1875 0.730392
1900 0.735305
1925 0.739749
1950 0.743703
1975 0.748102
2000 0.751983
2025 0.756333
2050 0.760123
2075 0.765312
2100 0.768981
2125 0.773312
2150 0.776466
2175 0.780418
2200 0.783398
2225 0.787053
2250 0.790595
2275 0.794111
2300 0.797648
2325 0.799873
2350 0.80321
2375 0.806474
2400 0.809143
2425 0.81216
2450 0.814826
2475 0.816979
2500 0.819371
2525 0.821783
2550 0.82456
2575 0.826396
2600 0.828577
2625 0.830497
2650 0.832105
2675 0.834072
2700 0.836133
2725 0.837653
2750 0.839502
2775 0.840602
2800 0.842028
2825 0.843521
2850 0.844742
2875 0.845995
2900 0.847708
2925 0.848524
2950 0.849265
2975 0.850752
3000 0.851015
3025 0.85302
3050 0.854423
3075 0.855298
3100 0.856013
3125 0.8564
3150 0.857505
3175 0.85819
3200 0.85972
3225 0.860444
3250 0.861496
3275 0.861701
3300 0.861833
3325 0.863029
3350 0.864714
3375 0.865237
3400 0.866709
3425 0.867214
3450 0.868431
3475 0.869533
3500 0.870506
3525 0.870741
3550 0.871257
3575 0.87203
3600 0.873354
3625 0.873269
3650 0.874516
3675 0.875645
3700 0.876888
3725 0.878138
3750 0.879502
3775 0.880121
3800 0.880721
3825 0.881188
3850 0.881603
3875 0.882925
3900 0.882417
3925 0.883701
3950 0.884734
3975 0.884473
4000 0.885308
4025 0.886681
4050 0.887544
4075 0.887702
4100 0.887733
4125 0.888854
4150 0.889271
4175 0.890041
4200 0.890052
4225 0.890732
4250 0.891744
4275 0.891691
4300 0.892178
4325 0.893139
4350 0.893705
4375 0.893277
4400 0.893686
4425 0.894165
4450 0.894364
4475 0.894846
4500 0.894694
4525 0.894826
4550 0.895423
4575 0.895551
4600 0.895912
4625 0.895599
4650 0.895357
4675 0.895474
4700 0.89536
4725 0.895611
4750 0.895301
4775 0.89566
4800 0.895901
4825 0.896565
4850 0.896653
4875 0.895416
4900 0.895589
4925 0.89516
4950 0.8963
4975 0.89605
5000 0.896607
