0 0.138852
25 0.00414003
50 -0.0306243
75 -0.0438696
100 -0.0183519
125 -0.00771671
150 0.0364826
175 0.0666229
200 0.109009
225 0.137056
250 0.182561
275 0.201856
300 0.240605
325 0.258501
350 0.294648
375 0.312197
400 0.338612
425 0.368527
450 0.388302
475 0.402847
500 0.424562
525 0.439934
550 0.458515
575 0.474116
600 0.489038
625 0.502353
650 0.522918
675 0.542185
700 0.55776
725 0.576265
750 0.592721
775 0.602301
800 0.616118
825 0.630384
850 0.646992
875 0.660471
900 0.669053
925 0.683485
950 0.691332
975 0.704807
1000 0.714583
1025 0.725907
1050 0.735652
1075 0.74491
1100 0.752639
1125 0.761927
1150 0.769182
1175 0.776927
1200 0.783509
1225 0.790884
1250 0.796414
1275 0.802604
1300 0.807011
1325 0.811711
1350 0.819248
1375 0.823985
1400 0.829901
1425 0.834213
1450 0.838381
1475 0.843136
1500 0.847464
1525 0.852825
1550 0.857176
1575 0.859842
1600 0.864131
1625 0.866942
1650 0.869519
1675 0.873559
1700 0.877445
1725 0.881785
1750 0.884822
1775 0.888528
1800 0.891493
1825 0.894344
1850 0.898715
1875 0.901603
1900 0.904073
1925 0.90697
1950 0.909005
1975 0.911315
2000 0.913979
2025 0.916885
2050 0.920031
2075 0.921908
2100 0.923893
2125 0.926065
2150 0.927426
2175 0.930126
2200 0.931796
2225 0.93438
2250 0.936803
2275 0.938779
2300 0.940604
2325 0.941964
2350 0.943537
2375 0.944885
2400 0.946865
2425 0.94918
2450 0.949883
2475 0.951975
2500 0.953048
2525 0.954728
2550 0.956625
2575 0.956972
2600 0.957928
2625 0.959561
2650 0.961378
2675 0.961869
2700 0.963247
2725 0.965201
2750 0.966512
2775 0.967784
2800 0.96933
2825 0.970384
2850 0.971121
2875 0.972053
2900 0.972822
2925 0.97387
2950 0.974346
2975 0.975408
3000 0.97629
3025 0.976858
3050 0.978173
3075 0.979001
3100 0.979853
3125 0.980638
3150 0.981389
3175 0.982533
3200 0.982924
3225 0.983034
3250 0.983658
3275 0.984304
3300 0.985093
3325 0.985443
3350 0.985957
3375 0.986906
3400 0.987531
3425 0.98774
3450 0.988541
3475 0.988994
3500 0.989269
3525 0.989586
3550 0.990049
3575 0.99045
3600 0.99091
3625 0.991368
3650 0.991716
3675 0.992016
3700 0.992315
3725 0.992684
3750 0.99268
3775 0.993186
3800 0.993875
3825 0.994072
3850 0.994454
3875 0.994627
3900 0.994716
3925 0.995108
3950 0.995475
3975 0.995855
4000 0.996015
4025 0.996069
4050 0.996373
4075 0.996441
4100 0.996481
4125 0.996699
4150 0.996917
4175 0.99705
4200 0.997228
4225 0.997573
4250 0.997765
4275 0.99785
4300 0.998124
4325 0.998296
4350 0.998525
4375 0.998515
4400 0.998591
4425 0.998843
4450 0.999028
4475 0.999167
4500 0.999234
4525 0.999293
4550 0.999331
4575 0.999467
4600 0.999568
4625 0.999576
4650 0.999554
4675 0.999602
4700 0.999684
4725 0.999702
4750 0.999779
4775 0.999807
4800 0.999852
4825 0.999897
4850 0.999926
4875 0.999945
4900 0.999942
4925 0.999961
4950 0.999956
4975 0.999957
5000 0.999959
