0 0.0498621
25 -0.0890664
50 -0.0300987
75 0.0236463
100 0.0720979
125 0.0963701
150 0.145732
175 0.186153
200 0.218728
225 0.252049
250 0.29167
275 0.320173
300 0.34919
325 0.374551
350 0.404385
375 0.421424
400 0.441366
425 0.463042
450 0.478457
475 0.487988
500 0.501885
525 0.514514
550 0.531978
575 0.546166
600 0.559578
625 0.569561
650 0.585681
675 0.598017
700 0.611065
725 0.623114
750 0.635453
775 0.643085
800 0.654173
825 0.667824
850 0.679411
875 0.690697
900 0.699481
925 0.711354
950 0.719678
975 0.729769
1000 0.739918
1025 0.748295
1050 0.756482
1075 0.764682
1100 0.772957
1125 0.78058
1150 0.787565
1175 0.795434
1200 0.801502
1225 0.808455
1250 0.813604
1275 0.819676
1300 0.824551
1325 0.829218
1350 0.8357
1375 0.840329
1400 0.845573
1425 0.850109
1450 0.853851
1475 0.858706
1500 0.863026
1525 0.867907
1550 0.872161
1575 0.87566
1600 0.879618
1625 0.883345
1650 0.886337
1675 0.889719
1700 0.892987
1725 0.896277
1750 0.899097
1775 0.902594
1800 0.905458
1825 0.908142
1850 0.911355
1875 0.913603
1900 0.915978
1925 0.918208
1950 0.920076
1975 0.922282
2000 0.924211
2025 0.926653
2050 0.929053
2075 0.930977
2100 0.932873
2125 0.934908
2150 0.936263
2175 0.938151
2200 0.9395
2225 0.941492
2250 0.943652
2275 0.945438
2300 0.946924
2325 0.948351
2350 0.949749
2375 0.951024
2400 0.952447
2425 0.954314
2450 0.954903
2475 0.956381
2500 0.957105
2525 0.958236
2550 0.959573
2575 0.960226
2600 0.960928
2625 0.962298
2650 0.963817
2675 0.964156
2700 0.965229
2725 0.966504
2750 0.967608
2775 0.968318
2800 0.969216
2825 0.970359
2850 0.970986
2875 0.971826
2900 0.972177
2925 0.97295
2950 0.973386
2975 0.974263
3000 0.974715
3025 0.975225
3050 0.976291
3075 0.976792
3100 0.977404
3125 0.978
3150 0.978749
3175 0.97954
3200 0.980041
3225 0.980173
3250 0.980801
3275 0.981401
3300 0.981956
3325 0.982559
3350 0.983117
3375 0.983854
3400 0.98461
3425 0.984987
3450 0.985571
3475 0.985958
3500 0.986408
3525 0.986738
3550 0.987196
3575 0.987494
3600 0.988001
3625 0.988224
3650 0.988611
3675 0.98896
3700 0.989279
3725 0.989418
3750 0.989532
3775 0.98991
3800 0.9904
3825 0.990582
3850 0.99095
3875 0.991003
3900 0.99111
3925 0.991458
3950 0.99183
3975 0.992133
4000 0.992331
4025 0.992417
4050 0.99259
4075 0.992748
4100 0.992842
4125 0.993064
4150 0.993195
4175 0.993308
4200 0.99352
4225 0.993764
4250 0.993882
4275 0.993932
4300 0.994059
4325 0.994158
4350 0.994267
4375 0.994253
4400 0.994299
4425 0.994457
4450 0.994554
4475 0.994615
4500 0.994645
4525 0.994701
4550 0.994734
4575 0.994805
4600 0.994854
4625 0.994859
4650 0.99482
4675 0.994883
4700 0.99493
4725 0.994974
4750 0.994987
4775 0.994969
4800 0.994987
4825 0.994991
4850 0.995028
4875 0.995067
4900 0.995089
4925 0.99513
4950 0.995092
4975 0.995109
5000 0.995099
