0 0.0404302
25 -0.115466
50 -0.00798153
75 0.0929635
100 0.155812
125 0.190312
150 0.243532
175 0.292189
200 0.316876
225 0.354234
250 0.388742
275 0.424479
300 0.445422
325 0.476771
350 0.501275
375 0.517571
400 0.532208
425 0.547228
450 0.559073
475 0.564519
500 0.572011
525 0.582393
550 0.598862
575 0.611803
600 0.623941
625 0.631226
650 0.643636
675 0.650162
700 0.661342
725 0.667939
750 0.677092
775 0.683271
800 0.692072
825 0.705317
850 0.712509
875 0.721942
900 0.731071
925 0.740534
950 0.749311
975 0.756184
1000 0.766525
1025 0.772261
1050 0.779068
1075 0.786205
1100 0.795004
1125 0.800974
1150 0.807423
1175 0.815198
1200 0.820589
1225 0.827043
1250 0.831842
1275 0.837614
1300 0.842795
1325 0.84735
1350 0.852745
1375 0.857078
1400 0.861555
1425 0.866188
1450 0.869453
1475 0.87432
1500 0.878514
1525 0.882891
1550 0.886992
1575 0.891209
1600 0.894848
1625 0.899424
1650 0.902775
1675 0.905528
1700 0.908217
1725 0.910523
1750 0.913143
1775 0.916446
1800 0.919232
1825 0.921758
1850 0.923884
1875 0.925504
1900 0.92776
1925 0.92934
1950 0.931042
1975 0.933116
2000 0.934339
2025 0.936325
2050 0.938014
2075 0.940013
2100 0.941802
2125 0.943714
2150 0.945051
2175 0.946142
2200 0.947174
2225 0.948593
2250 0.950501
2275 0.952087
2300 0.953247
2325 0.954729
2350 0.955959
2375 0.957163
2400 0.95804
2425 0.959466
2450 0.959947
2475 0.960811
2500 0.961185
2525 0.961779
2550 0.96256
2575 0.963517
2600 0.96397
2625 0.965081
2650 0.966304
2675 0.966488
2700 0.967265
2725 0.967858
2750 0.968755
2775 0.968901
2800 0.969155
2825 0.97038
2850 0.970891
2875 0.971638
2900 0.971568
2925 0.972062
2950 0.972456
2975 0.973151
3000 0.973163
3025 0.973626
3050 0.974441
3075 0.974609
3100 0.974971
3125 0.975374
3150 0.976117
3175 0.976553
3200 0.977165
3225 0.977324
3250 0.977947
3275 0.978505
3300 0.978816
3325 0.979672
3350 0.980274
3375 0.980797
3400 0.981682
3425 0.98223
3450 0.982598
3475 0.982917
3500 0.983539
3525 0.98388
3550 0.98433
3575 0.984526
3600 0.98508
3625 0.985063
3650 0.985492
3675 0.985889
3700 0.986226
3725 0.986135
3750 0.98637
3775 0.986617
3800 0.986906
3825 0.98707
3850 0.987421
3875 0.987355
3900 0.987479
3925 0.987782
3950 0.988161
3975 0.988386
4000 0.988619
4025 0.988739
4050 0.98878
4075 0.989032
4100 0.98918
4125 0.989405
4150 0.989451
4175 0.989541
4200 0.98979
4225 0.989932
4250 0.989974
4275 0.989985
4300 0.989964
4325 0.98999
4350 0.989977
4375 0.989955
4400 0.989972
4425 0.990036
4450 0.990039
4475 0.990024
4500 0.990013
4525 0.990069
4550 0.990094
4575 0.990101
4600 0.990096
4625 0.990099
4650 0.990041
4675 0.99012
4700 0.990131
4725 0.9902
4750 0.990149
4775 0.990086
4800 0.990077
4825 0.990039
4850 0.990082
4875 0.990143
4900 0.99019
4925 0.990255
4950 0.990179
4975 0.990215
5000 0.990192
