0 0.0643917
25 -0.0553282
50 -0.0277025
75 -0.00209612
100 0.0445074
125 0.0654592
150 0.106842
175 0.143191
200 0.172368
225 0.202164
250 0.240214
275 0.267069
300 0.295108
325 0.32268
350 0.355233
375 0.374871
400 0.396077
425 0.419149
450 0.43733
475 0.448658
500 0.462678
525 0.477954
550 0.494763
575 0.510612
600 0.526368
625 0.539281
650 0.553654
675 0.568298
700 0.581871
725 0.592876
750 0.605592
775 0.61569
800 0.628154
825 0.642866
850 0.654654
875 0.665751
900 0.675394
925 0.687947
950 0.697098
975 0.70733
1000 0.71713
1025 0.726773
1050 0.73515
1075 0.742642
1100 0.751262
1125 0.758896
1150 0.766513
1175 0.773565
1200 0.7802
1225 0.787158
1250 0.792858
1275 0.799483
1300 0.80486
1325 0.809642
1350 0.816497
1375 0.821927
1400 0.826937
1425 0.832478
1450 0.836951
1475 0.841578
1500 0.846378
1525 0.851766
1550 0.855949
1575 0.859421
1600 0.863942
1625 0.86772
1650 0.870983
1675 0.874192
1700 0.877929
1725 0.880929
1750 0.884412
1775 0.888314
1800 0.891455
1825 0.89448
1850 0.897875
1875 0.900524
1900 0.90366
1925 0.906112
1950 0.90836
1975 0.910711
2000 0.912389
2025 0.914782
2050 0.917505
2075 0.919998
2100 0.922307
2125 0.924649
2150 0.926634
2175 0.928904
2200 0.930811
2225 0.932949
2250 0.935439
2275 0.937492
2300 0.938983
2325 0.940578
2350 0.942172
2375 0.943609
2400 0.945257
2425 0.946987
2450 0.947724
2475 0.949187
2500 0.950447
2525 0.951744
2550 0.953016
2575 0.95364
2600 0.954457
2625 0.955935
2650 0.957401
2675 0.958201
2700 0.959354
2725 0.960868
2750 0.962003
2775 0.962925
2800 0.963847
2825 0.965358
2850 0.966033
2875 0.966827
2900 0.967385
2925 0.968089
2950 0.968596
2975 0.969689
3000 0.970347
3025 0.971151
3050 0.97208
3075 0.972754
3100 0.973682
3125 0.974383
3150 0.975198
3175 0.975848
3200 0.976625
3225 0.976859
3250 0.977495
3275 0.978219
3300 0.978773
3325 0.979411
3350 0.979931
3375 0.980625
3400 0.98136
3425 0.981854
3450 0.982353
3475 0.982638
3500 0.98322
3525 0.983648
3550 0.98424
3575 0.984656
3600 0.985174
3625 0.985653
3650 0.986229
3675 0.98657
3700 0.987024
3725 0.987341
3750 0.987669
3775 0.988114
3800 0.988531
3825 0.988873
3850 0.989221
3875 0.989447
3900 0.989502
3925 0.989806
3950 0.990223
3975 0.99052
4000 0.990775
4025 0.99102
4050 0.991158
4075 0.991438
4100 0.991511
4125 0.991757
4150 0.991962
4175 0.992151
4200 0.992407
4225 0.9926
4250 0.992731
4275 0.992842
4300 0.993085
4325 0.993308
4350 0.993469
4375 0.993555
4400 0.993663
4425 0.993829
4450 0.993943
4475 0.994012
4500 0.994097
4525 0.994126
4550 0.994133
4575 0.994172
4600 0.994253
4625 0.99425
4650 0.994237
4675 0.994322
4700 0.994371
4725 0.994418
4750 0.994481
4775 0.994483
4800 0.994557
4825 0.994565
4850 0.994618
4875 0.994665
4900 0.99471
4925 0.994749
4950 0.99477
4975 0.994813
5000 0.994807
