0 1711.52000000 1715.32000000
84.50000000 12.01600000 11.92000000
169.00000000 6.46800000 6.44400000
253.50000000 4.46000000 4.48800000
338.00000000 3.52800000 3.46800000
422.50000000 2.83200000 2.78000000
507.00000000 2.40400000 2.42800000
591.50000000 2.13200000 2.11600000
676.00000000 1.86000000 1.90000000
760.50000000 1.62400000 1.60000000
845.00000000 1.44000000 1.44400000
929.50000000 1.27600000 1.27600000
1014.00000000 1.14800000 1.12400000
1098.50000000 1.06400000 1.06800000
1183.00000000 0.91600000 0.94000000
1267.50000000 0.86400000 0.84000000
1352.00000000 0.76000000 0.78800000
1436.50000000 0.69200000 0.70800000
1521.00000000 0.61600000 0.63200000
1605.50000000 0.58000000 0.58800000
1690.00000000 0.54400000 0.52400000
1774.50000000 0.48800000 0.48800000
1859.00000000 0.44000000 0.44800000
1943.50000000 0.39600000 0.37600000
2028.00000000 0.33600000 0.34400000
2112.50000000 0.32400000 0.33200000
2197.00000000 0.29200000 0.28000000
2281.50000000 0.24000000 0.25600000
2366.00000000 0.20800000 0.22000000
2450.50000000 0.19200000 0.21600000
2535.00000000 0.18400000 0.19600000
2619.50000000 0.16400000 0.16000000
2704.00000000 0.14800000 0.15200000
2788.50000000 0.14400000 0.13600000
2873.00000000 0.11600000 0.11600000
2957.50000000 0.10800000 0.10800000
3042.00000000 0.10000000 0.10800000
3126.50000000 0.09200000 0.09200000
3211.00000000 0.08000000 0.08000000
3295.50000000 0.07600000 0.07200000
3380.00000000 0.06800000 0.07200000
3464.50000000 0.06400000 0.06400000
3549.00000000 0.05600000 0.06800000
3633.50000000 0.06400000 0.06000000
3718.00000000 0.05200000 0.05200000
3802.50000000 0.05200000 0.04800000
3887.00000000 0.03600000 0.03600000
3971.50000000 0.01600000 0.02400000
4056.00000000 0.02400000 0.02000000
4140.50000000 0.02400000 0.02400000
4225.00000000 0.02400000 0.02000000
4309.50000000 0.02400000 0.02400000
4394.00000000 0.01600000 0.02400000
4478.50000000 0.02400000 0.02400000
4563.00000000 0.02000000 0.02400000
4647.50000000 0.02400000 0.02400000
4732.00000000 0.02000000 0.01600000
4816.50000000 0.02000000 0.02000000
4901.00000000 0.01600000 0.02000000
4985.50000000 0.02000000 0.01200000
5070.00000000 0.01600000 0.01600000
5154.50000000 0.01600000 0.01600000
5239.00000000 0.01600000 0.01600000
5323.50000000 0.01200000 0.01200000
5408.00000000 0.01200000 0.00800000
5492.50000000 0.00400000 0.00400000
5577.00000000 0.00400000 0.00400000
5661.50000000 0.00000000 0.00000000
5746.00000000 0.00000000 0.00000000
5830.50000000 0.00000000 0.00000000
5915.00000000 0.00000000 0.00000000
5999.50000000 0.00000000 0.00000000
6084.00000000 0.00000000 0.00000000
6168.50000000 0.00000000 0.00000000
6253.00000000 0.00000000 0.00000000
6337.50000000 0.00000000 0.00000000
6422.00000000 0.00000000 0.00000000
6506.50000000 0.00000000 0.00000000
6591.00000000 0.00000000 0.00000000
6675.50000000 0.00000000 0.00000000
6760.00000000 0.00000000 0.00000000
6844.50000000 0.00000000 0.00000000
6929.00000000 0.00000000 0.00000000
7013.50000000 0.00000000 0.00000000
7098.00000000 0.00000000 0.00000000
7182.50000000 0.00000000 0.00000000
7267.00000000 0.00000000 0.00000000
7351.50000000 0.00000000 0.00000000
7436.00000000 0.00000000 0.00000000
7520.50000000 0.00000000 0.00000000
7605.00000000 0.00000000 0.00000000
7689.50000000 0.00000000 0.00000000
7774.00000000 0.00000000 0.00000000
7858.50000000 0.00000000 0.00000000
7943.00000000 0.00000000 0.00000000
8027.50000000 0.00000000 0.00000000
8112.00000000 0.00000000 0.00000000
8196.50000000 0.00000000 0.00000000
8281.00000000 0.00000000 0.00000000
8365.50000000 0.00000000 0.00000000
8450.00000000 0.00000000 0.00000000
