0 1712.30400000 1716.13866667
84.50000000 12.01066667 11.91466667
169.00000000 6.45600000 6.45600000
253.50000000 4.44800000 4.47200000
338.00000000 3.48266667 3.44266667
422.50000000 2.76266667 2.74400000
507.00000000 2.32266667 2.32800000
591.50000000 2.04266667 2.01600000
676.00000000 1.75733333 1.78666667
760.50000000 1.55733333 1.54133333
845.00000000 1.39733333 1.41333333
929.50000000 1.23200000 1.24000000
1014.00000000 1.10400000 1.09600000
1098.50000000 1.01600000 1.02133333
1183.00000000 0.89066667 0.91200000
1267.50000000 0.83733333 0.81866667
1352.00000000 0.74400000 0.74666667
1436.50000000 0.67733333 0.68533333
1521.00000000 0.60533333 0.60533333
1605.50000000 0.58400000 0.57866667
1690.00000000 0.52533333 0.51200000
1774.50000000 0.47466667 0.45866667
1859.00000000 0.42666667 0.43200000
1943.50000000 0.38666667 0.37600000
2028.00000000 0.33066667 0.34400000
2112.50000000 0.30933333 0.32000000
2197.00000000 0.28000000 0.27733333
2281.50000000 0.24533333 0.25600000
2366.00000000 0.21600000 0.22933333
2450.50000000 0.20266667 0.20800000
2535.00000000 0.19466667 0.20000000
2619.50000000 0.17066667 0.17066667
2704.00000000 0.15466667 0.15733333
2788.50000000 0.14933333 0.14133333
2873.00000000 0.12800000 0.12533333
2957.50000000 0.11733333 0.11466667
3042.00000000 0.10133333 0.10666667
3126.50000000 0.08533333 0.09066667
3211.00000000 0.07733333 0.08000000
3295.50000000 0.07733333 0.07466667
3380.00000000 0.06933333 0.06933333
3464.50000000 0.06400000 0.06133333
3549.00000000 0.04800000 0.06400000
3633.50000000 0.05333333 0.05333333
3718.00000000 0.04533333 0.04533333
3802.50000000 0.04533333 0.04266667
3887.00000000 0.03466667 0.03466667
3971.50000000 0.02133333 0.02666667
4056.00000000 0.02400000 0.02400000
4140.50000000 0.02133333 0.02400000
4225.00000000 0.02400000 0.01866667
4309.50000000 0.02133333 0.02400000
4394.00000000 0.01866667 0.02400000
4478.50000000 0.02133333 0.02133333
4563.00000000 0.01866667 0.02133333
4647.50000000 0.02133333 0.02133333
4732.00000000 0.01866667 0.01600000
4816.50000000 0.01866667 0.01866667
4901.00000000 0.01333333 0.01600000
4985.50000000 0.01600000 0.01066667
5070.00000000 0.01333333 0.01333333
5154.50000000 0.01333333 0.01333333
5239.00000000 0.01333333 0.01333333
5323.50000000 0.01066667 0.01066667
5408.00000000 0.00800000 0.00533333
5492.50000000 0.00266667 0.00266667
5577.00000000 0.00266667 0.00266667
5661.50000000 0.00000000 0.00000000
5746.00000000 0.00000000 0.00000000
5830.50000000 0.00000000 0.00000000
5915.00000000 0.00000000 0.00000000
5999.50000000 0.00000000 0.00000000
6084.00000000 0.00000000 0.00000000
6168.50000000 0.00000000 0.00000000
6253.00000000 0.00000000 0.00000000
6337.50000000 0.00000000 0.00000000
6422.00000000 0.00000000 0.00000000
6506.50000000 0.00000000 0.00000000
6591.00000000 0.00000000 0.00000000
6675.50000000 0.00000000 0.00000000
6760.00000000 0.00000000 0.00000000
6844.50000000 0.00000000 0.00000000
6929.00000000 0.00000000 0.00000000
7013.50000000 0.00000000 0.00000000
7098.00000000 0.00000000 0.00000000
7182.50000000 0.00000000 0.00000000
7267.00000000 0.00000000 0.00000000
7351.50000000 0.00000000 0.00000000
7436.00000000 0.00000000 0.00000000
7520.50000000 0.00000000 0.00000000
7605.00000000 0.00000000 0.00000000
7689.50000000 0.00000000 0.00000000
7774.00000000 0.00000000 0.00000000
7858.50000000 0.00000000 0.00000000
7943.00000000 0.00000000 0.00000000
8027.50000000 0.00000000 0.00000000
8112.00000000 0.00000000 0.00000000
8196.50000000 0.00000000 0.00000000
8281.00000000 0.00000000 0.00000000
8365.50000000 0.00000000 0.00000000
8450.00000000 0.00000000 0.00000000
