0 1717.03200000 1719.90400000
84.50000000 11.91200000 11.94400000
169.00000000 6.40000000 6.45600000
253.50000000 4.51200000 4.50400000
338.00000000 3.57600000 3.48800000
422.50000000 2.87200000 2.75200000
507.00000000 2.44000000 2.43200000
591.50000000 2.16000000 2.08800000
676.00000000 1.86400000 1.92000000
760.50000000 1.64000000 1.58400000
845.00000000 1.41600000 1.42400000
929.50000000 1.30400000 1.29600000
1014.00000000 1.14400000 1.12800000
1098.50000000 1.07200000 1.05600000
1183.00000000 0.94400000 0.96000000
1267.50000000 0.84800000 0.84800000
1352.00000000 0.77600000 0.76800000
1436.50000000 0.67200000 0.68800000
1521.00000000 0.60800000 0.64000000
1605.50000000 0.59200000 0.58400000
1690.00000000 0.56000000 0.52800000
1774.50000000 0.46400000 0.45600000
1859.00000000 0.41600000 0.42400000
1943.50000000 0.38400000 0.36800000
2028.00000000 0.30400000 0.32000000
2112.50000000 0.32800000 0.30400000
2197.00000000 0.28800000 0.28800000
2281.50000000 0.24000000 0.24800000
2366.00000000 0.20000000 0.20000000
2450.50000000 0.18400000 0.21600000
2535.00000000 0.17600000 0.20000000
2619.50000000 0.16800000 0.16000000
2704.00000000 0.14400000 0.16000000
2788.50000000 0.14400000 0.13600000
2873.00000000 0.11200000 0.10400000
2957.50000000 0.10400000 0.10400000
3042.00000000 0.10400000 0.11200000
3126.50000000 0.09600000 0.10400000
3211.00000000 0.08800000 0.08800000
3295.50000000 0.08000000 0.08000000
3380.00000000 0.07200000 0.07200000
3464.50000000 0.07200000 0.06400000
3549.00000000 0.05600000 0.07200000
3633.50000000 0.07200000 0.07200000
3718.00000000 0.06400000 0.06400000
3802.50000000 0.06400000 0.06400000
3887.00000000 0.04800000 0.04800000
3971.50000000 0.02400000 0.03200000
4056.00000000 0.03200000 0.03200000
4140.50000000 0.03200000 0.03200000
4225.00000000 0.03200000 0.02400000
4309.50000000 0.03200000 0.03200000
4394.00000000 0.02400000 0.03200000
4478.50000000 0.03200000 0.03200000
4563.00000000 0.02400000 0.03200000
4647.50000000 0.03200000 0.03200000
4732.00000000 0.03200000 0.02400000
4816.50000000 0.03200000 0.03200000
4901.00000000 0.02400000 0.03200000
4985.50000000 0.03200000 0.01600000
5070.00000000 0.03200000 0.03200000
5154.50000000 0.03200000 0.03200000
5239.00000000 0.03200000 0.03200000
5323.50000000 0.02400000 0.02400000
5408.00000000 0.02400000 0.01600000
5492.50000000 0.00800000 0.00800000
5577.00000000 0.00800000 0.00800000
5661.50000000 0.00000000 0.00000000
5746.00000000 0.00000000 0.00000000
5830.50000000 0.00000000 0.00000000
5915.00000000 0.00000000 0.00000000
5999.50000000 0.00000000 0.00000000
6084.00000000 0.00000000 0.00000000
6168.50000000 0.00000000 0.00000000
6253.00000000 0.00000000 0.00000000
6337.50000000 0.00000000 0.00000000
6422.00000000 0.00000000 0.00000000
6506.50000000 0.00000000 0.00000000
6591.00000000 0.00000000 0.00000000
6675.50000000 0.00000000 0.00000000
6760.00000000 0.00000000 0.00000000
6844.50000000 0.00000000 0.00000000
6929.00000000 0.00000000 0.00000000
7013.50000000 0.00000000 0.00000000
7098.00000000 0.00000000 0.00000000
7182.50000000 0.00000000 0.00000000
7267.00000000 0.00000000 0.00000000
7351.50000000 0.00000000 0.00000000
7436.00000000 0.00000000 0.00000000
7520.50000000 0.00000000 0.00000000
7605.00000000 0.00000000 0.00000000
7689.50000000 0.00000000 0.00000000
7774.00000000 0.00000000 0.00000000
7858.50000000 0.00000000 0.00000000
7943.00000000 0.00000000 0.00000000
8027.50000000 0.00000000 0.00000000
8112.00000000 0.00000000 0.00000000
8196.50000000 0.00000000 0.00000000
8281.00000000 0.00000000 0.00000000
8365.50000000 0.00000000 0.00000000
8450.00000000 0.00000000 0.00000000
