0 1713.87200000 1717.77600000
84.50000000 12.00000000 11.90400000
169.00000000 6.43200000 6.48000000
253.50000000 4.42400000 4.44000000
338.00000000 3.39200000 3.39200000
422.50000000 2.62400000 2.67200000
507.00000000 2.16000000 2.12800000
591.50000000 1.86400000 1.81600000
676.00000000 1.55200000 1.56000000
760.50000000 1.42400000 1.42400000
845.00000000 1.31200000 1.35200000
929.50000000 1.14400000 1.16800000
1014.00000000 1.01600000 1.04000000
1098.50000000 0.92000000 0.92800000
1183.00000000 0.84000000 0.85600000
1267.50000000 0.78400000 0.77600000
1352.00000000 0.71200000 0.66400000
1436.50000000 0.64800000 0.64000000
1521.00000000 0.58400000 0.55200000
1605.50000000 0.59200000 0.56000000
1690.00000000 0.48800000 0.48800000
1774.50000000 0.44800000 0.40000000
1859.00000000 0.40000000 0.40000000
1943.50000000 0.36800000 0.37600000
2028.00000000 0.32000000 0.34400000
2112.50000000 0.28000000 0.29600000
2197.00000000 0.25600000 0.27200000
2281.50000000 0.25600000 0.25600000
2366.00000000 0.23200000 0.24800000
2450.50000000 0.22400000 0.19200000
2535.00000000 0.21600000 0.20800000
2619.50000000 0.18400000 0.19200000
2704.00000000 0.16800000 0.16800000
2788.50000000 0.16000000 0.15200000
2873.00000000 0.15200000 0.14400000
2957.50000000 0.13600000 0.12800000
3042.00000000 0.10400000 0.10400000
3126.50000000 0.07200000 0.08800000
3211.00000000 0.07200000 0.08000000
3295.50000000 0.08000000 0.08000000
3380.00000000 0.07200000 0.06400000
3464.50000000 0.06400000 0.05600000
3549.00000000 0.03200000 0.05600000
3633.50000000 0.03200000 0.04000000
3718.00000000 0.03200000 0.03200000
3802.50000000 0.03200000 0.03200000
3887.00000000 0.03200000 0.03200000
3971.50000000 0.03200000 0.03200000
4056.00000000 0.02400000 0.03200000
4140.50000000 0.01600000 0.02400000
4225.00000000 0.02400000 0.01600000
4309.50000000 0.01600000 0.02400000
4394.00000000 0.02400000 0.02400000
4478.50000000 0.01600000 0.01600000
4563.00000000 0.01600000 0.01600000
4647.50000000 0.01600000 0.01600000
4732.00000000 0.01600000 0.01600000
4816.50000000 0.01600000 0.01600000
4901.00000000 0.00800000 0.00800000
4985.50000000 0.00800000 0.00800000
5070.00000000 0.00800000 0.00800000
5154.50000000 0.00800000 0.00800000
5239.00000000 0.00800000 0.00800000
5323.50000000 0.00800000 0.00800000
5408.00000000 0.00000000 0.00000000
5492.50000000 0.00000000 0.00000000
5577.00000000 0.00000000 0.00000000
5661.50000000 0.00000000 0.00000000
5746.00000000 0.00000000 0.00000000
5830.50000000 0.00000000 0.00000000
5915.00000000 0.00000000 0.00000000
5999.50000000 0.00000000 0.00000000
6084.00000000 0.00000000 0.00000000
6168.50000000 0.00000000 0.00000000
6253.00000000 0.00000000 0.00000000
6337.50000000 0.00000000 0.00000000
6422.00000000 0.00000000 0.00000000
6506.50000000 0.00000000 0.00000000
6591.00000000 0.00000000 0.00000000
6675.50000000 0.00000000 0.00000000
6760.00000000 0.00000000 0.00000000
6844.50000000 0.00000000 0.00000000
6929.00000000 0.00000000 0.00000000
7013.50000000 0.00000000 0.00000000
7098.00000000 0.00000000 0.00000000
7182.50000000 0.00000000 0.00000000
7267.00000000 0.00000000 0.00000000
7351.50000000 0.00000000 0.00000000
7436.00000000 0.00000000 0.00000000
7520.50000000 0.00000000 0.00000000
7605.00000000 0.00000000 0.00000000
7689.50000000 0.00000000 0.00000000
7774.00000000 0.00000000 0.00000000
7858.50000000 0.00000000 0.00000000
7943.00000000 0.00000000 0.00000000
8027.50000000 0.00000000 0.00000000
8112.00000000 0.00000000 0.00000000
8196.50000000 0.00000000 0.00000000
8281.00000000 0.00000000 0.00000000
8365.50000000 0.00000000 0.00000000
8450.00000000 0.00000000 0.00000000
