0 0.000154239
25 0.0295804
50 0.0517512
75 0.0716598
100 0.0903893
125 0.108868
150 0.1267
175 0.144004
200 0.159927
225 0.176527
250 0.192413
275 0.207849
300 0.223123
325 0.23727
350 0.252391
375 0.265888
400 0.278948
425 0.292379
450 0.305435
475 0.318818
500 0.330777
525 0.343344
550 0.35521
575 0.366233
600 0.377869
625 0.390114
650 0.403246
675 0.414274
700 0.424993
725 0.435486
750 0.445787
775 0.456775
800 0.466236
825 0.474847
850 0.485249
875 0.495037
900 0.503614
925 0.513735
950 0.523072
975 0.533214
1000 0.542406
1025 0.551338
1050 0.560437
1075 0.569607
1100 0.577952
1125 0.586255
1150 0.594105
1175 0.600305
1200 0.607851
1225 0.615026
1250 0.623026
1275 0.630689
1300 0.637349
1325 0.644919
1350 0.653016
1375 0.660098
1400 0.666473
1425 0.672894
1450 0.678879
1475 0.684071
1500 0.690084
1525 0.696183
1550 0.701341
1575 0.707888
1600 0.713181
1625 0.719646
1650 0.726208
1675 0.731611
1700 0.737229
1725 0.741385
1750 0.746525
1775 0.75162
1800 0.757178
1825 0.762222
1850 0.766753
1875 0.770906
1900 0.775051
1925 0.779683
1950 0.783151
1975 0.786431
2000 0.791122
2025 0.794846
2050 0.798454
2075 0.803065
2100 0.807082
2125 0.811254
2150 0.8145
2175 0.81809
2200 0.821855
2225 0.825164
2250 0.827769
2275 0.83132
2300 0.834723
2325 0.83776
2350 0.841362
2375 0.844733
2400 0.84726
2425 0.850118
2450 0.852841
2475 0.856513
2500 0.859413
2525 0.861886
2550 0.864294
2575 0.867234
2600 0.869382
2625 0.871482
2650 0.873505
2675 0.875987
2700 0.877607
2725 0.879389
2750 0.881579
2775 0.883791
2800 0.88531
2825 0.887374
2850 0.88912
2875 0.891109
2900 0.893172
2925 0.894753
2950 0.896092
2975 0.898103
3000 0.900099
3025 0.901249
3050 0.902594
3075 0.903751
3100 0.904854
3125 0.906131
3150 0.907301
3175 0.908219
3200 0.909112
3225 0.910807
3250 0.91219
3275 0.913305
3300 0.914122
3325 0.91504
3350 0.916022
3375 0.916868
3400 0.917922
3425 0.918368
3450 0.920039
3475 0.920427
3500 0.921446
3525 0.922537
3550 0.923662
3575 0.924454
3600 0.925031
3625 0.926443
3650 0.927095
3675 0.927931
3700 0.928138
3725 0.928783
3750 0.929613
3775 0.930446
3800 0.931247
3825 0.931413
3850 0.932047
3875 0.932438
3900 0.933217
3925 0.933392
3950 0.933795
3975 0.934648
4000 0.93515
4025 0.936006
4050 0.936573
4075 0.936819
4100 0.937329
4125 0.937823
4150 0.938642
4175 0.939593
4200 0.940319
4225 0.940076
4250 0.940558
4275 0.94115
4300 0.941396
4325 0.941332
4350 0.94205
4375 0.942308
4400 0.942421
4425 0.942704
4450 0.9434
4475 0.943625
4500 0.943551
4525 0.943765
4550 0.943902
4575 0.944611
4600 0.944252
4625 0.945065
4650 0.945165
4675 0.945637
4700 0.945975
4725 0.946233
4750 0.946563
4775 0.946819
4800 0.947043
4825 0.947303
4850 0.947839
4875 0.947748
4900 0.947286
4925 0.947334
4950 0.947637
4975 0.948089
5000 0.948461
