0 4.50054e-08
25 0.00156619
50 0.00477325
75 0.00930493
100 0.0147397
125 0.0211552
150 0.0286219
175 0.0369862
200 0.045561
225 0.0551194
250 0.0650164
275 0.0751953
300 0.086259
325 0.0968802
350 0.107826
375 0.118308
400 0.128651
425 0.139798
450 0.150142
475 0.161502
500 0.171996
525 0.183201
550 0.193723
575 0.203598
600 0.214208
625 0.225866
650 0.23841
675 0.248749
700 0.259836
725 0.270051
750 0.281073
775 0.292162
800 0.302134
825 0.311364
850 0.3216
875 0.332021
900 0.341647
925 0.352606
950 0.362868
975 0.37425
1000 0.384985
1025 0.395317
1050 0.406045
1075 0.416812
1100 0.426729
1125 0.436831
1150 0.446168
1175 0.453962
1200 0.463148
1225 0.471996
1250 0.4814
1275 0.490583
1300 0.499265
1325 0.509036
1350 0.519273
1375 0.527722
1400 0.53577
1425 0.543343
1450 0.550936
1475 0.557388
1500 0.564854
1525 0.572431
1550 0.579089
1575 0.586986
1600 0.59376
1625 0.601698
1650 0.609737
1675 0.61631
1700 0.623355
1725 0.628892
1750 0.635299
1775 0.641787
1800 0.648755
1825 0.655179
1850 0.661365
1875 0.666403
1900 0.671578
1925 0.677788
1950 0.682192
1975 0.686595
2000 0.692887
2025 0.697628
2050 0.702024
2075 0.70828
2100 0.713451
2125 0.719005
2150 0.723078
2175 0.727413
2200 0.732558
2225 0.737266
2250 0.740911
2275 0.745602
2300 0.749911
2325 0.753694
2350 0.758679
2375 0.763143
2400 0.766108
2425 0.770136
2450 0.773399
2475 0.778282
2500 0.78216
2525 0.785581
2550 0.78871
2575 0.7927
2600 0.795243
2625 0.798086
2650 0.800742
2675 0.804214
2700 0.806218
2725 0.808833
2750 0.811659
2775 0.814295
2800 0.816068
2825 0.818663
2850 0.821104
2875 0.824077
2900 0.827071
2925 0.828913
2950 0.830688
2975 0.833023
3000 0.835892
3025 0.837502
3050 0.838982
3075 0.840605
3100 0.841854
3125 0.843613
3150 0.845114
3175 0.846171
3200 0.847301
3225 0.849697
3250 0.85166
3275 0.852978
3300 0.854175
3325 0.855363
3350 0.856682
3375 0.857726
3400 0.859307
3425 0.859658
3450 0.861909
3475 0.862474
3500 0.863997
3525 0.865572
3550 0.86723
3575 0.868223
3600 0.868638
3625 0.870836
3650 0.871497
3675 0.872702
3700 0.872815
3725 0.873751
3750 0.874868
3775 0.876087
3800 0.877055
3825 0.877118
3850 0.878128
3875 0.878694
3900 0.87973
3925 0.879837
3950 0.880322
3975 0.881477
4000 0.882127
4025 0.883589
4050 0.884438
4075 0.884638
4100 0.885355
4125 0.886089
4150 0.887322
4175 0.888834
4200 0.889935
4225 0.889396
4250 0.890024
4275 0.89099
4300 0.891376
4325 0.891184
4350 0.892331
4375 0.892691
4400 0.892754
4425 0.893153
4450 0.894438
4475 0.894622
4500 0.894382
4525 0.894723
4550 0.894905
4575 0.89621
4600 0.895449
4625 0.89674
4650 0.896808
4675 0.897552
4700 0.898005
4725 0.898367
4750 0.898836
4775 0.899241
4800 0.899548
4825 0.899947
4850 0.900881
4875 0.900652
4900 0.899729
4925 0.8998
4950 0.900338
4975 0.90118
5000 0.901871
