0 4.17593e-08
25 0.0014306
50 0.00437328
75 0.00858489
100 0.0137503
125 0.019789
150 0.0268338
175 0.0346604
200 0.0429675
225 0.0521559
250 0.0617422
275 0.0712384
300 0.0819659
325 0.092865
350 0.104008
375 0.114921
400 0.125654
425 0.136819
450 0.147822
475 0.15879
500 0.170171
525 0.180868
550 0.191881
575 0.202009
600 0.212999
625 0.224811
650 0.237197
675 0.24835
700 0.259647
725 0.27003
750 0.280521
775 0.291387
800 0.301642
825 0.311001
850 0.320958
875 0.3314
900 0.34129
925 0.352078
950 0.362156
975 0.373359
1000 0.383622
1025 0.393741
1050 0.404766
1075 0.414928
1100 0.424182
1125 0.43406
1150 0.443411
1175 0.451698
1200 0.461127
1225 0.47025
1250 0.480229
1275 0.489166
1300 0.49852
1325 0.508082
1350 0.516851
1375 0.525855
1400 0.534405
1425 0.541796
1450 0.549054
1475 0.555299
1500 0.562225
1525 0.569579
1550 0.576476
1575 0.583717
1600 0.590366
1625 0.597476
1650 0.604661
1675 0.611077
1700 0.61829
1725 0.624074
1750 0.629749
1775 0.635827
1800 0.642443
1825 0.649004
1850 0.654587
1875 0.659651
1900 0.665024
1925 0.671241
1950 0.67578
1975 0.680433
2000 0.685934
2025 0.691234
2050 0.695881
2075 0.701449
2100 0.706082
2125 0.711469
2150 0.715885
2175 0.719967
2200 0.724801
2225 0.729979
2250 0.734152
2275 0.73845
2300 0.74342
2325 0.746493
2350 0.750734
2375 0.755302
2400 0.758585
2425 0.763175
2450 0.766626
2475 0.771301
2500 0.775317
2525 0.778797
2550 0.782134
2575 0.785254
2600 0.788232
2625 0.791361
2650 0.793862
2675 0.798047
2700 0.800822
2725 0.804145
2750 0.80712
2775 0.809967
2800 0.811746
2825 0.814678
2850 0.816891
2875 0.819889
2900 0.823066
2925 0.824945
2950 0.826546
2975 0.828969
3000 0.831305
3025 0.833143
3050 0.834735
3075 0.836307
3100 0.837355
3125 0.839871
3150 0.841591
3175 0.842856
3200 0.844125
3225 0.845628
3250 0.8474
3275 0.848904
3300 0.850233
3325 0.851755
3350 0.853111
3375 0.854106
3400 0.855783
3425 0.856627
3450 0.85902
3475 0.859898
3500 0.861423
3525 0.862783
3550 0.864123
3575 0.865298
3600 0.866038
3625 0.867507
3650 0.867957
3675 0.869033
3700 0.869505
3725 0.870441
3750 0.871081
3775 0.871986
3800 0.87278
3825 0.872619
3850 0.873636
3875 0.87375
3900 0.874878
3925 0.874945
3950 0.875247
3975 0.875746
4000 0.876415
4025 0.877347
4050 0.878054
4075 0.878421
4100 0.879239
4125 0.879795
4150 0.880539
4175 0.881786
4200 0.882864
4225 0.88259
4250 0.882676
4275 0.88339
4300 0.883701
4325 0.883982
4350 0.884815
4375 0.884956
4400 0.885109
4425 0.885371
4450 0.886063
4475 0.886356
4500 0.886472
4525 0.887031
4550 0.886923
4575 0.887439
4600 0.887681
4625 0.888648
4650 0.888729
4675 0.889365
4700 0.889602
4725 0.890116
4750 0.890419
4775 0.890704
4800 0.891011
4825 0.89156
4850 0.892227
4875 0.891954
4900 0.891684
4925 0.891636
4950 0.892058
4975 0.892701
5000 0.893001
