0 0.108296
25 0.169304
50 0.185577
75 0.167077
100 0.176746
125 0.2007
150 0.209945
175 0.212438
200 0.221552
225 0.231339
250 0.248091
275 0.263474
300 0.276232
325 0.289363
350 0.315743
375 0.335205
400 0.354797
425 0.371234
450 0.392502
475 0.410258
500 0.427155
525 0.441273
550 0.456406
575 0.473718
600 0.488664
625 0.504141
650 0.519551
675 0.535921
700 0.546621
725 0.560863
750 0.570581
775 0.584873
800 0.595349
825 0.605104
850 0.619651
875 0.630456
900 0.638771
925 0.649994
950 0.6593
975 0.670041
1000 0.678923
1025 0.687632
1050 0.695576
1075 0.703037
1100 0.710246
1125 0.717256
1150 0.724405
1175 0.729363
1200 0.735393
1225 0.74102
1250 0.748766
1275 0.75518
1300 0.759835
1325 0.765311
1350 0.770746
1375 0.777453
1400 0.782798
1425 0.78817
1450 0.793118
1475 0.797906
1500 0.802536
1525 0.808097
1550 0.812066
1575 0.817679
1600 0.821966
1625 0.826569
1650 0.831851
1675 0.836742
1700 0.841943
1725 0.84494
1750 0.848749
1775 0.852542
1800 0.857395
1825 0.86141
1850 0.864304
1875 0.867717
1900 0.871571
1925 0.875326
1950 0.878363
1975 0.881082
2000 0.884334
2025 0.887722
2050 0.890951
2075 0.894302
2100 0.897221
2125 0.90017
2150 0.902858
2175 0.905825
2200 0.908333
2225 0.910513
2250 0.912392
2275 0.915159
2300 0.918105
2325 0.92031
2350 0.922579
2375 0.925031
2400 0.9272
2425 0.929045
2450 0.931382
2475 0.933596
2500 0.935473
2525 0.93703
2550 0.938727
2575 0.940441
2600 0.942255
2625 0.943496
2650 0.944682
2675 0.946363
2700 0.94794
2725 0.949298
2750 0.95089
2775 0.952291
2800 0.953452
2825 0.954867
2850 0.955931
2875 0.956934
2900 0.958173
2925 0.959332
2950 0.960309
2975 0.961901
3000 0.962915
3025 0.963686
3050 0.964775
3075 0.965449
3100 0.966284
3125 0.967157
3150 0.968062
3175 0.968731
3200 0.969283
3225 0.970051
3250 0.970691
3275 0.971606
3300 0.972017
3325 0.972798
3350 0.973365
3375 0.974003
3400 0.974586
3425 0.975186
3450 0.976082
3475 0.976392
3500 0.976741
3525 0.977196
3550 0.977567
3575 0.978173
3600 0.978655
3625 0.979102
3650 0.979628
3675 0.98001
3700 0.980422
3725 0.980828
3750 0.981262
3775 0.98164
3800 0.981872
3825 0.982065
3850 0.982282
3875 0.982372
3900 0.982705
3925 0.982978
3950 0.983282
3975 0.983707
4000 0.983913
4025 0.984058
4050 0.984326
4075 0.984635
4100 0.98497
4125 0.985192
4150 0.985673
4175 0.985875
4200 0.986129
4225 0.98641
4250 0.986619
4275 0.986813
4300 0.986938
4325 0.987154
4350 0.987434
4375 0.987523
4400 0.987641
4425 0.987711
4450 0.987775
4475 0.988004
4500 0.988246
4525 0.988352
4550 0.988502
4575 0.988594
4600 0.988748
4625 0.989065
4650 0.989141
4675 0.989366
4700 0.989536
4725 0.98977
4750 0.989923
4775 0.989944
4800 0.99028
4825 0.990428
4850 0.99058
4875 0.990828
4900 0.990949
4925 0.990988
4950 0.99114
4975 0.991102
5000 0.991121
