0 0.108204
25 0.21007
50 0.217733
75 0.187985
100 0.195923
125 0.215097
150 0.217009
175 0.216435
200 0.218655
225 0.23118
250 0.243887
275 0.259413
300 0.267337
325 0.279128
350 0.30732
375 0.326534
400 0.346646
425 0.364661
450 0.390592
475 0.411113
500 0.428017
525 0.445942
550 0.464634
575 0.482049
600 0.499787
625 0.515881
650 0.533831
675 0.550609
700 0.56141
725 0.576045
750 0.585627
775 0.599707
800 0.610082
825 0.619103
850 0.634201
875 0.64515
900 0.652956
925 0.663983
950 0.67375
975 0.683688
1000 0.691434
1025 0.699506
1050 0.707231
1075 0.715334
1100 0.722475
1125 0.729015
1150 0.735927
1175 0.740275
1200 0.746498
1225 0.752181
1250 0.759794
1275 0.76666
1300 0.77093
1325 0.77612
1350 0.78228
1375 0.788878
1400 0.793816
1425 0.800001
1450 0.804592
1475 0.808879
1500 0.81387
1525 0.81893
1550 0.8227
1575 0.828619
1600 0.832622
1625 0.838175
1650 0.843834
1675 0.848568
1700 0.853088
1725 0.855835
1750 0.860041
1775 0.863958
1800 0.86842
1825 0.872291
1850 0.875057
1875 0.878667
1900 0.882013
1925 0.885042
1950 0.887716
1975 0.889855
2000 0.892929
2025 0.895775
2050 0.898835
2075 0.901744
2100 0.90471
2125 0.907509
2150 0.910058
2175 0.913128
2200 0.915444
2225 0.917212
2250 0.918696
2275 0.921125
2300 0.923721
2325 0.926119
2350 0.928251
2375 0.930535
2400 0.932773
2425 0.934365
2450 0.936672
2475 0.939112
2500 0.94101
2525 0.942474
2550 0.944169
2575 0.946012
2600 0.947848
2625 0.949169
2650 0.950549
2675 0.951965
2700 0.953228
2725 0.954083
2750 0.955638
2775 0.957484
2800 0.958797
2825 0.96034
2850 0.96133
2875 0.962218
2900 0.963253
2925 0.964613
2950 0.965495
2975 0.967229
3000 0.968263
3025 0.96891
3050 0.970165
3075 0.970814
3100 0.971795
3125 0.972548
3150 0.973374
3175 0.974166
3200 0.974812
3225 0.975737
3250 0.97648
3275 0.9774
3300 0.977794
3325 0.978425
3350 0.979042
3375 0.979683
3400 0.980149
3425 0.980722
3450 0.981762
3475 0.981954
3500 0.982411
3525 0.982967
3550 0.983497
3575 0.984078
3600 0.984858
3625 0.985391
3650 0.986049
3675 0.986475
3700 0.986796
3725 0.987118
3750 0.987632
3775 0.988036
3800 0.98866
3825 0.988947
3850 0.989161
3875 0.989357
3900 0.989855
3925 0.990109
3950 0.990425
3975 0.990945
4000 0.991285
4025 0.991459
4050 0.991713
4075 0.992015
4100 0.992295
4125 0.992522
4150 0.99288
4175 0.993205
4200 0.993513
4225 0.993603
4250 0.993925
4275 0.9941
4300 0.99419
4325 0.99427
4350 0.994509
4375 0.994653
4400 0.994824
4425 0.994979
4450 0.995017
4475 0.995291
4500 0.995403
4525 0.995475
4550 0.995561
4575 0.995606
4600 0.995697
4625 0.995979
4650 0.996115
4675 0.996285
4700 0.996495
4725 0.996638
4750 0.996813
4775 0.996904
4800 0.997038
4825 0.997143
4850 0.997236
4875 0.9973
4900 0.99735
4925 0.997371
4950 0.997414
4975 0.997433
5000 0.997452
