0 6.61781e-08
20.25 0.00141175
40.5 0.00473236
60.75 0.00910109
81 0.0148046
101.25 0.0217511
121.5 0.0296894
141.75 0.0383769
162 0.0472191
182.25 0.0570436
202.5 0.0668163
222.75 0.0773226
243 0.0877104
263.25 0.0976828
283.5 0.108261
303.75 0.119347
324 0.131783
344.25 0.144487
364.5 0.157415
384.75 0.169519
405 0.182324
425.25 0.193725
445.5 0.207072
465.75 0.219366
486 0.231584
506.25 0.244271
526.5 0.257239
546.75 0.269302
567 0.281615
587.25 0.293737
607.5 0.305222
627.75 0.317305
648 0.328571
668.25 0.340598
688.5 0.352329
708.75 0.36348
729 0.37452
749.25 0.385264
769.5 0.397124
789.75 0.406934
810 0.417539
830.25 0.425641
850.5 0.435334
870.75 0.444695
891 0.454236
911.25 0.46307
931.5 0.470497
951.75 0.477738
972 0.48546
992.25 0.493766
1012.5 0.502416
1032.75 0.510261
1053 0.5193
1073.25 0.527347
1093.5 0.536065
1113.75 0.544335
1134 0.551529
1154.25 0.559472
1174.5 0.56793
1194.75 0.5756
1215 0.58207
1235.25 0.590002
1255.5 0.596717
1275.75 0.603524
1296 0.610268
1316.25 0.616127
1336.5 0.622249
1356.75 0.627458
1377 0.6342
1397.25 0.641216
1417.5 0.648474
1437.75 0.653764
1458 0.659922
1478.25 0.666378
1498.5 0.673688
1518.75 0.678589
1539 0.685021
1559.25 0.690399
1579.5 0.694884
1599.75 0.699881
1620 0.704558
1640.25 0.708581
1660.5 0.713378
1680.75 0.719259
1701 0.72517
1721.25 0.729099
1741.5 0.734046
1761.75 0.738169
1782 0.742321
1802.25 0.746909
1822.5 0.752029
1842.75 0.756383
1863 0.761361
1883.25 0.763555
1903.5 0.767445
1923.75 0.770549
1944 0.773163
1964.25 0.776031
1984.5 0.778881
2004.75 0.782507
2025 0.786262
2045.25 0.789467
2065.5 0.791902
2085.75 0.794514
2106 0.797992
2126.25 0.801101
2146.5 0.804856
2166.75 0.807281
2187 0.809443
2207.25 0.811503
2227.5 0.813767
2247.75 0.81625
2268 0.81879
2288.25 0.820765
2308.5 0.823187
2328.75 0.824963
2349 0.826064
2369.25 0.826669
2389.5 0.827707
2409.75 0.828503
2430 0.830527
2450.25 0.831653
2470.5 0.8341
2490.75 0.83525
2511 0.836285
2531.25 0.837366
2551.5 0.838367
2571.75 0.83967
2592 0.841652
2612.25 0.842401
2632.5 0.843983
2652.75 0.845206
2673 0.845789
2693.25 0.847505
2713.5 0.849409
2733.75 0.851605
2754 0.852853
2774.25 0.854024
2794.5 0.855846
2814.75 0.856961
2835 0.857996
2855.25 0.858502
2875.5 0.859486
2895.75 0.860203
2916 0.860983
2936.25 0.861366
2956.5 0.86248
2976.75 0.863168
2997 0.863935
3017.25 0.865271
3037.5 0.867197
3057.75 0.867343
3078 0.867764
3098.25 0.868336
3118.5 0.869555
3138.75 0.870076
3159 0.869891
3179.25 0.871218
3199.5 0.872407
3219.75 0.873026
3240 0.873479
3260.25 0.873546
3280.5 0.874427
3300.75 0.875551
3321 0.875727
3341.25 0.876134
3361.5 0.877413
3381.75 0.877138
3402 0.87782
3422.25 0.878212
3442.5 0.878682
3462.75 0.879549
3483 0.88039
3503.25 0.880303
3523.5 0.879777
3543.75 0.88054
3564 0.88095
3584.25 0.881648
3604.5 0.8824
3624.75 0.882032
3645 0.883692
3665.25 0.884212
3685.5 0.885005
3705.75 0.885687
3726 0.885067
3746.25 0.885052
3766.5 0.884663
3786.75 0.885294
3807 0.886354
3827.25 0.886725
3847.5 0.887225
3867.75 0.888329
3888 0.888094
3908.25 0.88852
3928.5 0.888033
3948.75 0.888156
3969 0.888322
3989.25 0.888565
4009.5 0.888437
4029.75 0.888634
4050 0.888972
