0 0.000188575
20.25 0.0278621
40.5 0.0498234
60.75 0.0691523
81 0.0878886
101.25 0.106195
121.5 0.123903
141.75 0.140834
162 0.157215
182.25 0.173744
202.5 0.189449
222.75 0.204915
243 0.220268
263.25 0.234598
283.5 0.248649
303.75 0.262264
324 0.276531
344.25 0.290785
364.5 0.304325
384.75 0.317711
405 0.331692
425.25 0.34398
445.5 0.357542
465.75 0.370319
486 0.382592
506.25 0.394761
526.5 0.406754
546.75 0.418366
567 0.430023
587.25 0.441604
607.5 0.452525
627.75 0.464065
648 0.474231
668.25 0.484723
688.5 0.495377
708.75 0.505089
729 0.514483
749.25 0.523285
769.5 0.533294
789.75 0.54195
810 0.550927
830.25 0.557979
850.5 0.566659
870.75 0.574128
891 0.582124
911.25 0.590196
931.5 0.59674
951.75 0.603567
972 0.610741
992.25 0.618002
1012.5 0.625326
1032.75 0.632358
1053 0.640009
1073.25 0.647044
1093.5 0.65409
1113.75 0.661209
1134 0.66717
1154.25 0.67418
1174.5 0.680592
1194.75 0.686429
1215 0.69219
1235.25 0.698109
1255.5 0.703821
1275.75 0.709705
1296 0.715391
1316.25 0.720384
1336.5 0.725175
1356.75 0.729545
1377 0.735056
1397.25 0.7408
1417.5 0.746427
1437.75 0.751128
1458 0.755967
1478.25 0.760948
1498.5 0.766127
1518.75 0.770167
1539 0.775102
1559.25 0.779094
1579.5 0.782662
1599.75 0.786473
1620 0.789702
1640.25 0.793129
1660.5 0.796973
1680.75 0.801255
1701 0.80519
1721.25 0.80813
1741.5 0.811418
1761.75 0.814256
1782 0.817467
1802.25 0.82067
1822.5 0.823831
1842.75 0.827076
1863 0.830778
1883.25 0.832481
1903.5 0.835064
1923.75 0.837391
1944 0.839326
1964.25 0.841334
1984.5 0.843619
2004.75 0.846222
2025 0.848695
2045.25 0.851028
2065.5 0.853046
2085.75 0.855116
2106 0.857538
2126.25 0.859661
2146.5 0.862264
2166.75 0.864574
2187 0.866393
2207.25 0.868213
2227.5 0.870079
2247.75 0.872116
2268 0.873997
2288.25 0.875734
2308.5 0.877436
2328.75 0.879153
2349 0.880359
2369.25 0.881613
2389.5 0.882738
2409.75 0.884008
2430 0.885338
2450.25 0.886681
2470.5 0.888577
2490.75 0.889863
2511 0.890818
2531.25 0.891873
2551.5 0.892921
2571.75 0.893801
2592 0.895178
2612.25 0.896186
2632.5 0.89743
2652.75 0.898515
2673 0.899416
2693.25 0.900729
2713.5 0.902491
2733.75 0.904276
2754 0.905313
2774.25 0.906217
2794.5 0.907423
2814.75 0.908501
2835 0.90947
2855.25 0.910054
2875.5 0.910817
2895.75 0.911713
2916 0.912474
2936.25 0.913028
2956.5 0.913907
2976.75 0.914429
2997 0.915198
3017.25 0.916128
3037.5 0.917505
3057.75 0.917792
3078 0.918413
3098.25 0.919175
3118.5 0.92006
3138.75 0.92044
3159 0.920918
3179.25 0.921517
3199.5 0.922323
3219.75 0.922952
3240 0.923325
3260.25 0.923672
3280.5 0.924356
3300.75 0.925127
3321 0.925419
3341.25 0.925911
3361.5 0.926758
3381.75 0.926951
3402 0.927426
3422.25 0.928059
3442.5 0.928555
3462.75 0.929321
3483 0.929845
3503.25 0.930175
3523.5 0.930111
3543.75 0.930396
3564 0.930866
3584.25 0.931197
3604.5 0.931742
3624.75 0.931558
3645 0.932631
3665.25 0.933087
3685.5 0.933586
3705.75 0.933925
3726 0.933549
3746.25 0.933746
3766.5 0.933575
3786.75 0.933892
3807 0.934626
3827.25 0.934971
3847.5 0.935308
3867.75 0.935745
3888 0.935863
3908.25 0.936222
3928.5 0.936007
3948.75 0.936211
3969 0.93646
3989.25 0.936662
4009.5 0.936533
4029.75 0.936694
4050 0.937249
