0 0.000180699
20.25 0.0269468
40.5 0.0493047
60.75 0.0691958
81 0.0887078
101.25 0.10757
121.5 0.126357
141.75 0.143419
162 0.161312
182.25 0.179008
202.5 0.196469
222.75 0.212063
243 0.227779
263.25 0.243359
283.5 0.260109
303.75 0.275431
324 0.290993
344.25 0.305856
364.5 0.32136
384.75 0.335788
405 0.351006
425.25 0.364822
445.5 0.380697
465.75 0.395363
486 0.407981
506.25 0.420548
526.5 0.43386
546.75 0.444732
567 0.456105
587.25 0.466975
607.5 0.476935
627.75 0.487952
648 0.498694
668.25 0.509896
688.5 0.520081
708.75 0.530664
729 0.539898
749.25 0.549525
769.5 0.558473
789.75 0.566865
810 0.573927
830.25 0.581219
850.5 0.589387
870.75 0.597614
891 0.603797
911.25 0.611513
931.5 0.617936
951.75 0.623756
972 0.630271
992.25 0.637156
1012.5 0.643845
1032.75 0.650988
1053 0.657443
1073.25 0.66378
1093.5 0.670718
1113.75 0.677398
1134 0.682133
1154.25 0.687245
1174.5 0.692892
1194.75 0.698105
1215 0.703119
1235.25 0.708226
1255.5 0.713662
1275.75 0.718229
1296 0.724302
1316.25 0.728438
1336.5 0.732422
1356.75 0.736423
1377 0.742339
1397.25 0.747327
1417.5 0.753191
1437.75 0.756719
1458 0.761358
1478.25 0.765819
1498.5 0.771288
1518.75 0.77471
1539 0.779664
1559.25 0.783052
1579.5 0.785806
1599.75 0.789941
1620 0.792491
1640.25 0.795816
1660.5 0.799356
1680.75 0.803445
1701 0.807357
1721.25 0.809585
1741.5 0.813135
1761.75 0.815615
1782 0.818178
1802.25 0.821587
1822.5 0.825291
1842.75 0.828413
1863 0.832016
1883.25 0.834299
1903.5 0.836663
1923.75 0.839228
1944 0.840749
1964.25 0.842542
1984.5 0.845256
2004.75 0.847328
2025 0.849653
2045.25 0.852516
2065.5 0.854146
2085.75 0.85636
2106 0.858515
2126.25 0.861186
2146.5 0.863747
2166.75 0.865456
2187 0.866887
2207.25 0.867998
2227.5 0.869866
2247.75 0.872206
2268 0.873414
2288.25 0.875237
2308.5 0.87761
2328.75 0.878941
2349 0.879917
2369.25 0.880817
2389.5 0.88231
2409.75 0.883892
2430 0.886316
2450.25 0.888415
2470.5 0.890623
2490.75 0.891853
2511 0.893247
2531.25 0.894123
2551.5 0.895432
2571.75 0.896253
2592 0.897802
2612.25 0.899315
2632.5 0.900203
2652.75 0.901096
2673 0.901951
2693.25 0.903297
2713.5 0.90547
2733.75 0.906928
2754 0.908071
2774.25 0.90937
2794.5 0.910898
2814.75 0.912436
2835 0.913159
2855.25 0.91311
2875.5 0.913821
2895.75 0.914953
2916 0.915589
2936.25 0.915918
2956.5 0.917012
2976.75 0.917831
2997 0.918775
3017.25 0.920124
3037.5 0.921143
3057.75 0.921889
3078 0.922773
3098.25 0.923572
3118.5 0.924557
3138.75 0.925741
3159 0.926327
3179.25 0.927106
3199.5 0.927869
3219.75 0.928908
3240 0.929169
3260.25 0.929651
3280.5 0.930707
3300.75 0.931295
3321 0.931595
3341.25 0.931545
3361.5 0.932614
3381.75 0.93242
3402 0.933009
3422.25 0.933549
3442.5 0.933677
3462.75 0.934608
3483 0.935487
3503.25 0.935384
3523.5 0.934954
3543.75 0.935441
3564 0.935693
3584.25 0.936556
3604.5 0.937013
3624.75 0.936961
3645 0.938003
3665.25 0.938211
3685.5 0.938935
3705.75 0.939664
3726 0.939131
3746.25 0.939019
3766.5 0.938926
3786.75 0.939288
3807 0.939419
3827.25 0.939976
3847.5 0.940435
3867.75 0.940438
3888 0.94015
3908.25 0.940737
3928.5 0.940501
3948.75 0.940473
3969 0.940593
3989.25 0.940445
4009.5 0.939926
4029.75 0.940315
4050 0.94031
