0 6.56733e-08
20.25 0.00143676
40.5 0.00463939
60.75 0.00891908
81 0.014357
101.25 0.0208857
121.5 0.0283842
141.75 0.036596
162 0.0448863
182.25 0.0542382
202.5 0.0635964
222.75 0.073566
243 0.0835971
263.25 0.0934536
283.5 0.103468
303.75 0.113842
324 0.125421
344.25 0.137457
364.5 0.149779
384.75 0.161852
405 0.174366
425.25 0.185543
445.5 0.198281
465.75 0.210311
486 0.222407
506.25 0.234706
526.5 0.247427
546.75 0.259479
567 0.271745
587.25 0.283668
607.5 0.295239
627.75 0.307256
648 0.318297
668.25 0.329713
688.5 0.341436
708.75 0.352617
729 0.363803
749.25 0.374041
769.5 0.385512
789.75 0.395119
810 0.405424
830.25 0.413221
850.5 0.423235
870.75 0.432144
891 0.441603
911.25 0.450774
931.5 0.458224
951.75 0.465579
972 0.473606
992.25 0.482055
1012.5 0.490474
1032.75 0.498389
1053 0.507518
1073.25 0.515912
1093.5 0.524805
1113.75 0.533235
1134 0.540618
1154.25 0.54915
1174.5 0.557496
1194.75 0.564912
1215 0.572105
1235.25 0.579579
1255.5 0.586501
1275.75 0.593693
1296 0.600711
1316.25 0.606894
1336.5 0.61347
1356.75 0.618884
1377 0.625697
1397.25 0.632975
1417.5 0.640367
1437.75 0.646219
1458 0.652355
1478.25 0.659244
1498.5 0.666392
1518.75 0.671833
1539 0.678396
1559.25 0.68355
1579.5 0.68854
1599.75 0.693442
1620 0.697783
1640.25 0.702281
1660.5 0.707154
1680.75 0.713118
1701 0.71876
1721.25 0.722823
1741.5 0.727263
1761.75 0.731117
1782 0.735383
1802.25 0.739807
1822.5 0.744066
1842.75 0.748268
1863 0.75294
1883.25 0.754989
1903.5 0.758278
1923.75 0.761196
1944 0.763706
1964.25 0.766394
1984.5 0.769387
2004.75 0.772811
2025 0.776119
2045.25 0.779311
2065.5 0.781818
2085.75 0.78424
2106 0.787633
2126.25 0.790352
2146.5 0.793839
2166.75 0.796635
2187 0.798987
2207.25 0.801216
2227.5 0.803658
2247.75 0.80621
2268 0.808772
2288.25 0.811154
2308.5 0.813166
2328.75 0.815323
2349 0.817011
2369.25 0.818314
2389.5 0.819482
2409.75 0.820661
2430 0.822704
2450.25 0.824134
2470.5 0.826755
2490.75 0.828177
2511 0.829324
2531.25 0.830504
2551.5 0.831539
2571.75 0.832715
2592 0.834517
2612.25 0.835796
2632.5 0.837415
2652.75 0.83861
2673 0.839649
2693.25 0.841418
2713.5 0.843733
2733.75 0.846289
2754 0.847567
2774.25 0.849007
2794.5 0.850524
2814.75 0.851911
2835 0.853142
2855.25 0.85382
2875.5 0.85486
2895.75 0.856115
2916 0.857031
2936.25 0.857746
2956.5 0.858679
2976.75 0.859216
2997 0.860221
3017.25 0.861553
3037.5 0.863696
3057.75 0.863821
3078 0.864578
3098.25 0.865525
3118.5 0.866983
3138.75 0.867318
3159 0.867618
3179.25 0.868561
3199.5 0.869963
3219.75 0.870593
3240 0.870944
3260.25 0.871222
3280.5 0.872267
3300.75 0.873413
3321 0.873659
3341.25 0.874391
3361.5 0.875801
3381.75 0.875881
3402 0.876459
3422.25 0.87725
3442.5 0.877935
3462.75 0.878908
3483 0.879523
3503.25 0.88007
3523.5 0.879735
3543.75 0.880199
3564 0.88096
3584.25 0.881582
3604.5 0.8824
3624.75 0.881827
3645 0.883394
3665.25 0.884029
3685.5 0.884808
3705.75 0.885294
3726 0.884539
3746.25 0.884582
3766.5 0.884173
3786.75 0.884753
3807 0.8861
3827.25 0.886423
3847.5 0.886881
3867.75 0.887588
3888 0.887628
3908.25 0.887992
3928.5 0.887436
3948.75 0.887622
3969 0.887866
3989.25 0.887949
4009.5 0.887651
4029.75 0.887876
4050 0.888784
