0 5.98666e-08
20.25 0.00129271
40.5 0.00443341
60.75 0.00887767
81 0.0144616
101.25 0.021032
121.5 0.0288052
141.75 0.0367572
162 0.0456042
182.25 0.0552814
202.5 0.0659564
222.75 0.0756971
243 0.086792
263.25 0.0981063
283.5 0.110496
303.75 0.122688
324 0.136133
344.25 0.149206
364.5 0.164067
384.75 0.17799
405 0.192415
425.25 0.205581
445.5 0.2211
465.75 0.236
486 0.249601
506.25 0.263176
526.5 0.277698
546.75 0.289779
567 0.302071
587.25 0.313731
607.5 0.324512
627.75 0.336771
648 0.349002
668.25 0.3621
688.5 0.374599
708.75 0.386801
729 0.397917
749.25 0.40958
769.5 0.420909
789.75 0.430566
810 0.439096
830.25 0.447498
850.5 0.457187
870.75 0.46701
891 0.4748
911.25 0.483452
931.5 0.490674
951.75 0.496932
972 0.504075
992.25 0.511645
1012.5 0.519311
1032.75 0.52699
1053 0.534775
1073.25 0.54191
1093.5 0.550517
1113.75 0.558049
1134 0.563602
1154.25 0.569048
1174.5 0.576033
1194.75 0.582241
1215 0.58776
1235.25 0.594286
1255.5 0.600431
1275.75 0.606448
1296 0.614052
1316.25 0.618846
1336.5 0.624773
1356.75 0.629747
1377 0.637442
1397.25 0.643272
1417.5 0.651267
1437.75 0.654821
1458 0.660669
1478.25 0.666743
1498.5 0.674194
1518.75 0.67885
1539 0.685608
1559.25 0.690336
1579.5 0.693865
1599.75 0.699267
1620 0.702695
1640.25 0.706971
1660.5 0.710815
1680.75 0.716535
1701 0.722782
1721.25 0.725861
1741.5 0.730838
1761.75 0.734034
1782 0.737381
1802.25 0.741821
1822.5 0.746564
1842.75 0.750216
1863 0.754904
1883.25 0.757494
1903.5 0.760566
1923.75 0.763913
1944 0.765692
1964.25 0.767828
1984.5 0.77128
2004.75 0.773748
2025 0.776713
2045.25 0.780723
2065.5 0.783012
2085.75 0.785712
2106 0.788887
2126.25 0.792061
2146.5 0.795105
2166.75 0.796935
2187 0.799075
2207.25 0.800035
2227.5 0.802498
2247.75 0.805283
2268 0.806712
2288.25 0.808974
2308.5 0.811754
2328.75 0.812967
2349 0.814385
2369.25 0.814907
2389.5 0.816451
2409.75 0.81792
2430 0.821791
2450.25 0.824054
2470.5 0.827035
2490.75 0.828337
2511 0.829951
2531.25 0.8307
2551.5 0.831914
2571.75 0.833233
2592 0.835114
2612.25 0.837232
2632.5 0.838175
2652.75 0.839476
2673 0.840347
2693.25 0.842402
2713.5 0.845385
2733.75 0.847488
2754 0.848869
2774.25 0.850746
2794.5 0.853001
2814.75 0.855133
2835 0.855911
2855.25 0.855584
2875.5 0.856658
2895.75 0.858399
2916 0.859114
2936.25 0.859651
2956.5 0.860676
2976.75 0.861636
2997 0.862729
3017.25 0.864747
3037.5 0.865915
3057.75 0.867045
3078 0.868205
3098.25 0.869196
3118.5 0.870999
3138.75 0.872597
3159 0.87265
3179.25 0.873974
3199.5 0.875562
3219.75 0.876907
3240 0.877021
3260.25 0.877652
3280.5 0.879473
3300.75 0.880492
3321 0.880945
3341.25 0.880812
3361.5 0.882707
3381.75 0.882178
3402 0.883097
3422.25 0.884003
3442.5 0.884128
3462.75 0.885677
3483 0.887082
3503.25 0.886845
3523.5 0.885646
3543.75 0.886564
3564 0.886919
3584.25 0.888619
3604.5 0.889141
3624.75 0.88856
3645 0.89004
3665.25 0.890246
3685.5 0.891485
3705.75 0.892929
3726 0.891894
3746.25 0.891641
3766.5 0.891514
3786.75 0.892276
3807 0.892443
3827.25 0.893276
3847.5 0.894099
3867.75 0.894272
3888 0.893451
3908.25 0.894496
3928.5 0.893969
3948.75 0.893848
3969 0.893798
3989.25 0.893368
4009.5 0.892364
4029.75 0.893175
4050 0.893109
