0 0.0615451
9 0.213813
18 0.269967
27 0.29983
36 0.313402
45 0.334426
54 0.36558
63 0.40249
72 0.43643
81 0.469996
90 0.505683
99 0.534914
108 0.561965
117 0.592915
126 0.62019
135 0.647787
144 0.671859
153 0.696829
162 0.718698
171 0.737406
180 0.757933
189 0.774893
198 0.79162
207 0.805825
216 0.820013
225 0.832409
234 0.843643
243 0.853283
252 0.862478
261 0.870592
270 0.87865
279 0.886164
288 0.893708
297 0.901058
306 0.907344
315 0.913012
324 0.918112
333 0.923284
342 0.928135
351 0.932301
360 0.936083
369 0.939911
378 0.943787
387 0.946911
396 0.950134
405 0.952856
414 0.955318
423 0.957772
432 0.960267
441 0.962221
450 0.964446
459 0.966354
468 0.968221
477 0.970294
486 0.972076
495 0.973487
504 0.974878
513 0.976165
522 0.9773
531 0.978922
540 0.979999
549 0.980976
558 0.981612
567 0.982307
576 0.982897
585 0.983578
594 0.984293
603 0.98498
612 0.985576
621 0.986132
630 0.986708
639 0.986926
648 0.98735
657 0.987648
666 0.988033
675 0.988397
684 0.988653
693 0.988886
702 0.989126
711 0.989321
720 0.989602
729 0.989664
738 0.989724
747 0.989831
756 0.989945
765 0.990013
774 0.990007
783 0.990091
792 0.990183
801 0.990239
810 0.990259
819 0.990256
828 0.990256
837 0.990257
846 0.99025
855 0.990285
864 0.990238
873 0.990254
882 0.990256
891 0.990299
900 0.990273
909 0.99024
918 0.990197
927 0.990279
936 0.990267
945 0.990263
954 0.990277
963 0.99031
972 0.990353
981 0.990378
990 0.990422
999 0.990415
1008 0.99041
1017 0.990341
1026 0.990303
1035 0.990319
1044 0.990321
1053 0.990325
1062 0.990358
1071 0.990326
1080 0.990321
1089 0.990348
1098 0.99034
1107 0.990305
1116 0.990319
1125 0.990421
1134 0.990507
1143 0.990499
1152 0.990554
1161 0.990593
1170 0.990578
1179 0.990651
1188 0.990719
1197 0.990818
1206 0.990864
1215 0.990979
1224 0.9911
1233 0.991301
1242 0.991455
1251 0.991544
1260 0.991589
1269 0.991656
1278 0.991678
1287 0.991773
1296 0.991817
1305 0.991865
1314 0.991897
1323 0.991909
1332 0.991919
1341 0.991919
1350 0.991932
1359 0.991912
1368 0.991903
1377 0.991911
1386 0.991913
1395 0.991912
1404 0.991921
1413 0.991909
1422 0.991915
1431 0.991909
1440 0.99192
1449 0.991932
1458 0.991936
1467 0.991945
1476 0.99197
1485 0.991945
1494 0.991955
1503 0.99194
1512 0.991933
1521 0.991937
1530 0.991935
1539 0.991911
1548 0.991918
1557 0.991916
1566 0.991916
1575 0.991926
1584 0.991931
1593 0.991927
1602 0.991934
1611 0.991929
1620 0.991951
1629 0.991958
1638 0.991945
1647 0.991942
1656 0.991926
1665 0.99193
1674 0.99196
1683 0.991972
1692 0.991984
1701 0.991991
1710 0.991998
1719 0.991967
1728 0.991938
1737 0.991934
1746 0.991939
1755 0.991969
1764 0.991962
1773 0.991944
1782 0.991921
1791 0.991943
1800 0.991954
