0 0.000621548
6.25 0.0334697
12.5 0.0556584
18.75 0.072902
25 0.087101
31.25 0.0991734
37.5 0.106693
43.75 0.113978
50 0.118729
56.25 0.123773
62.5 0.129082
68.75 0.13395
75 0.138392
81.25 0.143677
87.5 0.147029
93.75 0.151187
100 0.154303
106.25 0.157911
112.5 0.163237
118.75 0.168498
125 0.172181
131.25 0.174504
137.5 0.176655
143.75 0.179104
150 0.18182
156.25 0.185147
162.5 0.186628
168.75 0.188583
175 0.189802
181.25 0.191857
187.5 0.194249
193.75 0.197421
200 0.201125
206.25 0.203853
212.5 0.205956
218.75 0.208336
225 0.211129
231.25 0.213727
237.5 0.215816
243.75 0.219528
250 0.223303
256.25 0.224298
262.5 0.224105
268.75 0.225086
275 0.22595
281.25 0.227681
287.5 0.229727
293.75 0.230905
300 0.231657
306.25 0.233097
312.5 0.23519
318.75 0.237213
325 0.239741
331.25 0.24116
337.5 0.244219
343.75 0.247571
350 0.251643
356.25 0.254368
362.5 0.256877
368.75 0.258819
375 0.260529
381.25 0.263163
387.5 0.263775
393.75 0.265878
400 0.266358
406.25 0.268457
412.5 0.269985
418.75 0.271265
425 0.273149
431.25 0.275099
437.5 0.276727
443.75 0.278026
450 0.279368
456.25 0.279348
462.5 0.282151
468.75 0.282834
475 0.284015
481.25 0.285344
487.5 0.285156
493.75 0.286573
500 0.287332
506.25 0.28861
512.5 0.289572
518.75 0.290268
525 0.290175
531.25 0.291821
537.5 0.293529
543.75 0.295806
550 0.297503
556.25 0.299026
562.5 0.299822
568.75 0.299708
575 0.301287
581.25 0.30276
587.5 0.304361
593.75 0.306033
600 0.307869
606.25 0.308509
612.5 0.30821
618.75 0.308364
625 0.308635
631.25 0.309695
637.5 0.311291
643.75 0.311243
650 0.311715
656.25 0.312559
662.5 0.312228
668.75 0.311522
675 0.312105
681.25 0.312937
687.5 0.31266
693.75 0.312888
700 0.31353
706.25 0.315256
712.5 0.315255
718.75 0.316521
725 0.317062
731.25 0.318026
737.5 0.320217
743.75 0.322441
750 0.324036
756.25 0.325996
762.5 0.326129
768.75 0.325962
775 0.327602
781.25 0.32741
787.5 0.328334
793.75 0.329488
800 0.33131
806.25 0.333034
812.5 0.333901
818.75 0.335462
825 0.336227
831.25 0.336682
837.5 0.336788
843.75 0.338053
850 0.339708
856.25 0.34105
862.5 0.342505
868.75 0.344006
875 0.34396
881.25 0.343621
887.5 0.343765
893.75 0.345239
900 0.346555
906.25 0.347194
912.5 0.348932
918.75 0.349726
925 0.35113
931.25 0.353254
937.5 0.353922
943.75 0.355698
950 0.356115
956.25 0.35713
962.5 0.358172
968.75 0.359962
975 0.361076
981.25 0.362795
987.5 0.363407
993.75 0.364522
1000 0.364203
1006.25 0.364213
1012.5 0.3638
1018.75 0.364187
1025 0.363545
1031.25 0.363783
1037.5 0.364381
1043.75 0.365692
1050 0.365453
1056.25 0.366556
1062.5 0.368498
1068.75 0.370249
1075 0.371099
1081.25 0.371487
1087.5 0.372757
1093.75 0.374797
1100 0.377
1106.25 0.37781
1112.5 0.379007
1118.75 0.381788
1125 0.383035
1131.25 0.385288
1137.5 0.387375
1143.75 0.389654
1150 0.392949
1156.25 0.395231
1162.5 0.397838
1168.75 0.400325
1175 0.401205
1181.25 0.402321
1187.5 0.403508
1193.75 0.404445
1200 0.404326
1206.25 0.404399
1212.5 0.40569
1218.75 0.406953
1225 0.407436
1231.25 0.407606
1237.5 0.409856
1243.75 0.411124
1250 0.412891
