0 -0.153428
6.25 -0.0308864
12.5 -0.0128983
18.75 0.0101425
25 0.0275678
31.25 0.050473
37.5 0.0632108
43.75 0.104212
50 0.139665
56.25 0.170492
62.5 0.214944
68.75 0.22296
75 0.232894
81.25 0.26719
87.5 0.279064
93.75 0.302584
100 0.288936
106.25 0.261787
112.5 0.254768
118.75 0.244521
125 0.233443
131.25 0.210949
137.5 0.179544
143.75 0.153921
150 0.138512
156.25 0.112242
162.5 0.0851693
168.75 0.0794985
175 0.0736443
181.25 0.0702495
187.5 0.0621662
193.75 0.0505048
200 0.0428042
206.25 0.024312
212.5 -0.00917458
218.75 -0.0421443
225 -0.0479041
231.25 -0.0432985
237.5 -0.0467513
243.75 -0.0383454
250 -0.034713
256.25 -0.0452764
262.5 -0.0593265
268.75 -0.0750553
275 -0.0818963
281.25 -0.083802
287.5 -0.0854577
293.75 -0.0909891
300 -0.0913239
306.25 -0.0829826
312.5 -0.0687457
318.75 -0.0677007
325 -0.065874
331.25 -0.0857504
337.5 -0.0908434
343.75 -0.0934069
350 -0.093743
356.25 -0.101727
362.5 -0.112381
368.75 -0.117948
375 -0.121271
381.25 -0.116848
387.5 -0.131334
393.75 -0.132434
400 -0.146568
406.25 -0.137338
412.5 -0.141142
418.75 -0.149413
425 -0.154088
431.25 -0.157855
437.5 -0.167832
443.75 -0.176026
450 -0.186628
456.25 -0.202622
462.5 -0.191468
468.75 -0.202056
475 -0.195941
481.25 -0.198725
487.5 -0.212988
493.75 -0.207332
500 -0.209598
506.25 -0.20447
512.5 -0.20152
518.75 -0.201814
525 -0.2057
531.25 -0.194247
537.5 -0.183643
543.75 -0.168116
550 -0.158481
556.25 -0.151258
562.5 -0.147665
568.75 -0.154812
575 -0.15011
581.25 -0.141915
587.5 -0.137652
593.75 -0.124781
600 -0.115417
606.25 -0.115251
612.5 -0.12109
618.75 -0.126036
625 -0.128764
631.25 -0.122531
637.5 -0.110906
643.75 -0.111942
650 -0.117155
656.25 -0.120508
662.5 -0.131864
668.75 -0.141501
675 -0.139277
681.25 -0.137576
687.5 -0.147168
693.75 -0.147362
700 -0.145083
706.25 -0.136939
712.5 -0.142072
718.75 -0.132205
725 -0.133188
731.25 -0.13218
737.5 -0.120097
743.75 -0.111215
750 -0.101874
756.25 -0.0935822
762.5 -0.101966
768.75 -0.109824
775 -0.103123
781.25 -0.108538
787.5 -0.107317
793.75 -0.103649
800 -0.0937188
806.25 -0.0888757
812.5 -0.0864326
818.75 -0.0815368
825 -0.0789176
831.25 -0.0808362
837.5 -0.0866081
843.75 -0.0793141
850 -0.0728913
856.25 -0.0648288
862.5 -0.0606355
868.75 -0.0542231
875 -0.0571924
881.25 -0.0644696
887.5 -0.0704407
893.75 -0.0624036
900 -0.0520198
906.25 -0.0475368
912.5 -0.0416653
918.75 -0.0430093
925 -0.035953
931.25 -0.023844
937.5 -0.0249331
943.75 -0.0144521
950 -0.0161647
956.25 -0.0128393
962.5 -0.0128636
968.75 -0.00447589
975 3.78708e-05
981.25 0.00849066
987.5 0.00828904
993.75 0.017682
1000 0.0125102
1006.25 0.00889839
1012.5 0.00339457
1018.75 0.00647032
1025 0.00158383
1031.25 0.00454654
1037.5 0.0085379
1043.75 0.0141437
1050 0.0124799
1056.25 0.0193459
1062.5 0.0295568
1068.75 0.0370415
1075 0.0434208
1081.25 0.043039
1087.5 0.0505539
1093.75 0.0613528
1100 0.0711118
1106.25 0.0737515
1112.5 0.0769465
1118.75 0.089944
1125 0.0941776
1131.25 0.0998271
1137.5 0.10542
1143.75 0.115249
1150 0.128831
1156.25 0.137635
1162.5 0.148281
1168.75 0.157506
1175 0.158965
1181.25 0.15787
1187.5 0.157297
1193.75 0.157239
1200 0.151482
1206.25 0.149175
1212.5 0.150228
1218.75 0.156654
1225 0.155263
1231.25 0.152594
1237.5 0.163569
1243.75 0.1677
1250 0.172796
