0 1.7024e-08
84.5 0.00501249
169 0.0170823
253.5 0.0363115
338 0.0619721
422.5 0.090281
507 0.121936
591.5 0.155529
676 0.193023
760.5 0.232179
845 0.270652
929.5 0.310126
1014 0.342063
1098.5 0.376206
1183 0.410605
1267.5 0.444267
1352 0.474014
1436.5 0.501316
1521 0.527368
1605.5 0.554881
1690 0.580083
1774.5 0.603383
1859 0.623895
1943.5 0.644509
2028 0.664768
2112.5 0.684381
2197 0.704285
2281.5 0.721763
2366 0.737464
2450.5 0.754274
2535 0.769542
2619.5 0.783237
2704 0.794018
2788.5 0.803869
2873 0.812819
2957.5 0.819057
3042 0.826963
3126.5 0.833235
3211 0.838472
3295.5 0.843771
3380 0.84689
3464.5 0.850757
3549 0.853267
3633.5 0.856774
3718 0.860793
3802.5 0.864178
3887 0.866342
3971.5 0.868285
4056 0.87014
4140.5 0.873382
4225 0.87496
4309.5 0.877431
4394 0.879113
4478.5 0.880797
4563 0.88274
4647.5 0.885574
4732 0.886455
4816.5 0.887649
4901 0.889146
4985.5 0.889266
5070 0.889533
5154.5 0.889459
5239 0.890235
5323.5 0.891051
5408 0.891717
5492.5 0.891603
5577 0.892145
5661.5 0.891869
5746 0.892484
5830.5 0.892976
5915 0.893493
5999.5 0.894005
6084 0.894412
6168.5 0.894471
6253 0.894717
6337.5 0.893975
6422 0.894807
6506.5 0.894771
6591 0.895076
6675.5 0.894732
6760 0.894694
6844.5 0.895109
6929 0.894836
7013.5 0.894842
7098 0.895454
7182.5 0.895461
7267 0.895253
7351.5 0.89511
7436 0.894848
7520.5 0.894839
7605 0.894227
7689.5 0.89495
7774 0.895446
7858.5 0.8956
7943 0.896365
8027.5 0.895401
8112 0.89623
8196.5 0.895817
8281 0.89704
8365.5 0.896575
8450 0.896805
