0 2.24242e-08
84.5 0.00502383
169 0.0169575
253.5 0.0373674
338 0.0637833
422.5 0.0925537
507 0.126352
591.5 0.163429
676 0.201496
760.5 0.240616
845 0.278414
929.5 0.316966
1014 0.345978
1098.5 0.377351
1183 0.410122
1267.5 0.441898
1352 0.469107
1436.5 0.493989
1521 0.514689
1605.5 0.540051
1690 0.563731
1774.5 0.587337
1859 0.609849
1943.5 0.633208
2028 0.654662
2112.5 0.674951
2197 0.694963
2281.5 0.714109
2366 0.728733
2450.5 0.749216
2535 0.764163
2619.5 0.77817
2704 0.787475
2788.5 0.797888
2873 0.805581
2957.5 0.811303
3042 0.819112
3126.5 0.825256
3211 0.830644
3295.5 0.836205
3380 0.839131
3464.5 0.842552
3549 0.845317
3633.5 0.850797
3718 0.856321
3802.5 0.859681
3887 0.86208
3971.5 0.864593
4056 0.866021
4140.5 0.870053
4225 0.871092
4309.5 0.874595
4394 0.878379
4478.5 0.88097
4563 0.881602
4647.5 0.883552
4732 0.884007
4816.5 0.885505
4901 0.886265
4985.5 0.884894
5070 0.885332
5154.5 0.885117
5239 0.885883
5323.5 0.885301
5408 0.885704
5492.5 0.885507
5577 0.886723
5661.5 0.886261
5746 0.888866
5830.5 0.889429
5915 0.889274
5999.5 0.888922
6084 0.890515
6168.5 0.890445
6253 0.891374
6337.5 0.891304
6422 0.892207
6506.5 0.892079
6591 0.891527
6675.5 0.892114
6760 0.89242
6844.5 0.892792
6929 0.892626
7013.5 0.893252
7098 0.892449
7182.5 0.894503
7267 0.893649
7351.5 0.892749
7436 0.890442
7520.5 0.889434
7605 0.889783
7689.5 0.89237
7774 0.892302
7858.5 0.891305
7943 0.892274
8027.5 0.891522
8112 0.89205
8196.5 0.890982
8281 0.891404
8365.5 0.891451
8450 0.891515
