0 9.27638e-05
84.5 0.0532424
169 0.100762
253.5 0.146037
338 0.191481
422.5 0.232708
507 0.275138
591.5 0.312957
676 0.35197
760.5 0.393429
845 0.433246
929.5 0.469228
1014 0.49928
1098.5 0.530476
1183 0.561947
1267.5 0.594033
1352 0.618424
1436.5 0.64328
1521 0.669622
1605.5 0.692888
1690 0.715083
1774.5 0.735357
1859 0.753533
1943.5 0.769605
2028 0.785339
2112.5 0.801314
2197 0.818856
2281.5 0.832748
2366 0.844737
2450.5 0.856809
2535 0.866109
2619.5 0.874378
2704 0.881319
2788.5 0.88894
2873 0.896072
2957.5 0.900372
3042 0.907133
3126.5 0.911555
3211 0.914807
3295.5 0.918062
3380 0.920955
3464.5 0.924013
3549 0.925547
3633.5 0.927017
3718 0.929349
3802.5 0.931651
3887 0.93381
3971.5 0.935012
4056 0.9361
4140.5 0.936805
4225 0.937811
4309.5 0.938317
4394 0.938208
4478.5 0.937853
4563 0.938756
4647.5 0.939788
4732 0.93965
4816.5 0.939539
4901 0.940909
4985.5 0.941656
5070 0.94122
5154.5 0.940676
5239 0.940776
5323.5 0.941425
5408 0.941268
5492.5 0.941091
5577 0.940446
5661.5 0.94015
5746 0.940219
5830.5 0.940896
5915 0.941051
5999.5 0.941647
6084 0.941935
6168.5 0.942282
6253 0.941456
6337.5 0.940826
6422 0.941005
6506.5 0.941701
6591 0.942185
6675.5 0.942163
6760 0.941914
6844.5 0.942283
6929 0.942198
7013.5 0.942141
7098 0.943379
7182.5 0.942576
7267 0.942806
7351.5 0.942793
7436 0.943527
7520.5 0.943806
7605 0.94323
7689.5 0.943976
7774 0.945084
7858.5 0.945399
7943 0.946385
8027.5 0.94636
8112 0.947329
8196.5 0.947836
8281 0.948511
8365.5 0.948403
8450 0.948038
