0 0.000109665
84.5 0.0516102
169 0.0999868
253.5 0.149511
338 0.197275
422.5 0.239485
507 0.282003
591.5 0.323267
676 0.36398
760.5 0.402098
845 0.43751
929.5 0.471446
1014 0.498428
1098.5 0.527191
1183 0.554814
1267.5 0.580693
1352 0.603923
1436.5 0.625348
1521 0.644624
1605.5 0.666575
1690 0.687792
1774.5 0.707213
1859 0.725349
1943.5 0.744172
2028 0.761143
2112.5 0.777009
2197 0.792028
2281.5 0.805994
2366 0.816765
2450.5 0.831706
2535 0.842517
2619.5 0.852816
2704 0.859758
2788.5 0.867498
2873 0.87338
2957.5 0.878354
3042 0.883834
3126.5 0.888535
3211 0.892546
3295.5 0.896511
3380 0.899101
3464.5 0.901998
3549 0.904735
3633.5 0.908904
3718 0.912747
3802.5 0.915491
3887 0.917244
3971.5 0.919404
4056 0.920866
4140.5 0.923885
4225 0.924842
4309.5 0.927227
4394 0.929796
4478.5 0.93147
4563 0.932027
4647.5 0.933264
4732 0.933624
4816.5 0.934492
4901 0.935052
4985.5 0.934571
5070 0.934912
5154.5 0.935186
5239 0.935715
5323.5 0.935635
5408 0.936124
5492.5 0.936123
5577 0.936917
5661.5 0.937061
5746 0.938644
5830.5 0.939068
5915 0.939038
5999.5 0.93894
6084 0.939823
6168.5 0.939828
6253 0.94032
6337.5 0.940293
6422 0.940769
6506.5 0.940712
6591 0.940414
6675.5 0.940717
6760 0.94088
6844.5 0.941082
6929 0.941006
7013.5 0.941376
7098 0.940949
7182.5 0.942004
7267 0.941539
7351.5 0.941058
7436 0.939845
7520.5 0.939304
7605 0.939488
7689.5 0.940853
7774 0.940819
7858.5 0.940293
7943 0.940804
8027.5 0.940408
8112 0.940687
8196.5 0.940138
8281 0.940372
8365.5 0.940378
8450 0.940399
