0 1.62072e-08
84.5 0.00516388
169 0.0177721
253.5 0.0362264
338 0.0605356
422.5 0.0866917
507 0.115945
591.5 0.145664
676 0.179359
760.5 0.218183
845 0.257613
929.5 0.296877
1014 0.329534
1098.5 0.363772
1183 0.401369
1267.5 0.439445
1352 0.468268
1436.5 0.497512
1521 0.529493
1605.5 0.559585
1690 0.587906
1774.5 0.614015
1859 0.63736
1943.5 0.658265
2028 0.679127
2112.5 0.699528
2197 0.723744
2281.5 0.741238
2366 0.757907
2450.5 0.774121
2535 0.78687
2619.5 0.798411
2704 0.807489
2788.5 0.818293
2873 0.828109
2957.5 0.833794
3042 0.843533
3126.5 0.849791
3211 0.854318
3295.5 0.859225
3380 0.863338
3464.5 0.867666
3549 0.869363
3633.5 0.871432
3718 0.874628
3802.5 0.878053
3887 0.881374
3971.5 0.883034
4056 0.884553
4140.5 0.885777
4225 0.887546
4309.5 0.88831
4394 0.888072
4478.5 0.887181
4563 0.888474
4647.5 0.890233
4732 0.889981
4816.5 0.889726
4901 0.892121
4985.5 0.893331
5070 0.892358
5154.5 0.891343
5239 0.891649
5323.5 0.892869
5408 0.892596
5492.5 0.892206
5577 0.891033
5661.5 0.89057
5746 0.890702
5830.5 0.891877
5915 0.891966
5999.5 0.893089
6084 0.893383
6168.5 0.894158
6253 0.892317
6337.5 0.891039
6422 0.89122
6506.5 0.892284
6591 0.892993
6675.5 0.89291
6760 0.892094
6844.5 0.892826
6929 0.892673
7013.5 0.892158
7098 0.894287
7182.5 0.892464
7267 0.892777
7351.5 0.89241
7436 0.893309
7520.5 0.89342
7605 0.892252
7689.5 0.893334
7774 0.894907
7858.5 0.89515
7943 0.896685
8027.5 0.896377
8112 0.897812
8196.5 0.898559
8281 0.899726
8365.5 0.899506
8450 0.898806
