0 8.10141e-05
84.5 0.0530267
169 0.0981422
253.5 0.144916
338 0.191023
422.5 0.235645
507 0.277853
591.5 0.31924
676 0.363048
760.5 0.402805
845 0.440001
929.5 0.476497
1014 0.505976
1098.5 0.537215
1183 0.565067
1267.5 0.592724
1352 0.620351
1436.5 0.643147
1521 0.66418
1605.5 0.68572
1690 0.704185
1774.5 0.720709
1859 0.734594
1943.5 0.749631
2028 0.765156
2112.5 0.780115
2197 0.794227
2281.5 0.805977
2366 0.818457
2450.5 0.828971
2535 0.841257
2619.5 0.851705
2704 0.861042
2788.5 0.866986
2873 0.873995
2957.5 0.879281
3042 0.884327
3126.5 0.889053
3211 0.893728
3295.5 0.898235
3380 0.900976
3464.5 0.903977
3549 0.906284
3633.5 0.909204
3718 0.911991
3802.5 0.91518
3887 0.916402
3971.5 0.918209
4056 0.920553
4140.5 0.923609
4225 0.925156
4309.5 0.927913
4394 0.929201
4478.5 0.931556
4563 0.934183
4647.5 0.937223
4732 0.93883
4816.5 0.94034
4901 0.941082
4985.5 0.941491
5070 0.942326
5154.5 0.942995
5239 0.944095
5323.5 0.945225
5408 0.946306
5492.5 0.946514
5577 0.94737
5661.5 0.947403
5746 0.947073
5830.5 0.947002
5915 0.94776
5999.5 0.948137
6084 0.947887
6168.5 0.947655
6253 0.948401
6337.5 0.947953
6422 0.948653
6506.5 0.948187
6591 0.948547
6675.5 0.947841
6760 0.948009
6844.5 0.948109
6929 0.947867
7013.5 0.947822
7098 0.948104
7182.5 0.948008
7267 0.947954
7351.5 0.94831
7436 0.948564
7520.5 0.948947
7605 0.948441
7689.5 0.947847
7774 0.947879
7858.5 0.948433
7943 0.948407
8027.5 0.947513
8112 0.947811
8196.5 0.947378
8281 0.948402
8365.5 0.947823
8450 0.948428
