0 0.000101214
84.5 0.0524263
169 0.100374
253.5 0.147774
338 0.194378
422.5 0.236096
507 0.27857
591.5 0.318112
676 0.357975
760.5 0.397764
845 0.435378
929.5 0.470337
1014 0.498854
1098.5 0.528833
1183 0.55838
1267.5 0.587363
1352 0.611174
1436.5 0.634314
1521 0.657123
1605.5 0.679731
1690 0.701438
1774.5 0.721285
1859 0.739441
1943.5 0.756889
2028 0.773241
2112.5 0.789161
2197 0.805442
2281.5 0.819371
2366 0.830751
2450.5 0.844257
2535 0.854313
2619.5 0.863597
2704 0.870538
2788.5 0.878219
2873 0.884726
2957.5 0.889363
3042 0.895484
3126.5 0.900045
3211 0.903676
3295.5 0.907286
3380 0.910028
3464.5 0.913006
3549 0.915141
3633.5 0.91796
3718 0.921048
3802.5 0.923571
3887 0.925527
3971.5 0.927208
4056 0.928483
4140.5 0.930345
4225 0.931327
4309.5 0.932772
4394 0.934002
4478.5 0.934662
4563 0.935392
4647.5 0.936526
4732 0.936637
4816.5 0.937016
4901 0.93798
4985.5 0.938114
5070 0.938066
5154.5 0.937931
5239 0.938245
5323.5 0.93853
5408 0.938696
5492.5 0.938607
5577 0.938682
5661.5 0.938606
5746 0.939431
5830.5 0.939982
5915 0.940044
5999.5 0.940294
6084 0.940879
6168.5 0.941055
6253 0.940888
6337.5 0.94056
6422 0.940887
6506.5 0.941207
6591 0.9413
6675.5 0.94144
6760 0.941397
6844.5 0.941682
6929 0.941602
7013.5 0.941758
7098 0.942164
7182.5 0.94229
7267 0.942172
7351.5 0.941926
7436 0.941686
7520.5 0.941555
7605 0.941359
7689.5 0.942415
7774 0.942952
7858.5 0.942846
7943 0.943594
8027.5 0.943384
8112 0.944008
8196.5 0.943987
8281 0.944441
8365.5 0.944391
8450 0.944218
