0 0.114503
84.5 0.14669
169 0.27645
253.5 0.314941
338 0.354822
422.5 0.392174
507 0.438839
591.5 0.472789
676 0.513981
760.5 0.550085
845 0.586084
929.5 0.612577
1014 0.642762
1098.5 0.67498
1183 0.698653
1267.5 0.722674
1352 0.745258
1436.5 0.767876
1521 0.790926
1605.5 0.810008
1690 0.829672
1774.5 0.845413
1859 0.859482
1943.5 0.872825
2028 0.884608
2112.5 0.89649
2197 0.906562
2281.5 0.916135
2366 0.922954
2450.5 0.931398
2535 0.937431
2619.5 0.943027
2704 0.947687
2788.5 0.952258
2873 0.956429
2957.5 0.960072
3042 0.963297
3126.5 0.966124
3211 0.968346
3295.5 0.970181
3380 0.972126
3464.5 0.974172
3549 0.97629
3633.5 0.978089
3718 0.97979
3802.5 0.981379
3887 0.982341
3971.5 0.983601
4056 0.984681
4140.5 0.985705
4225 0.986223
4309.5 0.98691
4394 0.987544
4478.5 0.988
4563 0.988479
4647.5 0.988813
4732 0.988937
4816.5 0.989046
4901 0.989332
4985.5 0.98971
5070 0.989912
5154.5 0.99032
5239 0.990388
5323.5 0.990638
5408 0.990921
5492.5 0.991063
5577 0.991199
5661.5 0.99156
5746 0.991782
5830.5 0.991979
5915 0.992151
5999.5 0.992248
6084 0.992436
6168.5 0.992415
6253 0.992573
6337.5 0.992631
6422 0.99272
6506.5 0.992875
6591 0.992985
6675.5 0.993002
6760 0.993197
6844.5 0.993185
6929 0.993193
7013.5 0.993465
7098 0.993584
7182.5 0.993723
7267 0.993777
7351.5 0.993963
7436 0.994245
7520.5 0.994471
7605 0.994515
7689.5 0.9947
7774 0.994999
7858.5 0.995198
7943 0.995385
8027.5 0.995532
8112 0.995758
8196.5 0.995894
8281 0.995969
8365.5 0.995958
8450 0.995949
