0 0.13542
84.5 0.113901
169 0.3038
253.5 0.328346
338 0.361061
422.5 0.386251
507 0.41118
591.5 0.436111
676 0.47906
760.5 0.511805
845 0.545496
929.5 0.573906
1014 0.607344
1098.5 0.64228
1183 0.66765
1267.5 0.689526
1352 0.7138
1436.5 0.736793
1521 0.7614
1605.5 0.784552
1690 0.808323
1774.5 0.825679
1859 0.84088
1943.5 0.856595
2028 0.869985
2112.5 0.882054
2197 0.89215
2281.5 0.90074
2366 0.90762
2450.5 0.916902
2535 0.923465
2619.5 0.930049
2704 0.93467
2788.5 0.939758
2873 0.943906
2957.5 0.948415
3042 0.951421
3126.5 0.954703
3211 0.957313
3295.5 0.959596
3380 0.961964
3464.5 0.964415
3549 0.967293
3633.5 0.970113
3718 0.972137
3802.5 0.974279
3887 0.975345
3971.5 0.977181
4056 0.978743
4140.5 0.980682
4225 0.981575
4309.5 0.982733
4394 0.983969
4478.5 0.984633
4563 0.985119
4647.5 0.985568
4732 0.985828
4816.5 0.985995
4901 0.98634
4985.5 0.986867
5070 0.987104
5154.5 0.987944
5239 0.988214
5323.5 0.988705
5408 0.989302
5492.5 0.989525
5577 0.989852
5661.5 0.990686
5746 0.991132
5830.5 0.991404
5915 0.991516
5999.5 0.991704
6084 0.991793
6168.5 0.991885
6253 0.991888
6337.5 0.99191
6422 0.991911
6506.5 0.991931
6591 0.991917
6675.5 0.991903
6760 0.991907
6844.5 0.99192
6929 0.991943
7013.5 0.99203
7098 0.992021
7182.5 0.991963
7267 0.991932
7351.5 0.991915
7436 0.991926
7520.5 0.991907
7605 0.991905
7689.5 0.991906
7774 0.99191
7858.5 0.991909
7943 0.991909
8027.5 0.99191
8112 0.991911
8196.5 0.991941
8281 0.991967
8365.5 0.991924
8450 0.991897
