0 0.116565
84.5 0.178365
169 0.24958
253.5 0.301359
338 0.348956
422.5 0.39913
507 0.468379
591.5 0.512753
676 0.552189
760.5 0.590424
845 0.627542
929.5 0.651631
1014 0.678057
1098.5 0.7073
1183 0.728977
1267.5 0.754674
1352 0.775603
1436.5 0.797727
1521 0.819134
1605.5 0.834426
1690 0.850273
1774.5 0.864512
1859 0.877517
1943.5 0.888612
2028 0.898874
2112.5 0.910569
2197 0.920631
2281.5 0.931117
2366 0.937882
2450.5 0.945514
2535 0.951042
2619.5 0.955693
2704 0.960392
2788.5 0.964467
2873 0.968661
2957.5 0.971474
3042 0.974913
3126.5 0.977305
3211 0.979154
3295.5 0.980557
3380 0.982103
3464.5 0.983761
3549 0.985144
3633.5 0.985953
3718 0.987335
3802.5 0.988389
3887 0.989251
3971.5 0.989951
4056 0.990562
4140.5 0.990688
4225 0.990838
4309.5 0.991061
4394 0.991095
4478.5 0.991345
4563 0.991817
4647.5 0.992038
4732 0.992027
4816.5 0.992079
4901 0.992306
4985.5 0.992539
5070 0.992705
5154.5 0.992686
5239 0.992556
5323.5 0.992566
5408 0.992539
5492.5 0.9926
5577 0.992544
5661.5 0.992433
5746 0.992433
5830.5 0.992554
5915 0.992785
5999.5 0.992793
6084 0.993079
6168.5 0.992947
6253 0.993257
6337.5 0.993352
6422 0.99353
6506.5 0.993817
6591 0.994051
6675.5 0.994098
6760 0.994487
6844.5 0.99445
6929 0.994439
7013.5 0.994898
7098 0.995142
7182.5 0.995482
7267 0.99562
7351.5 0.996003
7436 0.996556
7520.5 0.997025
7605 0.997111
7689.5 0.997482
7774 0.998072
7858.5 0.998467
7943 0.998839
8027.5 0.999129
8112 0.999578
8196.5 0.999814
8281 0.999941
8365.5 0.999957
8450 0.999966
