0 0.00044295
9 0.0341379
18 0.0626301
27 0.087494
36 0.110197
45 0.13176
54 0.151119
63 0.169714
72 0.188033
81 0.205356
90 0.222124
99 0.237667
108 0.252157
117 0.266376
126 0.280913
135 0.294463
144 0.307899
153 0.321629
162 0.334067
171 0.346449
180 0.358638
189 0.371354
198 0.38322
207 0.394293
216 0.406533
225 0.418195
234 0.429633
243 0.439856
252 0.450567
261 0.460038
270 0.469875
279 0.479632
288 0.489244
297 0.499037
306 0.50724
315 0.515979
324 0.524228
333 0.533284
342 0.5428
351 0.551455
360 0.56064
369 0.567591
378 0.574951
387 0.582527
396 0.590025
405 0.597759
414 0.60522
423 0.612682
432 0.620293
441 0.627035
450 0.634205
459 0.641405
468 0.648927
477 0.655785
486 0.662515
495 0.669471
504 0.67646
513 0.682927
522 0.689085
531 0.69456
540 0.700424
549 0.706057
558 0.712086
567 0.718152
576 0.723476
585 0.728798
594 0.734
603 0.738946
612 0.743701
621 0.747751
630 0.753153
639 0.757864
648 0.761926
657 0.766004
666 0.771359
675 0.775351
684 0.779053
693 0.783613
702 0.787521
711 0.791749
720 0.794958
729 0.798738
738 0.802742
747 0.806714
756 0.810296
765 0.813611
774 0.817077
783 0.819666
792 0.823359
801 0.825795
810 0.828625
819 0.83152
828 0.834139
837 0.836217
846 0.838312
855 0.840058
864 0.84237
873 0.844498
882 0.846924
891 0.849126
900 0.851381
909 0.852903
918 0.855244
927 0.857489
936 0.859683
945 0.86144
954 0.863496
963 0.865192
972 0.867199
981 0.86938
990 0.871851
999 0.873643
1008 0.875957
1017 0.878009
1026 0.879899
1035 0.881055
1044 0.882862
1053 0.884255
1062 0.885987
1071 0.887855
1080 0.888839
1089 0.890004
1098 0.89156
1107 0.893156
1116 0.894984
1125 0.896617
1134 0.898131
1143 0.898852
1152 0.900005
1161 0.901066
1170 0.902409
1179 0.903824
1188 0.905494
1197 0.907096
1206 0.908149
1215 0.909138
1224 0.909433
1233 0.910567
1242 0.911612
1251 0.912351
1260 0.913149
1269 0.913992
1278 0.914139
1287 0.914935
1296 0.915267
1305 0.915658
1314 0.916401
1323 0.917088
1332 0.917688
1341 0.918602
1350 0.918938
1359 0.919438
1368 0.919633
1377 0.920768
1386 0.921472
1395 0.921821
1404 0.922959
1413 0.923629
1422 0.92395
1431 0.924209
1440 0.92444
1449 0.924987
1458 0.925639
1467 0.926467
1476 0.926444
1485 0.926843
1494 0.927814
1503 0.927931
1512 0.928322
1521 0.928434
1530 0.928929
1539 0.928993
1548 0.929156
1557 0.930005
1566 0.930194
1575 0.930912
1584 0.931038
1593 0.931525
1602 0.931464
1611 0.931992
1620 0.932036
1629 0.93231
1638 0.932449
1647 0.933028
1656 0.932966
1665 0.93331
1674 0.93346
1683 0.933955
1692 0.933787
1701 0.933796
1710 0.934218
1719 0.934319
1728 0.934638
1737 0.935182
1746 0.935358
1755 0.935752
1764 0.936004
1773 0.936598
1782 0.936369
1791 0.936728
1800 0.936879
