0 4.02896e-07
9 0.0021965
18 0.00721987
27 0.0138589
36 0.0218938
45 0.0308413
54 0.0403939
63 0.0504234
72 0.0618385
81 0.073144
90 0.0849643
99 0.0962895
108 0.10723
117 0.118238
126 0.129975
135 0.141609
144 0.1533
153 0.165882
162 0.17739
171 0.188957
180 0.200574
189 0.212939
198 0.224966
207 0.236124
216 0.248572
225 0.260997
234 0.273333
243 0.284377
252 0.29558
261 0.305887
270 0.315978
279 0.326081
288 0.337024
297 0.348002
306 0.357065
315 0.36643
324 0.375712
333 0.385939
342 0.396511
351 0.407068
360 0.417794
369 0.426322
378 0.435385
387 0.443946
396 0.45228
405 0.461638
414 0.470492
423 0.478625
432 0.487753
441 0.495843
450 0.504651
459 0.513583
468 0.522657
477 0.531417
486 0.53966
495 0.548571
504 0.557015
513 0.565014
522 0.572668
531 0.58008
540 0.587769
549 0.595107
558 0.603085
567 0.6109
576 0.617806
585 0.624347
594 0.630867
603 0.636759
612 0.642558
621 0.647732
630 0.654316
639 0.660501
648 0.665788
657 0.671255
666 0.678172
675 0.683672
684 0.688694
693 0.694699
702 0.699694
711 0.705168
720 0.709034
729 0.714123
738 0.719293
747 0.724514
756 0.729041
765 0.732973
774 0.73751
783 0.740639
792 0.745579
801 0.748845
810 0.752693
819 0.756087
828 0.759738
837 0.762181
846 0.765034
855 0.766983
864 0.770005
873 0.772513
882 0.775606
891 0.7784
900 0.781454
909 0.783215
918 0.78624
927 0.789358
936 0.792242
945 0.794567
954 0.797036
963 0.799064
972 0.801399
981 0.804263
990 0.807663
999 0.809486
1008 0.812559
1017 0.815369
1026 0.818156
1035 0.819599
1044 0.821692
1053 0.823209
1062 0.825421
1071 0.827945
1080 0.828869
1089 0.830221
1098 0.832063
1107 0.834272
1116 0.836579
1125 0.838498
1134 0.840858
1143 0.841742
1152 0.843527
1161 0.844792
1170 0.846694
1179 0.848702
1188 0.85112
1197 0.853428
1206 0.854918
1215 0.856284
1224 0.856497
1233 0.858085
1242 0.859608
1251 0.860494
1260 0.861551
1269 0.862757
1278 0.862696
1287 0.86375
1296 0.864132
1305 0.864811
1314 0.865648
1323 0.8668
1332 0.867542
1341 0.868648
1350 0.868889
1359 0.869444
1368 0.869636
1377 0.871395
1386 0.87254
1395 0.873071
1404 0.874796
1413 0.875788
1422 0.876202
1431 0.876377
1440 0.876631
1449 0.877302
1458 0.878269
1467 0.879671
1476 0.879311
1485 0.879874
1494 0.881522
1503 0.881689
1512 0.882098
1521 0.882148
1530 0.882775
1539 0.882682
1548 0.882812
1557 0.884146
1566 0.884452
1575 0.885563
1584 0.885665
1593 0.886444
1602 0.886083
1611 0.886769
1620 0.886785
1629 0.887013
1638 0.887243
1647 0.888113
1656 0.88796
1665 0.888486
1674 0.888704
1683 0.889396
1692 0.888957
1701 0.888721
1710 0.889442
1719 0.889442
1728 0.889967
1737 0.890705
1746 0.890829
1755 0.89159
1764 0.891883
1773 0.892898
1782 0.892331
1791 0.89298
1800 0.892975
