0 -0.0534477
9 0.115236
18 0.159385
27 0.18961
36 0.197057
45 0.223497
54 0.231199
63 0.249367
72 0.250994
81 0.265549
90 0.277952
99 0.295332
108 0.313534
117 0.333651
126 0.352907
135 0.366848
144 0.382949
153 0.396428
162 0.410497
171 0.425704
180 0.440582
189 0.455884
198 0.468132
207 0.481195
216 0.495953
225 0.507626
234 0.519196
243 0.53015
252 0.544018
261 0.554648
270 0.568824
279 0.582548
288 0.59198
297 0.602615
306 0.612221
315 0.623655
324 0.632855
333 0.642929
342 0.654215
351 0.66141
360 0.670787
369 0.676674
378 0.682922
387 0.691728
396 0.700827
405 0.708036
414 0.715522
423 0.724956
432 0.732331
441 0.738867
450 0.745322
459 0.751624
468 0.75885
477 0.764301
486 0.770499
495 0.776035
504 0.782743
513 0.788534
522 0.793971
531 0.797547
540 0.801924
549 0.806245
558 0.810638
567 0.815492
576 0.81967
585 0.82453
594 0.829031
603 0.833864
612 0.83824
621 0.841539
630 0.846491
639 0.850018
648 0.853141
657 0.856003
666 0.860203
675 0.862764
684 0.86527
693 0.86866
702 0.871805
711 0.875092
720 0.878038
729 0.880655
738 0.883769
747 0.886711
756 0.889638
765 0.892729
774 0.895305
783 0.897616
792 0.900197
801 0.901887
810 0.903771
819 0.906482
828 0.90809
837 0.910015
846 0.911397
855 0.913157
864 0.914856
873 0.916799
882 0.918685
891 0.920409
900 0.921909
909 0.923333
918 0.925082
927 0.926462
936 0.928032
945 0.929269
954 0.93105
963 0.932527
972 0.934357
981 0.93591
990 0.937459
999 0.939425
1008 0.941015
1017 0.942316
1026 0.943255
1035 0.944166
1044 0.9458
1053 0.947178
1062 0.948471
1071 0.949691
1080 0.950844
1089 0.951882
1098 0.953221
1107 0.954188
1116 0.955576
1125 0.956992
1134 0.957579
1143 0.958155
1152 0.958621
1161 0.959514
1170 0.960272
1179 0.961068
1188 0.961946
1197 0.962806
1206 0.963404
1215 0.964004
1224 0.964417
1233 0.96508
1242 0.965619
1251 0.96623
1260 0.966769
1269 0.96723
1278 0.967634
1287 0.968172
1296 0.968463
1305 0.968534
1314 0.969209
1323 0.969383
1332 0.969849
1341 0.97059
1350 0.971056
1359 0.971518
1368 0.971727
1377 0.972186
1386 0.972407
1395 0.972561
1404 0.973068
1413 0.973395
1422 0.973622
1431 0.973992
1440 0.974209
1449 0.974636
1458 0.974951
1467 0.97515
1476 0.975518
1485 0.975746
1494 0.975972
1503 0.976039
1512 0.976425
1521 0.976614
1530 0.976978
1539 0.977228
1548 0.977435
1557 0.97776
1566 0.977821
1575 0.978114
1584 0.978273
1593 0.978445
1602 0.978726
1611 0.979094
1620 0.979171
1629 0.979509
1638 0.979548
1647 0.979815
1656 0.979855
1665 0.980004
1674 0.980082
1683 0.980367
1692 0.980505
1701 0.980795
1710 0.980889
1719 0.981111
1728 0.981205
1737 0.981545
1746 0.981788
1755 0.981776
1764 0.981988
1773 0.982122
1782 0.982272
1791 0.982312
1800 0.982645
