0 -0.0263772
9 0.018763
18 0.0612029
27 0.11689
36 0.165249
45 0.186504
54 0.196031
63 0.212789
72 0.230961
81 0.248614
90 0.26652
99 0.288042
108 0.306745
117 0.326203
126 0.349259
135 0.364695
144 0.383645
153 0.397517
162 0.411011
171 0.425315
180 0.439545
189 0.454165
198 0.469237
207 0.479827
216 0.496626
225 0.507054
234 0.518221
243 0.529063
252 0.541635
261 0.551276
270 0.562754
279 0.575371
288 0.585556
297 0.595754
306 0.60796
315 0.618905
324 0.627184
333 0.636973
342 0.646265
351 0.65585
360 0.666162
369 0.674452
378 0.681778
387 0.690139
396 0.699301
405 0.707801
414 0.715529
423 0.723838
432 0.73178
441 0.738946
450 0.744231
459 0.751133
468 0.758783
477 0.765081
486 0.772811
495 0.778945
504 0.783888
513 0.788761
522 0.793761
531 0.79803
540 0.802342
549 0.807351
558 0.811007
567 0.81526
576 0.819577
585 0.824169
594 0.82865
603 0.833612
612 0.837281
621 0.840477
630 0.844111
639 0.847324
648 0.85051
657 0.853877
666 0.856855
675 0.85971
684 0.862463
693 0.866418
702 0.869224
711 0.871626
720 0.874644
729 0.877219
738 0.879672
747 0.882029
756 0.884462
765 0.887
774 0.88918
783 0.890866
792 0.893191
801 0.895744
810 0.89787
819 0.900605
828 0.902312
837 0.904337
846 0.905873
855 0.907344
864 0.909239
873 0.911217
882 0.91333
891 0.915648
900 0.917288
909 0.919041
918 0.920418
927 0.921698
936 0.923104
945 0.924469
954 0.92643
963 0.928249
972 0.929397
981 0.93078
990 0.93282
999 0.934133
1008 0.935542
1017 0.936519
1026 0.937724
1035 0.9392
1044 0.940878
1053 0.942174
1062 0.943452
1071 0.944652
1080 0.94575
1089 0.946483
1098 0.947487
1107 0.948605
1116 0.949559
1125 0.950469
1134 0.951455
1143 0.952513
1152 0.953568
1161 0.95469
1170 0.955464
1179 0.956387
1188 0.957345
1197 0.958266
1206 0.958999
1215 0.959782
1224 0.960262
1233 0.960964
1242 0.961334
1251 0.961893
1260 0.962407
1269 0.963055
1278 0.963577
1287 0.963979
1296 0.964634
1305 0.964978
1314 0.965596
1323 0.965826
1332 0.966437
1341 0.966929
1350 0.967399
1359 0.967945
1368 0.968142
1377 0.96857
1386 0.968968
1395 0.969077
1404 0.969482
1413 0.969722
1422 0.970217
1431 0.970676
1440 0.971037
1449 0.97128
1458 0.971405
1467 0.971651
1476 0.971934
1485 0.972056
1494 0.972243
1503 0.972694
1512 0.973159
1521 0.973224
1530 0.973698
1539 0.973654
1548 0.974001
1557 0.974198
1566 0.974547
1575 0.974963
1584 0.975153
1593 0.975389
1602 0.975726
1611 0.97606
1620 0.976283
1629 0.976637
1638 0.976757
1647 0.976906
1656 0.976909
1665 0.977309
1674 0.977314
1683 0.977567
1692 0.977888
1701 0.978133
1710 0.978199
1719 0.978168
1728 0.978387
1737 0.978793
1746 0.978963
1755 0.979143
1764 0.979381
1773 0.979613
1782 0.979707
1791 0.979906
1800 0.980182
