0 649.14222222 650.62444444
16.00000000 20.55333333 20.55555556
32.00000000 12.16666667 12.24888889
48.00000000 8.94444444 9.00888889
64.00000000 7.15777778 7.22666667
80.00000000 6.00888889 6.04666667
96.00000000 5.25111111 5.22666667
112.00000000 4.61777778 4.64888889
128.00000000 4.20444444 4.26000000
144.00000000 3.89333333 3.91333333
160.00000000 3.61111111 3.60666667
176.00000000 3.31777778 3.32666667
192.00000000 3.11777778 3.11333333
208.00000000 2.88444444 2.92444444
224.00000000 2.73555556 2.75777778
240.00000000 2.58888889 2.59333333
256.00000000 2.46000000 2.46666667
272.00000000 2.38444444 2.40888889
288.00000000 2.24666667 2.31555556
304.00000000 2.18666667 2.15777778
320.00000000 2.06000000 2.10000000
336.00000000 1.96666667 2.02222222
352.00000000 1.91555556 1.90888889
368.00000000 1.84666667 1.85555556
384.00000000 1.77333333 1.78666667
400.00000000 1.70444444 1.72888889
416.00000000 1.65777778 1.64000000
432.00000000 1.59333333 1.62666667
448.00000000 1.55111111 1.54222222
464.00000000 1.51777778 1.52666667
480.00000000 1.45333333 1.43111111
496.00000000 1.42222222 1.41555556
512.00000000 1.32222222 1.38444444
528.00000000 1.34444444 1.35333333
544.00000000 1.30444444 1.29111111
560.00000000 1.25111111 1.26888889
576.00000000 1.20888889 1.20444444
592.00000000 1.14000000 1.15777778
608.00000000 1.13333333 1.13555556
624.00000000 1.10666667 1.12888889
640.00000000 1.06666667 1.07555556
656.00000000 1.04444444 1.02666667
672.00000000 0.99777778 1.03111111
688.00000000 0.95777778 1.01111111
704.00000000 0.94666667 0.97777778
720.00000000 0.94000000 0.95111111
736.00000000 0.91333333 0.90666667
752.00000000 0.88666667 0.88888889
768.00000000 0.86444444 0.86444444
784.00000000 0.85111111 0.84666667
800.00000000 0.80222222 0.80444444
816.00000000 0.79333333 0.80222222
832.00000000 0.77555556 0.78222222
848.00000000 0.75555556 0.74444444
864.00000000 0.73777778 0.74444444
880.00000000 0.72222222 0.68444444
896.00000000 0.68444444 0.69111111
912.00000000 0.68222222 0.68666667
928.00000000 0.65777778 0.67555556
944.00000000 0.67111111 0.66888889
960.00000000 0.64666667 0.64000000
976.00000000 0.61333333 0.64888889
992.00000000 0.60444444 0.62888889
1008.00000000 0.61333333 0.61111111
1024.00000000 0.59111111 0.59777778
1040.00000000 0.57555556 0.58888889
1056.00000000 0.56222222 0.56888889
1072.00000000 0.53777778 0.56444444
1088.00000000 0.54666667 0.54888889
1104.00000000 0.53777778 0.52888889
1120.00000000 0.53111111 0.53777778
1136.00000000 0.50444444 0.50444444
1152.00000000 0.48888889 0.48888889
1168.00000000 0.48666667 0.48222222
1184.00000000 0.48666667 0.48222222
1200.00000000 0.48222222 0.46000000
1216.00000000 0.46444444 0.46444444
1232.00000000 0.45555556 0.45555556
1248.00000000 0.44000000 0.44666667
1264.00000000 0.43555556 0.43777778
1280.00000000 0.41777778 0.43111111
1296.00000000 0.41111111 0.42444444
1312.00000000 0.39111111 0.40000000
1328.00000000 0.38000000 0.39555556
1344.00000000 0.37111111 0.37777778
1360.00000000 0.36444444 0.35555556
1376.00000000 0.36666667 0.35111111
1392.00000000 0.34666667 0.35333333
1408.00000000 0.34222222 0.34222222
1424.00000000 0.32000000 0.32444444
1440.00000000 0.31333333 0.31777778
1456.00000000 0.31333333 0.29555556
1472.00000000 0.30666667 0.31555556
1488.00000000 0.31333333 0.30888889
1504.00000000 0.28666667 0.28444444
1520.00000000 0.28000000 0.28222222
1536.00000000 0.26000000 0.27777778
1552.00000000 0.27111111 0.26888889
1568.00000000 0.25777778 0.25555556
1584.00000000 0.25111111 0.23777778
1600.00000000 0.23777778 0.24666667
1616.00000000 0.25111111 0.24222222
1632.00000000 0.23111111 0.23111111
1648.00000000 0.22666667 0.22666667
1664.00000000 0.21333333 0.23333333
1680.00000000 0.22222222 0.22444444
1696.00000000 0.21333333 0.21333333
1712.00000000 0.21333333 0.20666667
1728.00000000 0.20222222 0.21111111
1744.00000000 0.20666667 0.19333333
1760.00000000 0.20666667 0.19333333
1776.00000000 0.19777778 0.19777778
1792.00000000 0.18888889 0.19777778
1808.00000000 0.18222222 0.19111111
1824.00000000 0.18666667 0.18222222
1840.00000000 0.18444444 0.19333333
1856.00000000 0.17777778 0.17555556
1872.00000000 0.17555556 0.17555556
1888.00000000 0.17333333 0.17333333
1904.00000000 0.16666667 0.16666667
1920.00000000 0.16444444 0.16666667
1936.00000000 0.15333333 0.15777778
1952.00000000 0.15111111 0.15777778
1968.00000000 0.14888889 0.15333333
1984.00000000 0.14444444 0.15111111
2000.00000000 0.14222222 0.13777778
2016.00000000 0.14444444 0.14888889
2032.00000000 0.14444444 0.13555556
2048.00000000 0.14000000 0.14222222
2064.00000000 0.14222222 0.14222222
2080.00000000 0.13333333 0.12666667
2096.00000000 0.12888889 0.13111111
2112.00000000 0.12888889 0.13555556
2128.00000000 0.12888889 0.13111111
2144.00000000 0.12888889 0.12666667
2160.00000000 0.12000000 0.13333333
2176.00000000 0.13111111 0.12888889
2192.00000000 0.12444444 0.12888889
2208.00000000 0.12666667 0.12444444
2224.00000000 0.11777778 0.11777778
2240.00000000 0.11777778 0.12222222
2256.00000000 0.10888889 0.10888889
2272.00000000 0.11777778 0.11333333
2288.00000000 0.11333333 0.11555556
2304.00000000 0.11777778 0.10888889
2320.00000000 0.11333333 0.11777778
2336.00000000 0.11777778 0.11111111
2352.00000000 0.11777778 0.10888889
2368.00000000 0.11111111 0.10888889
2384.00000000 0.10888889 0.10888889
2400.00000000 0.10888889 0.10000000
2416.00000000 0.09777778 0.10666667
2432.00000000 0.10222222 0.10222222
2448.00000000 0.09333333 0.10000000
2464.00000000 0.09777778 0.09555556
2480.00000000 0.09333333 0.09111111
2496.00000000 0.08666667 0.08222222
2512.00000000 0.09111111 0.08666667
2528.00000000 0.09333333 0.08888889
2544.00000000 0.09333333 0.08666667
2560.00000000 0.09111111 0.09111111
2576.00000000 0.09111111 0.08666667
2592.00000000 0.08888889 0.08222222
2608.00000000 0.08666667 0.07777778
2624.00000000 0.08000000 0.08444444
2640.00000000 0.08444444 0.08444444
2656.00000000 0.08666667 0.07777778
2672.00000000 0.08666667 0.08444444
2688.00000000 0.08222222 0.08444444
2704.00000000 0.08222222 0.08222222
2720.00000000 0.07111111 0.07777778
2736.00000000 0.07111111 0.07777778
2752.00000000 0.07333333 0.06666667
2768.00000000 0.07111111 0.06666667
2784.00000000 0.06444444 0.06888889
2800.00000000 0.06666667 0.06444444
2816.00000000 0.06444444 0.06222222
2832.00000000 0.06222222 0.06444444
2848.00000000 0.05777778 0.05777778
2864.00000000 0.05333333 0.05555556
2880.00000000 0.05333333 0.05333333
2896.00000000 0.05111111 0.05111111
2912.00000000 0.05555556 0.05111111
2928.00000000 0.05333333 0.05111111
2944.00000000 0.05111111 0.05555556
2960.00000000 0.05555556 0.05333333
2976.00000000 0.04888889 0.05111111
2992.00000000 0.03777778 0.04000000
3008.00000000 0.04666667 0.04444444
3024.00000000 0.04444444 0.04666667
3040.00000000 0.04222222 0.04222222
3056.00000000 0.03777778 0.03777778
3072.00000000 0.03555556 0.03333333
3088.00000000 0.03555556 0.03333333
3104.00000000 0.03333333 0.03555556
3120.00000000 0.03777778 0.03777778
3136.00000000 0.03555556 0.03555556
3152.00000000 0.03777778 0.03333333
3168.00000000 0.03555556 0.03555556
3184.00000000 0.03333333 0.03555556
3200.00000000 0.03333333 0.03333333
