0 648.94666667 650.70333333
16.00000000 20.27666667 20.29666667
32.00000000 12.10333333 12.15333333
48.00000000 8.95666667 9.03666667
64.00000000 7.17000000 7.24333333
80.00000000 6.00666667 6.03666667
96.00000000 5.22000000 5.16000000
112.00000000 4.60000000 4.63000000
128.00000000 4.19000000 4.21666667
144.00000000 3.84666667 3.88333333
160.00000000 3.60666667 3.59333333
176.00000000 3.31000000 3.30000000
192.00000000 3.09333333 3.11000000
208.00000000 2.91333333 2.96000000
224.00000000 2.75000000 2.78333333
240.00000000 2.64333333 2.62000000
256.00000000 2.50333333 2.51000000
272.00000000 2.42333333 2.46000000
288.00000000 2.29666667 2.38333333
304.00000000 2.22000000 2.20666667
320.00000000 2.11333333 2.15666667
336.00000000 2.01000000 2.08333333
352.00000000 1.95666667 1.97000000
368.00000000 1.88666667 1.90666667
384.00000000 1.82333333 1.81000000
400.00000000 1.76000000 1.79333333
416.00000000 1.69666667 1.68000000
432.00000000 1.64666667 1.69000000
448.00000000 1.61333333 1.58333333
464.00000000 1.58000000 1.58333333
480.00000000 1.49000000 1.47333333
496.00000000 1.46333333 1.44666667
512.00000000 1.36333333 1.44000000
528.00000000 1.41666667 1.39000000
544.00000000 1.35333333 1.33000000
560.00000000 1.28333333 1.31000000
576.00000000 1.24000000 1.24666667
592.00000000 1.19666667 1.20000000
608.00000000 1.17666667 1.18000000
624.00000000 1.17666667 1.20000000
640.00000000 1.12666667 1.13666667
656.00000000 1.11000000 1.09666667
672.00000000 1.06000000 1.09666667
688.00000000 1.02666667 1.08666667
704.00000000 1.01333333 1.05000000
720.00000000 1.01666667 1.02000000
736.00000000 0.98000000 0.96666667
752.00000000 0.96333333 0.95333333
768.00000000 0.94000000 0.93666667
784.00000000 0.90333333 0.90000000
800.00000000 0.86000000 0.85666667
816.00000000 0.84000000 0.85666667
832.00000000 0.83000000 0.84000000
848.00000000 0.80333333 0.78666667
864.00000000 0.78000000 0.78333333
880.00000000 0.75333333 0.71666667
896.00000000 0.71666667 0.73666667
912.00000000 0.70666667 0.71333333
928.00000000 0.69000000 0.71000000
944.00000000 0.70333333 0.69666667
960.00000000 0.67666667 0.66666667
976.00000000 0.64333333 0.67666667
992.00000000 0.63000000 0.65000000
1008.00000000 0.63333333 0.63000000
1024.00000000 0.60333333 0.60333333
1040.00000000 0.58666667 0.61333333
1056.00000000 0.56666667 0.58000000
1072.00000000 0.56666667 0.57666667
1088.00000000 0.56000000 0.56000000
1104.00000000 0.55000000 0.54666667
1120.00000000 0.54666667 0.55000000
1136.00000000 0.51000000 0.50666667
1152.00000000 0.49333333 0.48666667
1168.00000000 0.49666667 0.48666667
1184.00000000 0.49000000 0.50000000
1200.00000000 0.48000000 0.45666667
1216.00000000 0.46333333 0.46333333
1232.00000000 0.44333333 0.45666667
1248.00000000 0.44333333 0.44333333
1264.00000000 0.44000000 0.43000000
1280.00000000 0.40666667 0.43000000
1296.00000000 0.41333333 0.42666667
1312.00000000 0.38666667 0.40000000
1328.00000000 0.37000000 0.39000000
1344.00000000 0.36666667 0.37000000
1360.00000000 0.36666667 0.35333333
1376.00000000 0.35666667 0.34333333
1392.00000000 0.34000000 0.34333333
1408.00000000 0.33000000 0.32333333
1424.00000000 0.30333333 0.30666667
1440.00000000 0.29666667 0.29666667
1456.00000000 0.29333333 0.27333333
1472.00000000 0.30333333 0.30000000
1488.00000000 0.30000000 0.29333333
1504.00000000 0.27000000 0.27666667
1520.00000000 0.26333333 0.26666667
1536.00000000 0.23666667 0.26333333
1552.00000000 0.25666667 0.25333333
1568.00000000 0.23666667 0.23666667
1584.00000000 0.24333333 0.23000000
1600.00000000 0.23000000 0.23333333
1616.00000000 0.23666667 0.23333333
1632.00000000 0.22666667 0.22666667
1648.00000000 0.21666667 0.21000000
1664.00000000 0.21000000 0.22666667
1680.00000000 0.21333333 0.21666667
1696.00000000 0.20666667 0.20666667
1712.00000000 0.21000000 0.20000000
1728.00000000 0.20666667 0.21000000
1744.00000000 0.21000000 0.19666667
1760.00000000 0.20333333 0.19666667
1776.00000000 0.20000000 0.19666667
1792.00000000 0.18666667 0.20333333
1808.00000000 0.18333333 0.19333333
1824.00000000 0.19000000 0.18000000
1840.00000000 0.18666667 0.19666667
1856.00000000 0.18333333 0.18000000
1872.00000000 0.17333333 0.17666667
1888.00000000 0.17333333 0.17333333
1904.00000000 0.16333333 0.16000000
1920.00000000 0.16000000 0.16333333
1936.00000000 0.15000000 0.15333333
1952.00000000 0.15000000 0.15333333
1968.00000000 0.14666667 0.15333333
1984.00000000 0.14333333 0.15333333
2000.00000000 0.13666667 0.14000000
2016.00000000 0.14666667 0.14666667
2032.00000000 0.14333333 0.13000000
2048.00000000 0.14333333 0.14333333
2064.00000000 0.14000000 0.14000000
2080.00000000 0.13333333 0.12333333
2096.00000000 0.13666667 0.13666667
2112.00000000 0.13333333 0.14000000
2128.00000000 0.12666667 0.13000000
2144.00000000 0.13000000 0.12666667
2160.00000000 0.12333333 0.13666667
2176.00000000 0.13333333 0.13666667
2192.00000000 0.13000000 0.13000000
2208.00000000 0.13333333 0.13000000
2224.00000000 0.13000000 0.13000000
2240.00000000 0.13333333 0.13333333
2256.00000000 0.11666667 0.11666667
2272.00000000 0.12333333 0.12000000
2288.00000000 0.11666667 0.12333333
2304.00000000 0.12333333 0.11333333
2320.00000000 0.12333333 0.12666667
2336.00000000 0.12333333 0.11666667
2352.00000000 0.12333333 0.12000000
2368.00000000 0.11333333 0.11333333
2384.00000000 0.11666667 0.11666667
2400.00000000 0.11333333 0.10666667
2416.00000000 0.10333333 0.11000000
2432.00000000 0.11000000 0.11000000
2448.00000000 0.10000000 0.10666667
2464.00000000 0.10000000 0.10000000
2480.00000000 0.10000000 0.09333333
2496.00000000 0.09333333 0.08666667
2512.00000000 0.09666667 0.09000000
2528.00000000 0.09666667 0.09000000
2544.00000000 0.09666667 0.09000000
2560.00000000 0.09333333 0.09666667
2576.00000000 0.09666667 0.09000000
2592.00000000 0.09333333 0.08666667
2608.00000000 0.09000000 0.08666667
2624.00000000 0.08000000 0.09000000
2640.00000000 0.08666667 0.08666667
2656.00000000 0.09333333 0.08000000
2672.00000000 0.09000000 0.08666667
2688.00000000 0.08666667 0.09333333
2704.00000000 0.08666667 0.08666667
2720.00000000 0.07333333 0.08000000
2736.00000000 0.07333333 0.08000000
2752.00000000 0.07333333 0.07000000
2768.00000000 0.07000000 0.06666667
2784.00000000 0.06666667 0.06666667
2800.00000000 0.06333333 0.06333333
2816.00000000 0.06333333 0.06000000
2832.00000000 0.06666667 0.06666667
2848.00000000 0.06000000 0.06333333
2864.00000000 0.05333333 0.05666667
2880.00000000 0.05333333 0.05666667
2896.00000000 0.05333333 0.05333333
2912.00000000 0.05666667 0.05333333
2928.00000000 0.05333333 0.05333333
2944.00000000 0.05333333 0.05666667
2960.00000000 0.05666667 0.05666667
2976.00000000 0.05000000 0.05000000
2992.00000000 0.04000000 0.04333333
3008.00000000 0.04666667 0.04333333
3024.00000000 0.04666667 0.04666667
3040.00000000 0.04000000 0.04000000
3056.00000000 0.04333333 0.04000000
3072.00000000 0.03666667 0.03333333
3088.00000000 0.03333333 0.03000000
3104.00000000 0.03000000 0.03666667
3120.00000000 0.03666667 0.03666667
3136.00000000 0.03333333 0.03666667
3152.00000000 0.03666667 0.03333333
3168.00000000 0.03666667 0.03333333
3184.00000000 0.03333333 0.03333333
3200.00000000 0.03333333 0.03000000
