0 649.07000000 650.47000000
16.00000000 20.53000000 20.52500000
32.00000000 12.17500000 12.24750000
48.00000000 8.96250000 9.04250000
64.00000000 7.21000000 7.27000000
80.00000000 6.00750000 6.07250000
96.00000000 5.25750000 5.22000000
112.00000000 4.64500000 4.65250000
128.00000000 4.23250000 4.27500000
144.00000000 3.88750000 3.90750000
160.00000000 3.63500000 3.61500000
176.00000000 3.32500000 3.33000000
192.00000000 3.12000000 3.13250000
208.00000000 2.90250000 2.94000000
224.00000000 2.75000000 2.78500000
240.00000000 2.61000000 2.60250000
256.00000000 2.46750000 2.47000000
272.00000000 2.38750000 2.41250000
288.00000000 2.25750000 2.31000000
304.00000000 2.18250000 2.17000000
320.00000000 2.06750000 2.11500000
336.00000000 1.97750000 2.03500000
352.00000000 1.93250000 1.93500000
368.00000000 1.86500000 1.87750000
384.00000000 1.79500000 1.80250000
400.00000000 1.72000000 1.75000000
416.00000000 1.68250000 1.66000000
432.00000000 1.62500000 1.65750000
448.00000000 1.58500000 1.57000000
464.00000000 1.54500000 1.56250000
480.00000000 1.48000000 1.45250000
496.00000000 1.44750000 1.44000000
512.00000000 1.34750000 1.42250000
528.00000000 1.37750000 1.37750000
544.00000000 1.33250000 1.32500000
560.00000000 1.27750000 1.29000000
576.00000000 1.24000000 1.23000000
592.00000000 1.17750000 1.18000000
608.00000000 1.16750000 1.16000000
624.00000000 1.13750000 1.16500000
640.00000000 1.09750000 1.10750000
656.00000000 1.08250000 1.06500000
672.00000000 1.04750000 1.07250000
688.00000000 1.00750000 1.06250000
704.00000000 0.99250000 1.03000000
720.00000000 0.98750000 1.00000000
736.00000000 0.96250000 0.96000000
752.00000000 0.93750000 0.94750000
768.00000000 0.91250000 0.91500000
784.00000000 0.90500000 0.89500000
800.00000000 0.85250000 0.85750000
816.00000000 0.84000000 0.84750000
832.00000000 0.82000000 0.83000000
848.00000000 0.80250000 0.79000000
864.00000000 0.77750000 0.78500000
880.00000000 0.76250000 0.72500000
896.00000000 0.72250000 0.73000000
912.00000000 0.72000000 0.72500000
928.00000000 0.69000000 0.71250000
944.00000000 0.70750000 0.70500000
960.00000000 0.68500000 0.67500000
976.00000000 0.64750000 0.68000000
992.00000000 0.63500000 0.66000000
1008.00000000 0.64000000 0.64000000
1024.00000000 0.61750000 0.62500000
1040.00000000 0.60250000 0.62000000
1056.00000000 0.58750000 0.59500000
1072.00000000 0.56750000 0.59000000
1088.00000000 0.57500000 0.58000000
1104.00000000 0.56250000 0.55500000
1120.00000000 0.55500000 0.56500000
1136.00000000 0.52750000 0.52500000
1152.00000000 0.51250000 0.51000000
1168.00000000 0.51250000 0.50250000
1184.00000000 0.51500000 0.51250000
1200.00000000 0.50500000 0.48000000
1216.00000000 0.48750000 0.49000000
1232.00000000 0.47750000 0.47750000
1248.00000000 0.46000000 0.47000000
1264.00000000 0.45500000 0.45750000
1280.00000000 0.43750000 0.45000000
1296.00000000 0.43000000 0.44500000
1312.00000000 0.40500000 0.41750000
1328.00000000 0.39500000 0.41250000
1344.00000000 0.38500000 0.39250000
1360.00000000 0.38250000 0.37250000
1376.00000000 0.38500000 0.37000000
1392.00000000 0.36750000 0.37000000
1408.00000000 0.36000000 0.35750000
1424.00000000 0.33500000 0.33750000
1440.00000000 0.32500000 0.33000000
1456.00000000 0.32500000 0.30500000
1472.00000000 0.32500000 0.33250000
1488.00000000 0.32750000 0.32500000
1504.00000000 0.30250000 0.30250000
1520.00000000 0.29500000 0.29500000
1536.00000000 0.27000000 0.29750000
1552.00000000 0.28750000 0.28250000
1568.00000000 0.27000000 0.26750000
1584.00000000 0.26250000 0.24750000
1600.00000000 0.25000000 0.25750000
1616.00000000 0.26250000 0.25500000
1632.00000000 0.24000000 0.24000000
1648.00000000 0.23750000 0.23500000
1664.00000000 0.22000000 0.24250000
1680.00000000 0.23000000 0.23250000
1696.00000000 0.22250000 0.22250000
1712.00000000 0.22250000 0.21750000
1728.00000000 0.21250000 0.22000000
1744.00000000 0.21750000 0.20750000
1760.00000000 0.21500000 0.20000000
1776.00000000 0.20500000 0.20500000
1792.00000000 0.19500000 0.20750000
1808.00000000 0.18750000 0.20000000
1824.00000000 0.19250000 0.18750000
1840.00000000 0.19250000 0.20000000
1856.00000000 0.18500000 0.18000000
1872.00000000 0.18000000 0.18250000
1888.00000000 0.17750000 0.17750000
1904.00000000 0.17000000 0.17250000
1920.00000000 0.16750000 0.17000000
1936.00000000 0.15500000 0.16000000
1952.00000000 0.15500000 0.16000000
1968.00000000 0.15000000 0.15750000
1984.00000000 0.14750000 0.15500000
2000.00000000 0.14500000 0.14500000
2016.00000000 0.15000000 0.15250000
2032.00000000 0.15000000 0.13750000
2048.00000000 0.14250000 0.14500000
2064.00000000 0.14500000 0.14500000
2080.00000000 0.13500000 0.12750000
2096.00000000 0.13500000 0.13250000
2112.00000000 0.13250000 0.13750000
2128.00000000 0.13000000 0.13250000
2144.00000000 0.13000000 0.12750000
2160.00000000 0.12250000 0.13500000
2176.00000000 0.13250000 0.13250000
2192.00000000 0.13000000 0.13000000
2208.00000000 0.12750000 0.12750000
2224.00000000 0.12500000 0.12250000
2240.00000000 0.12250000 0.12750000
2256.00000000 0.11500000 0.11250000
2272.00000000 0.12250000 0.11750000
2288.00000000 0.11750000 0.12000000
2304.00000000 0.12250000 0.11250000
2320.00000000 0.12000000 0.12250000
2336.00000000 0.12250000 0.11500000
2352.00000000 0.12250000 0.11500000
2368.00000000 0.11500000 0.11250000
2384.00000000 0.11500000 0.11250000
2400.00000000 0.11250000 0.10250000
2416.00000000 0.10000000 0.11000000
2432.00000000 0.10750000 0.10500000
2448.00000000 0.09750000 0.10500000
2464.00000000 0.10000000 0.09750000
2480.00000000 0.09500000 0.09500000
2496.00000000 0.09250000 0.08500000
2512.00000000 0.09250000 0.09000000
2528.00000000 0.09500000 0.09000000
2544.00000000 0.09500000 0.09000000
2560.00000000 0.09250000 0.09250000
2576.00000000 0.09250000 0.08750000
2592.00000000 0.09000000 0.08250000
2608.00000000 0.08750000 0.08000000
2624.00000000 0.08000000 0.08500000
2640.00000000 0.08500000 0.08500000
2656.00000000 0.09000000 0.07750000
2672.00000000 0.08750000 0.08500000
2688.00000000 0.08500000 0.08500000
2704.00000000 0.08250000 0.08250000
2720.00000000 0.07000000 0.07750000
2736.00000000 0.07000000 0.07750000
2752.00000000 0.07250000 0.06750000
2768.00000000 0.07000000 0.06500000
2784.00000000 0.06500000 0.06750000
2800.00000000 0.06500000 0.06250000
2816.00000000 0.06250000 0.06000000
2832.00000000 0.06250000 0.06500000
2848.00000000 0.06000000 0.06000000
2864.00000000 0.05500000 0.05750000
2880.00000000 0.05500000 0.05500000
2896.00000000 0.05250000 0.05250000
2912.00000000 0.05750000 0.05500000
2928.00000000 0.05500000 0.05250000
2944.00000000 0.05250000 0.05750000
2960.00000000 0.05750000 0.05500000
2976.00000000 0.05000000 0.05250000
2992.00000000 0.04000000 0.04250000
3008.00000000 0.04750000 0.04500000
3024.00000000 0.04500000 0.04750000
3040.00000000 0.04250000 0.04250000
3056.00000000 0.04000000 0.03750000
3072.00000000 0.03500000 0.03250000
3088.00000000 0.03500000 0.03250000
3104.00000000 0.03250000 0.03500000
3120.00000000 0.03750000 0.03750000
3136.00000000 0.03500000 0.03500000
3152.00000000 0.03750000 0.03250000
3168.00000000 0.03500000 0.03500000
3184.00000000 0.03500000 0.03500000
3200.00000000 0.03500000 0.03250000
