0 365.37000000 365.66333333
9.00000000 16.74166667 16.80500000
18.00000000 10.21500000 10.25500000
27.00000000 7.69000000 7.74833333
36.00000000 6.37333333 6.40166667
45.00000000 5.43500000 5.50333333
54.00000000 4.88000000 4.93166667
63.00000000 4.43500000 4.44166667
72.00000000 4.02500000 4.06333333
81.00000000 3.70166667 3.72333333
90.00000000 3.42666667 3.44166667
99.00000000 3.16500000 3.17000000
108.00000000 2.94500000 3.02000000
117.00000000 2.78000000 2.83166667
126.00000000 2.66833333 2.66666667
135.00000000 2.53500000 2.56833333
144.00000000 2.44000000 2.46333333
153.00000000 2.29500000 2.29833333
162.00000000 2.25666667 2.26000000
171.00000000 2.16666667 2.16333333
180.00000000 2.10333333 2.11333333
189.00000000 2.03000000 2.03833333
198.00000000 1.96333333 1.99666667
207.00000000 1.95000000 1.95166667
216.00000000 1.87500000 1.90333333
225.00000000 1.80666667 1.83000000
234.00000000 1.76666667 1.78333333
243.00000000 1.70333333 1.70833333
252.00000000 1.68666667 1.67833333
261.00000000 1.61666667 1.65000000
270.00000000 1.59833333 1.58833333
279.00000000 1.56000000 1.56833333
288.00000000 1.52500000 1.54333333
297.00000000 1.50166667 1.49833333
306.00000000 1.44666667 1.48500000
315.00000000 1.46000000 1.45333333
324.00000000 1.41000000 1.41666667
333.00000000 1.34833333 1.39666667
342.00000000 1.33000000 1.34666667
351.00000000 1.33500000 1.33166667
360.00000000 1.30166667 1.30166667
369.00000000 1.28666667 1.29000000
378.00000000 1.26000000 1.27500000
387.00000000 1.24166667 1.25833333
396.00000000 1.20500000 1.21833333
405.00000000 1.20000000 1.23833333
414.00000000 1.17500000 1.19500000
423.00000000 1.16666667 1.17166667
432.00000000 1.14000000 1.14000000
441.00000000 1.12166667 1.13166667
450.00000000 1.08333333 1.10166667
459.00000000 1.07666667 1.08166667
468.00000000 1.05666667 1.06000000
477.00000000 1.03500000 1.04166667
486.00000000 1.04166667 1.03666667
495.00000000 1.01833333 1.01333333
504.00000000 0.98000000 0.97000000
513.00000000 0.97666667 0.97000000
522.00000000 0.96166667 0.94666667
531.00000000 0.93666667 0.94666667
540.00000000 0.91500000 0.92000000
549.00000000 0.90333333 0.91166667
558.00000000 0.90166667 0.91166667
567.00000000 0.87666667 0.86833333
576.00000000 0.85666667 0.86333333
585.00000000 0.85000000 0.85500000
594.00000000 0.84500000 0.85000000
603.00000000 0.81500000 0.81666667
612.00000000 0.81833333 0.81000000
621.00000000 0.79500000 0.81833333
630.00000000 0.79333333 0.80666667
639.00000000 0.79000000 0.78333333
648.00000000 0.77500000 0.79666667
657.00000000 0.76166667 0.77333333
666.00000000 0.75833333 0.76333333
675.00000000 0.73500000 0.75500000
684.00000000 0.72833333 0.73666667
693.00000000 0.70333333 0.72500000
702.00000000 0.70500000 0.71333333
711.00000000 0.68333333 0.70166667
720.00000000 0.69000000 0.69166667
729.00000000 0.68833333 0.70000000
738.00000000 0.66833333 0.68166667
747.00000000 0.67166667 0.66333333
756.00000000 0.64333333 0.65833333
765.00000000 0.66000000 0.65500000
774.00000000 0.63333333 0.65500000
783.00000000 0.64000000 0.64833333
792.00000000 0.62333333 0.62666667
801.00000000 0.62333333 0.61333333
810.00000000 0.60500000 0.60166667
819.00000000 0.60666667 0.61500000
828.00000000 0.59666667 0.60000000
837.00000000 0.60666667 0.60666667
846.00000000 0.59333333 0.59666667
855.00000000 0.57333333 0.58666667
864.00000000 0.57000000 0.59666667
873.00000000 0.57000000 0.57166667
882.00000000 0.57000000 0.56500000
891.00000000 0.54666667 0.57000000
900.00000000 0.54666667 0.54333333
909.00000000 0.55666667 0.55166667
918.00000000 0.54500000 0.55166667
927.00000000 0.54666667 0.55166667
936.00000000 0.52833333 0.53166667
945.00000000 0.53833333 0.53500000
954.00000000 0.52166667 0.52333333
963.00000000 0.50500000 0.52000000
972.00000000 0.50333333 0.51333333
981.00000000 0.50666667 0.50833333
990.00000000 0.48166667 0.50166667
999.00000000 0.50166667 0.49166667
1008.00000000 0.47833333 0.48500000
1017.00000000 0.47833333 0.47333333
1026.00000000 0.47833333 0.48000000
1035.00000000 0.47500000 0.48000000
1044.00000000 0.46333333 0.46000000
1053.00000000 0.45166667 0.45833333
1062.00000000 0.46500000 0.45666667
1071.00000000 0.46000000 0.46000000
1080.00000000 0.44666667 0.45500000
1089.00000000 0.45500000 0.44833333
1098.00000000 0.43666667 0.44833333
1107.00000000 0.44666667 0.42500000
1116.00000000 0.43666667 0.43166667
1125.00000000 0.42500000 0.42666667
1134.00000000 0.42500000 0.41833333
1143.00000000 0.40833333 0.42166667
1152.00000000 0.40833333 0.41500000
1161.00000000 0.40000000 0.41333333
1170.00000000 0.39833333 0.40166667
1179.00000000 0.40000000 0.40333333
1188.00000000 0.39000000 0.39333333
1197.00000000 0.39666667 0.39333333
1206.00000000 0.39333333 0.39333333
1215.00000000 0.39166667 0.39333333
1224.00000000 0.39666667 0.39166667
1233.00000000 0.38000000 0.39333333
1242.00000000 0.36833333 0.39166667
1251.00000000 0.37666667 0.36833333
1260.00000000 0.36166667 0.36833333
1269.00000000 0.35833333 0.35333333
1278.00000000 0.36166667 0.35333333
1287.00000000 0.36166667 0.35833333
1296.00000000 0.34000000 0.35000000
1305.00000000 0.34166667 0.34833333
1314.00000000 0.34166667 0.34000000
1323.00000000 0.33166667 0.34333333
1332.00000000 0.34000000 0.34500000
1341.00000000 0.33666667 0.34166667
1350.00000000 0.34500000 0.33333333
1359.00000000 0.32833333 0.33833333
1368.00000000 0.33166667 0.33666667
1377.00000000 0.32333333 0.32833333
1386.00000000 0.32166667 0.33166667
1395.00000000 0.32833333 0.32166667
1404.00000000 0.32666667 0.32500000
1413.00000000 0.31166667 0.32500000
1422.00000000 0.30833333 0.30833333
1431.00000000 0.31333333 0.32000000
1440.00000000 0.31833333 0.31000000
1449.00000000 0.31000000 0.30833333
1458.00000000 0.30500000 0.31500000
1467.00000000 0.30500000 0.30000000
1476.00000000 0.30833333 0.30333333
1485.00000000 0.29166667 0.30166667
1494.00000000 0.29666667 0.30166667
1503.00000000 0.30500000 0.30333333
1512.00000000 0.29500000 0.31500000
1521.00000000 0.30166667 0.29833333
1530.00000000 0.29333333 0.29666667
1539.00000000 0.30333333 0.29666667
1548.00000000 0.29333333 0.30000000
1557.00000000 0.28666667 0.29500000
1566.00000000 0.29166667 0.29000000
1575.00000000 0.28500000 0.29500000
1584.00000000 0.28500000 0.29333333
1593.00000000 0.27666667 0.28666667
1602.00000000 0.28000000 0.29000000
1611.00000000 0.28166667 0.29833333
1620.00000000 0.28166667 0.28000000
1629.00000000 0.28500000 0.28333333
1638.00000000 0.28666667 0.28500000
1647.00000000 0.28000000 0.28666667
1656.00000000 0.28000000 0.27666667
1665.00000000 0.27333333 0.28500000
1674.00000000 0.27333333 0.27666667
1683.00000000 0.27500000 0.26166667
1692.00000000 0.27500000 0.26833333
1701.00000000 0.26000000 0.27000000
1710.00000000 0.25833333 0.26000000
1719.00000000 0.26666667 0.27333333
1728.00000000 0.25166667 0.27166667
1737.00000000 0.26666667 0.26666667
1746.00000000 0.25333333 0.25500000
1755.00000000 0.25833333 0.25666667
1764.00000000 0.25000000 0.26000000
1773.00000000 0.24666667 0.26000000
1782.00000000 0.25333333 0.25333333
1791.00000000 0.24833333 0.25166667
1800.00000000 0.25833333 0.25000000
