0 365.91000000 366.54666667
9.00000000 16.80333333 16.84333333
18.00000000 10.23333333 10.26000000
27.00000000 7.77000000 7.80333333
36.00000000 6.39666667 6.38666667
45.00000000 5.40333333 5.49333333
54.00000000 4.90000000 4.94333333
63.00000000 4.41000000 4.40666667
72.00000000 3.96666667 4.04333333
81.00000000 3.68666667 3.71000000
90.00000000 3.39666667 3.44000000
99.00000000 3.11000000 3.16000000
108.00000000 2.90333333 2.98333333
117.00000000 2.72333333 2.75000000
126.00000000 2.60666667 2.62666667
135.00000000 2.47666667 2.50000000
144.00000000 2.37000000 2.41333333
153.00000000 2.23333333 2.22666667
162.00000000 2.21333333 2.21666667
171.00000000 2.11333333 2.12333333
180.00000000 2.02666667 2.05666667
189.00000000 1.98000000 2.00333333
198.00000000 1.97000000 1.96333333
207.00000000 1.92333333 1.93000000
216.00000000 1.83000000 1.87666667
225.00000000 1.79333333 1.79666667
234.00000000 1.73333333 1.76333333
243.00000000 1.70000000 1.67666667
252.00000000 1.68333333 1.68000000
261.00000000 1.57333333 1.64000000
270.00000000 1.57333333 1.60666667
279.00000000 1.53000000 1.55000000
288.00000000 1.47666667 1.53333333
297.00000000 1.51333333 1.50000000
306.00000000 1.41666667 1.47666667
315.00000000 1.42666667 1.42333333
324.00000000 1.39333333 1.37000000
333.00000000 1.32000000 1.38000000
342.00000000 1.30666667 1.30666667
351.00000000 1.31333333 1.30666667
360.00000000 1.27333333 1.28666667
369.00000000 1.24666667 1.27333333
378.00000000 1.24333333 1.21666667
387.00000000 1.22666667 1.22666667
396.00000000 1.18333333 1.20333333
405.00000000 1.18666667 1.22000000
414.00000000 1.16333333 1.19000000
423.00000000 1.16000000 1.17666667
432.00000000 1.16333333 1.15666667
441.00000000 1.11666667 1.13333333
450.00000000 1.10666667 1.12000000
459.00000000 1.10000000 1.09666667
468.00000000 1.08666667 1.07333333
477.00000000 1.04333333 1.05333333
486.00000000 1.05666667 1.06000000
495.00000000 1.04666667 1.03000000
504.00000000 0.98333333 0.98333333
513.00000000 0.98666667 1.00333333
522.00000000 0.98666667 0.96333333
531.00000000 0.97333333 0.99000000
540.00000000 0.94333333 0.95666667
549.00000000 0.93000000 0.94333333
558.00000000 0.93666667 0.92333333
567.00000000 0.90333333 0.88333333
576.00000000 0.88333333 0.90333333
585.00000000 0.88333333 0.88666667
594.00000000 0.87666667 0.87333333
603.00000000 0.85000000 0.85666667
612.00000000 0.84333333 0.83333333
621.00000000 0.81666667 0.82333333
630.00000000 0.82333333 0.82333333
639.00000000 0.81333333 0.81333333
648.00000000 0.79666667 0.83000000
657.00000000 0.77666667 0.79666667
666.00000000 0.78333333 0.80333333
675.00000000 0.76333333 0.77333333
684.00000000 0.75000000 0.74666667
693.00000000 0.72000000 0.73666667
702.00000000 0.72000000 0.72000000
711.00000000 0.71333333 0.71000000
720.00000000 0.70666667 0.70000000
729.00000000 0.70666667 0.70666667
738.00000000 0.69666667 0.70333333
747.00000000 0.68000000 0.68666667
756.00000000 0.63666667 0.67000000
765.00000000 0.66666667 0.67000000
774.00000000 0.65333333 0.66333333
783.00000000 0.66000000 0.66333333
792.00000000 0.64333333 0.63666667
801.00000000 0.64333333 0.63333333
810.00000000 0.61666667 0.61666667
819.00000000 0.62000000 0.63666667
828.00000000 0.62333333 0.60666667
837.00000000 0.63666667 0.62666667
846.00000000 0.60000000 0.61333333
855.00000000 0.58666667 0.61000000
864.00000000 0.61000000 0.61000000
873.00000000 0.58000000 0.58666667
882.00000000 0.57000000 0.57000000
891.00000000 0.56666667 0.59333333
900.00000000 0.56666667 0.56333333
909.00000000 0.56333333 0.56666667
918.00000000 0.57000000 0.58000000
927.00000000 0.56333333 0.57000000
936.00000000 0.53333333 0.55333333
945.00000000 0.56000000 0.55333333
954.00000000 0.54333333 0.53333333
963.00000000 0.51666667 0.53666667
972.00000000 0.51333333 0.52333333
981.00000000 0.52000000 0.51666667
990.00000000 0.50000000 0.51666667
999.00000000 0.52666667 0.52000000
1008.00000000 0.49333333 0.51000000
1017.00000000 0.48666667 0.48333333
1026.00000000 0.49333333 0.49000000
1035.00000000 0.49666667 0.49333333
1044.00000000 0.50333333 0.48333333
1053.00000000 0.47333333 0.48666667
1062.00000000 0.47666667 0.47666667
1071.00000000 0.48333333 0.48000000
1080.00000000 0.46666667 0.47333333
1089.00000000 0.48000000 0.47000000
1098.00000000 0.46333333 0.47333333
1107.00000000 0.48333333 0.45333333
1116.00000000 0.45000000 0.46333333
1125.00000000 0.45000000 0.45000000
1134.00000000 0.45333333 0.44666667
1143.00000000 0.43666667 0.45333333
1152.00000000 0.44000000 0.44666667
1161.00000000 0.42000000 0.43666667
1170.00000000 0.42333333 0.42666667
1179.00000000 0.43333333 0.43666667
1188.00000000 0.42666667 0.42000000
1197.00000000 0.42333333 0.42333333
1206.00000000 0.42000000 0.41666667
1215.00000000 0.43000000 0.43000000
1224.00000000 0.42000000 0.42333333
1233.00000000 0.40000000 0.43000000
1242.00000000 0.40000000 0.42333333
1251.00000000 0.40000000 0.41000000
1260.00000000 0.39666667 0.39666667
1269.00000000 0.39333333 0.38666667
1278.00000000 0.39333333 0.39000000
1287.00000000 0.38666667 0.39000000
1296.00000000 0.37000000 0.37666667
1305.00000000 0.36333333 0.38000000
1314.00000000 0.37333333 0.36000000
1323.00000000 0.37666667 0.37000000
1332.00000000 0.37333333 0.37666667
1341.00000000 0.37000000 0.36666667
1350.00000000 0.37666667 0.36333333
1359.00000000 0.35666667 0.36333333
1368.00000000 0.35000000 0.36666667
1377.00000000 0.33666667 0.35000000
1386.00000000 0.35000000 0.35666667
1395.00000000 0.35666667 0.33666667
1404.00000000 0.34000000 0.34666667
1413.00000000 0.32333333 0.33666667
1422.00000000 0.31666667 0.32000000
1431.00000000 0.32000000 0.33000000
1440.00000000 0.33000000 0.32333333
1449.00000000 0.33000000 0.31000000
1458.00000000 0.32333333 0.33000000
1467.00000000 0.32666667 0.32666667
1476.00000000 0.32666667 0.31000000
1485.00000000 0.30000000 0.31333333
1494.00000000 0.30666667 0.32000000
1503.00000000 0.33000000 0.32000000
1512.00000000 0.32000000 0.34000000
1521.00000000 0.32000000 0.31000000
1530.00000000 0.31000000 0.32333333
1539.00000000 0.32666667 0.30666667
1548.00000000 0.30000000 0.31333333
1557.00000000 0.29333333 0.30666667
1566.00000000 0.30333333 0.29666667
1575.00000000 0.29666667 0.32000000
1584.00000000 0.30333333 0.32000000
1593.00000000 0.30333333 0.30666667
1602.00000000 0.29000000 0.31666667
1611.00000000 0.30333333 0.32666667
1620.00000000 0.30000000 0.31000000
1629.00000000 0.31000000 0.30333333
1638.00000000 0.30000000 0.30333333
1647.00000000 0.29000000 0.31333333
1656.00000000 0.31000000 0.30000000
1665.00000000 0.30000000 0.31000000
1674.00000000 0.29333333 0.29333333
1683.00000000 0.29333333 0.29000000
1692.00000000 0.30333333 0.29666667
1701.00000000 0.27666667 0.29333333
1710.00000000 0.28333333 0.28333333
1719.00000000 0.29000000 0.29333333
1728.00000000 0.28000000 0.30000000
1737.00000000 0.29000000 0.29000000
1746.00000000 0.27666667 0.27666667
1755.00000000 0.28333333 0.28666667
1764.00000000 0.27666667 0.29333333
1773.00000000 0.27000000 0.29666667
1782.00000000 0.28000000 0.28000000
1791.00000000 0.28000000 0.27000000
1800.00000000 0.29000000 0.28333333
