0 365.52400000 365.62800000
9.00000000 16.77000000 16.82400000
18.00000000 10.14800000 10.19800000
27.00000000 7.70000000 7.76400000
36.00000000 6.39000000 6.41400000
45.00000000 5.42600000 5.50200000
54.00000000 4.87600000 4.94200000
63.00000000 4.44600000 4.43600000
72.00000000 4.01800000 4.06000000
81.00000000 3.70800000 3.72800000
90.00000000 3.40800000 3.44200000
99.00000000 3.15200000 3.14600000
108.00000000 2.93000000 3.00200000
117.00000000 2.76600000 2.79800000
126.00000000 2.64200000 2.65200000
135.00000000 2.52800000 2.55000000
144.00000000 2.43000000 2.44800000
153.00000000 2.27400000 2.28200000
162.00000000 2.23800000 2.25000000
171.00000000 2.15000000 2.15600000
180.00000000 2.07800000 2.09000000
189.00000000 2.02200000 2.02000000
198.00000000 1.95800000 1.99000000
207.00000000 1.94200000 1.94800000
216.00000000 1.85200000 1.88400000
225.00000000 1.80600000 1.81600000
234.00000000 1.75200000 1.77600000
243.00000000 1.70800000 1.70200000
252.00000000 1.69000000 1.67600000
261.00000000 1.60600000 1.64400000
270.00000000 1.59600000 1.59200000
279.00000000 1.56600000 1.57400000
288.00000000 1.51400000 1.54600000
297.00000000 1.50600000 1.50200000
306.00000000 1.43000000 1.47800000
315.00000000 1.44400000 1.44200000
324.00000000 1.40400000 1.40200000
333.00000000 1.33800000 1.38800000
342.00000000 1.30800000 1.32800000
351.00000000 1.32000000 1.31600000
360.00000000 1.28000000 1.29000000
369.00000000 1.27800000 1.28200000
378.00000000 1.26000000 1.25600000
387.00000000 1.22600000 1.24600000
396.00000000 1.19200000 1.22000000
405.00000000 1.19400000 1.23000000
414.00000000 1.16200000 1.18400000
423.00000000 1.15000000 1.15400000
432.00000000 1.12800000 1.13600000
441.00000000 1.10600000 1.11000000
450.00000000 1.07200000 1.08400000
459.00000000 1.05400000 1.06200000
468.00000000 1.04400000 1.04600000
477.00000000 1.01800000 1.02400000
486.00000000 1.02200000 1.02600000
495.00000000 1.00800000 1.00000000
504.00000000 0.96400000 0.95600000
513.00000000 0.96200000 0.96000000
522.00000000 0.95200000 0.94200000
531.00000000 0.92400000 0.94000000
540.00000000 0.89800000 0.90600000
549.00000000 0.89000000 0.89200000
558.00000000 0.88600000 0.89200000
567.00000000 0.86200000 0.84600000
576.00000000 0.84000000 0.85800000
585.00000000 0.84200000 0.84600000
594.00000000 0.83000000 0.83400000
603.00000000 0.80200000 0.81000000
612.00000000 0.81200000 0.79600000
621.00000000 0.77800000 0.80600000
630.00000000 0.77600000 0.79200000
639.00000000 0.77600000 0.78200000
648.00000000 0.76200000 0.78600000
657.00000000 0.75600000 0.76800000
666.00000000 0.75200000 0.76000000
675.00000000 0.73600000 0.74800000
684.00000000 0.72000000 0.72600000
693.00000000 0.70000000 0.71800000
702.00000000 0.69200000 0.70200000
711.00000000 0.66800000 0.69200000
720.00000000 0.67400000 0.67800000
729.00000000 0.68000000 0.69000000
738.00000000 0.65800000 0.67200000
747.00000000 0.65600000 0.65400000
756.00000000 0.63200000 0.64600000
765.00000000 0.64600000 0.64400000
774.00000000 0.62400000 0.64200000
783.00000000 0.62600000 0.63600000
792.00000000 0.61600000 0.61600000
801.00000000 0.61800000 0.60200000
810.00000000 0.59800000 0.59600000
819.00000000 0.60000000 0.61400000
828.00000000 0.59200000 0.59200000
837.00000000 0.60000000 0.59600000
846.00000000 0.57800000 0.58800000
855.00000000 0.56400000 0.58400000
864.00000000 0.57000000 0.59200000
873.00000000 0.56000000 0.55800000
882.00000000 0.56000000 0.55400000
891.00000000 0.53600000 0.56200000
900.00000000 0.53800000 0.53000000
909.00000000 0.54400000 0.54800000
918.00000000 0.53600000 0.55400000
927.00000000 0.54000000 0.54400000
936.00000000 0.51800000 0.52600000
945.00000000 0.53400000 0.53000000
954.00000000 0.52400000 0.51800000
963.00000000 0.49800000 0.51400000
972.00000000 0.49800000 0.50800000
981.00000000 0.50000000 0.50200000
990.00000000 0.47600000 0.49400000
999.00000000 0.49600000 0.48400000
1008.00000000 0.47400000 0.48400000
1017.00000000 0.47600000 0.47200000
1026.00000000 0.48400000 0.47800000
1035.00000000 0.48400000 0.48600000
1044.00000000 0.46800000 0.46000000
1053.00000000 0.45000000 0.46600000
1062.00000000 0.46200000 0.46000000
1071.00000000 0.46400000 0.46200000
1080.00000000 0.45600000 0.45800000
1089.00000000 0.45800000 0.45400000
1098.00000000 0.43400000 0.45000000
1107.00000000 0.45000000 0.42600000
1116.00000000 0.43600000 0.43800000
1125.00000000 0.42800000 0.42600000
1134.00000000 0.43000000 0.42000000
1143.00000000 0.41400000 0.42400000
1152.00000000 0.41200000 0.42200000
1161.00000000 0.40400000 0.42000000
1170.00000000 0.40400000 0.40200000
1179.00000000 0.40400000 0.40600000
1188.00000000 0.39600000 0.39800000
1197.00000000 0.39800000 0.39400000
1206.00000000 0.40000000 0.39400000
1215.00000000 0.39600000 0.39800000
1224.00000000 0.39800000 0.39600000
1233.00000000 0.38200000 0.39800000
1242.00000000 0.37400000 0.39400000
1251.00000000 0.38000000 0.37800000
1260.00000000 0.36800000 0.37000000
1269.00000000 0.36400000 0.36000000
1278.00000000 0.36800000 0.36000000
1287.00000000 0.36600000 0.36400000
1296.00000000 0.34600000 0.35800000
1305.00000000 0.35000000 0.35400000
1314.00000000 0.34800000 0.34400000
1323.00000000 0.34400000 0.35000000
1332.00000000 0.34800000 0.35400000
1341.00000000 0.34400000 0.34800000
1350.00000000 0.35400000 0.33800000
1359.00000000 0.34000000 0.34600000
1368.00000000 0.34000000 0.34400000
1377.00000000 0.32800000 0.33400000
1386.00000000 0.32800000 0.33800000
1395.00000000 0.34000000 0.33000000
1404.00000000 0.33000000 0.33200000
1413.00000000 0.31400000 0.32800000
1422.00000000 0.31400000 0.31200000
1431.00000000 0.32000000 0.32400000
1440.00000000 0.32600000 0.31200000
1449.00000000 0.31800000 0.31400000
1458.00000000 0.31000000 0.32000000
1467.00000000 0.31000000 0.30200000
1476.00000000 0.31600000 0.30600000
1485.00000000 0.29400000 0.30600000
1494.00000000 0.30200000 0.30600000
1503.00000000 0.31200000 0.31000000
1512.00000000 0.29800000 0.32000000
1521.00000000 0.30600000 0.30000000
1530.00000000 0.29600000 0.30200000
1539.00000000 0.31000000 0.30000000
1548.00000000 0.29800000 0.30200000
1557.00000000 0.29200000 0.29400000
1566.00000000 0.29200000 0.29000000
1575.00000000 0.29000000 0.30400000
1584.00000000 0.28600000 0.29800000
1593.00000000 0.28200000 0.29200000
1602.00000000 0.28000000 0.29800000
1611.00000000 0.28600000 0.30200000
1620.00000000 0.28200000 0.28400000
1629.00000000 0.29000000 0.29000000
1638.00000000 0.28800000 0.28800000
1647.00000000 0.28000000 0.29400000
1656.00000000 0.28600000 0.28600000
1665.00000000 0.28000000 0.29400000
1674.00000000 0.28200000 0.28400000
1683.00000000 0.28200000 0.26800000
1692.00000000 0.28200000 0.27800000
1701.00000000 0.26600000 0.27800000
1710.00000000 0.26800000 0.26400000
1719.00000000 0.27600000 0.28000000
1728.00000000 0.26000000 0.28000000
1737.00000000 0.27200000 0.27200000
1746.00000000 0.25800000 0.26200000
1755.00000000 0.26400000 0.26400000
1764.00000000 0.25800000 0.27000000
1773.00000000 0.25400000 0.27600000
1782.00000000 0.26400000 0.26000000
1791.00000000 0.25400000 0.25400000
1800.00000000 0.26400000 0.26200000
