0 5.68146e-05
128 0.00135027
256 0.000909677
384 0.000984111
512 0.000909308
640 0.000886494
768 0.000878302
896 0.000873191
1024 0.000644963
1152 0.00085987
1280 0.000765738
1408 0.000699906
1536 0.000766008
1664 0.000650726
1792 0.000666802
1920 0.000583664
2048 0.000641701
2176 0.000576608
2304 0.000628503
2432 0.000573992
2560 0.000534666
2688 0.000576013
2816 0.000609222
2944 0.000584131
3072 0.000551213
3200 0.000599818
3328 0.000538778
3456 0.000530714
3584 0.000508855
3712 0.000512602
3840 0.000488852
3968 0.000495748
4096 0.000471174
4224 0.000497087
4352 0.000531971
4480 0.000511025
4608 0.000469871
4736 0.000456255
4864 0.000546619
4992 0.00049578
5120 0.000457374
5248 0.000458056
5376 0.000442347
5504 0.000430756
5632 0.000413485
5760 0.000565083
5888 0.000439141
6016 0.000460893
6144 0.000416956
6272 0.00049183
6400 0.000428654
6528 0.000411454
6656 0.000447654
6784 0.000388331
6912 0.000305536
7040 0.000474637
7168 0.000372392
7296 0.000403981
7424 0.000396808
7552 0.000451932
7680 0.0004167
7808 0.000310625
7936 0.000412151
8064 0.000466875
8192 0.000355222
8320 0.000435862
8448 0.000440159
8576 0.000387926
8704 0.000385269
8832 0.000365847
8960 0.000436771
9088 0.000445742
9216 0.000356862
9344 0.000416277
9472 0.000399013
9600 0.000441999
9728 0.000438586
9856 0.000364678
9984 0.000420131
10112 0.000340603
10240 0.000343547
10368 0.000386794
10496 0.000328232
10624 0.000388579
10752 0.000432421
10880 0.000405746
11008 0.000428111
11136 0.000411192
11264 0.000315899
11392 0.000368837
11520 0.000393603
11648 0.000326443
11776 0.000374679
11904 0.000351682
12032 0.000382637
12160 0.000358942
12288 0.000375675
12416 0.000307168
12544 0.000457811
12672 0.000387772
12800 0.000383825
