0 5.86735e-09
128 3.7476e-06
256 1.81964e-06
384 1.91953e-06
512 1.52933e-06
640 1.34908e-06
768 1.36251e-06
896 1.41455e-06
1024 8.12893e-07
1152 1.38902e-06
1280 1.28149e-06
1408 9.10309e-07
1536 1.25727e-06
1664 1.06091e-06
1792 9.62683e-07
1920 5.80794e-07
2048 8.93008e-07
2176 6.12589e-07
2304 9.53042e-07
2432 6.7572e-07
2560 5.7882e-07
2688 6.0992e-07
2816 6.89294e-07
2944 7.28525e-07
3072 5.55687e-07
3200 6.15922e-07
3328 7.15031e-07
3456 5.47319e-07
3584 4.77092e-07
3712 5.04999e-07
3840 4.84506e-07
3968 4.71038e-07
4096 5.21108e-07
4224 5.40696e-07
4352 5.80203e-07
4480 5.72721e-07
4608 4.05006e-07
4736 4.06216e-07
4864 5.91359e-07
4992 4.59949e-07
5120 4.09985e-07
5248 5.56717e-07
5376 4.05162e-07
5504 3.55025e-07
5632 3.06601e-07
5760 6.55405e-07
5888 3.43406e-07
6016 4.26924e-07
6144 3.33994e-07
6272 5.10473e-07
6400 3.54717e-07
6528 2.9389e-07
6656 3.56087e-07
6784 2.94255e-07
6912 1.92692e-07
7040 4.80748e-07
7168 2.91255e-07
7296 3.20826e-07
7424 3.39199e-07
7552 4.02274e-07
7680 3.40257e-07
7808 2.00038e-07
7936 3.53045e-07
8064 3.76081e-07
8192 2.51316e-07
8320 4.02929e-07
8448 3.8605e-07
8576 3.30346e-07
8704 3.46743e-07
8832 2.9835e-07
8960 3.31623e-07
9088 3.44647e-07
9216 2.48342e-07
9344 3.05938e-07
9472 3.01439e-07
9600 4.22354e-07
9728 4.80909e-07
9856 2.39822e-07
9984 2.97765e-07
10112 2.34392e-07
10240 2.53314e-07
10368 2.69326e-07
10496 2.06563e-07
10624 3.05124e-07
10752 3.56642e-07
10880 3.04469e-07
11008 3.50603e-07
11136 3.61504e-07
11264 2.11613e-07
11392 3.55379e-07
11520 3.21144e-07
11648 1.94026e-07
11776 2.67472e-07
11904 2.59451e-07
12032 2.86125e-07
12160 2.89369e-07
12288 3.52283e-07
12416 1.81524e-07
12544 1.10363e-06
12672 3.47092e-07
12800 2.65156e-07
