0 0.182301
128 -0.0554775
256 -0.198935
384 0.0179839
512 0.150389
640 0.28333
768 0.233746
896 0.144753
1024 0.045821
1152 0.121356
1280 -0.185514
1408 0.141726
1536 -0.142693
1664 -0.50544
1792 -0.165161
1920 0.295107
2048 -0.168653
2176 0.157501
2304 -0.412668
2432 -0.0509509
2560 -0.0247809
2688 0.161731
2816 0.142819
2944 -0.135128
3072 0.171096
3200 0.288067
3328 -0.463229
3456 0.0567926
3584 0.157472
3712 0.0781044
3840 -0.0274259
3968 0.0833919
4096 -0.347276
4224 -0.18821
4352 -0.0502354
4480 -0.193104
4608 0.16556
4736 0.0486176
4864 0.020833
4992 0.128753
5120 0.0401428
5248 -0.653364
5376 -0.0706344
5504 0.0866443
5632 0.206698
5760 -0.052511
5888 0.219262
6016 -0.00978365
6144 0.0788622
6272 -0.110296
6400 0.0695033
6528 0.264025
6656 0.22307
6784 0.048723
6912 -0.0641449
7040 -0.133999
7168 -0.100255
7296 0.0341632
7424 -0.154243
7552 0.0304155
7680 0.0404382
7808 -0.0731938
7936 -0.0783394
8064 0.274637
8192 0.00831369
8320 -0.120944
8448 0.00737534
8576 -0.195183
8704 -0.336034
8832 -0.229085
8960 0.261653
9088 0.265371
9216 0.0499324
9344 0.234499
9472 0.106676
9600 -0.161897
9728 -0.500079
9856 0.196693
9984 0.313045
10112 -0.0204448
10240 -0.146287
10368 0.199813
10496 0.0826909
10624 -0.0207726
10752 0.0927023
10880 0.150589
11008 0.0870598
11136 -0.138081
11264 -0.12054
11392 -0.612303
11520 -0.072924
11648 0.179266
11776 0.0947103
11904 -0.097759
12032 0.0457409
12160 -0.245966
12288 -0.496133
12416 0.0761008
12544 -3.26567
12672 -0.3083
12800 0.200155
