0 0.0195288
2.25 0.0328161
4.5 0.0456666
6.75 0.0959851
9 0.132872
11.25 0.161284
13.5 0.189075
15.75 0.220421
18 0.25459
20.25 0.281867
22.5 0.311123
24.75 0.333911
27 0.358179
29.25 0.378295
31.5 0.399544
33.75 0.419741
36 0.438872
38.25 0.45827
40.5 0.474967
42.75 0.494796
45 0.510175
47.25 0.524475
49.5 0.537178
51.75 0.551073
54 0.563889
56.25 0.578555
58.5 0.591408
60.75 0.604509
63 0.616233
65.25 0.626355
67.5 0.635602
69.75 0.647072
72 0.657045
74.25 0.667995
76.5 0.679327
78.75 0.688096
81 0.697233
83.25 0.705102
85.5 0.71452
87.75 0.722899
90 0.732409
92.25 0.7406
94.5 0.747435
96.75 0.755755
99 0.764056
101.25 0.771118
103.5 0.779853
105.75 0.786474
108 0.793232
110.25 0.798208
112.5 0.802856
114.75 0.807819
117 0.812181
119.25 0.81633
121.5 0.821171
123.75 0.825251
126 0.82935
128.25 0.833614
130.5 0.838509
132.75 0.842962
135 0.846928
137.25 0.85032
139.5 0.854484
141.75 0.858531
144 0.860992
146.25 0.863554
148.5 0.86695
150.75 0.870521
153 0.872845
155.25 0.875758
157.5 0.877851
159.75 0.880444
162 0.882898
164.25 0.884574
166.5 0.886511
168.75 0.888964
171 0.891921
173.25 0.894637
175.5 0.896795
177.75 0.898735
180 0.900283
182.25 0.901918
184.5 0.903486
186.75 0.905324
189 0.907017
191.25 0.908451
193.5 0.909478
195.75 0.910726
198 0.911885
200.25 0.913571
202.5 0.914523
204.75 0.916296
207 0.917956
209.25 0.918855
211.5 0.920033
213.75 0.920958
216 0.922224
218.25 0.923311
220.5 0.924345
222.75 0.925401
225 0.926251
227.25 0.927057
229.5 0.927932
231.75 0.928509
234 0.929562
236.25 0.929858
238.5 0.930474
240.75 0.930579
243 0.930749
245.25 0.931173
247.5 0.931887
249.75 0.932243
252 0.93302
254.25 0.933711
256.5 0.933955
258.75 0.934419
261 0.935302
263.25 0.936149
265.5 0.936781
267.75 0.937308
270 0.93818
272.25 0.938976
274.5 0.939834
276.75 0.940652
279 0.941391
281.25 0.942081
283.5 0.942644
285.75 0.94307
288 0.943826
290.25 0.944405
292.5 0.944853
294.75 0.945411
297 0.946236
299.25 0.946932
301.5 0.947975
303.75 0.948578
306 0.948937
308.25 0.949487
310.5 0.949908
312.75 0.950392
315 0.950651
317.25 0.951031
319.5 0.951709
321.75 0.952018
324 0.952789
326.25 0.953509
328.5 0.954102
330.75 0.954792
333 0.955196
335.25 0.955794
337.5 0.956274
339.75 0.956538
342 0.956904
344.25 0.957391
346.5 0.957672
348.75 0.958069
351 0.958248
353.25 0.958708
355.5 0.95927
357.75 0.959788
360 0.960262
362.25 0.960853
364.5 0.96133
366.75 0.962113
369 0.962422
371.25 0.962839
373.5 0.963273
375.75 0.963777
378 0.96403
380.25 0.964457
382.5 0.964824
384.75 0.965494
387 0.965778
389.25 0.966055
391.5 0.966799
393.75 0.967057
396 0.967217
398.25 0.967672
400.5 0.968058
402.75 0.968374
405 0.969267
407.25 0.969503
409.5 0.969803
411.75 0.969688
414 0.970092
416.25 0.970838
418.5 0.971405
420.75 0.97167
423 0.971989
425.25 0.972139
427.5 0.972383
429.75 0.972796
432 0.973053
434.25 0.97395
436.5 0.974589
438.75 0.975035
441 0.975396
443.25 0.975735
445.5 0.976326
447.75 0.976714
450 0.977136
