0 41493.05000000 41589.10000000
40.00000000 443.22500000 440.87500000
80.00000000 232.55000000 231.95000000
120.00000000 157.02500000 156.67500000
160.00000000 119.92500000 118.82500000
200.00000000 96.62500000 95.72500000
240.00000000 80.95000000 80.25000000
280.00000000 69.85000000 69.35000000
320.00000000 61.60000000 60.97500000
360.00000000 54.57500000 53.97500000
400.00000000 48.72500000 48.60000000
440.00000000 44.35000000 44.35000000
480.00000000 40.65000000 40.85000000
520.00000000 37.87500000 37.65000000
560.00000000 34.87500000 35.17500000
600.00000000 33.07500000 32.90000000
640.00000000 31.02500000 31.00000000
680.00000000 28.97500000 29.22500000
720.00000000 27.70000000 27.65000000
760.00000000 26.25000000 26.45000000
800.00000000 25.20000000 24.85000000
840.00000000 23.50000000 22.87500000
880.00000000 22.67500000 22.35000000
920.00000000 21.20000000 20.87500000
960.00000000 20.65000000 20.12500000
1000.00000000 19.50000000 19.70000000
1040.00000000 19.15000000 18.50000000
1080.00000000 18.27500000 18.20000000
1120.00000000 17.97500000 17.57500000
1160.00000000 17.10000000 16.87500000
1200.00000000 16.30000000 16.10000000
1240.00000000 15.70000000 15.72500000
1280.00000000 15.47500000 15.47500000
1320.00000000 14.95000000 14.75000000
1360.00000000 14.67500000 14.40000000
1400.00000000 14.07500000 14.00000000
1440.00000000 13.57500000 13.20000000
1480.00000000 13.15000000 13.00000000
1520.00000000 13.10000000 12.95000000
1560.00000000 12.90000000 12.50000000
1600.00000000 12.47500000 12.55000000
1640.00000000 12.10000000 12.25000000
1680.00000000 11.90000000 11.82500000
1720.00000000 11.67500000 11.37500000
1760.00000000 11.47500000 11.37500000
1800.00000000 10.97500000 11.02500000
1840.00000000 10.75000000 10.47500000
1880.00000000 10.32500000 10.25000000
1920.00000000 10.27500000 10.07500000
1960.00000000 9.95000000 9.72500000
2000.00000000 9.82500000 9.75000000
2040.00000000 9.42500000 9.70000000
2080.00000000 9.52500000 9.65000000
2120.00000000 9.37500000 9.45000000
2160.00000000 9.47500000 9.40000000
2200.00000000 9.25000000 9.20000000
2240.00000000 8.85000000 8.92500000
2280.00000000 8.77500000 8.85000000
2320.00000000 8.65000000 8.67500000
2360.00000000 8.32500000 8.35000000
2400.00000000 8.40000000 8.15000000
2440.00000000 8.17500000 7.95000000
2480.00000000 8.00000000 8.00000000
2520.00000000 7.87500000 7.82500000
2560.00000000 7.70000000 7.62500000
2600.00000000 7.65000000 7.62500000
2640.00000000 7.50000000 7.17500000
2680.00000000 7.37500000 7.30000000
2720.00000000 7.37500000 7.30000000
2760.00000000 7.07500000 6.97500000
2800.00000000 7.00000000 6.95000000
2840.00000000 6.95000000 6.95000000
2880.00000000 6.90000000 6.82500000
2920.00000000 6.97500000 7.05000000
2960.00000000 6.65000000 6.70000000
3000.00000000 6.75000000 6.77500000
3040.00000000 6.57500000 6.60000000
3080.00000000 6.27500000 6.40000000
3120.00000000 6.35000000 6.17500000
3160.00000000 6.27500000 6.10000000
3200.00000000 6.00000000 6.10000000
3240.00000000 5.97500000 5.92500000
3280.00000000 5.82500000 6.00000000
3320.00000000 5.77500000 5.82500000
3360.00000000 5.82500000 5.85000000
3400.00000000 5.72500000 5.55000000
3440.00000000 5.60000000 5.45000000
3480.00000000 5.62500000 5.47500000
3520.00000000 5.40000000 5.45000000
3560.00000000 5.20000000 5.22500000
3600.00000000 5.12500000 5.27500000
3640.00000000 5.32500000 5.17500000
3680.00000000 5.15000000 5.07500000
3720.00000000 5.10000000 5.10000000
3760.00000000 4.87500000 5.07500000
3800.00000000 4.97500000 5.07500000
3840.00000000 4.82500000 4.97500000
3880.00000000 4.87500000 4.92500000
3920.00000000 4.87500000 4.85000000
3960.00000000 4.75000000 4.92500000
4000.00000000 4.77500000 4.85000000
