0 41470.95000000 41575.85000000
40.00000000 446.20000000 444.20000000
80.00000000 231.35000000 230.50000000
120.00000000 156.45000000 157.15000000
160.00000000 119.90000000 118.55000000
200.00000000 96.20000000 95.00000000
240.00000000 80.75000000 79.05000000
280.00000000 69.90000000 69.45000000
320.00000000 61.40000000 60.35000000
360.00000000 54.70000000 53.55000000
400.00000000 47.70000000 47.75000000
440.00000000 43.00000000 43.40000000
480.00000000 40.00000000 40.60000000
520.00000000 37.60000000 36.65000000
560.00000000 33.95000000 34.40000000
600.00000000 32.80000000 31.95000000
640.00000000 30.40000000 30.45000000
680.00000000 28.70000000 29.00000000
720.00000000 27.35000000 27.20000000
760.00000000 25.70000000 25.85000000
800.00000000 25.00000000 24.65000000
840.00000000 23.50000000 22.80000000
880.00000000 22.40000000 22.05000000
920.00000000 21.30000000 20.95000000
960.00000000 21.15000000 20.30000000
1000.00000000 19.85000000 19.95000000
1040.00000000 19.10000000 18.35000000
1080.00000000 18.50000000 18.10000000
1120.00000000 18.10000000 17.65000000
1160.00000000 17.30000000 16.75000000
1200.00000000 16.50000000 16.50000000
1240.00000000 15.65000000 16.10000000
1280.00000000 15.75000000 15.80000000
1320.00000000 15.40000000 15.40000000
1360.00000000 15.35000000 14.50000000
1400.00000000 14.60000000 14.40000000
1440.00000000 14.05000000 13.25000000
1480.00000000 13.65000000 13.45000000
1520.00000000 13.75000000 13.40000000
1560.00000000 13.55000000 12.85000000
1600.00000000 13.00000000 13.25000000
1640.00000000 12.90000000 13.05000000
1680.00000000 12.65000000 12.50000000
1720.00000000 12.15000000 11.90000000
1760.00000000 11.95000000 11.65000000
1800.00000000 11.45000000 11.35000000
1840.00000000 11.25000000 10.65000000
1880.00000000 10.55000000 10.70000000
1920.00000000 10.45000000 10.45000000
1960.00000000 10.30000000 9.80000000
2000.00000000 9.90000000 9.95000000
2040.00000000 9.65000000 10.00000000
2080.00000000 9.85000000 9.95000000
2120.00000000 9.75000000 9.75000000
2160.00000000 10.10000000 9.85000000
2200.00000000 9.60000000 9.70000000
2240.00000000 9.35000000 9.30000000
2280.00000000 9.25000000 9.25000000
2320.00000000 9.15000000 9.15000000
2360.00000000 8.80000000 8.70000000
2400.00000000 9.05000000 8.65000000
2440.00000000 8.75000000 8.55000000
2480.00000000 8.45000000 8.60000000
2520.00000000 8.35000000 8.30000000
2560.00000000 8.25000000 7.95000000
2600.00000000 8.15000000 8.15000000
2640.00000000 8.15000000 7.70000000
2680.00000000 7.85000000 7.60000000
2720.00000000 7.80000000 7.65000000
2760.00000000 7.35000000 6.95000000
2800.00000000 7.10000000 7.30000000
2840.00000000 7.10000000 7.20000000
2880.00000000 7.05000000 7.05000000
2920.00000000 7.25000000 7.40000000
2960.00000000 6.85000000 6.95000000
3000.00000000 7.05000000 7.05000000
3040.00000000 6.75000000 6.85000000
3080.00000000 6.60000000 6.65000000
3120.00000000 6.40000000 6.15000000
3160.00000000 6.45000000 6.35000000
3200.00000000 6.30000000 6.35000000
3240.00000000 6.35000000 6.25000000
3280.00000000 6.10000000 6.40000000
3320.00000000 6.25000000 6.15000000
3360.00000000 6.25000000 6.05000000
3400.00000000 6.05000000 5.95000000
3440.00000000 6.00000000 5.65000000
3480.00000000 5.80000000 5.75000000
3520.00000000 5.60000000 5.75000000
3560.00000000 5.50000000 5.45000000
3600.00000000 5.20000000 5.40000000
3640.00000000 5.45000000 5.20000000
3680.00000000 5.05000000 5.05000000
3720.00000000 5.10000000 5.20000000
3760.00000000 4.90000000 5.10000000
3800.00000000 4.95000000 5.10000000
3840.00000000 4.95000000 5.00000000
3880.00000000 4.90000000 5.10000000
3920.00000000 4.80000000 4.85000000
3960.00000000 4.95000000 5.00000000
4000.00000000 4.85000000 4.90000000
