0 0.000151092
25 0.0341915
50 0.0647356
75 0.0946121
100 0.126281
125 0.157769
150 0.190746
175 0.221499
200 0.250028
225 0.278948
250 0.307307
275 0.335748
300 0.365499
325 0.394851
350 0.42211
375 0.450822
400 0.478816
425 0.505554
450 0.531502
475 0.55584
500 0.581989
525 0.605415
550 0.627069
575 0.64755
600 0.669833
625 0.689896
650 0.708294
675 0.726968
700 0.742474
725 0.755074
750 0.767657
775 0.780081
800 0.792659
825 0.804419
850 0.815013
875 0.823203
900 0.832267
925 0.839303
950 0.846719
975 0.85266
1000 0.860224
1025 0.865786
1050 0.872016
1075 0.878001
1100 0.882342
1125 0.885998
1150 0.890821
1175 0.894412
1200 0.897834
1225 0.900537
1250 0.903626
1275 0.906453
1300 0.909635
1325 0.910968
1350 0.912482
1375 0.914364
1400 0.91639
1425 0.91796
1450 0.919264
1475 0.920161
1500 0.922388
1525 0.923681
1550 0.924565
1575 0.926166
1600 0.927776
1625 0.929058
1650 0.930192
1675 0.931011
1700 0.930925
1725 0.932053
1750 0.933117
1775 0.93385
1800 0.934787
1825 0.935558
1850 0.935997
1875 0.936283
1900 0.936933
1925 0.937919
1950 0.938345
1975 0.938736
2000 0.939339
2025 0.940494
2050 0.940919
2075 0.941994
2100 0.94298
2125 0.94307
2150 0.943515
2175 0.944231
2200 0.944398
2225 0.94523
2250 0.946239
2275 0.946981
2300 0.94709
2325 0.947916
2350 0.948211
2375 0.948025
2400 0.949117
2425 0.948863
2450 0.949314
2475 0.949679
2500 0.950193
2525 0.949698
2550 0.950109
2575 0.950337
2600 0.950196
2625 0.950262
2650 0.949864
2675 0.950024
2700 0.950123
2725 0.949804
2750 0.950434
2775 0.950335
2800 0.950105
2825 0.950541
2850 0.950914
2875 0.9509
2900 0.950179
2925 0.950629
2950 0.950456
2975 0.950656
3000 0.95048
3025 0.950128
3050 0.950464
3075 0.950953
3100 0.950478
3125 0.950921
3150 0.951683
3175 0.951637
3200 0.951425
3225 0.950932
3250 0.95114
3275 0.950891
3300 0.951214
3325 0.951182
3350 0.950913
3375 0.951013
3400 0.950916
3425 0.95015
3450 0.95051
3475 0.950701
3500 0.951156
3525 0.951356
3550 0.951281
3575 0.951398
3600 0.951359
3625 0.951148
3650 0.951278
3675 0.951283
3700 0.951157
3725 0.950504
3750 0.950349
3775 0.950097
3800 0.949956
3825 0.950125
3850 0.950377
3875 0.95024
3900 0.950363
3925 0.950598
3950 0.950701
3975 0.950822
4000 0.951032
4025 0.950477
4050 0.950422
4075 0.950841
4100 0.950929
4125 0.951056
4150 0.951508
4175 0.950491
4200 0.950385
4225 0.95015
4250 0.950084
4275 0.949807
4300 0.950537
4325 0.951003
4350 0.951292
4375 0.951066
4400 0.951271
4425 0.950624
4450 0.950902
4475 0.951018
4500 0.950986
4525 0.950576
4550 0.951301
4575 0.951326
4600 0.950651
4625 0.950558
4650 0.951095
4675 0.951269
4700 0.951211
4725 0.951089
4750 0.951663
4775 0.951579
4800 0.95132
4825 0.951375
4850 0.950882
4875 0.950793
4900 0.950966
4925 0.950542
4950 0.950365
4975 0.950467
5000 0.950515
