0 2.00714e-08
84.5 0.00265715
169 0.0088838
253.5 0.0168887
338 0.0257553
422.5 0.0362137
507 0.0487851
591.5 0.0629945
676 0.0788475
760.5 0.0945914
845 0.111429
929.5 0.129384
1014 0.14647
1098.5 0.161545
1183 0.177545
1267.5 0.195214
1352 0.210708
1436.5 0.227489
1521 0.245894
1605.5 0.262812
1690 0.282079
1774.5 0.300405
1859 0.315695
1943.5 0.331794
2028 0.348049
2112.5 0.36361
2197 0.379074
2281.5 0.393565
2366 0.409247
2450.5 0.420944
2535 0.43629
2619.5 0.449399
2704 0.460672
2788.5 0.472369
2873 0.483985
2957.5 0.494162
3042 0.504405
3126.5 0.51611
3211 0.52844
3295.5 0.540674
3380 0.553211
3464.5 0.566639
3549 0.579243
3633.5 0.592229
3718 0.606324
3802.5 0.620517
3887 0.631387
3971.5 0.639262
4056 0.650268
4140.5 0.658164
4225 0.664846
4309.5 0.672641
4394 0.679543
4478.5 0.685171
4563 0.692082
4647.5 0.699616
4732 0.705401
4816.5 0.712255
4901 0.718564
4985.5 0.724241
5070 0.728989
5154.5 0.734295
5239 0.738234
5323.5 0.742387
5408 0.748114
5492.5 0.752905
5577 0.759204
5661.5 0.765766
5746 0.770927
5830.5 0.777483
5915 0.780358
5999.5 0.783212
6084 0.787389
6168.5 0.792762
6253 0.798377
6337.5 0.802058
6422 0.80678
6506.5 0.810444
6591 0.815094
6675.5 0.820546
6760 0.824802
6844.5 0.827013
6929 0.829736
7013.5 0.832694
7098 0.834336
7182.5 0.837922
7267 0.840793
7351.5 0.843847
7436 0.847027
7520.5 0.849621
7605 0.851548
7689.5 0.855336
7774 0.854993
7858.5 0.85616
7943 0.856349
8027.5 0.858087
8112 0.859471
8196.5 0.861022
8281 0.86177
8365.5 0.862146
8450 0.864984
