0 9.78967e-05
84.5 0.03826
169 0.0685268
253.5 0.094669
338 0.119797
422.5 0.144308
507 0.16742
591.5 0.191523
676 0.215324
760.5 0.238769
845 0.25982
929.5 0.281921
1014 0.302113
1098.5 0.318827
1183 0.336119
1267.5 0.35458
1352 0.370698
1436.5 0.386444
1521 0.403165
1605.5 0.418562
1690 0.438377
1774.5 0.455204
1859 0.470632
1943.5 0.485856
2028 0.500783
2112.5 0.514611
2197 0.527904
2281.5 0.540772
2366 0.555399
2450.5 0.56687
2535 0.579667
2619.5 0.591396
2704 0.601618
2788.5 0.611854
2873 0.62223
2957.5 0.630155
3042 0.638649
3126.5 0.649334
3211 0.660384
3295.5 0.670099
3380 0.680349
3464.5 0.691804
3549 0.701786
3633.5 0.711859
3718 0.722929
3802.5 0.733548
3887 0.742001
3971.5 0.748162
4056 0.756789
4140.5 0.762183
4225 0.768177
4309.5 0.774086
4394 0.780212
4478.5 0.784827
4563 0.790362
4647.5 0.795868
4732 0.800572
4816.5 0.80601
4901 0.811399
4985.5 0.815394
5070 0.819327
5154.5 0.823958
5239 0.827351
5323.5 0.831112
5408 0.83524
5492.5 0.838857
5577 0.84382
5661.5 0.848496
5746 0.852951
5830.5 0.85762
5915 0.85978
5999.5 0.861502
6084 0.864659
6168.5 0.868775
6253 0.873103
6337.5 0.875942
6422 0.879362
6506.5 0.88165
6591 0.885547
6675.5 0.889529
6760 0.892317
6844.5 0.894115
6929 0.896597
7013.5 0.898677
7098 0.900147
7182.5 0.902301
7267 0.904099
7351.5 0.906138
7436 0.908169
7520.5 0.909809
7605 0.910988
7689.5 0.913532
7774 0.913068
7858.5 0.91353
7943 0.913884
8027.5 0.914897
8112 0.916071
8196.5 0.917282
8281 0.91803
8365.5 0.918372
8450 0.919996
