0 252.68333333 253.32666667
6.25000000 16.29333333 16.37000000
12.50000000 10.61333333 10.57000000
18.75000000 8.64666667 8.63333333
25.00000000 7.31666667 7.36000000
31.25000000 6.68333333 6.72000000
37.50000000 6.17666667 6.25333333
43.75000000 5.88000000 5.91000000
50.00000000 5.64333333 5.65000000
56.25000000 5.42333333 5.37666667
62.50000000 5.19666667 5.22000000
68.75000000 4.91333333 4.95666667
75.00000000 4.79333333 4.87000000
81.25000000 4.71666667 4.69666667
87.50000000 4.57000000 4.61333333
93.75000000 4.54000000 4.53333333
100.00000000 4.37666667 4.38666667
106.25000000 4.30333333 4.29333333
112.50000000 4.19333333 4.19333333
118.75000000 4.22333333 4.24000000
125.00000000 4.18666667 4.16333333
131.25000000 4.03000000 4.00000000
137.50000000 3.97000000 3.98666667
143.75000000 3.90000000 3.94000000
150.00000000 3.92333333 3.90000000
156.25000000 3.81666667 3.84666667
162.50000000 3.79000000 3.77000000
168.75000000 3.62333333 3.72333333
175.00000000 3.66333333 3.71666667
181.25000000 3.56333333 3.56666667
187.50000000 3.50666667 3.53333333
193.75000000 3.39333333 3.47000000
200.00000000 3.39666667 3.45666667
206.25000000 3.31666667 3.34000000
212.50000000 3.47333333 3.42666667
218.75000000 3.35666667 3.33333333
225.00000000 3.25000000 3.26000000
231.25000000 3.28666667 3.30333333
237.50000000 3.16666667 3.24000000
243.75000000 3.20666667 3.26333333
250.00000000 3.12000000 3.13666667
256.25000000 3.13333333 3.17000000
262.50000000 3.13666667 3.13666667
268.75000000 3.09666667 3.07333333
275.00000000 3.01000000 2.99000000
281.25000000 2.96000000 2.99000000
287.50000000 2.95000000 2.93333333
293.75000000 2.99000000 2.99666667
300.00000000 3.02333333 2.99666667
306.25000000 2.90666667 2.89666667
312.50000000 2.94000000 2.91000000
318.75000000 2.85666667 2.81666667
325.00000000 2.79666667 2.80333333
331.25000000 2.78333333 2.77000000
337.50000000 2.76000000 2.74333333
343.75000000 2.77333333 2.68000000
350.00000000 2.70666667 2.69666667
356.25000000 2.75333333 2.69333333
362.50000000 2.69333333 2.74666667
368.75000000 2.64000000 2.69333333
375.00000000 2.70000000 2.68333333
381.25000000 2.69000000 2.64666667
387.50000000 2.66333333 2.71666667
393.75000000 2.60333333 2.60000000
400.00000000 2.62666667 2.60333333
406.25000000 2.61666667 2.60666667
412.50000000 2.59666667 2.57000000
418.75000000 2.55666667 2.55000000
425.00000000 2.57000000 2.54000000
431.25000000 2.51666667 2.49000000
437.50000000 2.50333333 2.51666667
443.75000000 2.46000000 2.50000000
450.00000000 2.50666667 2.48000000
456.25000000 2.44333333 2.47000000
462.50000000 2.44000000 2.40666667
468.75000000 2.44333333 2.44000000
475.00000000 2.45333333 2.46000000
481.25000000 2.37333333 2.40333333
487.50000000 2.33666667 2.38333333
493.75000000 2.40000000 2.42333333
500.00000000 2.40666667 2.40000000
506.25000000 2.39666667 2.40333333
512.50000000 2.33666667 2.35000000
518.75000000 2.37000000 2.38333333
525.00000000 2.31666667 2.32000000
531.25000000 2.24000000 2.25666667
537.50000000 2.29000000 2.33000000
543.75000000 2.31666667 2.31666667
550.00000000 2.23666667 2.23333333
556.25000000 2.23666667 2.21666667
562.50000000 2.23666667 2.26666667
568.75000000 2.26666667 2.28333333
575.00000000 2.18666667 2.23666667
581.25000000 2.20333333 2.22333333
587.50000000 2.19000000 2.17000000
593.75000000 2.21000000 2.21666667
600.00000000 2.16333333 2.21666667
606.25000000 2.16333333 2.15333333
612.50000000 2.17333333 2.19000000
618.75000000 2.12666667 2.12666667
625.00000000 2.12000000 2.10333333
631.25000000 2.09000000 2.12666667
637.50000000 2.09333333 2.10666667
643.75000000 2.14333333 2.08666667
650.00000000 2.05666667 2.10666667
656.25000000 2.11333333 2.14666667
662.50000000 2.06000000 2.07666667
668.75000000 2.07666667 2.12000000
675.00000000 2.06666667 2.08000000
681.25000000 2.04333333 2.09666667
687.50000000 2.03333333 2.09000000
693.75000000 2.07333333 2.07000000
700.00000000 2.05666667 2.03333333
706.25000000 2.06666667 2.02000000
712.50000000 1.99666667 1.97333333
718.75000000 2.02000000 2.05333333
725.00000000 1.95333333 1.98000000
731.25000000 2.02000000 2.02333333
737.50000000 1.98333333 1.95000000
743.75000000 1.97333333 2.00666667
750.00000000 2.03000000 2.02000000
756.25000000 1.99000000 1.99000000
762.50000000 1.91666667 1.91666667
768.75000000 1.97333333 1.94666667
775.00000000 1.97333333 1.97000000
781.25000000 1.92666667 1.92666667
787.50000000 1.93333333 1.93333333
793.75000000 1.93000000 1.93000000
800.00000000 1.90000000 1.93000000
806.25000000 1.85000000 1.86333333
812.50000000 1.89333333 1.90333333
818.75000000 1.87666667 1.88333333
825.00000000 1.81000000 1.83666667
831.25000000 1.84000000 1.86000000
837.50000000 1.85000000 1.84000000
843.75000000 1.82000000 1.84666667
850.00000000 1.81666667 1.82666667
856.25000000 1.81000000 1.78666667
862.50000000 1.83000000 1.82666667
868.75000000 1.81333333 1.82333333
875.00000000 1.79666667 1.83666667
881.25000000 1.78000000 1.78666667
887.50000000 1.78333333 1.77666667
893.75000000 1.80000000 1.73666667
900.00000000 1.75000000 1.75000000
906.25000000 1.77666667 1.77333333
912.50000000 1.77333333 1.74666667
918.75000000 1.73333333 1.73000000
925.00000000 1.76000000 1.73666667
931.25000000 1.72000000 1.70333333
937.50000000 1.71666667 1.72333333
943.75000000 1.73666667 1.74666667
950.00000000 1.71000000 1.72000000
956.25000000 1.66666667 1.70666667
962.50000000 1.71333333 1.73666667
968.75000000 1.68000000 1.70000000
975.00000000 1.71333333 1.70666667
981.25000000 1.70666667 1.73000000
987.50000000 1.68666667 1.71000000
993.75000000 1.67666667 1.68666667
1000.00000000 1.68000000 1.65666667
1006.25000000 1.64666667 1.69666667
1012.50000000 1.64666667 1.65333333
1018.75000000 1.67000000 1.66000000
1025.00000000 1.63333333 1.67333333
1031.25000000 1.62333333 1.65666667
1037.50000000 1.62000000 1.62666667
1043.75000000 1.63000000 1.64666667
1050.00000000 1.57333333 1.62333333
1056.25000000 1.59333333 1.62666667
1062.50000000 1.66000000 1.67666667
1068.75000000 1.58666667 1.62333333
1075.00000000 1.60666667 1.59333333
1081.25000000 1.58333333 1.63666667
1087.50000000 1.65666667 1.64000000
1093.75000000 1.57333333 1.57000000
1100.00000000 1.57666667 1.58333333
1106.25000000 1.62333333 1.62333333
1112.50000000 1.59000000 1.60666667
1118.75000000 1.57000000 1.58000000
1125.00000000 1.59000000 1.58000000
1131.25000000 1.52000000 1.54333333
1137.50000000 1.59000000 1.62333333
1143.75000000 1.54666667 1.58333333
1150.00000000 1.54333333 1.57000000
1156.25000000 1.57666667 1.58666667
1162.50000000 1.54000000 1.54000000
1168.75000000 1.56666667 1.60666667
1175.00000000 1.58333333 1.60666667
1181.25000000 1.57333333 1.57000000
1187.50000000 1.57666667 1.60000000
1193.75000000 1.58000000 1.63000000
1200.00000000 1.55333333 1.55333333
1206.25000000 1.56000000 1.56000000
1212.50000000 1.57333333 1.59333333
1218.75000000 1.55666667 1.58000000
1225.00000000 1.54666667 1.57333333
1231.25000000 1.51000000 1.57000000
1237.50000000 1.53333333 1.51333333
1243.75000000 1.57000000 1.55000000
1250.00000000 1.53666667 1.56333333
