0 0.000442796
9 0.0325191
18 0.0575431
27 0.0803833
36 0.101866
45 0.123259
54 0.143339
63 0.162061
72 0.18061
81 0.198439
90 0.21594
99 0.233099
108 0.249956
117 0.266829
126 0.283434
135 0.299354
144 0.314023
153 0.329393
162 0.343822
171 0.358293
180 0.372753
189 0.385785
198 0.398958
207 0.412648
216 0.426125
225 0.439895
234 0.453021
243 0.465046
252 0.476598
261 0.487952
270 0.498875
279 0.509773
288 0.519862
297 0.529643
306 0.539663
315 0.549634
324 0.559555
333 0.568278
342 0.577117
351 0.58677
360 0.595701
369 0.605039
378 0.61313
387 0.620882
396 0.629593
405 0.638105
414 0.646315
423 0.654788
432 0.661687
441 0.669435
450 0.676301
459 0.68333
468 0.690409
477 0.696709
486 0.703194
495 0.7083
504 0.714207
513 0.720242
522 0.726644
531 0.732254
540 0.737475
549 0.743494
558 0.749522
567 0.754762
576 0.760351
585 0.765619
594 0.771963
603 0.776921
612 0.781667
621 0.786443
630 0.791248
639 0.796237
648 0.800737
657 0.804662
666 0.808971
675 0.81312
684 0.81712
693 0.821446
702 0.825065
711 0.828329
720 0.832447
729 0.836369
738 0.840363
747 0.843402
756 0.84694
765 0.849678
774 0.852848
783 0.855959
792 0.858781
801 0.861304
810 0.864982
819 0.868086
828 0.870869
837 0.873329
846 0.875773
855 0.878201
864 0.880144
873 0.882566
882 0.884586
891 0.886658
900 0.888912
909 0.890593
918 0.892654
927 0.894228
936 0.896213
945 0.897661
954 0.899434
963 0.900706
972 0.902369
981 0.904141
990 0.905231
999 0.906586
1008 0.907796
1017 0.909299
1026 0.910757
1035 0.912068
1044 0.913251
1053 0.914165
1062 0.915054
1071 0.916203
1080 0.917481
1089 0.918625
1098 0.919855
1107 0.920831
1116 0.921818
1125 0.922965
1134 0.92353
1143 0.924275
1152 0.92514
1161 0.925907
1170 0.926904
1179 0.927814
1188 0.928626
1197 0.929063
1206 0.929859
1215 0.930283
1224 0.931004
1233 0.931659
1242 0.932546
1251 0.933175
1260 0.933458
1269 0.933994
1278 0.934273
1287 0.934801
1296 0.935293
1305 0.935731
1314 0.936333
1323 0.936398
1332 0.937127
1341 0.937208
1350 0.937526
1359 0.937633
1368 0.938077
1377 0.937965
1386 0.938349
1395 0.938434
1404 0.93855
1413 0.938763
1422 0.939096
1431 0.939342
1440 0.939551
1449 0.939704
1458 0.939639
1467 0.939737
1476 0.939892
1485 0.940199
1494 0.940272
1503 0.940566
1512 0.940773
1521 0.94084
1530 0.941096
1539 0.941384
1548 0.941704
1557 0.941644
1566 0.941788
1575 0.941893
1584 0.942014
1593 0.942047
1602 0.942356
1611 0.94239
1620 0.942206
1629 0.942421
1638 0.94259
1647 0.942669
1656 0.942957
1665 0.942906
1674 0.943511
1683 0.943795
1692 0.943911
1701 0.943602
1710 0.94353
1719 0.943706
1728 0.943689
1737 0.943712
1746 0.943797
1755 0.94389
1764 0.9441
1773 0.944147
1782 0.944321
1791 0.944341
1800 0.944447
