0 0.000444096
9 0.0291758
18 0.0526412
27 0.0752231
36 0.0964095
45 0.118061
54 0.138581
63 0.157571
72 0.178051
81 0.198512
90 0.218093
99 0.236347
108 0.253284
117 0.272084
126 0.288559
135 0.305325
144 0.322637
153 0.33889
162 0.355275
171 0.368875
180 0.386238
189 0.401102
198 0.414754
207 0.42822
216 0.443019
225 0.456769
234 0.470287
243 0.48147
252 0.494013
261 0.504425
270 0.51605
279 0.527709
288 0.539464
297 0.548442
306 0.558598
315 0.569424
324 0.580161
333 0.589295
342 0.597599
351 0.606008
360 0.615305
369 0.624698
378 0.631157
387 0.63778
396 0.645319
405 0.651478
414 0.658938
423 0.665978
432 0.673375
441 0.678789
450 0.683634
459 0.689735
468 0.695869
477 0.700568
486 0.705616
495 0.709185
504 0.715467
513 0.719992
522 0.724001
531 0.726722
540 0.7305
549 0.734907
558 0.739032
567 0.742945
576 0.745146
585 0.746667
594 0.75163
603 0.753578
612 0.755501
621 0.759638
630 0.761978
639 0.764765
648 0.766849
657 0.769335
666 0.771869
675 0.773257
684 0.775016
693 0.776966
702 0.778404
711 0.780243
720 0.783238
729 0.78515
738 0.786747
747 0.788571
756 0.78906
765 0.790645
774 0.792594
783 0.793459
792 0.793806
801 0.795227
810 0.796828
819 0.797597
828 0.797806
837 0.798348
846 0.798619
855 0.798119
864 0.799715
873 0.799881
882 0.800792
891 0.802448
900 0.802809
909 0.803717
918 0.804109
927 0.803858
936 0.805015
945 0.806
954 0.80654
963 0.806001
972 0.805646
981 0.806609
990 0.805903
999 0.806148
1008 0.806098
1017 0.806521
1026 0.806587
1035 0.806526
1044 0.807758
1053 0.806436
1062 0.806993
1071 0.806499
1080 0.806848
1089 0.807277
1098 0.808812
1107 0.809546
1116 0.810674
1125 0.811541
1134 0.81133
1143 0.811852
1152 0.811925
1161 0.812216
1170 0.813157
1179 0.812926
1188 0.813759
1197 0.814372
1206 0.814918
1215 0.814112
1224 0.815103
1233 0.81507
1242 0.814819
1251 0.813287
1260 0.813785
1269 0.812682
1278 0.8131
1287 0.814719
1296 0.814409
1305 0.815991
1314 0.814531
1323 0.814689
1332 0.814809
1341 0.814795
1350 0.81555
1359 0.816096
1368 0.816086
1377 0.815885
1386 0.81682
1395 0.816839
1404 0.816489
1413 0.816229
1422 0.815755
1431 0.815082
1440 0.815667
1449 0.815571
1458 0.815402
1467 0.816573
1476 0.816088
1485 0.815845
1494 0.815564
1503 0.815449
1512 0.816538
1521 0.816496
1530 0.816315
1539 0.816224
1548 0.815602
1557 0.816325
1566 0.816132
1575 0.816543
1584 0.81644
1593 0.816231
1602 0.816962
1611 0.817359
1620 0.817116
1629 0.816351
1638 0.815905
1647 0.81651
1656 0.816213
1665 0.817259
1674 0.816616
1683 0.818534
1692 0.817797
1701 0.817359
1710 0.817491
1719 0.818687
1728 0.818013
1737 0.818114
1746 0.816975
1755 0.817045
1764 0.815599
1773 0.816714
1782 0.816325
1791 0.816161
1800 0.816961
