0 3.30872e-07
9 0.00207931
18 0.00613469
27 0.0116008
36 0.0183854
45 0.0261757
54 0.0345343
63 0.0430854
72 0.0511088
81 0.0590137
90 0.0665067
99 0.073517
108 0.0806247
117 0.0882594
126 0.0958518
135 0.103652
144 0.110576
153 0.117683
162 0.124177
171 0.131153
180 0.137029
189 0.143495
198 0.149035
207 0.154206
216 0.159715
225 0.164808
234 0.169878
243 0.174642
252 0.180597
261 0.186477
270 0.192055
279 0.197187
288 0.201829
297 0.207014
306 0.211159
315 0.21601
324 0.220452
333 0.225339
342 0.230046
351 0.234078
360 0.23818
369 0.241779
378 0.245562
387 0.249244
396 0.253259
405 0.257546
414 0.26206
423 0.265465
432 0.268978
441 0.27245
450 0.276558
459 0.279742
468 0.283884
477 0.287262
486 0.29055
495 0.294362
504 0.297955
513 0.301891
522 0.30482
531 0.307099
540 0.310536
549 0.313956
558 0.317499
567 0.320046
576 0.324059
585 0.327873
594 0.331294
603 0.334005
612 0.336784
621 0.340167
630 0.343332
639 0.346661
648 0.349948
657 0.352979
666 0.355926
675 0.358945
684 0.36251
693 0.366715
702 0.369884
711 0.37297
720 0.375725
729 0.378985
738 0.382382
747 0.38481
756 0.387803
765 0.390723
774 0.394073
783 0.397337
792 0.401536
801 0.404452
810 0.407414
819 0.4103
828 0.413409
837 0.416541
846 0.418982
855 0.420981
864 0.423873
873 0.425698
882 0.427942
891 0.429814
900 0.432451
909 0.4348
918 0.437435
927 0.439591
936 0.441601
945 0.443183
954 0.445214
963 0.446679
972 0.448795
981 0.450856
990 0.452459
999 0.454721
1008 0.456289
1017 0.45781
1026 0.459473
1035 0.461847
1044 0.463316
1053 0.465286
1062 0.467678
1071 0.469195
1080 0.471468
1089 0.472967
1098 0.474875
1107 0.476834
1116 0.478316
1125 0.479911
1134 0.480989
1143 0.482767
1152 0.484419
1161 0.485173
1170 0.486248
1179 0.487834
1188 0.488914
1197 0.490312
1206 0.492499
1215 0.4939
1224 0.495505
1233 0.496345
1242 0.497969
1251 0.499094
1260 0.500928
1269 0.502568
1278 0.504758
1287 0.506869
1296 0.507826
1305 0.509609
1314 0.51126
1323 0.513167
1332 0.514849
1341 0.516485
1350 0.518156
1359 0.520388
1368 0.522654
1377 0.524353
1386 0.52631
1395 0.528162
1404 0.529676
1413 0.531361
1422 0.531875
1431 0.533657
1440 0.535177
1449 0.536887
1458 0.538934
1467 0.54098
1476 0.542407
1485 0.544412
1494 0.546464
1503 0.548652
1512 0.550821
1521 0.552742
1530 0.554946
1539 0.556261
1548 0.558321
1557 0.560171
1566 0.562179
1575 0.563588
1584 0.565262
1593 0.566708
1602 0.568291
1611 0.570388
1620 0.571353
1629 0.573003
1638 0.574892
1647 0.576122
1656 0.57768
1665 0.579239
1674 0.580087
1683 0.581502
1692 0.583161
1701 0.584672
1710 0.586554
1719 0.588144
1728 0.589701
1737 0.591891
1746 0.592949
1755 0.594102
1764 0.595395
1773 0.596686
1782 0.598264
1791 0.599522
1800 0.600473
