0 0.000458984
9 0.0304562
18 0.0539197
27 0.0770072
36 0.097833
45 0.119217
54 0.139957
63 0.159905
72 0.180569
81 0.201579
90 0.220097
99 0.237715
108 0.254154
117 0.271587
126 0.288062
135 0.304687
144 0.321821
153 0.337087
162 0.353137
171 0.365983
180 0.384924
189 0.398462
198 0.410493
207 0.422697
216 0.436069
225 0.448982
234 0.462555
243 0.473307
252 0.484991
261 0.494483
270 0.506167
279 0.516747
288 0.528733
297 0.537683
306 0.548737
315 0.560865
324 0.572075
333 0.580808
342 0.588725
351 0.59568
360 0.605371
369 0.616198
378 0.622265
387 0.629085
396 0.636229
405 0.642292
414 0.649821
423 0.656848
432 0.664908
441 0.670616
450 0.676149
459 0.682315
468 0.688444
477 0.693078
486 0.698969
495 0.702651
504 0.709012
513 0.715193
522 0.719618
531 0.722543
540 0.726566
549 0.731922
558 0.736838
567 0.740506
576 0.742186
585 0.743791
594 0.748526
603 0.751167
612 0.753413
621 0.758516
630 0.76073
639 0.763792
648 0.765778
657 0.76834
666 0.770828
675 0.772194
684 0.77397
693 0.775736
702 0.776967
711 0.778632
720 0.781979
729 0.783604
738 0.784921
747 0.786728
756 0.786701
765 0.787923
774 0.789705
783 0.792387
792 0.792964
801 0.794744
810 0.795385
819 0.79584
828 0.7967
837 0.797638
846 0.798731
855 0.798682
864 0.798901
873 0.799527
882 0.800768
891 0.802658
900 0.803131
909 0.803912
918 0.804714
927 0.80458
936 0.805128
945 0.806279
954 0.807306
963 0.807581
972 0.806086
981 0.80744
990 0.807287
999 0.807038
1008 0.807534
1017 0.807329
1026 0.808625
1035 0.807986
1044 0.809223
1053 0.807474
1062 0.808891
1071 0.807902
1080 0.808577
1089 0.809664
1098 0.811187
1107 0.81247
1116 0.813117
1125 0.814522
1134 0.81342
1143 0.81495
1152 0.814948
1161 0.814386
1170 0.815846
1179 0.816032
1188 0.815692
1197 0.815998
1206 0.816637
1215 0.815815
1224 0.816924
1233 0.816925
1242 0.816168
1251 0.815499
1260 0.816273
1269 0.815872
1278 0.815819
1287 0.817658
1296 0.816825
1305 0.817719
1314 0.816892
1323 0.816996
1332 0.816897
1341 0.816706
1350 0.818111
1359 0.81795
1368 0.818192
1377 0.818101
1386 0.817941
1395 0.818823
1404 0.818451
1413 0.81831
1422 0.817615
1431 0.817188
1440 0.818337
1449 0.817395
1458 0.816685
1467 0.818447
1476 0.818839
1485 0.818606
1494 0.818968
1503 0.818238
1512 0.819004
1521 0.819172
1530 0.819229
1539 0.818497
1548 0.816857
1557 0.817357
1566 0.817238
1575 0.817482
1584 0.817456
1593 0.818382
1602 0.819011
1611 0.81907
1620 0.818919
1629 0.818234
1638 0.817504
1647 0.81838
1656 0.81805
1665 0.819158
1674 0.817933
1683 0.820005
1692 0.819565
1701 0.819038
1710 0.818785
1719 0.820056
1728 0.819893
1737 0.819492
1746 0.818667
1755 0.818472
1764 0.816696
1773 0.818371
1782 0.817597
1791 0.817702
1800 0.817387
