0 0.000431123
9 0.0325705
18 0.057742
27 0.0797644
36 0.100927
45 0.121401
54 0.14093
63 0.159439
72 0.177329
81 0.194502
90 0.211007
99 0.227371
108 0.243835
117 0.260301
126 0.27619
135 0.291509
144 0.306233
153 0.321031
162 0.335365
171 0.349426
180 0.362856
189 0.375922
198 0.389411
207 0.402504
216 0.415351
225 0.428488
234 0.440826
243 0.45301
252 0.46429
261 0.476036
270 0.486964
279 0.497583
288 0.507895
297 0.517812
306 0.527883
315 0.537975
324 0.547589
333 0.556435
342 0.565292
351 0.574569
360 0.583621
369 0.592588
378 0.60108
387 0.609278
396 0.617594
405 0.626051
414 0.634439
423 0.642541
432 0.649825
441 0.657612
450 0.664983
459 0.67242
468 0.679383
477 0.686599
486 0.693299
495 0.699057
504 0.705268
513 0.711455
522 0.7177
531 0.723286
540 0.72902
549 0.735018
558 0.741168
567 0.746675
576 0.752192
585 0.757467
594 0.762938
603 0.768071
612 0.772667
621 0.777178
630 0.781723
639 0.786454
648 0.790874
657 0.794904
666 0.79893
675 0.803134
684 0.806978
693 0.811457
702 0.81535
711 0.818686
720 0.822073
729 0.826059
738 0.829859
747 0.83329
756 0.836596
765 0.839682
774 0.842969
783 0.845952
792 0.848772
801 0.851687
810 0.854871
819 0.858043
828 0.860819
837 0.863206
846 0.865986
855 0.868358
864 0.870518
873 0.872789
882 0.875012
891 0.877013
900 0.879572
909 0.881636
918 0.883773
927 0.885777
936 0.887788
945 0.889342
954 0.891192
963 0.892837
972 0.894653
981 0.896401
990 0.897917
999 0.899501
1008 0.900928
1017 0.902425
1026 0.903899
1035 0.905208
1044 0.906542
1053 0.907639
1062 0.908987
1071 0.910176
1080 0.911363
1089 0.912606
1098 0.91373
1107 0.914773
1116 0.916229
1125 0.9171
1134 0.918082
1143 0.919341
1152 0.920461
1161 0.921435
1170 0.92241
1179 0.923245
1188 0.924142
1197 0.92472
1206 0.925696
1215 0.926321
1224 0.92694
1233 0.927576
1242 0.928516
1251 0.929333
1260 0.929764
1269 0.930248
1278 0.930794
1287 0.931354
1296 0.931946
1305 0.932458
1314 0.933328
1323 0.933758
1332 0.934425
1341 0.934749
1350 0.935152
1359 0.935464
1368 0.936237
1377 0.936476
1386 0.936866
1395 0.937069
1404 0.937227
1413 0.937532
1422 0.93806
1431 0.938313
1440 0.938485
1449 0.938661
1458 0.938804
1467 0.939218
1476 0.93943
1485 0.939452
1494 0.939813
1503 0.940308
1512 0.940653
1521 0.940734
1530 0.941029
1539 0.941329
1548 0.941492
1557 0.941614
1566 0.941724
1575 0.941963
1584 0.942144
1593 0.942238
1602 0.942523
1611 0.942702
1620 0.942591
1629 0.943025
1638 0.94309
1647 0.943256
1656 0.9434
1665 0.943467
1674 0.943659
1683 0.943932
1692 0.943981
1701 0.943841
1710 0.944011
1719 0.944295
1728 0.944594
1737 0.944723
1746 0.94484
1755 0.944843
1764 0.945085
1773 0.945227
1782 0.945224
1791 0.945136
1800 0.945327
