0 4.21224e-07
9 0.00211594
18 0.00643008
27 0.0123709
36 0.0195707
45 0.0279526
54 0.0373422
63 0.0473339
72 0.0581511
81 0.0696685
90 0.0812502
99 0.0932446
108 0.105634
117 0.118734
126 0.131717
135 0.144729
144 0.157146
153 0.17041
162 0.184013
171 0.197792
180 0.211332
189 0.224751
198 0.238127
207 0.251127
216 0.264828
225 0.278911
234 0.29234
243 0.304923
252 0.316926
261 0.329546
270 0.341205
279 0.352707
288 0.364509
297 0.375589
306 0.387313
315 0.398527
324 0.409691
333 0.41981
342 0.430209
351 0.441112
360 0.451276
369 0.462006
378 0.471876
387 0.481624
396 0.49175
405 0.501795
414 0.511735
423 0.521946
432 0.530524
441 0.539928
450 0.548448
459 0.557503
468 0.566527
477 0.574808
486 0.582835
495 0.589575
504 0.596781
513 0.604343
522 0.61199
531 0.618567
540 0.625202
549 0.632274
558 0.639563
567 0.646092
576 0.653118
585 0.659484
594 0.667132
603 0.673562
612 0.679489
621 0.685534
630 0.691635
639 0.698081
648 0.703848
657 0.709185
666 0.715001
675 0.720491
684 0.725584
693 0.731429
702 0.736598
711 0.74133
720 0.74646
729 0.751667
738 0.756717
747 0.760755
756 0.765216
765 0.768757
774 0.772733
783 0.776495
792 0.780286
801 0.783755
810 0.788137
819 0.792175
828 0.795793
837 0.799107
846 0.802299
855 0.805305
864 0.807908
873 0.810881
882 0.813535
891 0.816043
900 0.818934
909 0.821442
918 0.824159
927 0.826349
936 0.828858
945 0.83083
954 0.832822
963 0.83458
972 0.836711
981 0.838816
990 0.840359
999 0.842593
1008 0.843992
1017 0.845839
1026 0.847762
1035 0.849504
1044 0.851169
1053 0.852453
1062 0.853595
1071 0.854971
1080 0.856339
1089 0.858083
1098 0.859764
1107 0.86128
1116 0.863048
1125 0.864544
1134 0.865447
1143 0.867005
1152 0.86844
1161 0.869782
1170 0.87135
1179 0.87269
1188 0.873879
1197 0.874733
1206 0.876206
1215 0.877063
1224 0.878234
1233 0.879166
1242 0.880732
1251 0.881977
1260 0.882533
1269 0.883057
1278 0.883454
1287 0.88433
1296 0.884935
1305 0.885804
1314 0.887072
1323 0.887326
1332 0.888396
1341 0.888585
1350 0.889186
1359 0.889302
1368 0.890351
1377 0.890362
1386 0.891026
1395 0.891266
1404 0.891382
1413 0.891468
1422 0.89218
1431 0.892425
1440 0.892725
1449 0.892955
1458 0.892836
1467 0.893138
1476 0.893583
1485 0.893541
1494 0.893766
1503 0.894598
1512 0.894853
1521 0.895131
1530 0.895448
1539 0.896003
1548 0.896277
1557 0.896375
1566 0.896433
1575 0.896969
1584 0.897116
1593 0.896971
1602 0.897479
1611 0.897551
1620 0.897066
1629 0.897858
1638 0.8979
1647 0.898095
1656 0.898468
1665 0.898545
1674 0.898971
1683 0.89923
1692 0.899149
1701 0.898881
1710 0.899038
1719 0.899422
1728 0.899719
1737 0.899881
1746 0.900084
1755 0.900248
1764 0.90065
1773 0.900677
1782 0.900766
1791 0.900817
1800 0.90081
