0 0.000435383
9 0.0324197
18 0.0576734
27 0.0807684
36 0.102413
45 0.123691
54 0.144227
63 0.163199
72 0.181974
81 0.19984
90 0.217908
99 0.235439
108 0.25251
117 0.269862
126 0.286668
135 0.302802
144 0.317847
153 0.333628
162 0.347856
171 0.362618
180 0.37707
189 0.39064
198 0.403913
207 0.417563
216 0.431114
225 0.444747
234 0.457797
243 0.469672
252 0.480989
261 0.491646
270 0.502391
279 0.513179
288 0.522793
297 0.532628
306 0.542574
315 0.552442
324 0.562341
333 0.571173
342 0.580206
351 0.590139
360 0.59905
369 0.608744
378 0.617026
387 0.624997
396 0.633982
405 0.642716
414 0.650838
423 0.659144
432 0.665871
441 0.673448
450 0.680333
459 0.687619
468 0.694373
477 0.700145
486 0.706756
495 0.71159
504 0.717408
513 0.723133
522 0.729412
531 0.734792
540 0.739747
549 0.745427
558 0.751424
567 0.756824
576 0.761987
585 0.766893
594 0.773382
603 0.778258
612 0.783041
621 0.787481
630 0.792464
639 0.797847
648 0.80239
657 0.806305
666 0.810908
675 0.81514
684 0.819465
693 0.823866
702 0.827481
711 0.831154
720 0.835437
729 0.839378
738 0.843514
747 0.846759
756 0.85015
765 0.852984
774 0.856304
783 0.859618
792 0.862681
801 0.865362
810 0.869287
819 0.872583
828 0.875624
837 0.877797
846 0.880457
855 0.882831
864 0.884993
873 0.887375
882 0.889239
891 0.891342
900 0.893526
909 0.895206
918 0.897293
927 0.899011
936 0.901302
945 0.902593
954 0.90471
963 0.906131
972 0.907618
981 0.909501
990 0.910743
999 0.912162
1008 0.913333
1017 0.914806
1026 0.916167
1035 0.917446
1044 0.918438
1053 0.919071
1062 0.919988
1071 0.921005
1080 0.92207
1089 0.923009
1098 0.923833
1107 0.924569
1116 0.925465
1125 0.926602
1134 0.927115
1143 0.927604
1152 0.928506
1161 0.929013
1170 0.929819
1179 0.930312
1188 0.930888
1197 0.931269
1206 0.93212
1215 0.93245
1224 0.933477
1233 0.934294
1242 0.935281
1251 0.93593
1260 0.936307
1269 0.93673
1278 0.937094
1287 0.93748
1296 0.938103
1305 0.938488
1314 0.939132
1323 0.939053
1332 0.939538
1341 0.939707
1350 0.940168
1359 0.940309
1368 0.940713
1377 0.940638
1386 0.941002
1395 0.94101
1404 0.940864
1413 0.940968
1422 0.94115
1431 0.941532
1440 0.941592
1449 0.941712
1458 0.941628
1467 0.941806
1476 0.941975
1485 0.942189
1494 0.942359
1503 0.942723
1512 0.942892
1521 0.942946
1530 0.94333
1539 0.943584
1548 0.943761
1557 0.94379
1566 0.943965
1575 0.943974
1584 0.944021
1593 0.943961
1602 0.944248
1611 0.94433
1620 0.944289
1629 0.944289
1638 0.944345
1647 0.944509
1656 0.944639
1665 0.944679
1674 0.945038
1683 0.945063
1692 0.945341
1701 0.944872
1710 0.944964
1719 0.945021
1728 0.944989
1737 0.945069
1746 0.944895
1755 0.944894
1764 0.945148
1773 0.945265
1782 0.945612
1791 0.945646
1800 0.945735
