0 3.95242e-07
9 0.00196073
18 0.00613633
27 0.0120584
36 0.0192138
45 0.0276122
54 0.0368685
63 0.0468826
72 0.0579642
81 0.0694577
90 0.0816186
99 0.0941449
108 0.106997
117 0.120303
126 0.134174
135 0.147684
144 0.160679
153 0.174844
162 0.188206
171 0.202053
180 0.215974
189 0.229946
198 0.243427
207 0.256918
216 0.270916
225 0.285674
234 0.299845
243 0.31258
252 0.325125
261 0.33667
270 0.348443
279 0.360282
288 0.371207
297 0.382278
306 0.393502
315 0.40444
324 0.415635
333 0.426183
342 0.437144
351 0.448558
360 0.45894
369 0.470278
378 0.48037
387 0.490172
396 0.500944
405 0.511415
414 0.521064
423 0.53145
432 0.540147
441 0.549421
450 0.5575
459 0.566768
468 0.575201
477 0.582232
486 0.590554
495 0.596365
504 0.603847
513 0.610715
522 0.618365
531 0.624771
540 0.630726
549 0.637417
558 0.644662
567 0.651358
576 0.657745
585 0.663804
594 0.672014
603 0.678273
612 0.68421
621 0.689687
630 0.695974
639 0.702931
648 0.708782
657 0.713987
666 0.720113
675 0.725569
684 0.731366
693 0.737312
702 0.742324
711 0.747295
720 0.753246
729 0.758424
738 0.763899
747 0.768423
756 0.772985
765 0.776834
774 0.781018
783 0.785418
792 0.789529
801 0.792947
810 0.798355
819 0.802831
828 0.807191
837 0.810044
846 0.813891
855 0.817395
864 0.82042
873 0.823863
882 0.826303
891 0.829014
900 0.832005
909 0.834298
918 0.83721
927 0.839316
936 0.842525
945 0.844274
954 0.847299
963 0.849091
972 0.851188
981 0.853877
990 0.855655
999 0.857734
1008 0.85923
1017 0.861228
1026 0.863078
1035 0.864968
1044 0.866311
1053 0.867032
1062 0.868287
1071 0.869651
1080 0.871078
1089 0.872404
1098 0.873605
1107 0.874695
1116 0.875894
1125 0.877607
1134 0.878162
1143 0.878833
1152 0.880088
1161 0.880701
1170 0.881822
1179 0.882416
1188 0.883187
1197 0.883617
1206 0.884775
1215 0.885102
1224 0.886597
1233 0.887845
1242 0.889357
1251 0.890405
1260 0.891016
1269 0.89161
1278 0.892023
1287 0.892678
1296 0.893718
1305 0.894329
1314 0.895389
1323 0.894941
1332 0.895686
1341 0.895852
1350 0.896491
1359 0.896591
1368 0.897257
1377 0.897109
1386 0.897572
1395 0.897448
1404 0.897081
1413 0.897277
1422 0.897453
1431 0.898009
1440 0.897966
1449 0.898166
1458 0.897923
1467 0.898244
1476 0.898424
1485 0.898646
1494 0.898904
1503 0.899526
1512 0.89974
1521 0.899729
1530 0.900299
1539 0.900655
1548 0.900864
1557 0.900914
1566 0.901169
1575 0.901163
1584 0.901245
1593 0.901109
1602 0.901523
1611 0.901595
1620 0.901449
1629 0.90142
1638 0.901471
1647 0.901672
1656 0.901927
1665 0.902014
1674 0.902593
1683 0.902582
1692 0.903069
1701 0.902274
1710 0.902431
1719 0.902463
1728 0.902372
1737 0.902464
1746 0.902044
1755 0.902038
1764 0.902426
1773 0.902565
1782 0.9031
1791 0.903091
1800 0.903205
