0 4.15959e-07
9 0.00194576
18 0.00600138
27 0.0117066
36 0.0182841
45 0.026451
54 0.0360404
63 0.0466668
72 0.0585762
81 0.0723919
90 0.0844517
99 0.0971147
108 0.108906
117 0.121628
126 0.134274
135 0.147223
144 0.161613
153 0.174419
162 0.188544
171 0.198979
180 0.21525
189 0.228116
198 0.239157
207 0.250571
216 0.263613
225 0.276595
234 0.290188
243 0.300332
252 0.312084
261 0.321709
270 0.333289
279 0.343433
288 0.356254
297 0.36519
306 0.376881
315 0.389228
324 0.401237
333 0.4101
342 0.419114
351 0.426289
360 0.437408
369 0.448708
378 0.455712
387 0.462926
396 0.470265
405 0.476725
414 0.484761
423 0.492744
432 0.502506
441 0.509152
450 0.515569
459 0.522423
468 0.529756
477 0.534817
486 0.540536
495 0.544299
504 0.551878
513 0.559396
522 0.564763
531 0.566809
540 0.571525
549 0.577958
558 0.58339
567 0.587973
576 0.590299
585 0.591268
594 0.597546
603 0.600627
612 0.602765
621 0.60912
630 0.611601
639 0.615231
648 0.617624
657 0.620801
666 0.623728
675 0.625037
684 0.626816
693 0.62877
702 0.630097
711 0.632003
720 0.63638
729 0.638328
738 0.639949
747 0.641981
756 0.641479
765 0.643055
774 0.645572
783 0.64886
792 0.649434
801 0.65187
810 0.652253
819 0.65242
828 0.653247
837 0.654343
846 0.655879
855 0.655483
864 0.655796
873 0.656415
882 0.657932
891 0.660705
900 0.661156
909 0.662247
918 0.663537
927 0.663039
936 0.663644
945 0.664779
954 0.666265
963 0.666273
972 0.663372
981 0.665106
990 0.664431
999 0.663963
1008 0.664753
1017 0.66424
1026 0.666293
1035 0.665039
1044 0.666896
1053 0.663816
1062 0.665997
1071 0.664214
1080 0.665021
1089 0.666933
1098 0.669185
1107 0.670928
1116 0.671773
1125 0.673829
1134 0.671947
1143 0.674412
1152 0.674216
1161 0.673158
1170 0.675545
1179 0.675931
1188 0.675248
1197 0.675764
1206 0.676625
1215 0.675346
1224 0.676931
1233 0.676951
1242 0.67549
1251 0.674409
1260 0.675461
1269 0.674712
1278 0.674587
1287 0.677361
1296 0.675943
1305 0.677342
1314 0.675866
1323 0.675815
1332 0.67557
1341 0.675253
1350 0.677489
1359 0.67728
1368 0.677614
1377 0.677468
1386 0.677028
1395 0.678435
1404 0.677625
1413 0.677386
1422 0.676413
1431 0.675929
1440 0.67788
1449 0.67641
1458 0.675137
1467 0.677946
1476 0.678666
1485 0.678319
1494 0.678992
1503 0.677748
1512 0.678901
1521 0.679182
1530 0.679328
1539 0.677956
1548 0.675309
1557 0.675982
1566 0.675735
1575 0.676079
1584 0.675935
1593 0.677471
1602 0.678421
1611 0.678336
1620 0.677964
1629 0.676914
1638 0.675601
1647 0.676912
1656 0.67633
1665 0.678137
1674 0.676063
1683 0.679469
1692 0.678802
1701 0.677901
1710 0.677532
1719 0.679631
1728 0.679413
1737 0.678653
1746 0.677277
1755 0.676918
1764 0.674086
1773 0.676845
1782 0.675637
1791 0.675805
1800 0.675294
