0 0.000424188
9 0.0330637
18 0.0578073
27 0.0799956
36 0.100565
45 0.120162
54 0.137857
63 0.154553
72 0.169323
81 0.182882
90 0.194968
99 0.206022
108 0.216062
117 0.226894
126 0.236979
135 0.246892
144 0.255574
153 0.264568
162 0.272437
171 0.280559
180 0.287008
189 0.294265
198 0.300723
207 0.30659
216 0.312738
225 0.318321
234 0.324007
243 0.329195
252 0.335523
261 0.341601
270 0.346735
279 0.352013
288 0.356592
297 0.361854
306 0.365824
315 0.370654
324 0.375014
333 0.37995
342 0.384412
351 0.388348
360 0.392301
369 0.395558
378 0.399253
387 0.402857
396 0.406209
405 0.409668
414 0.413398
423 0.416426
432 0.419129
441 0.4221
450 0.425567
459 0.428261
468 0.431998
477 0.435025
486 0.437984
495 0.441394
504 0.444581
513 0.448258
522 0.450927
531 0.452791
540 0.456023
549 0.458839
558 0.461948
567 0.464097
576 0.467439
585 0.47039
594 0.47322
603 0.475121
612 0.477737
621 0.480498
630 0.482638
639 0.485175
648 0.487893
657 0.490344
666 0.492447
675 0.494761
684 0.497751
693 0.501107
702 0.503649
711 0.505943
720 0.507948
729 0.510626
738 0.513187
747 0.515087
756 0.517336
765 0.5195
774 0.522337
783 0.524876
792 0.528003
801 0.530296
810 0.532568
819 0.534439
828 0.536673
837 0.539042
846 0.54109
855 0.542689
864 0.545105
873 0.54675
882 0.548372
891 0.549606
900 0.551788
909 0.553578
918 0.555576
927 0.557197
936 0.558448
945 0.55978
954 0.56144
963 0.56257
972 0.564464
981 0.566293
990 0.56752
999 0.569368
1008 0.570433
1017 0.571352
1026 0.572951
1035 0.575133
1044 0.576509
1053 0.577959
1062 0.57987
1071 0.581223
1080 0.58301
1089 0.58405
1098 0.585662
1107 0.587196
1116 0.588395
1125 0.589989
1134 0.590888
1143 0.592628
1152 0.59404
1161 0.594611
1170 0.595607
1179 0.597035
1188 0.597973
1197 0.599133
1206 0.601114
1215 0.602351
1224 0.603834
1233 0.604656
1242 0.605991
1251 0.606798
1260 0.608574
1269 0.609878
1278 0.611653
1287 0.61354
1296 0.614403
1305 0.615974
1314 0.617279
1323 0.618928
1332 0.620051
1341 0.621263
1350 0.622526
1359 0.624662
1368 0.626544
1377 0.627817
1386 0.629366
1395 0.630892
1404 0.632216
1413 0.633721
1422 0.634256
1431 0.635739
1440 0.637089
1449 0.638465
1458 0.640084
1467 0.641568
1476 0.642689
1485 0.643977
1494 0.645468
1503 0.647129
1512 0.648742
1521 0.650161
1530 0.652006
1539 0.652824
1548 0.654501
1557 0.655945
1566 0.657734
1575 0.659031
1584 0.660303
1593 0.66144
1602 0.662738
1611 0.664301
1620 0.664974
1629 0.666673
1638 0.668236
1647 0.669326
1656 0.670583
1665 0.67188
1674 0.672573
1683 0.673782
1692 0.675092
1701 0.676142
1710 0.677428
1719 0.678583
1728 0.679579
1737 0.681286
1746 0.681982
1755 0.682804
1764 0.683777
1773 0.684665
1782 0.685964
1791 0.686914
1800 0.687568
