0 0.000438966
9 0.0329836
18 0.0582659
27 0.0807755
36 0.102055
45 0.122887
54 0.14295
63 0.161987
72 0.180342
81 0.198021
90 0.21502
99 0.231636
108 0.248384
117 0.265524
126 0.281879
135 0.297749
144 0.312771
153 0.328004
162 0.342609
171 0.356992
180 0.370995
189 0.384684
198 0.398277
207 0.411328
216 0.42453
225 0.437754
234 0.450296
243 0.462144
252 0.472957
261 0.48464
270 0.495286
279 0.505771
288 0.51603
297 0.52588
306 0.536253
315 0.546229
324 0.555815
333 0.564345
342 0.573339
351 0.582537
360 0.591402
369 0.600377
378 0.608624
387 0.616469
396 0.624583
405 0.632927
414 0.641221
423 0.64939
432 0.656284
441 0.664136
450 0.671232
459 0.678389
468 0.685265
477 0.692046
486 0.698309
495 0.703893
504 0.709671
513 0.715906
522 0.721982
531 0.727384
540 0.732897
549 0.738862
558 0.744724
567 0.749929
576 0.755546
585 0.760607
594 0.766251
603 0.771267
612 0.775954
621 0.780762
630 0.785353
639 0.79026
648 0.794493
657 0.798532
666 0.802726
675 0.807017
684 0.810882
693 0.815254
702 0.819163
711 0.822476
720 0.826031
729 0.829988
738 0.833732
747 0.836965
756 0.840325
765 0.843209
774 0.84648
783 0.84958
792 0.852394
801 0.855177
810 0.858243
819 0.861156
828 0.863816
837 0.866268
846 0.868724
855 0.871136
864 0.873262
873 0.875635
882 0.877719
891 0.879815
900 0.88204
909 0.884138
918 0.886412
927 0.888151
936 0.890095
945 0.891494
954 0.893069
963 0.89454
972 0.896169
981 0.897726
990 0.899084
999 0.900535
1008 0.901762
1017 0.903255
1026 0.904769
1035 0.906044
1044 0.907341
1053 0.90842
1062 0.909587
1071 0.91086
1080 0.912072
1089 0.913279
1098 0.914456
1107 0.915593
1116 0.917
1125 0.917831
1134 0.918699
1143 0.919864
1152 0.920935
1161 0.921928
1170 0.922862
1179 0.923753
1188 0.924591
1197 0.925233
1206 0.926334
1215 0.926849
1224 0.927618
1233 0.928207
1242 0.929193
1251 0.930016
1260 0.930433
1269 0.930866
1278 0.931339
1287 0.931799
1296 0.932349
1305 0.932851
1314 0.933644
1323 0.933987
1332 0.934724
1341 0.934969
1350 0.935324
1359 0.935551
1368 0.936327
1377 0.936455
1386 0.936827
1395 0.936945
1404 0.937059
1413 0.937219
1422 0.937748
1431 0.937956
1440 0.938135
1449 0.938334
1458 0.93833
1467 0.938599
1476 0.938856
1485 0.93882
1494 0.938887
1503 0.939391
1512 0.939684
1521 0.939808
1530 0.940028
1539 0.940336
1548 0.940598
1557 0.940666
1566 0.940815
1575 0.941007
1584 0.941187
1593 0.941279
1602 0.941623
1611 0.94172
1620 0.941567
1629 0.942007
1638 0.94201
1647 0.942174
1656 0.942361
1665 0.942365
1674 0.942614
1683 0.942908
1692 0.942921
1701 0.942805
1710 0.942932
1719 0.943137
1728 0.943322
1737 0.943441
1746 0.943594
1755 0.943715
1764 0.943883
1773 0.944047
1782 0.94411
1791 0.944192
1800 0.944272
