0 4.09276e-07
9 0.00212061
18 0.00646986
27 0.0123887
36 0.0194715
45 0.0278473
54 0.0372236
63 0.0471994
72 0.0579663
81 0.0695294
90 0.0810861
99 0.0930555
108 0.105562
117 0.118698
126 0.13189
135 0.145329
144 0.158137
153 0.171448
162 0.185099
171 0.198756
180 0.212111
189 0.225849
198 0.239431
207 0.252647
216 0.266308
225 0.280158
234 0.293581
243 0.306142
252 0.318165
261 0.330745
270 0.342577
279 0.354292
288 0.366113
297 0.377375
306 0.389366
315 0.400726
324 0.411722
333 0.421848
342 0.432295
351 0.442923
360 0.452847
369 0.463222
378 0.47287
387 0.482453
396 0.492282
405 0.502209
414 0.512059
423 0.522006
432 0.530757
441 0.540253
450 0.548754
459 0.557711
468 0.566268
477 0.574685
486 0.58253
495 0.589213
504 0.596592
513 0.604215
522 0.611601
531 0.618091
540 0.624792
549 0.63172
558 0.638984
567 0.645503
576 0.652452
585 0.658843
594 0.666053
603 0.672405
612 0.678368
621 0.684455
630 0.690327
639 0.696602
648 0.702135
657 0.707329
666 0.713046
675 0.718667
684 0.723497
693 0.729318
702 0.734407
711 0.738987
720 0.74363
729 0.748901
738 0.75381
747 0.758091
756 0.762608
765 0.766536
774 0.77079
783 0.774883
792 0.778717
801 0.782354
810 0.786755
819 0.790681
828 0.794442
837 0.797664
846 0.801011
855 0.804197
864 0.807159
873 0.810399
882 0.813076
891 0.815782
900 0.818716
909 0.821509
918 0.824533
927 0.826829
936 0.829445
945 0.831453
954 0.833679
963 0.835496
972 0.837674
981 0.839722
990 0.841461
999 0.843478
1008 0.844922
1017 0.846872
1026 0.848795
1035 0.850534
1044 0.852218
1053 0.853531
1062 0.855067
1071 0.856748
1080 0.858197
1089 0.859947
1098 0.861538
1107 0.863074
1116 0.86501
1125 0.866156
1134 0.867286
1143 0.868847
1152 0.870251
1161 0.871666
1170 0.873061
1179 0.8743
1188 0.875457
1197 0.876275
1206 0.877951
1215 0.878551
1224 0.879612
1233 0.880349
1242 0.881852
1251 0.883165
1260 0.88371
1269 0.884215
1278 0.884851
1287 0.885547
1296 0.886201
1305 0.886922
1314 0.888107
1323 0.8885
1332 0.889621
1341 0.889841
1350 0.890291
1359 0.890548
1368 0.891784
1377 0.891801
1386 0.892289
1395 0.892386
1404 0.892496
1413 0.892646
1422 0.893495
1431 0.893664
1440 0.89386
1449 0.894085
1458 0.894007
1467 0.894388
1476 0.894673
1485 0.89446
1494 0.894534
1503 0.895341
1512 0.895696
1521 0.895771
1530 0.896087
1539 0.896551
1548 0.896896
1557 0.896953
1566 0.897062
1575 0.897425
1584 0.897626
1593 0.897751
1602 0.898254
1611 0.898286
1620 0.89782
1629 0.898545
1638 0.898452
1647 0.898638
1656 0.899003
1665 0.898934
1674 0.899282
1683 0.899683
1692 0.899578
1701 0.89936
1710 0.899533
1719 0.899827
1728 0.900137
1737 0.900302
1746 0.900485
1755 0.900668
1764 0.900915
1773 0.901117
1782 0.901125
1791 0.901234
1800 0.901304
