0 4.22729e-07
9 0.00170281
18 0.00587679
27 0.0116791
36 0.0179198
45 0.0257417
54 0.0353267
63 0.0455369
72 0.0560861
81 0.0692225
90 0.0803474
99 0.093133
108 0.105026
117 0.117296
126 0.130475
135 0.144588
144 0.159407
153 0.171809
162 0.186274
171 0.195801
180 0.212003
189 0.224467
198 0.235758
207 0.246042
216 0.260391
225 0.273113
234 0.285131
243 0.296186
252 0.306536
261 0.317316
270 0.327286
279 0.336324
288 0.349421
297 0.356985
306 0.368396
315 0.380451
324 0.391722
333 0.401518
342 0.408598
351 0.416611
360 0.429177
369 0.438948
378 0.446832
387 0.457243
396 0.464785
405 0.470032
414 0.479858
423 0.491127
432 0.502307
441 0.50932
450 0.51497
459 0.52143
468 0.526829
477 0.531864
486 0.537037
495 0.539199
504 0.547202
513 0.555965
522 0.560639
531 0.563487
540 0.568168
549 0.574336
558 0.576626
567 0.581247
576 0.583755
585 0.583671
594 0.588483
603 0.593008
612 0.59561
621 0.602106
630 0.602565
639 0.606569
648 0.610084
657 0.617676
666 0.621268
675 0.623916
684 0.624739
693 0.627778
702 0.630432
711 0.630547
720 0.633487
729 0.63727
738 0.640236
747 0.640478
756 0.639714
765 0.639768
774 0.641599
783 0.645779
792 0.647831
801 0.649038
810 0.651251
819 0.652758
828 0.652003
837 0.652684
846 0.652195
855 0.652061
864 0.653449
873 0.655299
882 0.656167
891 0.657652
900 0.658565
909 0.659289
918 0.660161
927 0.658811
936 0.659501
945 0.66239
954 0.663627
963 0.660917
972 0.66104
981 0.66095
990 0.657197
999 0.657853
1008 0.661689
1017 0.662513
1026 0.663619
1035 0.662786
1044 0.665209
1053 0.658936
1062 0.662352
1071 0.660626
1080 0.661662
1089 0.663122
1098 0.663213
1107 0.665268
1116 0.663588
1125 0.66973
1134 0.669775
1143 0.673957
1152 0.671288
1161 0.670727
1170 0.671063
1179 0.672534
1188 0.668816
1197 0.670199
1206 0.670652
1215 0.671044
1224 0.671667
1233 0.671852
1242 0.671847
1251 0.669815
1260 0.67222
1269 0.669465
1278 0.670743
1287 0.675062
1296 0.673753
1305 0.674424
1314 0.671832
1323 0.672238
1332 0.671185
1341 0.67133
1350 0.67493
1359 0.675826
1368 0.676576
1377 0.674774
1386 0.67369
1395 0.678294
1404 0.675231
1413 0.674658
1422 0.67492
1431 0.670571
1440 0.673165
1449 0.674917
1458 0.673525
1467 0.677289
1476 0.678584
1485 0.676212
1494 0.677751
1503 0.676131
1512 0.677988
1521 0.678921
1530 0.679376
1539 0.67707
1548 0.674102
1557 0.672948
1566 0.67288
1575 0.672141
1584 0.674173
1593 0.675438
1602 0.676098
1611 0.677965
1620 0.676834
1629 0.678118
1638 0.676323
1647 0.678272
1656 0.678218
1665 0.679191
1674 0.676622
1683 0.679956
1692 0.679639
1701 0.677286
1710 0.678278
1719 0.67812
1728 0.679988
1737 0.678664
1746 0.677599
1755 0.675959
1764 0.670888
1773 0.674859
1782 0.671145
1791 0.672691
1800 0.67404
