0 4.06868e-07
9 0.00206641
18 0.00638692
27 0.0124986
36 0.0199406
45 0.0283435
54 0.0379299
63 0.0483341
72 0.0599613
81 0.0717184
90 0.0840401
99 0.0971725
108 0.110557
117 0.124235
126 0.138184
135 0.152086
144 0.165048
153 0.17897
162 0.192136
171 0.205596
180 0.219219
189 0.232714
198 0.245393
207 0.258018
216 0.271307
225 0.28563
234 0.298693
243 0.31111
252 0.323643
261 0.334859
270 0.346356
279 0.357537
288 0.368628
297 0.379413
306 0.39033
315 0.401259
324 0.412147
333 0.422625
342 0.433404
351 0.444629
360 0.455367
369 0.466721
378 0.477355
387 0.487732
396 0.498938
405 0.509702
414 0.518767
423 0.529175
432 0.537766
441 0.54688
450 0.554919
459 0.56426
468 0.572932
477 0.579763
486 0.588565
495 0.594247
504 0.60143
513 0.608654
522 0.616188
531 0.623083
540 0.629302
549 0.635858
558 0.643237
567 0.649897
576 0.655851
585 0.662133
594 0.668528
603 0.674319
612 0.680386
621 0.68604
630 0.692187
639 0.699395
648 0.705273
657 0.710863
666 0.717141
675 0.722544
684 0.728491
693 0.734389
702 0.739329
711 0.744235
720 0.750147
729 0.755696
738 0.761177
747 0.765866
756 0.770648
765 0.774834
774 0.77902
783 0.783181
792 0.787415
801 0.790624
810 0.796023
819 0.800567
828 0.805314
837 0.808416
846 0.812432
855 0.81624
864 0.819474
873 0.823075
882 0.825597
891 0.82887
900 0.832042
909 0.834585
918 0.837026
927 0.83879
936 0.842161
945 0.843837
954 0.847253
963 0.848991
972 0.851091
981 0.853975
990 0.855797
999 0.857853
1008 0.859787
1017 0.861869
1026 0.864104
1035 0.865911
1044 0.867097
1053 0.867747
1062 0.869093
1071 0.870531
1080 0.87211
1089 0.873451
1098 0.8747
1107 0.875612
1116 0.876839
1125 0.878806
1134 0.879449
1143 0.88002
1152 0.881456
1161 0.882013
1170 0.8832
1179 0.884012
1188 0.884555
1197 0.884684
1206 0.885786
1215 0.886247
1224 0.887725
1233 0.889071
1242 0.890686
1251 0.891597
1260 0.892252
1269 0.892951
1278 0.893136
1287 0.894122
1296 0.895061
1305 0.895476
1314 0.897007
1323 0.896512
1332 0.896752
1341 0.896797
1350 0.897428
1359 0.897804
1368 0.898231
1377 0.897959
1386 0.898753
1395 0.898708
1404 0.898308
1413 0.898274
1422 0.89855
1431 0.89911
1440 0.899023
1449 0.89918
1458 0.898769
1467 0.899039
1476 0.898901
1485 0.899453
1494 0.899426
1503 0.900256
1512 0.90032
1521 0.900464
1530 0.901184
1539 0.901497
1548 0.901297
1557 0.901215
1566 0.901454
1575 0.901251
1584 0.901461
1593 0.901426
1602 0.901671
1611 0.901655
1620 0.901658
1629 0.90163
1638 0.901622
1647 0.902307
1656 0.902231
1665 0.902118
1674 0.902874
1683 0.902354
1692 0.902803
1701 0.902168
1710 0.90235
1719 0.902327
1728 0.902189
1737 0.902171
1746 0.901751
1755 0.901718
1764 0.902047
1773 0.901927
1782 0.902463
1791 0.902782
1800 0.902801
