0 3.89616e-07
9 0.00205893
18 0.00639433
27 0.0121597
36 0.0192033
45 0.0273807
54 0.0364298
63 0.0459726
72 0.056273
81 0.0672681
90 0.0783533
99 0.0899396
108 0.102091
117 0.114709
126 0.127378
135 0.140087
144 0.152533
153 0.165334
162 0.178622
171 0.191847
180 0.204617
189 0.217459
198 0.230789
207 0.243881
216 0.257067
225 0.27064
234 0.283793
243 0.296481
252 0.308776
261 0.321213
270 0.333181
279 0.344755
288 0.356383
297 0.367465
306 0.378967
315 0.390212
324 0.401209
333 0.411586
342 0.421775
351 0.432497
360 0.442827
369 0.453369
378 0.463318
387 0.473221
396 0.483262
405 0.493281
414 0.503332
423 0.513277
432 0.522437
441 0.531841
450 0.540767
459 0.549965
468 0.558651
477 0.567521
486 0.575815
495 0.582967
504 0.59091
513 0.598444
522 0.606092
531 0.612791
540 0.619779
549 0.626804
558 0.634391
567 0.641325
576 0.648219
585 0.654874
594 0.66199
603 0.668558
612 0.674456
621 0.680179
630 0.685997
639 0.691999
648 0.6978
657 0.702783
666 0.708229
675 0.713599
684 0.718434
693 0.72426
702 0.729299
711 0.733826
720 0.738244
729 0.743565
738 0.748514
747 0.753036
756 0.757446
765 0.761618
774 0.765898
783 0.769878
792 0.77371
801 0.777436
810 0.781836
819 0.786139
828 0.790089
837 0.793141
846 0.796907
855 0.800081
864 0.803044
873 0.8061
882 0.808889
891 0.811467
900 0.814912
909 0.817604
918 0.820384
927 0.823071
936 0.825759
945 0.827927
954 0.830605
963 0.832732
972 0.835196
981 0.837488
990 0.839553
999 0.84174
1008 0.843512
1017 0.845504
1026 0.84739
1035 0.849195
1044 0.850956
1053 0.852276
1062 0.854097
1071 0.855649
1080 0.85711
1089 0.858851
1098 0.860306
1107 0.861694
1116 0.863679
1125 0.864868
1134 0.866164
1143 0.867828
1152 0.869327
1161 0.870755
1170 0.872191
1179 0.873335
1188 0.874571
1197 0.875274
1206 0.876702
1215 0.877497
1224 0.878313
1233 0.879137
1242 0.880504
1251 0.881753
1260 0.882294
1269 0.882878
1278 0.883555
1287 0.884371
1296 0.885107
1305 0.885834
1314 0.887127
1323 0.887619
1332 0.888596
1341 0.888968
1350 0.889478
1359 0.889842
1368 0.891071
1377 0.891275
1386 0.89176
1395 0.892016
1404 0.892184
1413 0.892583
1422 0.893394
1431 0.893659
1440 0.893839
1449 0.893976
1458 0.894159
1467 0.894734
1476 0.894942
1485 0.894816
1494 0.895411
1503 0.896179
1512 0.896655
1521 0.896676
1530 0.897095
1539 0.897548
1548 0.897729
1557 0.89785
1566 0.897879
1575 0.89828
1584 0.898497
1593 0.898599
1602 0.898967
1611 0.899148
1620 0.898774
1629 0.899507
1638 0.899558
1647 0.89978
1656 0.900043
1665 0.90007
1674 0.900324
1683 0.900705
1692 0.900681
1701 0.900402
1710 0.900635
1719 0.901055
1728 0.901571
1737 0.901778
1746 0.901899
1755 0.901876
1764 0.902279
1773 0.902437
1782 0.902338
1791 0.902116
1800 0.902419
