0 0.000452492
9 0.0301019
18 0.0541672
27 0.0773862
36 0.0989974
45 0.12088
54 0.14215
63 0.162125
72 0.183376
81 0.204024
90 0.223511
99 0.241541
108 0.258672
117 0.276858
126 0.293403
135 0.310324
144 0.328069
153 0.343525
162 0.359391
171 0.372799
180 0.390303
189 0.404437
198 0.417119
207 0.429678
216 0.444372
225 0.457571
234 0.470836
243 0.481982
252 0.493815
261 0.50307
270 0.514796
279 0.525294
288 0.53652
297 0.545343
306 0.556233
315 0.567616
324 0.578846
333 0.587602
342 0.595026
351 0.60255
360 0.611582
369 0.621561
378 0.627723
387 0.634296
396 0.641342
405 0.647232
414 0.654957
423 0.662377
432 0.669566
441 0.675289
450 0.68066
459 0.686804
468 0.693228
477 0.697945
486 0.702895
495 0.706578
504 0.712898
513 0.717973
522 0.72241
531 0.725263
540 0.729032
549 0.733832
558 0.738083
567 0.741865
576 0.744348
585 0.745953
594 0.750759
603 0.752906
612 0.754985
621 0.759437
630 0.762291
639 0.765145
648 0.76723
657 0.769356
666 0.772262
675 0.773397
684 0.775774
693 0.778083
702 0.779669
711 0.781206
720 0.784298
729 0.786405
738 0.788205
747 0.789704
756 0.790124
765 0.791699
774 0.793568
783 0.795323
792 0.795791
801 0.797296
810 0.798776
819 0.799572
828 0.799662
837 0.800178
846 0.801062
855 0.800708
864 0.801341
873 0.802027
882 0.803167
891 0.80474
900 0.805451
909 0.806134
918 0.806747
927 0.806491
936 0.807676
945 0.8089
954 0.809453
963 0.809363
972 0.808615
981 0.809394
990 0.809432
999 0.808739
1008 0.808802
1017 0.808701
1026 0.809294
1035 0.808932
1044 0.810198
1053 0.808809
1062 0.809749
1071 0.808818
1080 0.809497
1089 0.810077
1098 0.811883
1107 0.813169
1116 0.813871
1125 0.814916
1134 0.814359
1143 0.81562
1152 0.815811
1161 0.815812
1170 0.816402
1179 0.816289
1188 0.816723
1197 0.817961
1206 0.818817
1215 0.817864
1224 0.819035
1233 0.818885
1242 0.818418
1251 0.816854
1260 0.817449
1269 0.816753
1278 0.81722
1287 0.818754
1296 0.818124
1305 0.819088
1314 0.818071
1323 0.818506
1332 0.818519
1341 0.818535
1350 0.819546
1359 0.819428
1368 0.819921
1377 0.820157
1386 0.820281
1395 0.820971
1404 0.820385
1413 0.820608
1422 0.819578
1431 0.818655
1440 0.819495
1449 0.819523
1458 0.81878
1467 0.820233
1476 0.819931
1485 0.819912
1494 0.819646
1503 0.819576
1512 0.820547
1521 0.8205
1530 0.820316
1539 0.819973
1548 0.819003
1557 0.819929
1566 0.8194
1575 0.819614
1584 0.819834
1593 0.819984
1602 0.820093
1611 0.820076
1620 0.820328
1629 0.819563
1638 0.819157
1647 0.819649
1656 0.819471
1665 0.82026
1674 0.819759
1683 0.821947
1692 0.821018
1701 0.821104
1710 0.820797
1719 0.822066
1728 0.821249
1737 0.821172
1746 0.819666
1755 0.819861
1764 0.818623
1773 0.820016
1782 0.819094
1791 0.818908
1800 0.819694
