0 4.57889e-07
9 0.00207196
18 0.00648043
27 0.012574
36 0.0192268
45 0.027389
54 0.0371659
63 0.0480099
72 0.0594913
81 0.0724436
90 0.0845185
99 0.0974934
108 0.109995
117 0.122944
126 0.134497
135 0.148012
144 0.161979
153 0.174382
162 0.188267
171 0.197479
180 0.2142
189 0.226364
198 0.236852
207 0.248259
216 0.262561
225 0.277045
234 0.291044
243 0.303235
252 0.314995
261 0.326783
270 0.337916
279 0.347431
288 0.361599
297 0.370309
306 0.381556
315 0.394289
324 0.406418
333 0.414688
342 0.423526
351 0.430181
360 0.442667
369 0.453983
378 0.461249
387 0.469303
396 0.477364
405 0.481629
414 0.489903
423 0.499614
432 0.509399
441 0.51681
450 0.523
459 0.529318
468 0.536468
477 0.541312
486 0.546158
495 0.549758
504 0.556451
513 0.562554
522 0.566392
531 0.567875
540 0.572278
549 0.577336
558 0.581794
567 0.586259
576 0.587627
585 0.588044
594 0.593405
603 0.598462
612 0.599888
621 0.606881
630 0.609117
639 0.612226
648 0.615877
657 0.620598
666 0.622516
675 0.626097
684 0.627696
693 0.630564
702 0.633376
711 0.634249
720 0.637338
729 0.638479
738 0.640221
747 0.642157
756 0.641
765 0.642452
774 0.644347
783 0.648568
792 0.649075
801 0.651552
810 0.650977
819 0.653396
828 0.652655
837 0.654377
846 0.655965
855 0.65489
864 0.654545
873 0.655832
882 0.657862
891 0.659458
900 0.65978
909 0.661448
918 0.662531
927 0.661683
936 0.662519
945 0.664131
954 0.666462
963 0.665752
972 0.664386
981 0.664805
990 0.663055
999 0.662044
1008 0.664313
1017 0.664631
1026 0.666721
1035 0.665367
1044 0.667088
1053 0.662434
1062 0.664913
1071 0.663144
1080 0.664525
1089 0.666271
1098 0.668371
1107 0.671502
1116 0.67152
1125 0.674939
1134 0.673153
1143 0.676653
1152 0.675563
1161 0.674669
1170 0.676461
1179 0.677323
1188 0.675831
1197 0.676687
1206 0.677389
1215 0.675904
1224 0.677003
1233 0.676972
1242 0.675158
1251 0.676156
1260 0.676483
1269 0.675624
1278 0.67595
1287 0.679249
1296 0.677897
1305 0.679479
1314 0.676633
1323 0.676531
1332 0.675901
1341 0.676187
1350 0.67792
1359 0.677075
1368 0.677665
1377 0.677029
1386 0.677164
1395 0.680264
1404 0.678147
1413 0.677572
1422 0.677396
1431 0.676369
1440 0.678905
1449 0.678213
1458 0.678052
1467 0.680268
1476 0.681464
1485 0.680159
1494 0.682392
1503 0.680455
1512 0.681043
1521 0.681293
1530 0.681782
1539 0.679445
1548 0.67654
1557 0.676808
1566 0.67553
1575 0.676046
1584 0.677555
1593 0.680182
1602 0.67969
1611 0.680314
1620 0.679633
1629 0.680203
1638 0.677926
1647 0.679622
1656 0.679602
1665 0.681523
1674 0.679379
1683 0.682297
1692 0.680716
1701 0.679362
1710 0.680018
1719 0.681555
1728 0.681488
1737 0.681157
1746 0.6812
1755 0.678534
1764 0.67487
1773 0.677493
1782 0.675456
1791 0.676307
1800 0.676406
