0 0.000399192
9 0.0321513
18 0.0563563
27 0.0782248
36 0.0994599
45 0.119779
54 0.138343
63 0.155722
72 0.171226
81 0.18581
90 0.198529
99 0.210267
108 0.221024
117 0.232705
126 0.243794
135 0.254879
144 0.264806
153 0.275075
162 0.283562
171 0.292825
180 0.299654
189 0.307279
198 0.313998
207 0.320343
216 0.326741
225 0.332578
234 0.338297
243 0.343924
252 0.35043
261 0.356292
270 0.361874
279 0.367104
288 0.371615
297 0.376793
306 0.381185
315 0.386333
324 0.390853
333 0.395561
342 0.400023
351 0.40396
360 0.407161
369 0.410206
378 0.413573
387 0.416166
396 0.419583
405 0.422646
414 0.426112
423 0.429193
432 0.431541
441 0.4341
450 0.436391
459 0.438502
468 0.441393
477 0.444729
486 0.447395
495 0.450631
504 0.453718
513 0.457387
522 0.459688
531 0.460902
540 0.463983
549 0.466442
558 0.469345
567 0.471313
576 0.474293
585 0.477023
594 0.479115
603 0.4805
612 0.48314
621 0.485859
630 0.488318
639 0.490263
648 0.493007
657 0.495278
666 0.497256
675 0.49918
684 0.501962
693 0.504848
702 0.507432
711 0.509325
720 0.511366
729 0.513662
738 0.516023
747 0.51802
756 0.519945
765 0.521909
774 0.52485
783 0.52749
792 0.53018
801 0.53231
810 0.534204
819 0.535667
828 0.537978
837 0.539936
846 0.542155
855 0.543392
864 0.545694
873 0.547222
882 0.548638
891 0.54959
900 0.551414
909 0.553104
918 0.555313
927 0.556679
936 0.558164
945 0.559706
954 0.56107
963 0.562389
972 0.564028
981 0.565516
990 0.566381
999 0.567691
1008 0.568557
1017 0.568964
1026 0.57044
1035 0.572412
1044 0.573733
1053 0.574846
1062 0.576707
1071 0.57775
1080 0.579514
1089 0.580472
1098 0.58186
1107 0.583168
1116 0.583939
1125 0.585357
1134 0.586507
1143 0.587978
1152 0.589073
1161 0.58969
1170 0.590277
1179 0.591903
1188 0.59293
1197 0.594162
1206 0.595908
1215 0.597076
1224 0.599062
1233 0.599815
1242 0.601266
1251 0.602214
1260 0.604204
1269 0.605773
1278 0.607709
1287 0.60976
1296 0.610814
1305 0.612204
1314 0.613408
1323 0.614639
1332 0.616026
1341 0.61686
1350 0.617817
1359 0.620315
1368 0.622539
1377 0.62403
1386 0.625676
1395 0.627076
1404 0.628247
1413 0.629765
1422 0.630224
1431 0.631928
1440 0.63331
1449 0.634683
1458 0.636318
1467 0.638568
1476 0.63993
1485 0.641396
1494 0.643129
1503 0.644868
1512 0.646894
1521 0.648592
1530 0.650792
1539 0.651767
1548 0.653857
1557 0.655283
1566 0.657084
1575 0.658374
1584 0.65972
1593 0.660991
1602 0.662283
1611 0.663529
1620 0.66405
1629 0.66613
1638 0.667633
1647 0.668888
1656 0.669736
1665 0.670991
1674 0.67202
1683 0.67334
1692 0.674356
1701 0.675862
1710 0.677018
1719 0.678171
1728 0.679581
1737 0.68121
1746 0.681868
1755 0.682711
1764 0.683527
1773 0.684555
1782 0.685767
1791 0.687029
1800 0.687567
