0 0.000475225
9 0.0299493
18 0.0551161
27 0.0781099
36 0.0980316
45 0.118769
54 0.140111
63 0.159329
72 0.178098
81 0.197846
90 0.214936
99 0.23215
108 0.248482
117 0.265657
126 0.283714
135 0.300166
144 0.318585
153 0.332699
162 0.348715
171 0.361063
180 0.380366
189 0.393308
198 0.40586
207 0.415417
216 0.429568
225 0.442388
234 0.455278
243 0.467268
252 0.477439
261 0.487689
270 0.498361
279 0.50745
288 0.520015
297 0.528318
306 0.539313
315 0.551434
324 0.561961
333 0.572372
342 0.579882
351 0.588503
360 0.599014
369 0.60884
378 0.615382
387 0.624256
396 0.631029
405 0.636351
414 0.645428
423 0.654783
432 0.663912
441 0.669568
450 0.674884
459 0.680917
468 0.685794
477 0.690179
486 0.695722
495 0.697864
504 0.704345
513 0.711082
522 0.7149
531 0.718477
540 0.722157
549 0.727418
558 0.730261
567 0.733951
576 0.735554
585 0.737006
594 0.740752
603 0.744307
612 0.747066
621 0.752562
630 0.753439
639 0.756616
648 0.759388
657 0.764946
666 0.767779
675 0.769795
684 0.771405
693 0.773753
702 0.775983
711 0.776498
720 0.778945
729 0.781589
738 0.7836
747 0.784424
756 0.783935
765 0.784101
774 0.78515
783 0.788512
792 0.790093
801 0.791125
810 0.792936
819 0.794432
828 0.794157
837 0.794711
846 0.794554
855 0.794735
864 0.795833
873 0.797054
882 0.797666
891 0.798787
900 0.799244
909 0.799808
918 0.800334
927 0.799861
936 0.800424
945 0.802843
954 0.803752
963 0.80223
972 0.802703
981 0.802926
990 0.800838
999 0.80142
1008 0.803677
1017 0.804198
1026 0.804923
1035 0.804596
1044 0.806221
1053 0.802623
1062 0.80483
1071 0.803807
1080 0.804595
1089 0.805286
1098 0.805529
1107 0.807069
1116 0.80612
1125 0.810081
1134 0.810192
1143 0.812768
1152 0.811251
1161 0.811069
1170 0.811304
1179 0.812153
1188 0.810052
1197 0.810835
1206 0.811361
1215 0.811591
1224 0.81226
1233 0.81231
1242 0.812603
1251 0.811355
1260 0.813046
1269 0.811503
1278 0.812315
1287 0.815211
1296 0.814458
1305 0.815008
1314 0.813581
1323 0.814074
1332 0.813518
1341 0.813634
1350 0.815906
1359 0.816371
1368 0.816878
1377 0.81573
1386 0.81525
1395 0.818156
1404 0.816529
1413 0.816216
1422 0.816218
1431 0.813337
1440 0.81487
1449 0.815808
1458 0.815087
1467 0.817431
1476 0.818155
1485 0.816638
1494 0.817446
1503 0.816529
1512 0.817747
1521 0.818282
1530 0.818606
1539 0.817393
1548 0.815566
1557 0.814989
1566 0.815052
1575 0.814682
1584 0.815991
1593 0.816795
1602 0.817231
1611 0.818543
1620 0.818075
1629 0.818827
1638 0.817762
1647 0.819153
1656 0.819079
1665 0.819717
1674 0.81821
1683 0.820198
1692 0.820033
1701 0.818635
1710 0.819251
1719 0.819135
1728 0.820269
1737 0.819532
1746 0.818912
1755 0.817964
1764 0.814754
1773 0.817189
1782 0.814848
1791 0.81576
1800 0.816588
