0 0.000479604
9 0.0310686
18 0.0557254
27 0.0792981
36 0.0998455
45 0.120659
54 0.141432
63 0.161216
72 0.181226
81 0.201178
90 0.21987
99 0.237771
108 0.254854
117 0.272279
126 0.288175
135 0.305037
144 0.322363
153 0.336691
162 0.352823
171 0.365063
180 0.384677
189 0.397242
198 0.408873
207 0.42065
216 0.435345
225 0.449457
234 0.46395
243 0.476339
252 0.488103
261 0.498956
270 0.510454
279 0.519835
288 0.53272
297 0.54166
306 0.55228
315 0.564883
324 0.576396
333 0.584931
342 0.593571
351 0.600508
360 0.610706
369 0.621295
378 0.627813
387 0.634985
396 0.642326
405 0.646622
414 0.654255
423 0.662455
432 0.670449
441 0.67615
450 0.68148
459 0.68729
468 0.693316
477 0.697657
486 0.70274
495 0.706221
504 0.711987
513 0.717145
522 0.720533
531 0.723057
540 0.726828
549 0.731366
558 0.735636
567 0.739061
576 0.740015
585 0.74155
594 0.745727
603 0.749546
612 0.751389
621 0.757119
630 0.759209
639 0.761867
648 0.764598
657 0.768252
666 0.770202
675 0.773026
684 0.775005
693 0.777213
702 0.779505
711 0.780526
720 0.782927
729 0.783927
738 0.785312
747 0.787116
756 0.786611
765 0.787637
774 0.78893
783 0.792127
792 0.79267
801 0.794423
810 0.794414
819 0.796348
828 0.796279
837 0.797571
846 0.798726
855 0.798186
864 0.798003
873 0.799067
882 0.8007
891 0.801767
900 0.802155
909 0.803312
918 0.804003
927 0.803599
936 0.804348
945 0.805918
954 0.807418
963 0.807257
972 0.806751
981 0.807335
990 0.80656
999 0.80605
1008 0.807432
1017 0.807762
1026 0.809086
1035 0.808457
1044 0.809662
1053 0.806969
1062 0.808623
1071 0.807699
1080 0.808775
1089 0.809749
1098 0.811237
1107 0.813445
1116 0.813616
1125 0.815893
1134 0.814849
1143 0.817015
1152 0.81645
1161 0.816028
1170 0.817119
1179 0.817615
1188 0.816817
1197 0.817314
1206 0.817904
1215 0.816989
1224 0.817839
1233 0.817758
1242 0.816867
1251 0.817451
1260 0.81783
1269 0.817392
1278 0.817619
1287 0.819821
1296 0.819018
1305 0.820048
1314 0.818432
1323 0.818542
1332 0.818201
1341 0.818397
1350 0.819506
1359 0.818943
1368 0.819337
1377 0.818904
1386 0.819118
1395 0.821077
1404 0.819938
1413 0.819623
1422 0.819417
1431 0.818613
1440 0.82012
1449 0.819626
1458 0.819597
1467 0.820986
1476 0.821668
1485 0.820848
1494 0.822116
1503 0.820976
1512 0.821403
1521 0.821532
1530 0.821859
1539 0.820559
1548 0.818755
1557 0.819041
1566 0.818318
1575 0.818679
1584 0.819659
1593 0.821259
1602 0.821004
1611 0.821515
1620 0.821233
1629 0.821551
1638 0.820196
1647 0.821355
1656 0.821304
1665 0.8225
1674 0.821251
1683 0.822984
1692 0.822061
1701 0.821261
1710 0.821658
1719 0.822593
1728 0.822522
1737 0.822376
1746 0.822428
1755 0.820853
1764 0.818549
1773 0.820141
1782 0.818827
1791 0.819346
1800 0.819414
