0 0.0341963
9 -0.0501092
18 -0.023408
27 0.0692571
36 0.123702
45 0.165354
54 0.181009
63 0.192983
72 0.223203
81 0.239719
90 0.277596
99 0.300155
108 0.335549
117 0.368867
126 0.3984
135 0.430848
144 0.455494
153 0.482536
162 0.501814
171 0.52677
180 0.555915
189 0.573046
198 0.590185
207 0.607657
216 0.624587
225 0.639966
234 0.656634
243 0.672085
252 0.685359
261 0.695947
270 0.710207
279 0.722869
288 0.73378
297 0.744571
306 0.756126
315 0.769146
324 0.780968
333 0.790157
342 0.796868
351 0.804506
360 0.813609
369 0.823002
378 0.82689
387 0.833801
396 0.842221
405 0.848668
414 0.856139
423 0.862378
432 0.867613
441 0.872527
450 0.876703
459 0.881941
468 0.886713
477 0.891398
486 0.897412
495 0.901592
504 0.906552
513 0.910638
522 0.91399
531 0.918126
540 0.921023
549 0.924667
558 0.929066
567 0.931321
576 0.932217
585 0.934826
594 0.93723
603 0.939072
612 0.940996
621 0.944169
630 0.946202
639 0.94801
648 0.949459
657 0.951326
666 0.953432
675 0.955075
684 0.956611
693 0.958199
702 0.959487
711 0.96074
720 0.962486
729 0.963618
738 0.964561
747 0.965933
756 0.966806
765 0.967632
774 0.968152
783 0.969698
792 0.970393
801 0.971135
810 0.972015
819 0.972846
828 0.973554
837 0.974162
846 0.974587
855 0.974882
864 0.974825
873 0.975348
882 0.975882
891 0.97654
900 0.97712
909 0.977373
918 0.977459
927 0.977675
936 0.978103
945 0.979059
954 0.979467
963 0.98005
972 0.980565
981 0.981002
990 0.981699
999 0.981832
1008 0.981961
1017 0.982273
1026 0.982386
1035 0.982613
1044 0.982906
1053 0.983317
1062 0.983483
1071 0.983942
1080 0.98452
1089 0.984657
1098 0.985218
1107 0.985822
1116 0.986139
1125 0.986598
1134 0.986851
1143 0.986945
1152 0.987194
1161 0.987356
1170 0.987462
1179 0.987403
1188 0.98758
1197 0.987749
1206 0.988091
1215 0.987944
1224 0.988258
1233 0.988225
1242 0.9885
1251 0.988496
1260 0.988791
1269 0.988929
1278 0.98901
1287 0.989355
1296 0.989355
1305 0.989471
1314 0.989588
1323 0.989865
1332 0.989987
1341 0.989988
1350 0.990067
1359 0.990007
1368 0.990099
1377 0.990111
1386 0.990322
1395 0.990408
1404 0.990641
1413 0.990628
1422 0.990385
1431 0.990112
1440 0.990052
1449 0.989994
1458 0.99007
1467 0.990226
1476 0.990154
1485 0.990084
1494 0.99
1503 0.990031
1512 0.990208
1521 0.990227
1530 0.990103
1539 0.990328
1548 0.990253
1557 0.990448
1566 0.990517
1575 0.990563
1584 0.990657
1593 0.990656
1602 0.990754
1611 0.990987
1620 0.991132
1629 0.991029
1638 0.991132
1647 0.991323
1656 0.991327
1665 0.991372
1674 0.991435
1683 0.991525
1692 0.991386
1701 0.991414
1710 0.991383
1719 0.991405
1728 0.99133
1737 0.991476
1746 0.991435
1755 0.991506
1764 0.991362
1773 0.991402
1782 0.991264
1791 0.991268
1800 0.991297
