0 -0.046488
9 0.158332
18 0.181383
27 0.172659
36 0.191291
45 0.22397
54 0.2499
63 0.255486
72 0.259481
81 0.26585
90 0.282782
99 0.29872
108 0.315997
117 0.337397
126 0.35484
135 0.376344
144 0.397808
153 0.419073
162 0.433149
171 0.453768
180 0.47142
189 0.483701
198 0.498241
207 0.517189
216 0.53235
225 0.547327
234 0.562717
243 0.577645
252 0.58991
261 0.602626
270 0.615359
279 0.629017
288 0.639377
297 0.651514
306 0.662259
315 0.673719
324 0.685023
333 0.693023
342 0.700599
351 0.71173
360 0.721571
369 0.731068
378 0.738025
387 0.745484
396 0.754381
405 0.762927
414 0.770798
423 0.77753
432 0.78364
441 0.790947
450 0.798159
459 0.803556
468 0.809278
477 0.813696
486 0.819262
495 0.823545
504 0.828428
513 0.833785
522 0.839172
531 0.844745
540 0.849526
549 0.855007
558 0.86042
567 0.864809
576 0.868613
585 0.872577
594 0.876604
603 0.880176
612 0.884312
621 0.888087
630 0.892092
639 0.896061
648 0.899335
657 0.902412
666 0.905286
675 0.908619
684 0.911679
693 0.914542
702 0.916848
711 0.919454
720 0.921949
729 0.924624
738 0.927341
747 0.929369
756 0.931357
765 0.933228
774 0.935866
783 0.938076
792 0.939962
801 0.941975
810 0.944414
819 0.946681
828 0.948302
837 0.949953
846 0.951462
855 0.952833
864 0.954043
873 0.955367
882 0.956787
891 0.95829
900 0.959464
909 0.960433
918 0.961325
927 0.962779
936 0.964155
945 0.964983
954 0.966027
963 0.967057
972 0.967865
981 0.96901
990 0.969771
999 0.970595
1008 0.971438
1017 0.972335
1026 0.973283
1035 0.973949
1044 0.974518
1053 0.974927
1062 0.975388
1071 0.975973
1080 0.976701
1089 0.977155
1098 0.977523
1107 0.977796
1116 0.978269
1125 0.978742
1134 0.979251
1143 0.979563
1152 0.980108
1161 0.980492
1170 0.98092
1179 0.981362
1188 0.981675
1197 0.981913
1206 0.982421
1215 0.982696
1224 0.983238
1233 0.983581
1242 0.983977
1251 0.984147
1260 0.984261
1269 0.984413
1278 0.984714
1287 0.984847
1296 0.984983
1305 0.985047
1314 0.985252
1323 0.985583
1332 0.98572
1341 0.98593
1350 0.986171
1359 0.986393
1368 0.986441
1377 0.986466
1386 0.986675
1395 0.986822
1404 0.986822
1413 0.986803
1422 0.986995
1431 0.987162
1440 0.98737
1449 0.987402
1458 0.987401
1467 0.987439
1476 0.987612
1485 0.987813
1494 0.987854
1503 0.987941
1512 0.98802
1521 0.988098
1530 0.988333
1539 0.988521
1548 0.988662
1557 0.988629
1566 0.988698
1575 0.988704
1584 0.988711
1593 0.988711
1602 0.988857
1611 0.988966
1620 0.989035
1629 0.989064
1638 0.989113
1647 0.989266
1656 0.98923
1665 0.989179
1674 0.989306
1683 0.989359
1692 0.989408
1701 0.989271
1710 0.989297
1719 0.989401
1728 0.989438
1737 0.989518
1746 0.98963
1755 0.989645
1764 0.989772
1773 0.989888
1782 0.990058
1791 0.990159
1800 0.990232
