0 -0.0962019
9 0.0591432
18 0.082167
27 0.088804
36 0.114774
45 0.142204
54 0.165781
63 0.191523
72 0.210462
81 0.221877
90 0.240201
99 0.260271
108 0.282903
117 0.307054
126 0.330151
135 0.351482
144 0.37347
153 0.395761
162 0.411817
171 0.428757
180 0.445924
189 0.461203
198 0.478058
207 0.49465
216 0.509899
225 0.525944
234 0.539615
243 0.555289
252 0.567596
261 0.582532
270 0.59497
279 0.607547
288 0.618443
297 0.629526
306 0.64004
315 0.651729
324 0.661984
333 0.670674
342 0.680115
351 0.689915
360 0.699913
369 0.708942
378 0.717627
387 0.725225
396 0.733
405 0.741435
414 0.749525
423 0.756775
432 0.762796
441 0.770179
450 0.777106
459 0.783665
468 0.789649
477 0.796141
486 0.802043
495 0.807058
504 0.81201
513 0.817696
522 0.823335
531 0.828636
540 0.833839
549 0.839791
558 0.845157
567 0.849688
576 0.854317
585 0.85862
594 0.862704
603 0.866724
612 0.870287
621 0.873888
630 0.877423
639 0.881184
648 0.884379
657 0.887776
666 0.890426
675 0.893688
684 0.896778
693 0.900076
702 0.902972
711 0.90514
720 0.907605
729 0.910325
738 0.913095
747 0.915515
756 0.917769
765 0.919793
774 0.922176
783 0.924202
792 0.926021
801 0.928223
810 0.930171
819 0.932221
828 0.933767
837 0.935558
846 0.937362
855 0.938948
864 0.940299
873 0.941793
882 0.943522
891 0.944984
900 0.946661
909 0.948125
918 0.949646
927 0.950969
936 0.952306
945 0.953223
954 0.954193
963 0.955373
972 0.956531
981 0.957746
990 0.958701
999 0.959662
1008 0.960772
1017 0.961771
1026 0.962846
1035 0.963639
1044 0.964544
1053 0.965443
1062 0.966307
1071 0.96713
1080 0.968062
1089 0.96878
1098 0.969574
1107 0.970261
1116 0.971168
1125 0.971709
1134 0.97237
1143 0.973214
1152 0.973941
1161 0.974426
1170 0.974907
1179 0.975419
1188 0.975959
1197 0.976416
1206 0.976907
1215 0.97736
1224 0.977777
1233 0.978219
1242 0.978701
1251 0.979051
1260 0.979371
1269 0.979758
1278 0.980173
1287 0.980459
1296 0.980906
1305 0.981188
1314 0.981602
1323 0.981976
1332 0.98231
1341 0.982589
1350 0.982883
1359 0.983145
1368 0.983423
1377 0.983708
1386 0.984002
1395 0.984151
1404 0.984302
1413 0.984508
1422 0.98473
1431 0.984976
1440 0.985144
1449 0.985368
1458 0.985471
1467 0.985713
1476 0.985935
1485 0.986123
1494 0.986231
1503 0.986429
1512 0.986634
1521 0.986783
1530 0.986947
1539 0.98708
1548 0.987227
1557 0.987353
1566 0.987558
1575 0.987619
1584 0.987763
1593 0.98785
1602 0.988047
1611 0.988229
1620 0.98841
1629 0.988518
1638 0.988601
1647 0.988706
1656 0.988721
1665 0.988833
1674 0.98896
1683 0.989116
1692 0.989249
1701 0.989261
1710 0.989365
1719 0.989501
1728 0.989562
1737 0.989607
1746 0.98972
1755 0.989753
1764 0.989818
1773 0.989946
1782 0.990051
1791 0.99011
1800 0.990179
