0 0.00935054
9 -0.146537
18 -0.0868822
27 0.000382863
36 0.0713687
45 0.118694
54 0.141977
63 0.152806
72 0.188613
81 0.210052
90 0.251686
99 0.275523
108 0.306475
117 0.341636
126 0.380429
135 0.409291
144 0.441281
153 0.461707
162 0.487623
171 0.518213
180 0.552473
189 0.565506
198 0.583226
207 0.596982
216 0.614638
225 0.628573
234 0.647876
243 0.663565
252 0.677851
261 0.687391
270 0.703132
279 0.714303
288 0.725822
297 0.73785
306 0.749054
315 0.764344
324 0.776706
333 0.787973
342 0.797918
351 0.807075
360 0.813104
369 0.823899
378 0.829763
387 0.836071
396 0.842985
405 0.848107
414 0.8555
423 0.861529
432 0.866749
441 0.869567
450 0.873854
459 0.879437
468 0.883958
477 0.887848
486 0.894067
495 0.897725
504 0.902302
513 0.906169
522 0.909039
531 0.913804
540 0.916713
549 0.920659
558 0.924915
567 0.926681
576 0.926948
585 0.930626
594 0.932935
603 0.934778
612 0.937472
621 0.941293
630 0.943235
639 0.945241
648 0.946516
657 0.948515
666 0.950599
675 0.95226
684 0.954941
693 0.956124
702 0.957624
711 0.958919
720 0.960252
729 0.961047
738 0.961885
747 0.963513
756 0.964053
765 0.96441
774 0.964754
783 0.966369
792 0.966977
801 0.967606
810 0.968493
819 0.969684
828 0.970673
837 0.9713
846 0.971782
855 0.972077
864 0.972148
873 0.972868
882 0.973886
891 0.974132
900 0.974626
909 0.974993
918 0.975077
927 0.975361
936 0.975977
945 0.977479
954 0.977699
963 0.978382
972 0.979199
981 0.980031
990 0.980762
999 0.981027
1008 0.98103
1017 0.981377
1026 0.981514
1035 0.982001
1044 0.982405
1053 0.982747
1062 0.983114
1071 0.983495
1080 0.984089
1089 0.983868
1098 0.984401
1107 0.985175
1116 0.985575
1125 0.986093
1134 0.986182
1143 0.986308
1152 0.986541
1161 0.986833
1170 0.986853
1179 0.986793
1188 0.987049
1197 0.986998
1206 0.98741
1215 0.987366
1224 0.987825
1233 0.987672
1242 0.98818
1251 0.988132
1260 0.988581
1269 0.988783
1278 0.988856
1287 0.989374
1296 0.989405
1305 0.98959
1314 0.989846
1323 0.990269
1332 0.990369
1341 0.990423
1350 0.990574
1359 0.990447
1368 0.990539
1377 0.990419
1386 0.990745
1395 0.990957
1404 0.9913
1413 0.991381
1422 0.991136
1431 0.990684
1440 0.990622
1449 0.990433
1458 0.990603
1467 0.990729
1476 0.990631
1485 0.99055
1494 0.990356
1503 0.990425
1512 0.990602
1521 0.99055
1530 0.99063
1539 0.990898
1548 0.990782
1557 0.991086
1566 0.991211
1575 0.99133
1584 0.991495
1593 0.991526
1602 0.991629
1611 0.991959
1620 0.992275
1629 0.99221
1638 0.992263
1647 0.992591
1656 0.992495
1665 0.992585
1674 0.992697
1683 0.992626
1692 0.992702
1701 0.992747
1710 0.992747
1719 0.992764
1728 0.99269
1737 0.992821
1746 0.992885
1755 0.992974
1764 0.992764
1773 0.992771
1782 0.992576
1791 0.992583
1800 0.992604
