0 -0.124002
9 0.0507661
18 0.0942504
27 0.101259
36 0.130472
45 0.155965
54 0.178423
63 0.201235
72 0.217687
81 0.226854
90 0.246172
99 0.265677
108 0.28896
117 0.316399
126 0.34009
135 0.36073
144 0.383482
153 0.406421
162 0.423097
171 0.440438
180 0.458917
189 0.473805
198 0.490575
207 0.506729
216 0.522364
225 0.538016
234 0.552125
243 0.566599
252 0.577641
261 0.591829
270 0.603483
279 0.614989
288 0.625119
297 0.635416
306 0.646002
315 0.656932
324 0.667264
333 0.675453
342 0.684903
351 0.694788
360 0.70525
369 0.714885
378 0.723435
387 0.730502
396 0.738077
405 0.746346
414 0.754615
423 0.76216
432 0.76771
441 0.775149
450 0.782043
459 0.788143
468 0.794119
477 0.800058
486 0.805398
495 0.810789
504 0.815423
513 0.821095
522 0.826684
531 0.831777
540 0.836811
549 0.842828
558 0.847874
567 0.852223
576 0.85705
585 0.861163
594 0.865598
603 0.869628
612 0.873337
621 0.877187
630 0.880756
639 0.884565
648 0.887653
657 0.890733
666 0.89342
675 0.896526
684 0.899674
693 0.902687
702 0.90555
711 0.907578
720 0.910156
729 0.91287
738 0.915552
747 0.917801
756 0.920041
765 0.921893
774 0.924271
783 0.926436
792 0.928237
801 0.930228
810 0.931884
819 0.933801
828 0.935319
837 0.937043
846 0.93861
855 0.94028
864 0.941552
873 0.943054
882 0.944591
891 0.946119
900 0.947658
909 0.949075
918 0.95061
927 0.951804
936 0.953078
945 0.953834
954 0.95473
963 0.955893
972 0.956975
981 0.958049
990 0.959041
999 0.959905
1008 0.960957
1017 0.962002
1026 0.963122
1035 0.963921
1044 0.964836
1053 0.965702
1062 0.966499
1071 0.967357
1080 0.968358
1089 0.968986
1098 0.969736
1107 0.970459
1116 0.971314
1125 0.971817
1134 0.972419
1143 0.973175
1152 0.973909
1161 0.974452
1170 0.974888
1179 0.975413
1188 0.975916
1197 0.976382
1206 0.976859
1215 0.977299
1224 0.977761
1233 0.978202
1242 0.978629
1251 0.978917
1260 0.979202
1269 0.979569
1278 0.979874
1287 0.980079
1296 0.980529
1305 0.980796
1314 0.981168
1323 0.981465
1332 0.981788
1341 0.982071
1350 0.982328
1359 0.982529
1368 0.982804
1377 0.983063
1386 0.983314
1395 0.98346
1404 0.983581
1413 0.983758
1422 0.98394
1431 0.984198
1440 0.984363
1449 0.984537
1458 0.984616
1467 0.984767
1476 0.984999
1485 0.985162
1494 0.985224
1503 0.9854
1512 0.985627
1521 0.985811
1530 0.985929
1539 0.986068
1548 0.986242
1557 0.986326
1566 0.986524
1575 0.986526
1584 0.986688
1593 0.986745
1602 0.986916
1611 0.98709
1620 0.987287
1629 0.987415
1638 0.987526
1647 0.987669
1656 0.98766
1665 0.987746
1674 0.987888
1683 0.988068
1692 0.988214
1701 0.988211
1710 0.988289
1719 0.988399
1728 0.988447
1737 0.988515
1746 0.988639
1755 0.988693
1764 0.988775
1773 0.988901
1782 0.989027
1791 0.98908
1800 0.989172
