0 0.161164
9 0.0979682
18 0.164196
27 0.187179
36 0.182059
45 0.187149
54 0.182847
63 0.196266
72 0.217365
81 0.235537
90 0.250399
99 0.267955
108 0.272924
117 0.285594
126 0.293214
135 0.299544
144 0.307115
153 0.318721
162 0.326953
171 0.333786
180 0.336494
189 0.342854
198 0.352016
207 0.359465
216 0.367012
225 0.373522
234 0.381817
243 0.388454
252 0.395773
261 0.401966
270 0.402544
279 0.408664
288 0.412772
297 0.419002
306 0.422153
315 0.427696
324 0.43246
333 0.439067
342 0.443245
351 0.447899
360 0.45237
369 0.454754
378 0.459488
387 0.464242
396 0.465148
405 0.465419
414 0.466569
423 0.469156
432 0.468836
441 0.470826
450 0.472961
459 0.474749
468 0.478827
477 0.482075
486 0.485374
495 0.489128
504 0.49253
513 0.497565
522 0.500901
531 0.502097
540 0.506729
549 0.508756
558 0.51216
567 0.514086
576 0.516887
585 0.518198
594 0.520592
603 0.520398
612 0.524381
621 0.526643
630 0.526086
639 0.527321
648 0.529873
657 0.531928
666 0.532291
675 0.533651
684 0.536825
693 0.539615
702 0.541827
711 0.542964
720 0.543764
729 0.546497
738 0.54807
747 0.549608
756 0.551006
765 0.552233
774 0.55564
783 0.557735
792 0.559702
801 0.561765
810 0.563563
819 0.563503
828 0.56464
837 0.566454
846 0.568944
855 0.570578
864 0.573491
873 0.575955
882 0.576902
891 0.577092
900 0.579658
909 0.581168
918 0.582817
927 0.584106
936 0.583993
945 0.585674
954 0.587585
963 0.588624
972 0.591438
981 0.594094
990 0.59519
999 0.597317
1008 0.597731
1017 0.597582
1026 0.600331
1035 0.603754
1044 0.605992
1053 0.607079
1062 0.609133
1071 0.611111
1080 0.612922
1089 0.613465
1098 0.615525
1107 0.617068
1116 0.618417
1125 0.62129
1134 0.622391
1143 0.625408
1152 0.627258
1161 0.627759
1170 0.629313
1179 0.631414
1188 0.632684
1197 0.634077
1206 0.637012
1215 0.638746
1224 0.641019
1233 0.642416
1242 0.643969
1251 0.644513
1260 0.647466
1269 0.648835
1278 0.650808
1287 0.653487
1296 0.654732
1305 0.656887
1314 0.658229
1323 0.660392
1332 0.660864
1341 0.661845
1350 0.662956
1359 0.666362
1368 0.668594
1377 0.669677
1386 0.671275
1395 0.673043
1404 0.674808
1413 0.676896
1422 0.677849
1431 0.679602
1440 0.681447
1449 0.682931
1458 0.684589
1467 0.685697
1476 0.686822
1485 0.687234
1494 0.688367
1503 0.689867
1512 0.691221
1521 0.692382
1530 0.694588
1539 0.694773
1548 0.696645
1557 0.698078
1566 0.700508
1575 0.70237
1584 0.703525
1593 0.704673
1602 0.70614
1611 0.707469
1620 0.707904
1629 0.710768
1638 0.712563
1647 0.714004
1656 0.715358
1665 0.716858
1674 0.71763
1683 0.719109
1692 0.720436
1701 0.7211
1710 0.72185
1719 0.722745
1728 0.723114
1737 0.724789
1746 0.725112
1755 0.725709
1764 0.726566
1773 0.727112
1782 0.728576
1791 0.729425
1800 0.729832
