0 4.37753e-07
9 0.00271748
18 0.00897124
27 0.0172973
36 0.0276221
45 0.0380125
54 0.0511419
63 0.0644176
72 0.0792393
81 0.0945286
90 0.109781
99 0.125476
108 0.141848
117 0.158412
126 0.177309
135 0.195909
144 0.213249
153 0.229793
162 0.245971
171 0.261394
180 0.277459
189 0.292703
198 0.308833
207 0.323917
216 0.340156
225 0.354741
234 0.368431
243 0.384084
252 0.396877
261 0.410562
270 0.425497
279 0.439288
288 0.454271
297 0.468031
306 0.482511
315 0.495579
324 0.509701
333 0.522775
342 0.537258
351 0.547747
360 0.560146
369 0.572882
378 0.584627
387 0.59632
396 0.607182
405 0.618738
414 0.629243
423 0.640064
432 0.651227
441 0.662271
450 0.673315
459 0.684714
468 0.696196
477 0.70516
486 0.714301
495 0.721381
504 0.729276
513 0.737392
522 0.747109
531 0.753569
540 0.760709
549 0.768095
558 0.772984
567 0.778151
576 0.784063
585 0.788888
594 0.794454
603 0.800474
612 0.803398
621 0.807062
630 0.810851
639 0.814432
648 0.819159
657 0.823457
666 0.826262
675 0.829318
684 0.832456
693 0.834619
702 0.837713
711 0.841069
720 0.844137
729 0.846782
738 0.848798
747 0.851386
756 0.852778
765 0.855052
774 0.8571
783 0.859593
792 0.860462
801 0.862473
810 0.863464
819 0.864089
828 0.864961
837 0.865971
846 0.865906
855 0.867338
864 0.866809
873 0.867392
882 0.868556
891 0.869375
900 0.869359
909 0.870241
918 0.871336
927 0.873068
936 0.874236
945 0.874732
954 0.87557
963 0.876757
972 0.877579
981 0.878872
990 0.879774
999 0.88167
1008 0.88387
1017 0.883453
1026 0.884644
1035 0.885513
1044 0.886107
1053 0.887149
1062 0.887581
1071 0.888295
1080 0.889406
1089 0.889819
1098 0.89151
1107 0.891246
1116 0.892151
1125 0.893065
1134 0.894758
1143 0.895805
1152 0.896247
1161 0.896473
1170 0.897762
1179 0.898198
1188 0.897868
1197 0.89832
1206 0.899825
1215 0.899282
1224 0.900156
1233 0.900326
1242 0.901448
1251 0.902082
1260 0.901906
1269 0.90261
1278 0.903138
1287 0.904087
1296 0.904486
1305 0.904182
1314 0.904318
1323 0.904126
1332 0.903937
1341 0.904545
1350 0.904943
1359 0.905818
1368 0.905122
1377 0.905566
1386 0.905931
1395 0.905612
1404 0.906145
1413 0.905875
1422 0.906128
1431 0.904955
1440 0.905288
1449 0.904595
1458 0.904814
1467 0.906026
1476 0.90563
1485 0.905111
1494 0.904141
1503 0.905319
1512 0.905355
1521 0.906446
1530 0.905865
1539 0.905491
1548 0.906826
1557 0.906724
1566 0.906335
1575 0.905403
1584 0.905512
1593 0.905524
1602 0.905426
1611 0.906075
1620 0.906474
1629 0.906761
1638 0.907196
1647 0.906853
1656 0.907242
1665 0.906625
1674 0.906632
1683 0.907484
1692 0.907313
1701 0.908497
1710 0.907379
1719 0.908321
1728 0.908273
1737 0.907439
1746 0.908301
1755 0.907937
1764 0.908305
1773 0.908661
1782 0.908673
1791 0.908877
1800 0.90991
