0 -0.0125267
9 0.0354531
18 0.0364879
27 0.0383593
36 0.0630065
45 0.125813
54 0.180167
63 0.197627
72 0.243773
81 0.279227
90 0.304578
99 0.333246
108 0.35826
117 0.382266
126 0.408785
135 0.42815
144 0.454047
153 0.47725
162 0.499682
171 0.52303
180 0.543202
189 0.558836
198 0.57809
207 0.592894
216 0.609251
225 0.624445
234 0.639741
243 0.654673
252 0.668937
261 0.683093
270 0.698863
279 0.714088
288 0.728918
297 0.740097
306 0.750924
315 0.761221
324 0.770286
333 0.779026
342 0.789685
351 0.796657
360 0.805058
369 0.813041
378 0.821014
387 0.828815
396 0.835042
405 0.843035
414 0.849183
423 0.856403
432 0.863504
441 0.869355
450 0.874321
459 0.880234
468 0.885334
477 0.888697
486 0.892724
495 0.897206
504 0.901561
513 0.906043
522 0.909687
531 0.912789
540 0.916069
549 0.918584
558 0.920903
567 0.923803
576 0.926647
585 0.929127
594 0.932007
603 0.934407
612 0.935959
621 0.937467
630 0.938507
639 0.940307
648 0.941881
657 0.943979
666 0.946037
675 0.947424
684 0.94917
693 0.950623
702 0.952766
711 0.954209
720 0.955678
729 0.956768
738 0.958073
747 0.958762
756 0.959432
765 0.960206
774 0.961347
783 0.962005
792 0.963093
801 0.963596
810 0.964597
819 0.965144
828 0.96622
837 0.967449
846 0.968334
855 0.969107
864 0.969254
873 0.970138
882 0.970748
891 0.971444
900 0.972051
909 0.97294
918 0.973479
927 0.974743
936 0.975656
945 0.976255
954 0.976977
963 0.977931
972 0.978374
981 0.979387
990 0.979865
999 0.980577
1008 0.980994
1017 0.981169
1026 0.98131
1035 0.981919
1044 0.982433
1053 0.982824
1062 0.983317
1071 0.983713
1080 0.98416
1089 0.984683
1098 0.985201
1107 0.985468
1116 0.985693
1125 0.986073
1134 0.986355
1143 0.986766
1152 0.987188
1161 0.987362
1170 0.987712
1179 0.987882
1188 0.988273
1197 0.988541
1206 0.988569
1215 0.988763
1224 0.989193
1233 0.989519
1242 0.989901
1251 0.990133
1260 0.990261
1269 0.990315
1278 0.990399
1287 0.990503
1296 0.990723
1305 0.990766
1314 0.990771
1323 0.990706
1332 0.990705
1341 0.990831
1350 0.991002
1359 0.991105
1368 0.991209
1377 0.991316
1386 0.991389
1395 0.991326
1404 0.991539
1413 0.991592
1422 0.991672
1431 0.991708
1440 0.991759
1449 0.9918
1458 0.99188
1467 0.991833
1476 0.99192
1485 0.991926
1494 0.992051
1503 0.992093
1512 0.99218
1521 0.992217
1530 0.992227
1539 0.992392
1548 0.992513
1557 0.992597
1566 0.992583
1575 0.992737
1584 0.992771
1593 0.992787
1602 0.992833
1611 0.992834
1620 0.992928
1629 0.993031
1638 0.993083
1647 0.993085
1656 0.993098
1665 0.99314
1674 0.993172
1683 0.993202
1692 0.993264
1701 0.9933
1710 0.993317
1719 0.993332
1728 0.993329
1737 0.993304
1746 0.993288
1755 0.993296
1764 0.993314
1773 0.993274
1782 0.993275
1791 0.993271
1800 0.993269
