0 4.00071e-06
40 0.00139788
80 0.00274801
120 0.00395397
160 0.00511099
200 0.00621151
240 0.00720792
280 0.00817813
320 0.00927938
360 0.0105642
400 0.0117065
440 0.0128864
480 0.014079
520 0.0152296
560 0.0164056
600 0.0176782
640 0.0188743
680 0.0199184
720 0.0210105
760 0.0222773
800 0.0237857
840 0.0249044
880 0.0260227
920 0.0273216
960 0.0289189
1000 0.0297997
1040 0.0310713
1080 0.0324607
1120 0.0334993
1160 0.0346017
1200 0.0356683
1240 0.0371973
1280 0.038273
1320 0.0392829
1360 0.0403161
1400 0.041361
1440 0.0422656
1480 0.0435032
1520 0.0446504
1560 0.0457102
1600 0.0465631
1640 0.0477749
1680 0.0486637
1720 0.0497714
1760 0.0506446
1800 0.0516818
1840 0.0534632
1880 0.0548521
1920 0.0560449
1960 0.0570599
2000 0.0585173
2040 0.0602147
2080 0.0616056
2120 0.0625016
2160 0.0638088
2200 0.0647649
2240 0.0659453
2280 0.0671647
2320 0.0683272
2360 0.0705049
2400 0.0714551
2440 0.0729961
2480 0.0744762
2520 0.0761823
2560 0.0777325
2600 0.0789584
2640 0.0805316
2680 0.0811637
2720 0.0824667
2760 0.0836845
2800 0.0849418
2840 0.0863059
2880 0.0873464
2920 0.0888877
2960 0.0900837
3000 0.0915596
3040 0.0929318
3080 0.0941961
3120 0.0954884
3160 0.0965834
3200 0.0980316
3240 0.0997321
3280 0.100894
3320 0.102647
3360 0.104112
3400 0.105478
3440 0.106993
3480 0.108421
3520 0.109914
3560 0.111276
3600 0.112405
3640 0.113967
3680 0.115138
3720 0.115984
3760 0.117242
3800 0.118434
3840 0.11958
3880 0.120487
3920 0.122383
3960 0.123737
4000 0.124779
