0 2.56082e-11
40 3.52587e-06
80 1.27432e-05
120 2.4258e-05
160 3.92789e-05
200 5.73265e-05
240 7.66304e-05
280 9.71677e-05
320 0.000126649
360 0.000162051
400 0.000199557
440 0.000243263
480 0.000295694
520 0.000347622
560 0.000405385
600 0.000472301
640 0.000538516
680 0.000596911
720 0.000667296
760 0.000753949
800 0.000862275
840 0.000934105
880 0.0010139
920 0.00111424
960 0.00124993
1000 0.00133004
1040 0.0014552
1080 0.00159896
1120 0.00170624
1160 0.00183241
1200 0.0019397
1240 0.00212086
1280 0.00224037
1320 0.00236008
1360 0.00249846
1400 0.00260983
1440 0.00272421
1480 0.00286695
1520 0.00303679
1560 0.00317274
1600 0.00330634
1640 0.00348616
1680 0.00362093
1720 0.00380532
1760 0.00392681
1800 0.00411898
1840 0.00442067
1880 0.00466536
1920 0.00487355
1960 0.0050451
2000 0.00531164
2040 0.0056553
2080 0.0059083
2120 0.00608115
2160 0.00632555
2200 0.0065274
2240 0.00677183
2280 0.00703316
2320 0.00727659
2360 0.00768179
2400 0.00789574
2440 0.0082685
2480 0.0086345
2520 0.00905376
2560 0.0094367
2600 0.00968271
2640 0.0100713
2680 0.0102391
2720 0.010574
2760 0.0109309
2800 0.0112365
2840 0.0116746
2880 0.0119894
2920 0.0123896
2960 0.0127451
3000 0.0131854
3040 0.0136656
3080 0.0140359
3120 0.0144341
3160 0.0148387
3200 0.0153015
3240 0.0158532
3280 0.0163015
3320 0.0169705
3360 0.0174944
3400 0.0179798
3440 0.0184752
3480 0.0188629
3520 0.019329
3560 0.0198509
3600 0.0203197
3640 0.0209039
3680 0.0212906
3720 0.0216546
3760 0.0220906
3800 0.0225342
3840 0.0230429
3880 0.0234811
3920 0.0243195
3960 0.0248443
4000 0.0251038
