0 41504.40000000 41607.92500000
40.00000000 1564.50000000 1570.35000000
80.00000000 1364.80000000 1372.95000000
120.00000000 1295.50000000 1300.75000000
160.00000000 1258.72500000 1264.62500000
200.00000000 1239.05000000 1243.15000000
240.00000000 1229.55000000 1232.35000000
280.00000000 1220.45000000 1225.02500000
320.00000000 1214.65000000 1219.65000000
360.00000000 1216.82500000 1221.92500000
400.00000000 1216.17500000 1223.72500000
440.00000000 1223.87500000 1229.35000000
480.00000000 1210.72500000 1217.90000000
520.00000000 1212.47500000 1214.55000000
560.00000000 1212.27500000 1218.20000000
600.00000000 1214.85000000 1218.72500000
640.00000000 1211.10000000 1214.75000000
680.00000000 1208.97500000 1212.05000000
720.00000000 1218.80000000 1225.45000000
760.00000000 1207.57500000 1212.22500000
800.00000000 1210.30000000 1213.85000000
840.00000000 1214.80000000 1217.25000000
880.00000000 1219.22500000 1227.87500000
920.00000000 1220.32500000 1226.80000000
960.00000000 1214.87500000 1223.80000000
1000.00000000 1211.62500000 1215.10000000
1040.00000000 1216.55000000 1219.40000000
1080.00000000 1207.87500000 1213.30000000
1120.00000000 1211.97500000 1214.80000000
1160.00000000 1209.55000000 1211.87500000
1200.00000000 1210.77500000 1215.92500000
1240.00000000 1212.17500000 1216.17500000
1280.00000000 1219.60000000 1224.70000000
1320.00000000 1213.47500000 1217.52500000
1360.00000000 1211.87500000 1214.27500000
1400.00000000 1204.02500000 1209.00000000
1440.00000000 1215.20000000 1218.00000000
1480.00000000 1220.05000000 1225.70000000
1520.00000000 1214.42500000 1218.90000000
1560.00000000 1213.75000000 1218.27500000
1600.00000000 1215.95000000 1220.60000000
1640.00000000 1217.70000000 1220.62500000
1680.00000000 1209.52500000 1213.52500000
1720.00000000 1208.85000000 1211.27500000
1760.00000000 1216.80000000 1220.92500000
1800.00000000 1217.87500000 1221.00000000
1840.00000000 1204.75000000 1209.75000000
1880.00000000 1211.40000000 1217.45000000
1920.00000000 1214.20000000 1216.15000000
1960.00000000 1210.82500000 1215.95000000
2000.00000000 1208.67500000 1215.07500000
2040.00000000 1217.35000000 1220.27500000
2080.00000000 1214.37500000 1216.02500000
2120.00000000 1212.52500000 1219.25000000
2160.00000000 1217.97500000 1217.50000000
2200.00000000 1210.15000000 1214.40000000
2240.00000000 1208.95000000 1211.15000000
2280.00000000 1207.62500000 1213.37500000
2320.00000000 1215.07500000 1216.22500000
2360.00000000 1218.25000000 1224.65000000
2400.00000000 1219.12500000 1221.90000000
2440.00000000 1220.15000000 1226.90000000
2480.00000000 1217.27500000 1221.37500000
2520.00000000 1210.77500000 1215.15000000
2560.00000000 1223.77500000 1226.32500000
2600.00000000 1215.57500000 1221.37500000
2640.00000000 1219.70000000 1221.70000000
2680.00000000 1214.77500000 1218.85000000
2720.00000000 1212.30000000 1215.65000000
2760.00000000 1227.80000000 1231.90000000
2800.00000000 1226.65000000 1226.62500000
2840.00000000 1216.92500000 1220.85000000
2880.00000000 1215.80000000 1222.35000000
2920.00000000 1212.52500000 1219.87500000
2960.00000000 1218.95000000 1222.42500000
3000.00000000 1208.40000000 1211.77500000
3040.00000000 1222.22500000 1223.97500000
3080.00000000 1219.62500000 1225.82500000
3120.00000000 1217.87500000 1221.85000000
3160.00000000 1212.65000000 1214.97500000
3200.00000000 1218.22500000 1219.52500000
3240.00000000 1216.10000000 1219.42500000
3280.00000000 1214.57500000 1221.05000000
3320.00000000 1217.30000000 1221.12500000
3360.00000000 1213.30000000 1216.65000000
3400.00000000 1220.20000000 1222.22500000
3440.00000000 1217.72500000 1222.92500000
3480.00000000 1225.15000000 1227.17500000
3520.00000000 1225.80000000 1230.67500000
3560.00000000 1210.67500000 1215.45000000
3600.00000000 1221.27500000 1223.55000000
3640.00000000 1214.42500000 1219.42500000
3680.00000000 1222.55000000 1226.87500000
3720.00000000 1208.65000000 1212.62500000
3760.00000000 1209.05000000 1211.55000000
3800.00000000 1208.80000000 1210.47500000
3840.00000000 1216.55000000 1218.12500000
3880.00000000 1210.55000000 1213.85000000
3920.00000000 1217.17500000 1219.05000000
3960.00000000 1212.87500000 1217.75000000
4000.00000000 1223.32500000 1226.87500000
