0 41517.70000000 41616.60000000
40.00000000 1559.65000000 1565.30000000
80.00000000 1358.65000000 1368.90000000
120.00000000 1284.05000000 1289.40000000
160.00000000 1250.90000000 1257.25000000
200.00000000 1234.90000000 1242.85000000
240.00000000 1234.80000000 1238.15000000
280.00000000 1232.10000000 1235.60000000
320.00000000 1223.20000000 1231.20000000
360.00000000 1224.80000000 1228.25000000
400.00000000 1209.35000000 1217.00000000
440.00000000 1221.80000000 1228.40000000
480.00000000 1210.25000000 1219.40000000
520.00000000 1213.45000000 1214.30000000
560.00000000 1216.55000000 1225.10000000
600.00000000 1215.95000000 1220.55000000
640.00000000 1218.60000000 1220.25000000
680.00000000 1200.70000000 1203.60000000
720.00000000 1221.30000000 1227.50000000
760.00000000 1216.45000000 1220.70000000
800.00000000 1216.80000000 1216.85000000
840.00000000 1216.60000000 1222.00000000
880.00000000 1221.70000000 1230.55000000
920.00000000 1230.80000000 1241.40000000
960.00000000 1213.55000000 1225.70000000
1000.00000000 1219.35000000 1224.55000000
1040.00000000 1216.15000000 1219.05000000
1080.00000000 1216.75000000 1221.45000000
1120.00000000 1212.40000000 1216.30000000
1160.00000000 1202.50000000 1207.30000000
1200.00000000 1206.55000000 1213.05000000
1240.00000000 1201.50000000 1203.45000000
1280.00000000 1216.60000000 1222.65000000
1320.00000000 1213.25000000 1219.75000000
1360.00000000 1211.25000000 1216.55000000
1400.00000000 1197.25000000 1202.25000000
1440.00000000 1215.70000000 1216.20000000
1480.00000000 1217.55000000 1221.40000000
1520.00000000 1216.70000000 1217.80000000
1560.00000000 1206.90000000 1211.70000000
1600.00000000 1221.15000000 1220.75000000
1640.00000000 1220.15000000 1223.70000000
1680.00000000 1217.70000000 1220.50000000
1720.00000000 1210.10000000 1214.80000000
1760.00000000 1221.55000000 1225.20000000
1800.00000000 1218.45000000 1221.95000000
1840.00000000 1207.05000000 1214.05000000
1880.00000000 1214.85000000 1223.25000000
1920.00000000 1212.75000000 1215.60000000
1960.00000000 1205.70000000 1209.60000000
2000.00000000 1204.65000000 1210.50000000
2040.00000000 1209.15000000 1216.00000000
2080.00000000 1210.35000000 1211.20000000
2120.00000000 1202.35000000 1210.55000000
2160.00000000 1206.85000000 1207.10000000
2200.00000000 1201.10000000 1204.95000000
2240.00000000 1198.15000000 1202.05000000
2280.00000000 1207.25000000 1212.05000000
2320.00000000 1219.35000000 1221.55000000
2360.00000000 1226.70000000 1230.95000000
2400.00000000 1226.10000000 1227.45000000
2440.00000000 1221.85000000 1225.20000000
2480.00000000 1210.65000000 1212.55000000
2520.00000000 1212.75000000 1217.90000000
2560.00000000 1230.05000000 1233.35000000
2600.00000000 1216.35000000 1222.75000000
2640.00000000 1221.90000000 1224.55000000
2680.00000000 1213.30000000 1218.35000000
2720.00000000 1213.45000000 1216.20000000
2760.00000000 1224.45000000 1229.20000000
2800.00000000 1223.65000000 1225.15000000
2840.00000000 1219.55000000 1223.50000000
2880.00000000 1213.50000000 1220.85000000
2920.00000000 1203.20000000 1212.35000000
2960.00000000 1228.30000000 1233.45000000
3000.00000000 1210.25000000 1211.55000000
3040.00000000 1225.60000000 1224.30000000
3080.00000000 1223.90000000 1226.85000000
3120.00000000 1220.15000000 1222.80000000
3160.00000000 1217.35000000 1217.20000000
3200.00000000 1219.75000000 1218.05000000
3240.00000000 1226.55000000 1229.50000000
3280.00000000 1222.65000000 1230.00000000
3320.00000000 1234.40000000 1239.25000000
3360.00000000 1220.75000000 1223.10000000
3400.00000000 1214.95000000 1218.30000000
3440.00000000 1222.45000000 1224.75000000
3480.00000000 1230.45000000 1233.20000000
3520.00000000 1233.90000000 1239.90000000
3560.00000000 1210.50000000 1214.30000000
3600.00000000 1225.15000000 1227.65000000
3640.00000000 1215.00000000 1222.95000000
3680.00000000 1220.55000000 1227.20000000
3720.00000000 1207.35000000 1210.95000000
3760.00000000 1219.75000000 1218.55000000
3800.00000000 1209.00000000 1211.50000000
3840.00000000 1220.65000000 1225.10000000
3880.00000000 1210.05000000 1213.60000000
3920.00000000 1225.85000000 1226.35000000
3960.00000000 1212.25000000 1218.60000000
4000.00000000 1215.20000000 1217.25000000
