0 41491.10000000 41599.25000000
40.00000000 1569.35000000 1575.40000000
80.00000000 1370.95000000 1377.00000000
120.00000000 1306.95000000 1312.10000000
160.00000000 1266.55000000 1272.00000000
200.00000000 1243.20000000 1243.45000000
240.00000000 1224.30000000 1226.55000000
280.00000000 1208.80000000 1214.45000000
320.00000000 1206.10000000 1208.10000000
360.00000000 1208.85000000 1215.60000000
400.00000000 1223.00000000 1230.45000000
440.00000000 1225.95000000 1230.30000000
480.00000000 1211.20000000 1216.40000000
520.00000000 1211.50000000 1214.80000000
560.00000000 1208.00000000 1211.30000000
600.00000000 1213.75000000 1216.90000000
640.00000000 1203.60000000 1209.25000000
680.00000000 1217.25000000 1220.50000000
720.00000000 1216.30000000 1223.40000000
760.00000000 1198.70000000 1203.75000000
800.00000000 1203.80000000 1210.85000000
840.00000000 1213.00000000 1212.50000000
880.00000000 1216.75000000 1225.20000000
920.00000000 1209.85000000 1212.20000000
960.00000000 1216.20000000 1221.90000000
1000.00000000 1203.90000000 1205.65000000
1040.00000000 1216.95000000 1219.75000000
1080.00000000 1199.00000000 1205.15000000
1120.00000000 1211.55000000 1213.30000000
1160.00000000 1216.60000000 1216.45000000
1200.00000000 1215.00000000 1218.80000000
1240.00000000 1222.85000000 1228.90000000
1280.00000000 1222.60000000 1226.75000000
1320.00000000 1213.70000000 1215.30000000
1360.00000000 1212.50000000 1212.00000000
1400.00000000 1210.80000000 1215.75000000
1440.00000000 1214.70000000 1219.80000000
1480.00000000 1222.55000000 1230.00000000
1520.00000000 1212.15000000 1220.00000000
1560.00000000 1220.60000000 1224.85000000
1600.00000000 1210.75000000 1220.45000000
1640.00000000 1215.25000000 1217.55000000
1680.00000000 1201.35000000 1206.55000000
1720.00000000 1207.60000000 1207.75000000
1760.00000000 1212.05000000 1216.65000000
1800.00000000 1217.30000000 1220.05000000
1840.00000000 1202.45000000 1205.45000000
1880.00000000 1207.95000000 1211.65000000
1920.00000000 1215.65000000 1216.70000000
1960.00000000 1215.95000000 1222.30000000
2000.00000000 1212.70000000 1219.65000000
2040.00000000 1225.55000000 1224.55000000
2080.00000000 1218.40000000 1220.85000000
2120.00000000 1222.70000000 1227.95000000
2160.00000000 1229.10000000 1227.90000000
2200.00000000 1219.20000000 1223.85000000
2240.00000000 1219.75000000 1220.25000000
2280.00000000 1208.00000000 1214.70000000
2320.00000000 1210.80000000 1210.90000000
2360.00000000 1209.80000000 1218.35000000
2400.00000000 1212.15000000 1216.35000000
2440.00000000 1218.45000000 1228.60000000
2480.00000000 1223.90000000 1230.20000000
2520.00000000 1208.80000000 1212.40000000
2560.00000000 1217.50000000 1219.30000000
2600.00000000 1214.80000000 1220.00000000
2640.00000000 1217.50000000 1218.85000000
2680.00000000 1216.25000000 1219.35000000
2720.00000000 1211.15000000 1215.10000000
2760.00000000 1231.15000000 1234.60000000
2800.00000000 1229.65000000 1228.10000000
2840.00000000 1214.30000000 1218.20000000
2880.00000000 1218.10000000 1223.85000000
2920.00000000 1221.85000000 1227.40000000
2960.00000000 1209.60000000 1211.40000000
3000.00000000 1206.55000000 1212.00000000
3040.00000000 1218.85000000 1223.65000000
3080.00000000 1215.35000000 1224.80000000
3120.00000000 1215.60000000 1220.90000000
3160.00000000 1207.95000000 1212.75000000
3200.00000000 1216.70000000 1221.00000000
3240.00000000 1205.65000000 1209.35000000
3280.00000000 1206.50000000 1212.10000000
3320.00000000 1200.20000000 1203.00000000
3360.00000000 1205.85000000 1210.20000000
3400.00000000 1225.45000000 1226.15000000
3440.00000000 1213.00000000 1221.10000000
3480.00000000 1219.85000000 1221.15000000
3520.00000000 1217.70000000 1221.45000000
3560.00000000 1210.85000000 1216.60000000
3600.00000000 1217.40000000 1219.45000000
3640.00000000 1213.85000000 1215.90000000
3680.00000000 1224.55000000 1226.55000000
3720.00000000 1209.95000000 1214.30000000
3760.00000000 1198.35000000 1204.55000000
3800.00000000 1208.60000000 1209.45000000
3840.00000000 1212.45000000 1211.15000000
3880.00000000 1211.05000000 1214.10000000
3920.00000000 1208.50000000 1211.75000000
3960.00000000 1213.50000000 1216.90000000
4000.00000000 1231.45000000 1236.50000000
