0 2595.82500000 2602.29375000
128.00000000 27.25625000 27.11250000
256.00000000 19.26875000 19.45625000
384.00000000 15.83750000 15.91250000
512.00000000 13.84375000 14.11250000
640.00000000 12.68750000 12.76250000
768.00000000 11.85000000 11.88750000
896.00000000 10.96875000 10.99375000
1024.00000000 10.41250000 10.41250000
1152.00000000 9.98125000 10.00625000
1280.00000000 9.58125000 9.62500000
1408.00000000 9.21250000 9.26875000
1536.00000000 8.82500000 8.86875000
1664.00000000 8.53125000 8.57500000
1792.00000000 8.18125000 8.21875000
1920.00000000 8.05000000 8.08125000
2048.00000000 7.85000000 7.86250000
2176.00000000 7.53125000 7.64375000
2304.00000000 7.43125000 7.43125000
2432.00000000 7.27500000 7.13750000
2560.00000000 7.05625000 7.11875000
2688.00000000 6.95000000 6.89375000
2816.00000000 6.66250000 6.75625000
2944.00000000 6.65625000 6.67500000
3072.00000000 6.42500000 6.43750000
3200.00000000 6.35000000 6.28125000
3328.00000000 6.22500000 6.18125000
3456.00000000 6.05625000 6.20000000
3584.00000000 5.95000000 5.98750000
3712.00000000 5.91875000 5.86875000
3840.00000000 5.71875000 5.76250000
3968.00000000 5.61875000 5.66250000
4096.00000000 5.53125000 5.54375000
4224.00000000 5.45625000 5.46250000
4352.00000000 5.31250000 5.43750000
4480.00000000 5.29375000 5.33125000
4608.00000000 5.18125000 5.16875000
4736.00000000 5.06250000 5.17500000
4864.00000000 5.06250000 5.08125000
4992.00000000 5.03125000 4.94375000
5120.00000000 4.88750000 4.84375000
5248.00000000 4.81875000 4.82500000
5376.00000000 4.80625000 4.81250000
5504.00000000 4.75625000 4.76875000
5632.00000000 4.75625000 4.78125000
5760.00000000 4.68750000 4.68125000
5888.00000000 4.64375000 4.61250000
6016.00000000 4.48750000 4.50000000
6144.00000000 4.51250000 4.49375000
6272.00000000 4.48125000 4.46875000
6400.00000000 4.46875000 4.43125000
6528.00000000 4.38750000 4.35625000
6656.00000000 4.36875000 4.26875000
6784.00000000 4.31875000 4.25625000
6912.00000000 4.20625000 4.19375000
7040.00000000 4.24375000 4.19375000
7168.00000000 4.12500000 4.19375000
7296.00000000 4.09375000 4.14375000
7424.00000000 4.03125000 4.06875000
7552.00000000 4.06250000 3.98750000
7680.00000000 4.04375000 4.03750000
7808.00000000 3.91250000 4.01250000
7936.00000000 3.93750000 3.95625000
8064.00000000 3.88750000 3.90625000
8192.00000000 3.90000000 3.84375000
8320.00000000 3.73750000 3.84375000
8448.00000000 3.79375000 3.88125000
8576.00000000 3.76250000 3.72500000
8704.00000000 3.66250000 3.69375000
8832.00000000 3.66875000 3.70625000
8960.00000000 3.64375000 3.68125000
9088.00000000 3.60000000 3.58750000
9216.00000000 3.58750000 3.61250000
9344.00000000 3.61250000 3.55000000
9472.00000000 3.50625000 3.55000000
9600.00000000 3.55000000 3.58125000
9728.00000000 3.50625000 3.58750000
9856.00000000 3.52500000 3.49375000
9984.00000000 3.48125000 3.46875000
10112.00000000 3.38125000 3.41250000
10240.00000000 3.36250000 3.36250000
10368.00000000 3.35000000 3.36875000
10496.00000000 3.32500000 3.32500000
10624.00000000 3.22500000 3.31875000
10752.00000000 3.30000000 3.29375000
10880.00000000 3.15000000 3.27500000
11008.00000000 3.19375000 3.33125000
11136.00000000 3.20000000 3.21875000
11264.00000000 3.13750000 3.18750000
11392.00000000 3.15000000 3.15000000
11520.00000000 3.11250000 3.15625000
11648.00000000 3.11875000 3.16875000
11776.00000000 3.06875000 3.14375000
11904.00000000 3.03750000 3.13125000
12032.00000000 3.05625000 3.07500000
12160.00000000 3.06250000 3.08125000
12288.00000000 3.06875000 3.08125000
12416.00000000 3.01250000 3.08750000
12544.00000000 2.89375000 3.01250000
12672.00000000 2.97500000 2.98125000
12800.00000000 2.95000000 2.98125000
