0 2596.69000000 2603.07000000
128.00000000 27.07000000 27.11000000
256.00000000 19.24000000 19.36000000
384.00000000 15.83000000 15.76000000
512.00000000 13.69000000 13.93000000
640.00000000 12.48000000 12.54000000
768.00000000 11.58000000 11.68000000
896.00000000 10.68000000 10.76000000
1024.00000000 10.22000000 10.26000000
1152.00000000 9.83000000 9.76000000
1280.00000000 9.40000000 9.46000000
1408.00000000 9.03000000 9.06000000
1536.00000000 8.67000000 8.78000000
1664.00000000 8.39000000 8.41000000
1792.00000000 8.09000000 8.14000000
1920.00000000 7.96000000 7.98000000
2048.00000000 7.82000000 7.83000000
2176.00000000 7.45000000 7.59000000
2304.00000000 7.35000000 7.36000000
2432.00000000 7.21000000 7.07000000
2560.00000000 6.96000000 7.08000000
2688.00000000 6.86000000 6.85000000
2816.00000000 6.63000000 6.69000000
2944.00000000 6.59000000 6.60000000
3072.00000000 6.36000000 6.39000000
3200.00000000 6.32000000 6.23000000
3328.00000000 6.23000000 6.08000000
3456.00000000 6.05000000 6.15000000
3584.00000000 5.95000000 6.08000000
3712.00000000 5.88000000 5.87000000
3840.00000000 5.69000000 5.65000000
3968.00000000 5.60000000 5.59000000
4096.00000000 5.46000000 5.55000000
4224.00000000 5.39000000 5.37000000
4352.00000000 5.26000000 5.43000000
4480.00000000 5.28000000 5.32000000
4608.00000000 5.17000000 5.21000000
4736.00000000 5.07000000 5.15000000
4864.00000000 5.06000000 5.10000000
4992.00000000 5.02000000 4.92000000
5120.00000000 4.88000000 4.86000000
5248.00000000 4.80000000 4.82000000
5376.00000000 4.84000000 4.79000000
5504.00000000 4.75000000 4.81000000
5632.00000000 4.74000000 4.75000000
5760.00000000 4.67000000 4.73000000
5888.00000000 4.61000000 4.61000000
6016.00000000 4.45000000 4.53000000
6144.00000000 4.57000000 4.48000000
6272.00000000 4.43000000 4.45000000
6400.00000000 4.48000000 4.48000000
6528.00000000 4.34000000 4.38000000
6656.00000000 4.38000000 4.23000000
6784.00000000 4.33000000 4.24000000
6912.00000000 4.29000000 4.21000000
7040.00000000 4.26000000 4.23000000
7168.00000000 4.13000000 4.20000000
7296.00000000 4.17000000 4.12000000
7424.00000000 4.07000000 4.08000000
7552.00000000 4.08000000 3.99000000
7680.00000000 4.08000000 4.05000000
7808.00000000 3.93000000 4.00000000
7936.00000000 3.95000000 3.94000000
8064.00000000 3.87000000 3.89000000
8192.00000000 3.90000000 3.84000000
8320.00000000 3.76000000 3.89000000
8448.00000000 3.82000000 3.88000000
8576.00000000 3.81000000 3.76000000
8704.00000000 3.66000000 3.70000000
8832.00000000 3.73000000 3.75000000
8960.00000000 3.73000000 3.78000000
9088.00000000 3.65000000 3.60000000
9216.00000000 3.64000000 3.68000000
9344.00000000 3.62000000 3.65000000
9472.00000000 3.55000000 3.63000000
9600.00000000 3.58000000 3.70000000
9728.00000000 3.54000000 3.63000000
9856.00000000 3.54000000 3.52000000
9984.00000000 3.53000000 3.50000000
10112.00000000 3.40000000 3.41000000
10240.00000000 3.38000000 3.38000000
10368.00000000 3.35000000 3.37000000
10496.00000000 3.31000000 3.36000000
10624.00000000 3.22000000 3.31000000
10752.00000000 3.32000000 3.34000000
10880.00000000 3.13000000 3.27000000
11008.00000000 3.14000000 3.31000000
11136.00000000 3.19000000 3.22000000
11264.00000000 3.07000000 3.13000000
11392.00000000 3.13000000 3.09000000
11520.00000000 3.07000000 3.13000000
11648.00000000 3.07000000 3.14000000
11776.00000000 3.03000000 3.14000000
11904.00000000 3.02000000 3.09000000
12032.00000000 3.00000000 3.07000000
12160.00000000 3.07000000 3.06000000
12288.00000000 3.03000000 3.06000000
12416.00000000 2.99000000 3.06000000
12544.00000000 2.94000000 2.97000000
12672.00000000 2.95000000 3.03000000
12800.00000000 2.99000000 2.99000000
