0 2596.49333333 2603.42666667
128.00000000 27.25333333 27.18000000
256.00000000 19.24000000 19.42000000
384.00000000 15.86000000 15.90000000
512.00000000 13.78666667 14.03333333
640.00000000 12.65333333 12.70000000
768.00000000 11.85333333 11.85333333
896.00000000 10.92000000 10.95333333
1024.00000000 10.35333333 10.38666667
1152.00000000 9.94000000 9.97333333
1280.00000000 9.52666667 9.57333333
1408.00000000 9.12666667 9.22000000
1536.00000000 8.76000000 8.82666667
1664.00000000 8.46000000 8.50666667
1792.00000000 8.13333333 8.18000000
1920.00000000 7.98666667 8.00666667
2048.00000000 7.75333333 7.78000000
2176.00000000 7.46666667 7.57333333
2304.00000000 7.34000000 7.32666667
2432.00000000 7.26000000 7.06666667
2560.00000000 6.98000000 7.03333333
2688.00000000 6.89333333 6.84666667
2816.00000000 6.62000000 6.70666667
2944.00000000 6.59333333 6.62666667
3072.00000000 6.38000000 6.40666667
3200.00000000 6.29333333 6.24666667
3328.00000000 6.18666667 6.12666667
3456.00000000 6.02000000 6.15333333
3584.00000000 5.92666667 5.97333333
3712.00000000 5.87333333 5.84000000
3840.00000000 5.66666667 5.70666667
3968.00000000 5.58000000 5.61333333
4096.00000000 5.48000000 5.50000000
4224.00000000 5.40666667 5.40666667
4352.00000000 5.28666667 5.39333333
4480.00000000 5.25333333 5.27333333
4608.00000000 5.12666667 5.11333333
4736.00000000 5.00000000 5.12000000
4864.00000000 5.00000000 5.04000000
4992.00000000 4.98000000 4.88000000
5120.00000000 4.84666667 4.82666667
5248.00000000 4.79333333 4.79333333
5376.00000000 4.76000000 4.76666667
5504.00000000 4.69333333 4.72000000
5632.00000000 4.70000000 4.72666667
5760.00000000 4.63333333 4.62666667
5888.00000000 4.60000000 4.56666667
6016.00000000 4.44000000 4.46666667
6144.00000000 4.47333333 4.47333333
6272.00000000 4.43333333 4.42000000
6400.00000000 4.42666667 4.40666667
6528.00000000 4.34000000 4.30666667
6656.00000000 4.32666667 4.22666667
6784.00000000 4.26000000 4.20666667
6912.00000000 4.15333333 4.16000000
7040.00000000 4.20666667 4.17333333
7168.00000000 4.08000000 4.14666667
7296.00000000 4.07333333 4.10666667
7424.00000000 3.98000000 4.02000000
7552.00000000 4.01333333 3.94666667
7680.00000000 4.02000000 4.01333333
7808.00000000 3.88666667 3.97333333
7936.00000000 3.91333333 3.92666667
8064.00000000 3.88000000 3.88666667
8192.00000000 3.87333333 3.81333333
8320.00000000 3.71333333 3.81333333
8448.00000000 3.76666667 3.87333333
8576.00000000 3.74666667 3.72666667
8704.00000000 3.65333333 3.68000000
8832.00000000 3.64666667 3.68666667
8960.00000000 3.62666667 3.68666667
9088.00000000 3.59333333 3.58000000
9216.00000000 3.60000000 3.61333333
9344.00000000 3.60000000 3.54000000
9472.00000000 3.50000000 3.53333333
9600.00000000 3.53333333 3.59333333
9728.00000000 3.52000000 3.58000000
9856.00000000 3.51333333 3.49333333
9984.00000000 3.46666667 3.46000000
10112.00000000 3.37333333 3.41333333
10240.00000000 3.37333333 3.34000000
10368.00000000 3.32666667 3.36000000
10496.00000000 3.30666667 3.30666667
10624.00000000 3.21333333 3.31333333
10752.00000000 3.29333333 3.30666667
10880.00000000 3.14000000 3.27333333
11008.00000000 3.19333333 3.32000000
11136.00000000 3.18666667 3.22000000
11264.00000000 3.12000000 3.18000000
11392.00000000 3.14666667 3.13333333
11520.00000000 3.10000000 3.14000000
11648.00000000 3.11333333 3.17333333
11776.00000000 3.05333333 3.14000000
11904.00000000 3.02000000 3.12000000
12032.00000000 3.04666667 3.07333333
12160.00000000 3.04666667 3.08000000
12288.00000000 3.04666667 3.06000000
12416.00000000 2.99333333 3.07333333
12544.00000000 2.87333333 2.99333333
12672.00000000 2.96666667 2.97333333
12800.00000000 2.94000000 2.97333333
