0 0.000183987
20.25 0.0224217
40.5 0.0343457
60.75 0.0437263
81 0.0513048
101.25 0.0587098
121.5 0.0646814
141.75 0.0717708
162 0.0782144
182.25 0.0836068
202.5 0.0870708
222.75 0.0902954
243 0.0932258
263.25 0.0969426
283.5 0.100365
303.75 0.103245
324 0.106058
344.25 0.108781
364.5 0.111856
384.75 0.114887
405 0.116809
425.25 0.119675
445.5 0.123624
465.75 0.126762
486 0.129331
506.25 0.131206
526.5 0.134514
546.75 0.136808
567 0.139
587.25 0.142115
607.5 0.14317
627.75 0.144937
648 0.146044
668.25 0.148064
688.5 0.147768
708.75 0.148521
729 0.149033
749.25 0.14969
769.5 0.149703
789.75 0.150179
810 0.149049
830.25 0.148833
850.5 0.147961
870.75 0.148987
891 0.149078
911.25 0.15087
931.5 0.150796
951.75 0.152347
972 0.152144
992.25 0.151011
1012.5 0.149607
1032.75 0.150921
1053 0.151141
1073.25 0.150617
1093.5 0.150602
1113.75 0.151217
1134 0.152292
1154.25 0.152515
1174.5 0.153129
1194.75 0.154074
1215 0.155636
1235.25 0.15568
1255.5 0.154687
1275.75 0.153401
1296 0.152953
1316.25 0.153367
1336.5 0.153627
1356.75 0.153496
1377 0.152835
1397.25 0.153271
1417.5 0.153567
1437.75 0.156335
1458 0.158693
1478.25 0.161096
1498.5 0.162368
1518.75 0.163297
1539 0.165936
1559.25 0.166607
1579.5 0.167878
1599.75 0.168712
1620 0.169396
1640.25 0.170708
1660.5 0.171398
1680.75 0.172543
1701 0.171875
1721.25 0.171569
1741.5 0.171564
1761.75 0.170376
1782 0.170219
1802.25 0.170651
1822.5 0.169985
1842.75 0.169973
1863 0.169771
1883.25 0.169778
1903.5 0.170118
1923.75 0.168729
1944 0.167281
1964.25 0.166719
1984.5 0.166947
2004.75 0.167482
2025 0.167958
2045.25 0.169287
2065.5 0.169586
2085.75 0.170493
2106 0.170887
2126.25 0.172648
2146.5 0.173435
2166.75 0.173764
2187 0.173191
2207.25 0.172503
2227.5 0.173115
2247.75 0.172708
2268 0.173818
2288.25 0.174897
2308.5 0.175575
2328.75 0.173965
2349 0.173794
2369.25 0.174127
2389.5 0.174599
2409.75 0.174719
2430 0.174998
2450.25 0.174469
2470.5 0.174509
2490.75 0.175461
2511 0.174838
2531.25 0.175345
2551.5 0.177028
2571.75 0.177864
2592 0.18043
2612.25 0.18201
2632.5 0.182394
2652.75 0.18307
2673 0.182358
2693.25 0.182026
2713.5 0.181249
2733.75 0.18124
2754 0.181947
2774.25 0.181365
2794.5 0.181107
2814.75 0.181552
2835 0.18233
2855.25 0.182671
2875.5 0.182816
2895.75 0.181422
2916 0.182561
2936.25 0.182843
2956.5 0.184196
2976.75 0.183329
2997 0.183749
3017.25 0.183647
3037.5 0.182796
3057.75 0.180663
3078 0.181706
3098.25 0.181643
3118.5 0.181453
3138.75 0.18184
3159 0.180915
3179.25 0.181191
3199.5 0.181693
3219.75 0.180431
3240 0.179116
3260.25 0.179214
3280.5 0.179424
3300.75 0.180175
3321 0.180093
3341.25 0.181097
3361.5 0.181643
3381.75 0.181375
3402 0.182064
3422.25 0.181406
3442.5 0.181099
3462.75 0.179616
3483 0.179278
3503.25 0.178911
3523.5 0.177561
3543.75 0.176431
3564 0.174653
3584.25 0.174442
3604.5 0.175487
3624.75 0.174742
3645 0.174855
3665.25 0.175074
3685.5 0.175047
3705.75 0.176584
3726 0.175585
3746.25 0.175867
3766.5 0.174544
3786.75 0.173884
3807 0.172137
3827.25 0.172274
3847.5 0.172671
3867.75 0.172057
3888 0.172001
3908.25 0.172285
3928.5 0.173035
3948.75 0.173129
3969 0.172787
3989.25 0.172969
4009.5 0.171764
4029.75 0.170931
4050 0.171405
