0 0.0950517
20.25 -0.0874442
40.5 0.0334354
60.75 0.115545
81 0.114993
101.25 0.130989
121.5 0.152551
141.75 0.180264
162 0.100134
182.25 0.0693552
202.5 0.0998055
222.75 0.128737
243 0.125741
263.25 0.129608
283.5 0.126798
303.75 0.126664
324 0.136215
344.25 0.107082
364.5 0.095296
384.75 0.0518856
405 0.0266398
425.25 0.0666554
445.5 0.0983099
465.75 0.0988377
486 0.143726
506.25 0.165144
526.5 0.191709
546.75 0.228583
567 0.249621
587.25 0.29541
607.5 0.302138
627.75 0.29594
648 0.286568
668.25 0.291684
688.5 0.28106
708.75 0.274868
729 0.242819
749.25 0.210069
769.5 0.186542
789.75 0.178335
810 0.159271
830.25 0.131209
850.5 0.114108
870.75 0.0947138
891 0.0896155
911.25 0.0871913
931.5 0.0798929
951.75 0.0983556
972 0.0956049
992.25 0.0931219
1012.5 0.0755982
1032.75 0.0900593
1053 0.083079
1073.25 0.0840905
1093.5 0.0626017
1113.75 0.0463645
1134 0.0207965
1154.25 -0.0152964
1174.5 -0.0310635
1194.75 -0.0315895
1215 -0.00661236
1235.25 -0.00890345
1255.5 -0.0270864
1275.75 -0.0569816
1296 -0.0559428
1316.25 -0.0601792
1336.5 -0.0746505
1356.75 -0.0711054
1377 -0.0850876
1397.25 -0.0759617
1417.5 -0.0722276
1437.75 -0.0680144
1458 -0.0821887
1478.25 -0.106421
1498.5 -0.161936
1518.75 -0.207972
1539 -0.221858
1559.25 -0.262662
1579.5 -0.265988
1599.75 -0.2619
1620 -0.281835
1640.25 -0.281603
1660.5 -0.290402
1680.75 -0.298536
1701 -0.339019
1721.25 -0.358137
1741.5 -0.373453
1761.75 -0.403739
1782 -0.43176
1802.25 -0.441477
1822.5 -0.452108
1842.75 -0.450687
1863 -0.450404
1883.25 -0.440337
1903.5 -0.429467
1923.75 -0.43293
1944 -0.437561
1964.25 -0.463451
1984.5 -0.485923
2004.75 -0.502421
2025 -0.539841
2045.25 -0.543477
2065.5 -0.569669
2085.75 -0.56815
2106 -0.585779
2126.25 -0.588507
2146.5 -0.592534
2166.75 -0.609573
2187 -0.635051
2207.25 -0.655038
2227.5 -0.650508
2247.75 -0.677807
2268 -0.664273
2288.25 -0.656437
2308.5 -0.650395
2328.75 -0.680697
2349 -0.683547
2369.25 -0.688969
2389.5 -0.688281
2409.75 -0.700763
2430 -0.70161
2450.25 -0.716969
2470.5 -0.699568
2490.75 -0.701313
2511 -0.69884
2531.25 -0.694879
2551.5 -0.660684
2571.75 -0.656176
2592 -0.642044
2612.25 -0.640042
2632.5 -0.653431
2652.75 -0.678727
2673 -0.714677
2693.25 -0.766772
2713.5 -0.812556
2733.75 -0.841375
2754 -0.834235
2774.25 -0.849153
2794.5 -0.861354
2814.75 -0.856226
2835 -0.844826
2855.25 -0.843025
2875.5 -0.847987
2895.75 -0.887286
2916 -0.879504
2936.25 -0.886718
2956.5 -0.871492
2976.75 -0.896088
2997 -0.915182
3017.25 -0.927626
3037.5 -0.939457
3057.75 -0.970754
3078 -0.942418
3098.25 -0.945194
3118.5 -0.956969
3138.75 -0.945177
3159 -0.966074
3179.25 -0.96535
3199.5 -0.959568
3219.75 -0.989444
3240 -1.02181
3260.25 -1.02002
3280.5 -1.00809
3300.75 -1.004
3321 -0.995184
3341.25 -0.976509
3361.5 -0.979423
3381.75 -0.963832
3402 -0.959526
3422.25 -0.982266
3442.5 -0.986667
3462.75 -1.00475
3483 -1.01557
3503.25 -1.03075
3523.5 -1.05001
3543.75 -1.07375
3564 -1.11759
3584.25 -1.12788
3604.5 -1.10509
3624.75 -1.12678
3645 -1.11811
3665.25 -1.10751
3685.5 -1.09865
3705.75 -1.06903
3726 -1.0901
3746.25 -1.0707
3766.5 -1.10981
3786.75 -1.12943
3807 -1.15753
3827.25 -1.16383
3847.5 -1.15089
3867.75 -1.16675
3888 -1.16866
3908.25 -1.17107
3928.5 -1.1439
3948.75 -1.15569
3969 -1.1666
3989.25 -1.14988
4009.5 -1.17294
4029.75 -1.21165
4050 -1.19419
