0 -0.0224245
1 0.094634
2 0.219705
3 0.266597
4 0.261351
5 0.307762
6 0.336908
7 0.363582
8 0.390309
9 0.412399
10 0.43899
11 0.461725
12 0.490557
13 0.511432
14 0.541018
15 0.562969
16 0.585351
17 0.606711
18 0.623934
19 0.641866
20 0.659737
21 0.67812
22 0.693997
23 0.709009
24 0.722753
25 0.736812
26 0.748014
27 0.759672
28 0.772368
29 0.782286
30 0.792371
31 0.801204
32 0.809841
33 0.818815
34 0.825944
35 0.833679
36 0.84167
37 0.849152
38 0.856273
39 0.861646
40 0.867487
41 0.873073
42 0.877866
43 0.882642
44 0.887948
45 0.891677
46 0.895652
47 0.900178
48 0.905296
49 0.909176
50 0.913991
51 0.917678
52 0.920626
53 0.924243
54 0.927774
55 0.93064
56 0.932949
57 0.935496
58 0.939144
59 0.942194
60 0.944233
61 0.9458
62 0.94795
63 0.949335
64 0.95152
65 0.953249
66 0.95546
67 0.956897
68 0.957033
69 0.957513
70 0.95826
71 0.960026
72 0.961291
73 0.962475
74 0.963345
75 0.965251
76 0.966916
77 0.96817
78 0.969226
79 0.970651
80 0.971958
81 0.973044
82 0.974477
83 0.975416
84 0.976416
85 0.977197
86 0.978316
87 0.979034
88 0.979598
89 0.981027
90 0.982191
91 0.982849
92 0.983779
93 0.984435
94 0.985062
95 0.986124
96 0.987049
97 0.987752
98 0.988313
99 0.988528
100 0.988871
101 0.989507
102 0.989744
103 0.989964
104 0.990154
105 0.990263
106 0.990277
107 0.990537
108 0.990586
109 0.990602
110 0.990735
111 0.990892
112 0.991021
113 0.991267
114 0.991472
115 0.991582
116 0.991601
117 0.991743
118 0.992043
119 0.992356
120 0.992398
121 0.992372
122 0.992439
123 0.992774
124 0.992867
125 0.993077
126 0.993033
127 0.993167
128 0.993279
129 0.99333
130 0.993352
131 0.993405
132 0.993505
133 0.99381
134 0.993663
135 0.993934
136 0.993913
137 0.994173
138 0.994457
139 0.994614
140 0.994719
141 0.994725
142 0.994731
143 0.994776
144 0.994912
145 0.9951
146 0.995202
147 0.995457
148 0.995425
149 0.995492
150 0.995783
151 0.995811
152 0.995897
153 0.995973
154 0.996075
155 0.996183
156 0.996369
157 0.996513
158 0.996611
159 0.99677
160 0.996873
161 0.99674
162 0.996924
163 0.996989
164 0.997092
165 0.997251
166 0.997477
167 0.997664
168 0.997739
169 0.997962
170 0.997945
171 0.998225
172 0.998363
173 0.998568
174 0.99869
175 0.998867
176 0.99911
177 0.999206
178 0.999256
179 0.999371
180 0.999469
181 0.999624
182 0.999627
183 0.999701
184 0.999788
185 0.999893
186 0.999925
187 0.999945
188 0.999946
189 0.999942
190 0.99996
191 0.999958
192 0.999957
193 0.999963
194 0.999969
195 0.999972
196 0.999969
197 0.999964
198 0.999963
199 0.999958
200 0.999964
