0 0.300668
16 0.590306
32 0.653618
48 0.678754
64 0.692883
80 0.699946
96 0.713783
112 0.723727
128 0.731802
144 0.744618
160 0.755957
176 0.766967
192 0.778195
208 0.789982
224 0.798272
240 0.808047
256 0.818218
272 0.828822
288 0.838665
304 0.845171
320 0.851198
336 0.857634
352 0.861591
368 0.869025
384 0.87486
400 0.880012
416 0.88551
432 0.888721
448 0.891392
464 0.895221
480 0.900076
496 0.903582
512 0.908415
528 0.911658
544 0.917405
560 0.922299
576 0.9267
592 0.930221
608 0.933577
624 0.937465
640 0.941146
656 0.945012
672 0.947575
688 0.949868
704 0.952703
720 0.954614
736 0.956967
752 0.959352
768 0.961405
784 0.963412
800 0.965181
816 0.966278
832 0.968164
848 0.969846
864 0.970895
880 0.972477
896 0.973808
912 0.975114
928 0.976594
944 0.977688
960 0.97853
976 0.980382
992 0.980941
1008 0.982101
1024 0.983
1040 0.983982
1056 0.984987
1072 0.985996
1088 0.986737
1104 0.987469
1120 0.988085
1136 0.98879
1152 0.989127
1168 0.989813
1184 0.990443
1200 0.99096
1216 0.991587
1232 0.992228
1248 0.992605
1264 0.992944
1280 0.993443
1296 0.993846
1312 0.994255
1328 0.99457
1344 0.994993
1360 0.995384
1376 0.995735
1392 0.996012
1408 0.99614
1424 0.996446
1440 0.996887
1456 0.997404
1472 0.997879
1488 0.998119
1504 0.998392
1520 0.998611
1536 0.998759
1552 0.998933
1568 0.999038
1584 0.999196
1600 0.999343
1616 0.999452
1632 0.999535
1648 0.999578
1664 0.999662
1680 0.999727
1696 0.999789
1712 0.999803
1728 0.999856
1744 0.999909
1760 0.999933
1776 0.999946
1792 0.999971
1808 0.999974
1824 0.999977
1840 0.999974
1856 0.99998
1872 0.999979
1888 0.999984
1904 0.999981
1920 0.999979
1936 0.999979
1952 0.999977
1968 0.999979
1984 0.99998
2000 0.999983
2016 0.999981
2032 0.99998
2048 0.999982
2064 0.999982
2080 0.99998
2096 0.999977
2112 0.999981
2128 0.999982
2144 0.999978
2160 0.999982
2176 0.999984
2192 0.999983
2208 0.999983
2224 0.999981
2240 0.999977
2256 0.999976
2272 0.999981
2288 0.999978
2304 0.999979
2320 0.999981
2336 0.99998
2352 0.99998
2368 0.999982
2384 0.999982
2400 0.999981
2416 0.999981
2432 0.999981
2448 0.999982
2464 0.999983
2480 0.999982
2496 0.999984
2512 0.999982
2528 0.999979
2544 0.999981
2560 0.99998
2576 0.999982
2592 0.999979
2608 0.999978
2624 0.999978
2640 0.999981
2656 0.999974
2672 0.999975
2688 0.999978
2704 0.999979
2720 0.999981
2736 0.999982
2752 0.99998
2768 0.999984
2784 0.999982
2800 0.999983
2816 0.999982
2832 0.99998
2848 0.999978
2864 0.999979
2880 0.999981
2896 0.999981
2912 0.999978
2928 0.999984
2944 0.999977
2960 0.99998
2976 0.999981
2992 0.999984
3008 0.999978
3024 0.999979
3040 0.999981
3056 0.999979
3072 0.999979
3088 0.99998
3104 0.999981
3120 0.999978
3136 0.99998
3152 0.999978
3168 0.999979
3184 0.999983
3200 0.999981
3216 0.999983
3232 0.999983
3248 0.999982
3264 0.999979
3280 0.999982
3296 0.99998
3312 0.999979
3328 0.999978
3344 0.999981
3360 0.999976
3376 0.999976
3392 0.999981
3408 0.999983
3424 0.999983
3440 0.999982
3456 0.99998
3472 0.999982
3488 0.999983
3504 0.99998
3520 0.999985
3536 0.999981
3552 0.999981
3568 0.999979
3584 0.999982
3600 0.999982
3616 0.999983
3632 0.999982
3648 0.999981
3664 0.999981
3680 0.999978
3696 0.999982
3712 0.99998
3728 0.999983
3744 0.999982
3760 0.999979
3776 0.999977
3792 0.999979
3808 0.99998
3824 0.99998
3840 0.999975
3856 0.999979
3872 0.99998
3888 0.999975
3904 0.999979
3920 0.999978
3936 0.999979
3952 0.999984
3968 0.999981
3984 0.999983
4000 0.999979
4016 0.999981
4032 0.999981
4048 0.999983
4064 0.999983
4080 0.999982
4096 0.99998
4112 0.99998
4128 0.999981
4144 0.999978
4160 0.999981
4176 0.999978
4192 0.999976
4208 0.999974
4224 0.999982
4240 0.999981
4256 0.999983
4272 0.999978
4288 0.999979
4304 0.999978
4320 0.999977
4336 0.999979
4352 0.999981
4368 0.999979
4384 0.999982
4400 0.999981
4416 0.999981
4432 0.99998
4448 0.999982
4464 0.999984
4480 0.999984
4496 0.999981
4512 0.999978
4528 0.999982
4544 0.999981
4560 0.999984
4576 0.999983
4592 0.99998
4608 0.999986
4624 0.999981
4640 0.999982
4656 0.999981
4672 0.999983
4688 0.999983
4704 0.99998
4720 0.99998
4736 0.999978
4752 0.999981
4768 0.999979
4784 0.999981
4800 0.99998
4816 0.999981
4832 0.999982
4848 0.999983
4864 0.999979
4880 0.999981
4896 0.999982
4912 0.99998
