0 648.23033175 649.85213270
16.00000000 19.55165877 19.72132701
32.00000000 12.17440758 12.22085308
48.00000000 9.28151659 9.32417062
64.00000000 7.63317536 7.69668246
80.00000000 6.56492891 6.58672986
96.00000000 5.84360190 5.86161137
112.00000000 5.19241706 5.27677725
128.00000000 4.81895735 4.81516588
144.00000000 4.44454976 4.47677725
160.00000000 4.15924171 4.18957346
176.00000000 3.89857820 3.89668246
192.00000000 3.71658768 3.70900474
208.00000000 3.49289100 3.52985782
224.00000000 3.34691943 3.33364929
240.00000000 3.20379147 3.23222749
256.00000000 3.04834123 3.06350711
272.00000000 2.92227488 2.96872038
288.00000000 2.82559242 2.80853081
304.00000000 2.69478673 2.71848341
320.00000000 2.61800948 2.64265403
336.00000000 2.53554502 2.53554502
352.00000000 2.47962085 2.47109005
368.00000000 2.36966825 2.39241706
384.00000000 2.32417062 2.34312796
400.00000000 2.26255924 2.27109005
416.00000000 2.16966825 2.20568720
432.00000000 2.14597156 2.17156398
448.00000000 2.08909953 2.12322275
464.00000000 2.06445498 2.05971564
480.00000000 2.00000000 2.00473934
496.00000000 1.94597156 1.97156398
512.00000000 1.90521327 1.93459716
528.00000000 1.87014218 1.89289100
544.00000000 1.80568720 1.82938389
560.00000000 1.76303318 1.78672986
576.00000000 1.72606635 1.76682464
592.00000000 1.66919431 1.67962085
608.00000000 1.67109005 1.68056872
624.00000000 1.62369668 1.64834123
640.00000000 1.60473934 1.61990521
656.00000000 1.56303318 1.59620853
672.00000000 1.55071090 1.55355450
688.00000000 1.51658768 1.54407583
704.00000000 1.49099526 1.51090047
720.00000000 1.48530806 1.50710900
736.00000000 1.45781991 1.47962085
752.00000000 1.41895735 1.45402844
768.00000000 1.42654028 1.40853081
784.00000000 1.38957346 1.38104265
800.00000000 1.36113744 1.37156398
816.00000000 1.34691943 1.34028436
832.00000000 1.32322275 1.35260664
848.00000000 1.30236967 1.31943128
864.00000000 1.29004739 1.29668246
880.00000000 1.27772512 1.29573460
896.00000000 1.25781991 1.25876777
912.00000000 1.22274882 1.24739336
928.00000000 1.22369668 1.22938389
944.00000000 1.21800948 1.22085308
960.00000000 1.21800948 1.21137441
976.00000000 1.17345972 1.20189573
992.00000000 1.17725118 1.18293839
1008.00000000 1.14786730 1.15734597
1024.00000000 1.13364929 1.14312796
1040.00000000 1.14028436 1.13459716
1056.00000000 1.12606635 1.13080569
1072.00000000 1.09194313 1.09857820
1088.00000000 1.08056872 1.09952607
1104.00000000 1.06540284 1.06729858
1120.00000000 1.05687204 1.07014218
1136.00000000 1.03886256 1.04075829
1152.00000000 1.01895735 1.05497630
1168.00000000 1.01800948 1.03033175
1184.00000000 1.00853081 1.02085308
1200.00000000 1.00379147 1.01232227
1216.00000000 0.99715640 1.00189573
1232.00000000 0.98009479 0.99431280
1248.00000000 0.96587678 0.98483412
1264.00000000 0.94786730 0.96492891
1280.00000000 0.94123223 0.95165877
1296.00000000 0.94407583 0.94691943
1312.00000000 0.92890995 0.95071090
1328.00000000 0.90710900 0.92701422
1344.00000000 0.89573460 0.90521327
1360.00000000 0.88246445 0.89573460
1376.00000000 0.89478673 0.87867299
1392.00000000 0.87962085 0.88436019
1408.00000000 0.87867299 0.86635071
1424.00000000 0.87203791 0.88341232
1440.00000000 0.86255924 0.85781991
1456.00000000 0.85402844 0.86445498
1472.00000000 0.82938389 0.84644550
1488.00000000 0.83222749 0.83033175
1504.00000000 0.82180095 0.83981043
1520.00000000 0.82559242 0.84170616
1536.00000000 0.81895735 0.80853081
1552.00000000 0.79620853 0.80284360
1568.00000000 0.79146919 0.79620853
1584.00000000 0.78483412 0.80663507
1600.00000000 0.78293839 0.78862559
1616.00000000 0.78104265 0.78672986
1632.00000000 0.76398104 0.77251185
1648.00000000 0.75355450 0.76208531
1664.00000000 0.76492891 0.76587678
1680.00000000 0.73554502 0.74028436
1696.00000000 0.73459716 0.73554502
1712.00000000 0.71943128 0.72796209
1728.00000000 0.72417062 0.73649289
1744.00000000 0.71374408 0.71943128
1760.00000000 0.71279621 0.71848341
1776.00000000 0.69573460 0.71279621
1792.00000000 0.69573460 0.70710900
1808.00000000 0.70142180 0.70521327
1824.00000000 0.70331754 0.69383886
1840.00000000 0.69289100 0.68815166
1856.00000000 0.68341232 0.67014218
1872.00000000 0.65876777 0.66161137
1888.00000000 0.66255924 0.66919431
1904.00000000 0.65118483 0.66540284
1920.00000000 0.65308057 0.64739336
1936.00000000 0.65023697 0.65402844
1952.00000000 0.64834123 0.64644550
1968.00000000 0.63791469 0.64834123
1984.00000000 0.63507109 0.63601896
2000.00000000 0.62274882 0.63412322
2016.00000000 0.62748815 0.62938389
2032.00000000 0.61042654 0.62843602
2048.00000000 0.61232227 0.61042654
2064.00000000 0.61137441 0.61706161
2080.00000000 0.60284360 0.61327014
2096.00000000 0.60000000 0.59526066
2112.00000000 0.58672986 0.60189573
2128.00000000 0.59431280 0.58388626
2144.00000000 0.58293839 0.58767773
2160.00000000 0.59052133 0.59052133
2176.00000000 0.57725118 0.58957346
2192.00000000 0.57061611 0.56872038
2208.00000000 0.57345972 0.58104265
2224.00000000 0.57156398 0.57156398
2240.00000000 0.56113744 0.57156398
2256.00000000 0.56492891 0.56398104
2272.00000000 0.56113744 0.56966825
2288.00000000 0.55260664 0.55355450
2304.00000000 0.54976303 0.54881517
2320.00000000 0.55450237 0.54312796
2336.00000000 0.54786730 0.55071090
2352.00000000 0.53364929 0.54218009
2368.00000000 0.53933649 0.53649289
2384.00000000 0.52985782 0.54881517
2400.00000000 0.52796209 0.53080569
2416.00000000 0.53744076 0.54028436
2432.00000000 0.51184834 0.53175355
2448.00000000 0.51943128 0.52796209
2464.00000000 0.52227488 0.52417062
2480.00000000 0.51848341 0.52985782
2496.00000000 0.51469194 0.49857820
2512.00000000 0.51658768 0.51563981
2528.00000000 0.49763033 0.51753555
2544.00000000 0.50236967 0.51184834
2560.00000000 0.50426540 0.49952607
2576.00000000 0.49573460 0.50900474
2592.00000000 0.49857820 0.51090047
2608.00000000 0.48530806 0.49289100
2624.00000000 0.49478673 0.49952607
2640.00000000 0.48151659 0.49194313
2656.00000000 0.48815166 0.49194313
2672.00000000 0.46255924 0.48151659
2688.00000000 0.48246445 0.48151659
2704.00000000 0.48246445 0.47393365
2720.00000000 0.46445498 0.47488152
2736.00000000 0.46635071 0.47677725
2752.00000000 0.45971564 0.46729858
2768.00000000 0.47109005 0.46729858
2784.00000000 0.45023697 0.46824645
2800.00000000 0.45402844 0.44928910
2816.00000000 0.44549763 0.45971564
2832.00000000 0.45781991 0.45402844
2848.00000000 0.44170616 0.45687204
2864.00000000 0.44928910 0.45308057
2880.00000000 0.44265403 0.45402844
2896.00000000 0.44170616 0.43601896
2912.00000000 0.43127962 0.44454976
2928.00000000 0.43222749 0.43127962
2944.00000000 0.43222749 0.43601896
2960.00000000 0.43412322 0.43127962
2976.00000000 0.43601896 0.43033175
2992.00000000 0.41990521 0.43317536
3008.00000000 0.42654028 0.42559242
3024.00000000 0.42180095 0.42464455
3040.00000000 0.41421801 0.42938389
3056.00000000 0.42274882 0.41516588
3072.00000000 0.42748815 0.41516588
3088.00000000 0.41895735 0.41895735
3104.00000000 0.42085308 0.41800948
3120.00000000 0.40947867 0.41421801
3136.00000000 0.41232227 0.41421801
3152.00000000 0.40189573 0.39810427
3168.00000000 0.40568720 0.40663507
3184.00000000 0.40379147 0.40284360
3200.00000000 0.39905213 0.39905213
