0 648.67266667 650.18200000
16.00000000 19.47733333 19.65333333
32.00000000 12.07066667 12.12800000
48.00000000 9.20600000 9.25000000
64.00000000 7.57866667 7.66200000
80.00000000 6.53600000 6.56266667
96.00000000 5.81933333 5.84933333
112.00000000 5.18200000 5.26533333
128.00000000 4.79933333 4.79933333
144.00000000 4.44533333 4.47666667
160.00000000 4.15533333 4.19200000
176.00000000 3.91333333 3.91666667
192.00000000 3.71000000 3.71266667
208.00000000 3.49600000 3.53200000
224.00000000 3.34200000 3.34400000
240.00000000 3.19133333 3.21666667
256.00000000 3.03933333 3.06200000
272.00000000 2.91933333 2.95600000
288.00000000 2.82133333 2.80333333
304.00000000 2.71666667 2.73333333
320.00000000 2.62200000 2.64066667
336.00000000 2.52333333 2.54933333
352.00000000 2.46733333 2.46533333
368.00000000 2.37000000 2.37600000
384.00000000 2.32266667 2.33733333
400.00000000 2.26400000 2.26266667
416.00000000 2.17933333 2.21000000
432.00000000 2.14066667 2.17000000
448.00000000 2.09666667 2.11200000
464.00000000 2.05200000 2.06866667
480.00000000 1.99200000 2.01400000
496.00000000 1.95800000 1.97866667
512.00000000 1.91533333 1.93533333
528.00000000 1.87400000 1.89733333
544.00000000 1.81600000 1.83600000
560.00000000 1.77866667 1.80000000
576.00000000 1.74200000 1.77200000
592.00000000 1.69533333 1.70400000
608.00000000 1.67866667 1.69333333
624.00000000 1.63533333 1.66200000
640.00000000 1.62000000 1.63400000
656.00000000 1.57666667 1.59866667
672.00000000 1.56600000 1.57400000
688.00000000 1.52933333 1.54800000
704.00000000 1.50133333 1.51466667
720.00000000 1.49200000 1.50800000
736.00000000 1.46866667 1.49200000
752.00000000 1.43200000 1.46466667
768.00000000 1.42866667 1.42800000
784.00000000 1.39533333 1.39266667
800.00000000 1.36133333 1.38000000
816.00000000 1.35000000 1.35600000
832.00000000 1.34333333 1.35600000
848.00000000 1.31133333 1.32200000
864.00000000 1.30066667 1.30600000
880.00000000 1.29000000 1.30133333
896.00000000 1.26400000 1.27200000
912.00000000 1.23200000 1.25333333
928.00000000 1.23200000 1.23133333
944.00000000 1.22266667 1.22533333
960.00000000 1.21466667 1.22000000
976.00000000 1.18600000 1.20333333
992.00000000 1.17200000 1.18466667
1008.00000000 1.15266667 1.15800000
1024.00000000 1.14066667 1.15133333
1040.00000000 1.13466667 1.13866667
1056.00000000 1.12600000 1.14066667
1072.00000000 1.09466667 1.10133333
1088.00000000 1.08000000 1.10666667
1104.00000000 1.06733333 1.07266667
1120.00000000 1.05866667 1.07266667
1136.00000000 1.04400000 1.04800000
1152.00000000 1.02800000 1.05866667
1168.00000000 1.01933333 1.03466667
1184.00000000 1.01200000 1.02466667
1200.00000000 1.00200000 1.00800000
1216.00000000 1.00066667 0.99933333
1232.00000000 0.98200000 0.99466667
1248.00000000 0.96733333 0.98933333
1264.00000000 0.95666667 0.97000000
1280.00000000 0.94600000 0.95733333
1296.00000000 0.94333333 0.94533333
1312.00000000 0.93266667 0.94733333
1328.00000000 0.91533333 0.92600000
1344.00000000 0.90000000 0.90800000
1360.00000000 0.88666667 0.90000000
1376.00000000 0.88400000 0.88133333
1392.00000000 0.88466667 0.88333333
1408.00000000 0.88066667 0.87333333
1424.00000000 0.86866667 0.87933333
1440.00000000 0.85533333 0.86000000
1456.00000000 0.85066667 0.85333333
1472.00000000 0.82400000 0.84000000
1488.00000000 0.82466667 0.82533333
1504.00000000 0.81866667 0.83333333
1520.00000000 0.81333333 0.82400000
1536.00000000 0.80400000 0.80466667
1552.00000000 0.78666667 0.79333333
1568.00000000 0.78666667 0.78600000
1584.00000000 0.77600000 0.80133333
1600.00000000 0.77133333 0.77666667
1616.00000000 0.77533333 0.77266667
1632.00000000 0.75466667 0.75866667
1648.00000000 0.74133333 0.74800000
1664.00000000 0.74266667 0.75466667
1680.00000000 0.72800000 0.73066667
1696.00000000 0.72666667 0.73133333
1712.00000000 0.71666667 0.72466667
1728.00000000 0.71466667 0.73266667
1744.00000000 0.70466667 0.71266667
1760.00000000 0.70933333 0.72000000
1776.00000000 0.69666667 0.70600000
1792.00000000 0.69866667 0.69733333
1808.00000000 0.69333333 0.69666667
1824.00000000 0.69400000 0.68533333
1840.00000000 0.69000000 0.68466667
1856.00000000 0.67333333 0.66666667
1872.00000000 0.66266667 0.66666667
1888.00000000 0.66200000 0.66933333
1904.00000000 0.64866667 0.66066667
1920.00000000 0.64933333 0.64466667
1936.00000000 0.64666667 0.65000000
1952.00000000 0.64466667 0.64933333
1968.00000000 0.63466667 0.64600000
1984.00000000 0.63333333 0.62733333
2000.00000000 0.61933333 0.63133333
2016.00000000 0.62266667 0.62933333
2032.00000000 0.60933333 0.62466667
2048.00000000 0.60866667 0.60333333
2064.00000000 0.60066667 0.60333333
2080.00000000 0.58333333 0.60266667
2096.00000000 0.59266667 0.58533333
2112.00000000 0.58000000 0.59200000
2128.00000000 0.58133333 0.57600000
2144.00000000 0.56866667 0.57533333
2160.00000000 0.57733333 0.57400000
2176.00000000 0.56600000 0.56933333
2192.00000000 0.55800000 0.56066667
2208.00000000 0.56133333 0.56800000
2224.00000000 0.55733333 0.55933333
2240.00000000 0.55200000 0.55666667
2256.00000000 0.54666667 0.54866667
2272.00000000 0.54133333 0.55133333
2288.00000000 0.53266667 0.53866667
2304.00000000 0.53266667 0.52800000
2320.00000000 0.53600000 0.52733333
2336.00000000 0.52866667 0.52866667
2352.00000000 0.51533333 0.52266667
2368.00000000 0.51933333 0.52000000
2384.00000000 0.51600000 0.52533333
2400.00000000 0.50866667 0.50400000
2416.00000000 0.51866667 0.52000000
2432.00000000 0.49733333 0.51066667
2448.00000000 0.50133333 0.50333333
2464.00000000 0.50533333 0.50333333
2480.00000000 0.49933333 0.50333333
2496.00000000 0.49466667 0.48200000
2512.00000000 0.49400000 0.49400000
2528.00000000 0.47866667 0.49733333
2544.00000000 0.48533333 0.49200000
2560.00000000 0.48400000 0.47933333
2576.00000000 0.47933333 0.48666667
2592.00000000 0.47533333 0.48866667
2608.00000000 0.46600000 0.47533333
2624.00000000 0.47533333 0.47400000
2640.00000000 0.46333333 0.47266667
2656.00000000 0.46933333 0.47333333
2672.00000000 0.44866667 0.46133333
2688.00000000 0.46200000 0.46000000
2704.00000000 0.46333333 0.45666667
2720.00000000 0.45133333 0.45466667
2736.00000000 0.44866667 0.45866667
2752.00000000 0.44066667 0.45200000
2768.00000000 0.45333333 0.45133333
2784.00000000 0.43666667 0.45000000
2800.00000000 0.43333333 0.43333333
2816.00000000 0.42800000 0.44066667
2832.00000000 0.43266667 0.43866667
2848.00000000 0.42866667 0.43600000
2864.00000000 0.43066667 0.43533333
2880.00000000 0.42533333 0.43200000
2896.00000000 0.42333333 0.42066667
2912.00000000 0.41466667 0.42466667
2928.00000000 0.41333333 0.41400000
2944.00000000 0.41466667 0.41600000
2960.00000000 0.41600000 0.41466667
2976.00000000 0.41400000 0.41400000
2992.00000000 0.40666667 0.41600000
3008.00000000 0.41066667 0.41000000
3024.00000000 0.40333333 0.40866667
3040.00000000 0.40133333 0.41200000
3056.00000000 0.40666667 0.39866667
3072.00000000 0.41333333 0.40333333
3088.00000000 0.40266667 0.40733333
3104.00000000 0.40400000 0.39933333
3120.00000000 0.39533333 0.40266667
3136.00000000 0.39666667 0.39866667
3152.00000000 0.38533333 0.38933333
3168.00000000 0.39266667 0.39133333
3184.00000000 0.38733333 0.38600000
3200.00000000 0.38600000 0.38666667
