0 648.49210526 650.09210526
16.00000000 19.60263158 19.81315789
32.00000000 12.21315789 12.19736842
48.00000000 9.32894737 9.34473684
64.00000000 7.67368421 7.79473684
80.00000000 6.57105263 6.58947368
96.00000000 5.84473684 5.90000000
112.00000000 5.20263158 5.26315789
128.00000000 4.83421053 4.88157895
144.00000000 4.46578947 4.54210526
160.00000000 4.14736842 4.20526316
176.00000000 3.90263158 3.88157895
192.00000000 3.75526316 3.73157895
208.00000000 3.55000000 3.58947368
224.00000000 3.42368421 3.38157895
240.00000000 3.25526316 3.28684211
256.00000000 3.11052632 3.13684211
272.00000000 3.00526316 3.03421053
288.00000000 2.90263158 2.88421053
304.00000000 2.81578947 2.82894737
320.00000000 2.70526316 2.68684211
336.00000000 2.67105263 2.63157895
352.00000000 2.57105263 2.53421053
368.00000000 2.42105263 2.50000000
384.00000000 2.38421053 2.45263158
400.00000000 2.32894737 2.36315789
416.00000000 2.22894737 2.28947368
432.00000000 2.18684211 2.25526316
448.00000000 2.17894737 2.19736842
464.00000000 2.16578947 2.16315789
480.00000000 2.10789474 2.07631579
496.00000000 2.05526316 2.08157895
512.00000000 2.02368421 2.04473684
528.00000000 1.97105263 1.98157895
544.00000000 1.90526316 1.91315789
560.00000000 1.84210526 1.89473684
576.00000000 1.81842105 1.84210526
592.00000000 1.76842105 1.77631579
608.00000000 1.73421053 1.77894737
624.00000000 1.70263158 1.75789474
640.00000000 1.69473684 1.70789474
656.00000000 1.62368421 1.68421053
672.00000000 1.63421053 1.64736842
688.00000000 1.59210526 1.62894737
704.00000000 1.59210526 1.61052632
720.00000000 1.59210526 1.60263158
736.00000000 1.55000000 1.57631579
752.00000000 1.52105263 1.54736842
768.00000000 1.52631579 1.48421053
784.00000000 1.48421053 1.49210526
800.00000000 1.46052632 1.45526316
816.00000000 1.42894737 1.42631579
832.00000000 1.42368421 1.46052632
848.00000000 1.38684211 1.41578947
864.00000000 1.37105263 1.38947368
880.00000000 1.37368421 1.39736842
896.00000000 1.32894737 1.35000000
912.00000000 1.33421053 1.31578947
928.00000000 1.30789474 1.30000000
944.00000000 1.31052632 1.32631579
960.00000000 1.31578947 1.32631579
976.00000000 1.25263158 1.30263158
992.00000000 1.27894737 1.27105263
1008.00000000 1.22105263 1.25000000
1024.00000000 1.22631579 1.22631579
1040.00000000 1.22894737 1.22368421
1056.00000000 1.20263158 1.19473684
1072.00000000 1.18421053 1.17105263
1088.00000000 1.12368421 1.16842105
1104.00000000 1.16315789 1.13947368
1120.00000000 1.12105263 1.15789474
1136.00000000 1.12368421 1.10263158
1152.00000000 1.08157895 1.11315789
1168.00000000 1.08157895 1.10000000
1184.00000000 1.07631579 1.08157895
1200.00000000 1.05526316 1.06842105
1216.00000000 1.07105263 1.08421053
1232.00000000 1.05789474 1.07631579
1248.00000000 1.02368421 1.06052632
1264.00000000 0.99736842 1.04473684
1280.00000000 1.00526316 1.02631579
1296.00000000 1.02894737 1.02894737
1312.00000000 0.99736842 1.02368421
1328.00000000 0.98684211 0.99736842
1344.00000000 0.97894737 1.00263158
1360.00000000 0.96842105 0.98421053
1376.00000000 0.97105263 0.98421053
1392.00000000 0.96578947 0.96842105
1408.00000000 0.96842105 0.97105263
1424.00000000 0.96315789 0.96842105
1440.00000000 0.92105263 0.92631579
1456.00000000 0.92894737 0.92105263
1472.00000000 0.89210526 0.91052632
1488.00000000 0.90789474 0.90789474
1504.00000000 0.89473684 0.91315789
1520.00000000 0.89210526 0.90789474
1536.00000000 0.87894737 0.87894737
1552.00000000 0.85789474 0.86578947
1568.00000000 0.84210526 0.83947368
1584.00000000 0.85526316 0.86842105
1600.00000000 0.83157895 0.85263158
1616.00000000 0.83947368 0.86578947
1632.00000000 0.85000000 0.85000000
1648.00000000 0.82368421 0.84210526
1664.00000000 0.83157895 0.83421053
1680.00000000 0.81578947 0.81578947
1696.00000000 0.81578947 0.81315789
1712.00000000 0.80000000 0.81315789
1728.00000000 0.80789474 0.80526316
1744.00000000 0.79473684 0.81052632
1760.00000000 0.79473684 0.79210526
1776.00000000 0.76842105 0.78947368
1792.00000000 0.81052632 0.78684211
1808.00000000 0.77368421 0.80263158
1824.00000000 0.78157895 0.76842105
1840.00000000 0.77631579 0.76842105
1856.00000000 0.76315789 0.74210526
1872.00000000 0.72894737 0.71842105
1888.00000000 0.73684211 0.72631579
1904.00000000 0.72105263 0.73947368
1920.00000000 0.73157895 0.70263158
1936.00000000 0.73947368 0.73421053
1952.00000000 0.73157895 0.70263158
1968.00000000 0.71578947 0.71578947
1984.00000000 0.70263158 0.70263158
2000.00000000 0.67631579 0.70526316
2016.00000000 0.69473684 0.70263158
2032.00000000 0.69210526 0.70263158
2048.00000000 0.69210526 0.68157895
2064.00000000 0.68157895 0.67368421
2080.00000000 0.67105263 0.67631579
2096.00000000 0.67894737 0.66578947
2112.00000000 0.67105263 0.68157895
2128.00000000 0.65526316 0.64473684
2144.00000000 0.63947368 0.66052632
2160.00000000 0.65000000 0.67105263
2176.00000000 0.64210526 0.66315789
2192.00000000 0.65263158 0.64736842
2208.00000000 0.63421053 0.65000000
2224.00000000 0.63684211 0.64210526
2240.00000000 0.60263158 0.63421053
2256.00000000 0.62894737 0.63157895
2272.00000000 0.62368421 0.61315789
2288.00000000 0.61052632 0.61578947
2304.00000000 0.61052632 0.61315789
2320.00000000 0.62105263 0.59736842
2336.00000000 0.60526316 0.60526316
2352.00000000 0.58421053 0.60263158
2368.00000000 0.58684211 0.58947368
2384.00000000 0.58157895 0.61052632
2400.00000000 0.59473684 0.58157895
2416.00000000 0.59473684 0.60789474
2432.00000000 0.55000000 0.58157895
2448.00000000 0.57368421 0.58684211
2464.00000000 0.56842105 0.56842105
2480.00000000 0.58157895 0.58684211
2496.00000000 0.54736842 0.53947368
2512.00000000 0.55000000 0.56315789
2528.00000000 0.54210526 0.56578947
2544.00000000 0.55526316 0.55263158
2560.00000000 0.54736842 0.54473684
2576.00000000 0.53947368 0.55263158
2592.00000000 0.55526316 0.54736842
2608.00000000 0.54210526 0.54473684
2624.00000000 0.55789474 0.54736842
2640.00000000 0.53684211 0.54736842
2656.00000000 0.53684211 0.55000000
2672.00000000 0.50000000 0.52894737
2688.00000000 0.52368421 0.52105263
2704.00000000 0.53157895 0.51578947
2720.00000000 0.50000000 0.51578947
2736.00000000 0.50263158 0.52368421
2752.00000000 0.50263158 0.50526316
2768.00000000 0.51842105 0.51315789
2784.00000000 0.50263158 0.52631579
2800.00000000 0.48947368 0.48684211
2816.00000000 0.48157895 0.50000000
2832.00000000 0.50000000 0.49736842
2848.00000000 0.49473684 0.50263158
2864.00000000 0.48947368 0.47894737
2880.00000000 0.48947368 0.50000000
2896.00000000 0.47894737 0.47894737
2912.00000000 0.47894737 0.48421053
2928.00000000 0.47631579 0.47631579
2944.00000000 0.47631579 0.48684211
2960.00000000 0.47105263 0.47368421
2976.00000000 0.48684211 0.47368421
2992.00000000 0.47368421 0.48421053
3008.00000000 0.47105263 0.46052632
3024.00000000 0.46842105 0.46052632
3040.00000000 0.45000000 0.46842105
3056.00000000 0.44736842 0.44736842
3072.00000000 0.46315789 0.44736842
3088.00000000 0.46578947 0.45789474
3104.00000000 0.45263158 0.45263158
3120.00000000 0.45000000 0.45789474
3136.00000000 0.45789474 0.45000000
3152.00000000 0.43157895 0.42894737
3168.00000000 0.45526316 0.43947368
3184.00000000 0.44736842 0.43421053
3200.00000000 0.43684211 0.43157895
