0 648.33118280 649.73440860
16.00000000 19.55053763 19.72150538
32.00000000 12.19354839 12.25268817
48.00000000 9.31075269 9.34623656
64.00000000 7.65483871 7.72258065
80.00000000 6.56129032 6.57526882
96.00000000 5.83333333 5.86666667
112.00000000 5.17526882 5.27096774
128.00000000 4.81290323 4.81935484
144.00000000 4.45161290 4.48817204
160.00000000 4.16666667 4.18709677
176.00000000 3.89462366 3.89892473
192.00000000 3.72043011 3.71720430
208.00000000 3.49247312 3.53763441
224.00000000 3.35591398 3.34086022
240.00000000 3.21182796 3.23978495
256.00000000 3.06666667 3.08494624
272.00000000 2.93763441 2.99032258
288.00000000 2.83870968 2.83440860
304.00000000 2.71290323 2.74086022
320.00000000 2.63763441 2.66344086
336.00000000 2.55698925 2.55806452
352.00000000 2.49569892 2.49032258
368.00000000 2.38279570 2.40430108
384.00000000 2.33870968 2.35913978
400.00000000 2.27849462 2.28817204
416.00000000 2.17526882 2.21290323
432.00000000 2.14946237 2.18172043
448.00000000 2.10107527 2.13010753
464.00000000 2.06774194 2.07634409
480.00000000 2.01827957 2.01827957
496.00000000 1.96021505 1.98387097
512.00000000 1.91935484 1.94408602
528.00000000 1.88494624 1.89892473
544.00000000 1.81397849 1.84301075
560.00000000 1.76559140 1.79569892
576.00000000 1.73763441 1.77419355
592.00000000 1.68279570 1.69677419
608.00000000 1.68924731 1.69892473
624.00000000 1.63763441 1.66881720
640.00000000 1.61505376 1.63440860
656.00000000 1.57419355 1.60645161
672.00000000 1.56344086 1.56989247
688.00000000 1.52903226 1.55376344
704.00000000 1.49892473 1.52473118
720.00000000 1.50430108 1.51720430
736.00000000 1.46774194 1.49247312
752.00000000 1.43333333 1.46129032
768.00000000 1.43978495 1.41720430
784.00000000 1.39462366 1.39354839
800.00000000 1.36881720 1.37419355
816.00000000 1.34516129 1.34086022
832.00000000 1.33333333 1.36129032
848.00000000 1.30860215 1.32688172
864.00000000 1.29354839 1.30322581
880.00000000 1.28064516 1.30215054
896.00000000 1.26344086 1.26666667
912.00000000 1.23763441 1.24731183
928.00000000 1.22903226 1.23118280
944.00000000 1.22903226 1.22688172
960.00000000 1.22473118 1.22150538
976.00000000 1.17634409 1.20752688
992.00000000 1.18494624 1.18494624
1008.00000000 1.15268817 1.16559140
1024.00000000 1.13655914 1.14731183
1040.00000000 1.14623656 1.13870968
1056.00000000 1.13010753 1.13440860
1072.00000000 1.09784946 1.10430108
1088.00000000 1.07741935 1.10000000
1104.00000000 1.07204301 1.06666667
1120.00000000 1.05483871 1.06559140
1136.00000000 1.03440860 1.03870968
1152.00000000 1.02150538 1.05591398
1168.00000000 1.02043011 1.02903226
1184.00000000 1.00860215 1.02043011
1200.00000000 1.00752688 1.01505376
1216.00000000 1.00000000 1.00860215
1232.00000000 0.98279570 1.00107527
1248.00000000 0.96881720 0.99032258
1264.00000000 0.94731183 0.97204301
1280.00000000 0.94623656 0.95591398
1296.00000000 0.94731183 0.95376344
1312.00000000 0.93225806 0.95806452
1328.00000000 0.91935484 0.93225806
1344.00000000 0.89354839 0.90967742
1360.00000000 0.88817204 0.90000000
1376.00000000 0.90430108 0.88387097
1392.00000000 0.88172043 0.89032258
1408.00000000 0.88064516 0.87419355
1424.00000000 0.87956989 0.88924731
1440.00000000 0.86451613 0.86451613
1456.00000000 0.86236559 0.86666667
1472.00000000 0.83440860 0.85053763
1488.00000000 0.83333333 0.83655914
1504.00000000 0.82580645 0.84301075
1520.00000000 0.82688172 0.84623656
1536.00000000 0.82365591 0.81290323
1552.00000000 0.80000000 0.81397849
1568.00000000 0.79677419 0.80000000
1584.00000000 0.79247312 0.81720430
1600.00000000 0.79354839 0.79784946
1616.00000000 0.79139785 0.80107527
1632.00000000 0.77849462 0.78172043
1648.00000000 0.76451613 0.77526882
1664.00000000 0.77849462 0.77956989
1680.00000000 0.74516129 0.75268817
1696.00000000 0.74623656 0.74408602
1712.00000000 0.73548387 0.73655914
1728.00000000 0.73978495 0.74838710
1744.00000000 0.72580645 0.73548387
1760.00000000 0.72580645 0.73333333
1776.00000000 0.70860215 0.72580645
1792.00000000 0.70967742 0.71720430
1808.00000000 0.71182796 0.72150538
1824.00000000 0.71612903 0.70537634
1840.00000000 0.70537634 0.70000000
1856.00000000 0.69569892 0.67956989
1872.00000000 0.67204301 0.67311828
1888.00000000 0.67849462 0.68387097
1904.00000000 0.66236559 0.68064516
1920.00000000 0.67096774 0.66129032
1936.00000000 0.66774194 0.67096774
1952.00000000 0.66129032 0.66236559
1968.00000000 0.65161290 0.66129032
1984.00000000 0.64946237 0.64731183
2000.00000000 0.63655914 0.64838710
2016.00000000 0.63870968 0.64193548
2032.00000000 0.62150538 0.64408602
2048.00000000 0.63333333 0.63118280
2064.00000000 0.62688172 0.63655914
2080.00000000 0.61827957 0.63010753
2096.00000000 0.61720430 0.61290323
2112.00000000 0.60000000 0.61827957
2128.00000000 0.61075269 0.59677419
2144.00000000 0.59677419 0.60430108
2160.00000000 0.60645161 0.60860215
2176.00000000 0.59462366 0.60537634
2192.00000000 0.59247312 0.58387097
2208.00000000 0.58709677 0.60000000
2224.00000000 0.58817204 0.58709677
2240.00000000 0.57956989 0.58709677
2256.00000000 0.58279570 0.58064516
2272.00000000 0.58064516 0.58602151
2288.00000000 0.57096774 0.57096774
2304.00000000 0.56559140 0.56559140
2320.00000000 0.57096774 0.55483871
2336.00000000 0.56021505 0.56344086
2352.00000000 0.54946237 0.56129032
2368.00000000 0.55376344 0.55161290
2384.00000000 0.54408602 0.56559140
2400.00000000 0.54623656 0.54946237
2416.00000000 0.55806452 0.56129032
2432.00000000 0.52903226 0.55053763
2448.00000000 0.53978495 0.54731183
2464.00000000 0.53763441 0.54193548
2480.00000000 0.53763441 0.54623656
2496.00000000 0.53010753 0.51612903
2512.00000000 0.53225806 0.53548387
2528.00000000 0.51290323 0.53440860
2544.00000000 0.52150538 0.53118280
2560.00000000 0.52150538 0.51720430
2576.00000000 0.51290323 0.52903226
2592.00000000 0.51505376 0.52795699
2608.00000000 0.50430108 0.50967742
2624.00000000 0.51505376 0.51720430
2640.00000000 0.50000000 0.50967742
2656.00000000 0.50645161 0.51075269
2672.00000000 0.47956989 0.50322581
2688.00000000 0.50215054 0.49892473
2704.00000000 0.50107527 0.49139785
2720.00000000 0.48602151 0.49677419
2736.00000000 0.48602151 0.49784946
2752.00000000 0.47741935 0.48602151
2768.00000000 0.49139785 0.48709677
2784.00000000 0.46666667 0.48709677
2800.00000000 0.47204301 0.46774194
2816.00000000 0.46344086 0.47849462
2832.00000000 0.47741935 0.47419355
2848.00000000 0.46236559 0.47741935
2864.00000000 0.47526882 0.47204301
2880.00000000 0.46451613 0.47419355
2896.00000000 0.45806452 0.45591398
2912.00000000 0.45161290 0.46559140
2928.00000000 0.44946237 0.44731183
2944.00000000 0.44838710 0.45913978
2960.00000000 0.45161290 0.44946237
2976.00000000 0.45483871 0.44731183
2992.00000000 0.43655914 0.45053763
3008.00000000 0.44516129 0.44193548
3024.00000000 0.43548387 0.44408602
3040.00000000 0.42903226 0.44623656
3056.00000000 0.43870968 0.42795699
3072.00000000 0.44516129 0.43440860
3088.00000000 0.43440860 0.43548387
3104.00000000 0.43655914 0.43333333
3120.00000000 0.42365591 0.43118280
3136.00000000 0.42903226 0.43010753
3152.00000000 0.41505376 0.41505376
3168.00000000 0.42043011 0.42043011
3184.00000000 0.42150538 0.41612903
3200.00000000 0.41397849 0.41290323
