0 648.55724138 650.08689655
16.00000000 19.48413793 19.66206897
32.00000000 12.09034483 12.14413793
48.00000000 9.22758621 9.26896552
64.00000000 7.59517241 7.68206897
80.00000000 6.55448276 6.57310345
96.00000000 5.82620690 5.86000000
112.00000000 5.18689655 5.27448276
128.00000000 4.80344828 4.80965517
144.00000000 4.45448276 4.48758621
160.00000000 4.16000000 4.19310345
176.00000000 3.91241379 3.91931034
192.00000000 3.71034483 3.71793103
208.00000000 3.49793103 3.53448276
224.00000000 3.34620690 3.34206897
240.00000000 3.19310345 3.21724138
256.00000000 3.04068966 3.06137931
272.00000000 2.91862069 2.95448276
288.00000000 2.82206897 2.80275862
304.00000000 2.71241379 2.73172414
320.00000000 2.62275862 2.64482759
336.00000000 2.52344828 2.54620690
352.00000000 2.46482759 2.46206897
368.00000000 2.36551724 2.37034483
384.00000000 2.32275862 2.33241379
400.00000000 2.25931034 2.26068966
416.00000000 2.17379310 2.20275862
432.00000000 2.13655172 2.16758621
448.00000000 2.09034483 2.10896552
464.00000000 2.04827586 2.06206897
480.00000000 1.99241379 2.00965517
496.00000000 1.95379310 1.97379310
512.00000000 1.91172414 1.93034483
528.00000000 1.86758621 1.89241379
544.00000000 1.81034483 1.82896552
560.00000000 1.77103448 1.79586207
576.00000000 1.73655172 1.76551724
592.00000000 1.68965517 1.69793103
608.00000000 1.67172414 1.68689655
624.00000000 1.62965517 1.65862069
640.00000000 1.61655172 1.63103448
656.00000000 1.57241379 1.59655172
672.00000000 1.55931034 1.56758621
688.00000000 1.52482759 1.54620690
704.00000000 1.49586207 1.50758621
720.00000000 1.48413793 1.50206897
736.00000000 1.46413793 1.48413793
752.00000000 1.42551724 1.46137931
768.00000000 1.42344828 1.42137931
784.00000000 1.39103448 1.38896552
800.00000000 1.35655172 1.37310345
816.00000000 1.34275862 1.34896552
832.00000000 1.33517241 1.34827586
848.00000000 1.30620690 1.31448276
864.00000000 1.29379310 1.29793103
880.00000000 1.28413793 1.29448276
896.00000000 1.25793103 1.26482759
912.00000000 1.22551724 1.25034483
928.00000000 1.22620690 1.23034483
944.00000000 1.21793103 1.21862069
960.00000000 1.20896552 1.21379310
976.00000000 1.17931034 1.19931034
992.00000000 1.16758621 1.17793103
1008.00000000 1.14689655 1.15379310
1024.00000000 1.13655172 1.14689655
1040.00000000 1.13310345 1.13241379
1056.00000000 1.12137931 1.13724138
1072.00000000 1.09103448 1.09724138
1088.00000000 1.07793103 1.10344828
1104.00000000 1.06551724 1.07103448
1120.00000000 1.05655172 1.07103448
1136.00000000 1.04068966 1.04482759
1152.00000000 1.02551724 1.05517241
1168.00000000 1.01517241 1.03103448
1184.00000000 1.00827586 1.02206897
1200.00000000 0.99931034 1.00482759
1216.00000000 0.99862069 1.00068966
1232.00000000 0.97793103 0.99172414
1248.00000000 0.96137931 0.98551724
1264.00000000 0.95310345 0.96482759
1280.00000000 0.94206897 0.95379310
1296.00000000 0.93931034 0.94137931
1312.00000000 0.92827586 0.94551724
1328.00000000 0.91241379 0.92206897
1344.00000000 0.89655172 0.90344828
1360.00000000 0.88068966 0.89448276
1376.00000000 0.88068966 0.87793103
1392.00000000 0.88000000 0.87931034
1408.00000000 0.87724138 0.87034483
1424.00000000 0.86344828 0.87448276
1440.00000000 0.84965517 0.85379310
1456.00000000 0.84551724 0.84827586
1472.00000000 0.81862069 0.83517241
1488.00000000 0.81931034 0.82206897
1504.00000000 0.81241379 0.82827586
1520.00000000 0.80896552 0.81724138
1536.00000000 0.79862069 0.79862069
1552.00000000 0.78137931 0.78827586
1568.00000000 0.78206897 0.78206897
1584.00000000 0.77241379 0.79586207
1600.00000000 0.76758621 0.77172414
1616.00000000 0.76758621 0.76620690
1632.00000000 0.74827586 0.75310345
1648.00000000 0.73655172 0.74620690
1664.00000000 0.73793103 0.74896552
1680.00000000 0.72206897 0.72689655
1696.00000000 0.72137931 0.72758621
1712.00000000 0.70965517 0.71862069
1728.00000000 0.71103448 0.72896552
1744.00000000 0.69793103 0.70896552
1760.00000000 0.70482759 0.71448276
1776.00000000 0.69172414 0.70137931
1792.00000000 0.69241379 0.69241379
1808.00000000 0.68965517 0.69310345
1824.00000000 0.68827586 0.68000000
1840.00000000 0.68413793 0.67931034
1856.00000000 0.66758621 0.66206897
1872.00000000 0.65655172 0.66068966
1888.00000000 0.65586207 0.66206897
1904.00000000 0.64206897 0.65517241
1920.00000000 0.64482759 0.63931034
1936.00000000 0.64275862 0.64689655
1952.00000000 0.64000000 0.64275862
1968.00000000 0.62896552 0.63931034
1984.00000000 0.62896552 0.62275862
2000.00000000 0.61448276 0.62344828
2016.00000000 0.61724138 0.62344828
2032.00000000 0.60482759 0.62068966
2048.00000000 0.60482759 0.60137931
2064.00000000 0.59655172 0.60068966
2080.00000000 0.58000000 0.60206897
2096.00000000 0.58896552 0.58068966
2112.00000000 0.57793103 0.58965517
2128.00000000 0.57793103 0.57310345
2144.00000000 0.56758621 0.57172414
2160.00000000 0.57655172 0.57172414
2176.00000000 0.56206897 0.56689655
2192.00000000 0.55655172 0.55724138
2208.00000000 0.56000000 0.56551724
2224.00000000 0.55448276 0.55724138
2240.00000000 0.54827586 0.55379310
2256.00000000 0.54344828 0.54551724
2272.00000000 0.53724138 0.54896552
2288.00000000 0.52896552 0.53517241
2304.00000000 0.53103448 0.52551724
2320.00000000 0.53448276 0.52413793
2336.00000000 0.52482759 0.52413793
2352.00000000 0.51172414 0.52068966
2368.00000000 0.51586207 0.51655172
2384.00000000 0.51310345 0.52206897
2400.00000000 0.50689655 0.50275862
2416.00000000 0.51724138 0.51793103
2432.00000000 0.49310345 0.50689655
2448.00000000 0.49793103 0.50068966
2464.00000000 0.50137931 0.49931034
2480.00000000 0.49862069 0.50068966
2496.00000000 0.49310345 0.48000000
2512.00000000 0.49172414 0.49103448
2528.00000000 0.47793103 0.49517241
2544.00000000 0.48275862 0.48965517
2560.00000000 0.48206897 0.47793103
2576.00000000 0.47862069 0.48482759
2592.00000000 0.47586207 0.48758621
2608.00000000 0.46344828 0.47310345
2624.00000000 0.47310345 0.47241379
2640.00000000 0.46206897 0.47172414
2656.00000000 0.46758621 0.47241379
2672.00000000 0.44551724 0.46000000
2688.00000000 0.46275862 0.46068966
2704.00000000 0.46206897 0.45655172
2720.00000000 0.45034483 0.45448276
2736.00000000 0.44827586 0.45724138
2752.00000000 0.43862069 0.45034483
2768.00000000 0.45103448 0.45034483
2784.00000000 0.43448276 0.44896552
2800.00000000 0.43310345 0.43241379
2816.00000000 0.42965517 0.44068966
2832.00000000 0.43310345 0.43655172
2848.00000000 0.42827586 0.43586207
2864.00000000 0.43034483 0.43517241
2880.00000000 0.42482759 0.43172414
2896.00000000 0.42206897 0.41931034
2912.00000000 0.41379310 0.42413793
2928.00000000 0.41241379 0.41379310
2944.00000000 0.41310345 0.41586207
2960.00000000 0.41586207 0.41379310
2976.00000000 0.41448276 0.41310345
2992.00000000 0.40620690 0.41586207
3008.00000000 0.41034483 0.40896552
3024.00000000 0.40344828 0.40827586
3040.00000000 0.40000000 0.41034483
3056.00000000 0.40482759 0.39724138
3072.00000000 0.41172414 0.40206897
3088.00000000 0.40275862 0.40689655
3104.00000000 0.40344828 0.39931034
3120.00000000 0.39517241 0.40206897
3136.00000000 0.39586207 0.39862069
3152.00000000 0.38551724 0.38827586
3168.00000000 0.39448276 0.39172414
3184.00000000 0.38827586 0.38689655
3200.00000000 0.38620690 0.38689655
