0 648.59000000 650.13250000
16.00000000 19.50333333 19.67750000
32.00000000 12.15166667 12.19250000
48.00000000 9.26250000 9.30916667
64.00000000 7.63666667 7.70166667
80.00000000 6.55750000 6.57916667
96.00000000 5.84416667 5.86916667
112.00000000 5.19500000 5.28250000
128.00000000 4.81333333 4.81916667
144.00000000 4.45333333 4.48583333
160.00000000 4.15250000 4.19333333
176.00000000 3.90833333 3.90500000
192.00000000 3.71916667 3.71083333
208.00000000 3.49583333 3.52833333
224.00000000 3.34833333 3.34083333
240.00000000 3.20333333 3.22583333
256.00000000 3.04500000 3.06250000
272.00000000 2.92500000 2.96166667
288.00000000 2.82916667 2.81833333
304.00000000 2.70166667 2.73000000
320.00000000 2.62916667 2.65000000
336.00000000 2.53416667 2.54583333
352.00000000 2.47583333 2.47250000
368.00000000 2.37916667 2.38666667
384.00000000 2.33583333 2.34166667
400.00000000 2.26500000 2.27083333
416.00000000 2.17666667 2.20833333
432.00000000 2.15000000 2.17666667
448.00000000 2.09333333 2.12833333
464.00000000 2.06166667 2.06166667
480.00000000 2.00416667 2.01416667
496.00000000 1.95250000 1.98083333
512.00000000 1.91416667 1.93666667
528.00000000 1.87833333 1.90250000
544.00000000 1.81500000 1.84083333
560.00000000 1.77166667 1.79750000
576.00000000 1.74416667 1.77916667
592.00000000 1.69333333 1.69916667
608.00000000 1.68166667 1.69666667
624.00000000 1.63416667 1.66333333
640.00000000 1.62416667 1.64250000
656.00000000 1.58250000 1.61083333
672.00000000 1.56666667 1.56916667
688.00000000 1.53416667 1.55583333
704.00000000 1.49833333 1.52000000
720.00000000 1.50000000 1.51666667
736.00000000 1.47000000 1.49333333
752.00000000 1.43166667 1.47083333
768.00000000 1.43666667 1.42583333
784.00000000 1.40250000 1.39833333
800.00000000 1.36583333 1.38500000
816.00000000 1.35416667 1.35166667
832.00000000 1.34083333 1.35750000
848.00000000 1.31500000 1.33333333
864.00000000 1.30333333 1.30750000
880.00000000 1.29333333 1.30833333
896.00000000 1.26583333 1.27250000
912.00000000 1.23583333 1.25750000
928.00000000 1.23833333 1.23833333
944.00000000 1.23250000 1.23000000
960.00000000 1.22416667 1.22583333
976.00000000 1.18666667 1.20916667
992.00000000 1.18416667 1.19333333
1008.00000000 1.15916667 1.16500000
1024.00000000 1.14750000 1.15666667
1040.00000000 1.14666667 1.14416667
1056.00000000 1.13500000 1.14333333
1072.00000000 1.10416667 1.10916667
1088.00000000 1.08750000 1.11000000
1104.00000000 1.07750000 1.08333333
1120.00000000 1.06750000 1.08500000
1136.00000000 1.05083333 1.05166667
1152.00000000 1.03250000 1.06833333
1168.00000000 1.02833333 1.04166667
1184.00000000 1.02000000 1.03500000
1200.00000000 1.01500000 1.02000000
1216.00000000 1.01333333 1.01583333
1232.00000000 0.99500000 1.00416667
1248.00000000 0.97916667 0.99916667
1264.00000000 0.96416667 0.97833333
1280.00000000 0.95583333 0.96750000
1296.00000000 0.95416667 0.95750000
1312.00000000 0.94000000 0.95916667
1328.00000000 0.92250000 0.93416667
1344.00000000 0.90583333 0.91916667
1360.00000000 0.89500000 0.91000000
1376.00000000 0.90500000 0.89250000
1392.00000000 0.89000000 0.89916667
1408.00000000 0.89500000 0.88583333
1424.00000000 0.88166667 0.89416667
1440.00000000 0.87000000 0.87000000
1456.00000000 0.86250000 0.86750000
1472.00000000 0.83166667 0.84833333
1488.00000000 0.83500000 0.83500000
1504.00000000 0.82500000 0.83916667
1520.00000000 0.82500000 0.83416667
1536.00000000 0.81583333 0.80750000
1552.00000000 0.79416667 0.79833333
1568.00000000 0.79000000 0.79250000
1584.00000000 0.78416667 0.80416667
1600.00000000 0.77916667 0.78083333
1616.00000000 0.77583333 0.78166667
1632.00000000 0.76083333 0.76833333
1648.00000000 0.74916667 0.75916667
1664.00000000 0.75500000 0.76166667
1680.00000000 0.73083333 0.73750000
1696.00000000 0.72833333 0.73416667
1712.00000000 0.71500000 0.72333333
1728.00000000 0.72166667 0.73250000
1744.00000000 0.70916667 0.71416667
1760.00000000 0.71250000 0.71750000
1776.00000000 0.69250000 0.70666667
1792.00000000 0.69333333 0.70166667
1808.00000000 0.69416667 0.70166667
1824.00000000 0.69416667 0.68833333
1840.00000000 0.68500000 0.68166667
1856.00000000 0.67666667 0.66666667
1872.00000000 0.65750000 0.65916667
1888.00000000 0.65916667 0.66416667
1904.00000000 0.64666667 0.65916667
1920.00000000 0.65083333 0.64250000
1936.00000000 0.64500000 0.65083333
1952.00000000 0.64333333 0.64416667
1968.00000000 0.63333333 0.64500000
1984.00000000 0.63000000 0.62916667
2000.00000000 0.61916667 0.62833333
2016.00000000 0.62083333 0.62583333
2032.00000000 0.60416667 0.62166667
2048.00000000 0.60666667 0.60666667
2064.00000000 0.60666667 0.60916667
2080.00000000 0.59333333 0.60833333
2096.00000000 0.59666667 0.58416667
2112.00000000 0.58083333 0.59666667
2128.00000000 0.58500000 0.58083333
2144.00000000 0.57500000 0.57916667
2160.00000000 0.58333333 0.58000000
2176.00000000 0.56916667 0.58166667
2192.00000000 0.56416667 0.56250000
2208.00000000 0.56583333 0.57166667
2224.00000000 0.56000000 0.56416667
2240.00000000 0.55416667 0.56000000
2256.00000000 0.55250000 0.55416667
2272.00000000 0.54750000 0.55666667
2288.00000000 0.54250000 0.54250000
2304.00000000 0.54083333 0.53916667
2320.00000000 0.54583333 0.53166667
2336.00000000 0.53500000 0.53916667
2352.00000000 0.52000000 0.53166667
2368.00000000 0.52833333 0.52583333
2384.00000000 0.52000000 0.53500000
2400.00000000 0.51666667 0.51916667
2416.00000000 0.52750000 0.53000000
2432.00000000 0.50333333 0.51666667
2448.00000000 0.51166667 0.51500000
2464.00000000 0.51000000 0.51166667
2480.00000000 0.50916667 0.51833333
2496.00000000 0.50083333 0.48666667
2512.00000000 0.50333333 0.50416667
2528.00000000 0.48500000 0.50583333
2544.00000000 0.49166667 0.50166667
2560.00000000 0.49250000 0.48666667
2576.00000000 0.48500000 0.49666667
2592.00000000 0.49000000 0.50000000
2608.00000000 0.47500000 0.48083333
2624.00000000 0.48166667 0.48583333
2640.00000000 0.47083333 0.48250000
2656.00000000 0.47750000 0.47916667
2672.00000000 0.45333333 0.47250000
2688.00000000 0.47250000 0.47083333
2704.00000000 0.47250000 0.46500000
2720.00000000 0.45750000 0.46333333
2736.00000000 0.45583333 0.46500000
2752.00000000 0.45000000 0.45833333
2768.00000000 0.46000000 0.45833333
2784.00000000 0.44250000 0.45916667
2800.00000000 0.44500000 0.44000000
2816.00000000 0.43833333 0.44750000
2832.00000000 0.44250000 0.44416667
2848.00000000 0.43416667 0.44500000
2864.00000000 0.43666667 0.44333333
2880.00000000 0.43333333 0.44083333
2896.00000000 0.43250000 0.42916667
2912.00000000 0.42166667 0.43333333
2928.00000000 0.42166667 0.42250000
2944.00000000 0.42166667 0.42583333
2960.00000000 0.42583333 0.42166667
2976.00000000 0.42416667 0.42000000
2992.00000000 0.41250000 0.42416667
3008.00000000 0.41750000 0.41833333
3024.00000000 0.41083333 0.41750000
3040.00000000 0.40666667 0.41666667
3056.00000000 0.40916667 0.40833333
3072.00000000 0.41750000 0.40833333
3088.00000000 0.40833333 0.41333333
3104.00000000 0.41250000 0.40833333
3120.00000000 0.40000000 0.40750000
3136.00000000 0.40250000 0.40666667
3152.00000000 0.39333333 0.39250000
3168.00000000 0.40000000 0.40166667
3184.00000000 0.39416667 0.39333333
3200.00000000 0.39166667 0.39333333
