0 648.55000000 650.14285714
16.00000000 19.51785714 19.77857143
32.00000000 12.17500000 12.21071429
48.00000000 9.25000000 9.29285714
64.00000000 7.66785714 7.76428571
80.00000000 6.50000000 6.56785714
96.00000000 5.81071429 5.88571429
112.00000000 5.11071429 5.17500000
128.00000000 4.75357143 4.76785714
144.00000000 4.34642857 4.45714286
160.00000000 4.08928571 4.11428571
176.00000000 3.86785714 3.82500000
192.00000000 3.70000000 3.71785714
208.00000000 3.48571429 3.54642857
224.00000000 3.40000000 3.37857143
240.00000000 3.24285714 3.27142857
256.00000000 3.11785714 3.12857143
272.00000000 2.98928571 3.06428571
288.00000000 2.91785714 2.90714286
304.00000000 2.82142857 2.85000000
320.00000000 2.70357143 2.67142857
336.00000000 2.66785714 2.63928571
352.00000000 2.57500000 2.54642857
368.00000000 2.42857143 2.50000000
384.00000000 2.37142857 2.45714286
400.00000000 2.31785714 2.37500000
416.00000000 2.21785714 2.31428571
432.00000000 2.18928571 2.27142857
448.00000000 2.19285714 2.22857143
464.00000000 2.20000000 2.17500000
480.00000000 2.13928571 2.10714286
496.00000000 2.09285714 2.11785714
512.00000000 2.06071429 2.08214286
528.00000000 1.99642857 2.01785714
544.00000000 1.94285714 1.94285714
560.00000000 1.88571429 1.91785714
576.00000000 1.86785714 1.89642857
592.00000000 1.80357143 1.80357143
608.00000000 1.76071429 1.81428571
624.00000000 1.73571429 1.81428571
640.00000000 1.73928571 1.73928571
656.00000000 1.66785714 1.71785714
672.00000000 1.68214286 1.66785714
688.00000000 1.63214286 1.67857143
704.00000000 1.63214286 1.64285714
720.00000000 1.63214286 1.63571429
736.00000000 1.59285714 1.61785714
752.00000000 1.55714286 1.60357143
768.00000000 1.55357143 1.53571429
784.00000000 1.52857143 1.53571429
800.00000000 1.49642857 1.50714286
816.00000000 1.47500000 1.48214286
832.00000000 1.45714286 1.50714286
848.00000000 1.42142857 1.46071429
864.00000000 1.41071429 1.42857143
880.00000000 1.40714286 1.42142857
896.00000000 1.36785714 1.38571429
912.00000000 1.37857143 1.35357143
928.00000000 1.32857143 1.33928571
944.00000000 1.33928571 1.37857143
960.00000000 1.34285714 1.35714286
976.00000000 1.29642857 1.34285714
992.00000000 1.30714286 1.31428571
1008.00000000 1.24642857 1.27857143
1024.00000000 1.25000000 1.25357143
1040.00000000 1.26785714 1.25714286
1056.00000000 1.23214286 1.22142857
1072.00000000 1.20000000 1.18214286
1088.00000000 1.14642857 1.18928571
1104.00000000 1.17857143 1.14285714
1120.00000000 1.12857143 1.16785714
1136.00000000 1.15000000 1.11428571
1152.00000000 1.09642857 1.13214286
1168.00000000 1.10357143 1.11428571
1184.00000000 1.07857143 1.09642857
1200.00000000 1.06428571 1.10357143
1216.00000000 1.07857143 1.10000000
1232.00000000 1.07500000 1.08928571
1248.00000000 1.04285714 1.07500000
1264.00000000 1.00357143 1.06428571
1280.00000000 1.01785714 1.04285714
1296.00000000 1.05000000 1.04642857
1312.00000000 1.00357143 1.03214286
1328.00000000 1.01071429 1.00000000
1344.00000000 0.98214286 1.00000000
1360.00000000 0.98214286 0.99642857
1376.00000000 0.97500000 1.00357143
1392.00000000 0.97142857 0.97500000
1408.00000000 0.97857143 0.97857143
1424.00000000 0.97142857 0.97857143
1440.00000000 0.93214286 0.93928571
1456.00000000 0.94642857 0.94285714
1472.00000000 0.91428571 0.93571429
1488.00000000 0.92500000 0.92857143
1504.00000000 0.91428571 0.93928571
1520.00000000 0.90714286 0.92500000
1536.00000000 0.88571429 0.91071429
1552.00000000 0.88214286 0.87857143
1568.00000000 0.84285714 0.85000000
1584.00000000 0.86785714 0.88214286
1600.00000000 0.85000000 0.86428571
1616.00000000 0.84642857 0.87857143
1632.00000000 0.87142857 0.87142857
1648.00000000 0.85357143 0.85714286
1664.00000000 0.84285714 0.86071429
1680.00000000 0.83571429 0.84285714
1696.00000000 0.83214286 0.82857143
1712.00000000 0.81785714 0.82500000
1728.00000000 0.82857143 0.82857143
1744.00000000 0.82500000 0.83214286
1760.00000000 0.82142857 0.81428571
1776.00000000 0.78928571 0.82142857
1792.00000000 0.84285714 0.81428571
1808.00000000 0.80000000 0.83214286
1824.00000000 0.80000000 0.79642857
1840.00000000 0.78928571 0.79285714
1856.00000000 0.78571429 0.75000000
1872.00000000 0.75357143 0.73571429
1888.00000000 0.76428571 0.74642857
1904.00000000 0.73571429 0.76785714
1920.00000000 0.75357143 0.72142857
1936.00000000 0.75714286 0.75000000
1952.00000000 0.75000000 0.72500000
1968.00000000 0.74642857 0.73214286
1984.00000000 0.72142857 0.73214286
2000.00000000 0.68214286 0.73214286
2016.00000000 0.72500000 0.72142857
2032.00000000 0.71785714 0.72500000
2048.00000000 0.72142857 0.71071429
2064.00000000 0.70000000 0.70357143
2080.00000000 0.69285714 0.70000000
2096.00000000 0.71071429 0.69285714
2112.00000000 0.69285714 0.70000000
2128.00000000 0.69285714 0.66785714
2144.00000000 0.67500000 0.69285714
2160.00000000 0.68571429 0.70714286
2176.00000000 0.68214286 0.70357143
2192.00000000 0.69642857 0.68928571
2208.00000000 0.67142857 0.69285714
2224.00000000 0.67500000 0.67857143
2240.00000000 0.63928571 0.67500000
2256.00000000 0.66071429 0.67142857
2272.00000000 0.65357143 0.63571429
2288.00000000 0.64285714 0.66071429
2304.00000000 0.64642857 0.64642857
2320.00000000 0.65357143 0.62857143
2336.00000000 0.64642857 0.63571429
2352.00000000 0.60714286 0.63571429
2368.00000000 0.61785714 0.62857143
2384.00000000 0.61785714 0.63571429
2400.00000000 0.62142857 0.61071429
2416.00000000 0.62142857 0.63571429
2432.00000000 0.57142857 0.60000000
2448.00000000 0.60000000 0.61428571
2464.00000000 0.60357143 0.59642857
2480.00000000 0.60357143 0.61428571
2496.00000000 0.57142857 0.55714286
2512.00000000 0.56785714 0.59285714
2528.00000000 0.57142857 0.60000000
2544.00000000 0.58571429 0.59642857
2560.00000000 0.56785714 0.58571429
2576.00000000 0.57857143 0.57857143
2592.00000000 0.57500000 0.57142857
2608.00000000 0.56428571 0.56785714
2624.00000000 0.58928571 0.57142857
2640.00000000 0.56428571 0.56428571
2656.00000000 0.55714286 0.57500000
2672.00000000 0.51428571 0.54642857
2688.00000000 0.54285714 0.53214286
2704.00000000 0.54642857 0.53214286
2720.00000000 0.51428571 0.53214286
2736.00000000 0.51071429 0.53571429
2752.00000000 0.52857143 0.51071429
2768.00000000 0.53928571 0.53928571
2784.00000000 0.51071429 0.54285714
2800.00000000 0.49642857 0.50357143
2816.00000000 0.48928571 0.52142857
2832.00000000 0.50714286 0.51071429
2848.00000000 0.50714286 0.51785714
2864.00000000 0.51071429 0.48571429
2880.00000000 0.49642857 0.50714286
2896.00000000 0.49285714 0.48571429
2912.00000000 0.48571429 0.48571429
2928.00000000 0.48214286 0.48928571
2944.00000000 0.48214286 0.50000000
2960.00000000 0.47857143 0.49285714
2976.00000000 0.49642857 0.48214286
2992.00000000 0.48571429 0.49285714
3008.00000000 0.48928571 0.46785714
3024.00000000 0.47500000 0.46785714
3040.00000000 0.46785714 0.47142857
3056.00000000 0.45714286 0.45714286
3072.00000000 0.46785714 0.45000000
3088.00000000 0.47500000 0.46428571
3104.00000000 0.45714286 0.46428571
3120.00000000 0.45357143 0.46785714
3136.00000000 0.46428571 0.45714286
3152.00000000 0.43214286 0.43571429
3168.00000000 0.46785714 0.45357143
3184.00000000 0.45714286 0.45357143
3200.00000000 0.44642857 0.43571429
