0 648.41666667 649.70000000
16.00000000 19.54102564 19.69871795
32.00000000 12.17179487 12.21538462
48.00000000 9.31794872 9.33205128
64.00000000 7.67820513 7.76025641
80.00000000 6.61025641 6.60128205
96.00000000 5.83589744 5.86923077
112.00000000 5.17692308 5.28076923
128.00000000 4.82179487 4.83076923
144.00000000 4.45769231 4.50769231
160.00000000 4.15769231 4.17692308
176.00000000 3.89871795 3.89487179
192.00000000 3.72307692 3.71923077
208.00000000 3.50384615 3.55128205
224.00000000 3.37307692 3.36666667
240.00000000 3.22307692 3.24487179
256.00000000 3.07692308 3.09102564
272.00000000 2.95769231 2.99743590
288.00000000 2.85256410 2.85128205
304.00000000 2.73717949 2.76923077
320.00000000 2.65512821 2.68333333
336.00000000 2.57051282 2.57692308
352.00000000 2.51666667 2.50128205
368.00000000 2.39358974 2.42564103
384.00000000 2.34871795 2.37435897
400.00000000 2.28846154 2.30128205
416.00000000 2.19230769 2.22435897
432.00000000 2.15512821 2.19487179
448.00000000 2.10641026 2.13461538
464.00000000 2.07051282 2.09102564
480.00000000 2.02948718 2.01794872
496.00000000 1.96153846 1.99615385
512.00000000 1.93205128 1.95769231
528.00000000 1.89230769 1.91538462
544.00000000 1.83205128 1.86538462
560.00000000 1.77307692 1.81282051
576.00000000 1.74743590 1.77820513
592.00000000 1.68846154 1.70897436
608.00000000 1.69871795 1.70897436
624.00000000 1.64358974 1.67948718
640.00000000 1.62307692 1.64615385
656.00000000 1.57948718 1.62564103
672.00000000 1.57051282 1.57692308
688.00000000 1.53974359 1.57435897
704.00000000 1.52948718 1.54230769
720.00000000 1.52435897 1.53461538
736.00000000 1.48461538 1.51282051
752.00000000 1.44615385 1.48205128
768.00000000 1.46666667 1.44102564
784.00000000 1.41538462 1.41538462
800.00000000 1.39358974 1.38974359
816.00000000 1.36538462 1.36153846
832.00000000 1.35000000 1.38461538
848.00000000 1.32820513 1.35000000
864.00000000 1.31538462 1.32435897
880.00000000 1.30384615 1.32307692
896.00000000 1.28717949 1.29871795
912.00000000 1.26538462 1.27051282
928.00000000 1.25384615 1.25641026
944.00000000 1.25512821 1.25256410
960.00000000 1.23717949 1.24743590
976.00000000 1.18974359 1.22564103
992.00000000 1.20769231 1.20256410
1008.00000000 1.17307692 1.18333333
1024.00000000 1.15256410 1.16153846
1040.00000000 1.16282051 1.16153846
1056.00000000 1.15641026 1.15128205
1072.00000000 1.11153846 1.11923077
1088.00000000 1.09487179 1.11410256
1104.00000000 1.09487179 1.09358974
1120.00000000 1.07692308 1.08846154
1136.00000000 1.05512821 1.05512821
1152.00000000 1.03333333 1.07179487
1168.00000000 1.03589744 1.05384615
1184.00000000 1.02820513 1.03205128
1200.00000000 1.01794872 1.02948718
1216.00000000 1.01538462 1.02948718
1232.00000000 1.00256410 1.02179487
1248.00000000 0.98205128 1.00641026
1264.00000000 0.96538462 0.98974359
1280.00000000 0.96153846 0.97948718
1296.00000000 0.96153846 0.97051282
1312.00000000 0.94743590 0.97435897
1328.00000000 0.93717949 0.94871795
1344.00000000 0.90769231 0.93076923
1360.00000000 0.90897436 0.91923077
1376.00000000 0.91794872 0.90897436
1392.00000000 0.90000000 0.90512821
1408.00000000 0.90384615 0.88974359
1424.00000000 0.89871795 0.90641026
1440.00000000 0.87948718 0.87948718
1456.00000000 0.87948718 0.87948718
1472.00000000 0.84743590 0.86025641
1488.00000000 0.84615385 0.84102564
1504.00000000 0.83974359 0.85641026
1520.00000000 0.83846154 0.85769231
1536.00000000 0.83461538 0.82179487
1552.00000000 0.80897436 0.81794872
1568.00000000 0.80512821 0.80384615
1584.00000000 0.80384615 0.82820513
1600.00000000 0.80000000 0.80769231
1616.00000000 0.79615385 0.80256410
1632.00000000 0.78461538 0.79871795
1648.00000000 0.77179487 0.78717949
1664.00000000 0.79230769 0.79230769
1680.00000000 0.75000000 0.76025641
1696.00000000 0.76153846 0.75641026
1712.00000000 0.74358974 0.75128205
1728.00000000 0.74743590 0.76025641
1744.00000000 0.73717949 0.74358974
1760.00000000 0.73205128 0.74102564
1776.00000000 0.71282051 0.72948718
1792.00000000 0.72179487 0.72820513
1808.00000000 0.71794872 0.72948718
1824.00000000 0.72051282 0.71282051
1840.00000000 0.71410256 0.70641026
1856.00000000 0.70769231 0.68333333
1872.00000000 0.68205128 0.68333333
1888.00000000 0.68461538 0.68974359
1904.00000000 0.66538462 0.69102564
1920.00000000 0.67820513 0.66282051
1936.00000000 0.66794872 0.67435897
1952.00000000 0.66794872 0.66923077
1968.00000000 0.66025641 0.66410256
1984.00000000 0.65641026 0.65384615
2000.00000000 0.64615385 0.65641026
2016.00000000 0.64871795 0.64615385
2032.00000000 0.63333333 0.65000000
2048.00000000 0.64358974 0.63974359
2064.00000000 0.63461538 0.64102564
2080.00000000 0.62307692 0.63461538
2096.00000000 0.62179487 0.61666667
2112.00000000 0.60897436 0.62564103
2128.00000000 0.62179487 0.60384615
2144.00000000 0.60128205 0.61153846
2160.00000000 0.61153846 0.62179487
2176.00000000 0.60384615 0.61410256
2192.00000000 0.59615385 0.59102564
2208.00000000 0.59487179 0.60641026
2224.00000000 0.60000000 0.59615385
2240.00000000 0.58846154 0.59487179
2256.00000000 0.59358974 0.59358974
2272.00000000 0.58974359 0.59102564
2288.00000000 0.58205128 0.58205128
2304.00000000 0.57435897 0.57307692
2320.00000000 0.58333333 0.56153846
2336.00000000 0.57179487 0.57051282
2352.00000000 0.55384615 0.57051282
2368.00000000 0.56025641 0.56153846
2384.00000000 0.55128205 0.57435897
2400.00000000 0.55512821 0.55384615
2416.00000000 0.56410256 0.56923077
2432.00000000 0.53589744 0.55897436
2448.00000000 0.54743590 0.55897436
2464.00000000 0.54615385 0.54487179
2480.00000000 0.55000000 0.55641026
2496.00000000 0.53846154 0.52179487
2512.00000000 0.53846154 0.54615385
2528.00000000 0.52435897 0.54230769
2544.00000000 0.53205128 0.53846154
2560.00000000 0.52564103 0.52564103
2576.00000000 0.52051282 0.53589744
2592.00000000 0.52307692 0.53333333
2608.00000000 0.51666667 0.52179487
2624.00000000 0.52564103 0.52564103
2640.00000000 0.51282051 0.51923077
2656.00000000 0.51666667 0.52179487
2672.00000000 0.48717949 0.51025641
2688.00000000 0.51025641 0.50512821
2704.00000000 0.50641026 0.49871795
2720.00000000 0.49358974 0.50256410
2736.00000000 0.49102564 0.51025641
2752.00000000 0.48589744 0.49487179
2768.00000000 0.50000000 0.49102564
2784.00000000 0.47435897 0.49487179
2800.00000000 0.47948718 0.46923077
2816.00000000 0.46666667 0.48205128
2832.00000000 0.48205128 0.48205128
2848.00000000 0.47307692 0.48589744
2864.00000000 0.47948718 0.47435897
2880.00000000 0.47179487 0.48076923
2896.00000000 0.46410256 0.46538462
2912.00000000 0.45512821 0.46923077
2928.00000000 0.45641026 0.45769231
2944.00000000 0.45897436 0.46923077
2960.00000000 0.46153846 0.45769231
2976.00000000 0.46153846 0.45897436
2992.00000000 0.44487179 0.46410256
3008.00000000 0.45256410 0.45384615
3024.00000000 0.44615385 0.45128205
3040.00000000 0.43846154 0.45641026
3056.00000000 0.44358974 0.43846154
3072.00000000 0.45128205 0.43974359
3088.00000000 0.44615385 0.44615385
3104.00000000 0.44358974 0.43974359
3120.00000000 0.43076923 0.43974359
3136.00000000 0.43589744 0.43589744
3152.00000000 0.42307692 0.42051282
3168.00000000 0.43076923 0.42307692
3184.00000000 0.42820513 0.42307692
3200.00000000 0.42179487 0.41923077
