0 648.66500000 650.17142857
16.00000000 19.48928571 19.66285714
32.00000000 12.08500000 12.14428571
48.00000000 9.22928571 9.27214286
64.00000000 7.60214286 7.68500000
80.00000000 6.55928571 6.57571429
96.00000000 5.82428571 5.86142857
112.00000000 5.19000000 5.27642857
128.00000000 4.80214286 4.81214286
144.00000000 4.45357143 4.48714286
160.00000000 4.16071429 4.19500000
176.00000000 3.92071429 3.92000000
192.00000000 3.71571429 3.71571429
208.00000000 3.50214286 3.53500000
224.00000000 3.35142857 3.34500000
240.00000000 3.19857143 3.21785714
256.00000000 3.04357143 3.06714286
272.00000000 2.92142857 2.95642857
288.00000000 2.82500000 2.81214286
304.00000000 2.71142857 2.73642857
320.00000000 2.62785714 2.65071429
336.00000000 2.53428571 2.55000000
352.00000000 2.47142857 2.46642857
368.00000000 2.37142857 2.37857143
384.00000000 2.32785714 2.33642857
400.00000000 2.26142857 2.26500000
416.00000000 2.17642857 2.20642857
432.00000000 2.14071429 2.17214286
448.00000000 2.09214286 2.11428571
464.00000000 2.05142857 2.06857143
480.00000000 1.99857143 2.01357143
496.00000000 1.95500000 1.97500000
512.00000000 1.91357143 1.93571429
528.00000000 1.87285714 1.89500000
544.00000000 1.81214286 1.83214286
560.00000000 1.77500000 1.80285714
576.00000000 1.74142857 1.77214286
592.00000000 1.69357143 1.70000000
608.00000000 1.67857143 1.69428571
624.00000000 1.63571429 1.66214286
640.00000000 1.62357143 1.63428571
656.00000000 1.57571429 1.60000000
672.00000000 1.56428571 1.57071429
688.00000000 1.53000000 1.55285714
704.00000000 1.50000000 1.51142857
720.00000000 1.49357143 1.50642857
736.00000000 1.46857143 1.48857143
752.00000000 1.42714286 1.46642857
768.00000000 1.42857143 1.42500000
784.00000000 1.39785714 1.39357143
800.00000000 1.36214286 1.37785714
816.00000000 1.34857143 1.35214286
832.00000000 1.34000000 1.35357143
848.00000000 1.31571429 1.32428571
864.00000000 1.30214286 1.30500000
880.00000000 1.29285714 1.30071429
896.00000000 1.26357143 1.27000000
912.00000000 1.23285714 1.25785714
928.00000000 1.23285714 1.23857143
944.00000000 1.22642857 1.22357143
960.00000000 1.21642857 1.22142857
976.00000000 1.18642857 1.20857143
992.00000000 1.17571429 1.18500000
1008.00000000 1.15571429 1.16428571
1024.00000000 1.14428571 1.15500000
1040.00000000 1.14071429 1.14000000
1056.00000000 1.13000000 1.14357143
1072.00000000 1.10071429 1.10642857
1088.00000000 1.08428571 1.10857143
1104.00000000 1.07285714 1.07928571
1120.00000000 1.06357143 1.07785714
1136.00000000 1.04642857 1.05071429
1152.00000000 1.03000000 1.06071429
1168.00000000 1.02214286 1.03785714
1184.00000000 1.01428571 1.02642857
1200.00000000 1.00500000 1.01142857
1216.00000000 1.00500000 1.00714286
1232.00000000 0.98357143 0.99714286
1248.00000000 0.96714286 0.99071429
1264.00000000 0.95928571 0.97214286
1280.00000000 0.94785714 0.95714286
1296.00000000 0.94285714 0.94857143
1312.00000000 0.93285714 0.95071429
1328.00000000 0.91642857 0.92642857
1344.00000000 0.89928571 0.90785714
1360.00000000 0.88571429 0.89857143
1376.00000000 0.88500000 0.88142857
1392.00000000 0.88214286 0.88428571
1408.00000000 0.88142857 0.87428571
1424.00000000 0.86857143 0.88071429
1440.00000000 0.85500000 0.85857143
1456.00000000 0.85142857 0.85357143
1472.00000000 0.82285714 0.83857143
1488.00000000 0.82571429 0.82500000
1504.00000000 0.81571429 0.83071429
1520.00000000 0.81285714 0.82285714
1536.00000000 0.80357143 0.80214286
1552.00000000 0.78785714 0.79285714
1568.00000000 0.78571429 0.78642857
1584.00000000 0.77785714 0.80071429
1600.00000000 0.77357143 0.77500000
1616.00000000 0.77142857 0.77285714
1632.00000000 0.75214286 0.75785714
1648.00000000 0.74071429 0.75357143
1664.00000000 0.74500000 0.75642857
1680.00000000 0.72714286 0.73214286
1696.00000000 0.72571429 0.73357143
1712.00000000 0.71357143 0.72142857
1728.00000000 0.71714286 0.73285714
1744.00000000 0.70142857 0.71285714
1760.00000000 0.70857143 0.71714286
1776.00000000 0.69428571 0.70571429
1792.00000000 0.69642857 0.69714286
1808.00000000 0.69285714 0.69642857
1824.00000000 0.69071429 0.68500000
1840.00000000 0.68785714 0.68285714
1856.00000000 0.67214286 0.66428571
1872.00000000 0.65785714 0.66214286
1888.00000000 0.65928571 0.66571429
1904.00000000 0.64571429 0.65785714
1920.00000000 0.64571429 0.64071429
1936.00000000 0.64571429 0.65000000
1952.00000000 0.64142857 0.64571429
1968.00000000 0.63285714 0.64142857
1984.00000000 0.63000000 0.62571429
2000.00000000 0.61714286 0.62500000
2016.00000000 0.61857143 0.62500000
2032.00000000 0.60500000 0.62142857
2048.00000000 0.60571429 0.60142857
2064.00000000 0.60071429 0.60285714
2080.00000000 0.58357143 0.60500000
2096.00000000 0.59214286 0.58214286
2112.00000000 0.57928571 0.59357143
2128.00000000 0.58142857 0.57642857
2144.00000000 0.56928571 0.57500000
2160.00000000 0.57857143 0.57357143
2176.00000000 0.56500000 0.57142857
2192.00000000 0.55857143 0.55785714
2208.00000000 0.56142857 0.56642857
2224.00000000 0.55500000 0.56000000
2240.00000000 0.55071429 0.55428571
2256.00000000 0.54500000 0.54714286
2272.00000000 0.53857143 0.55071429
2288.00000000 0.53142857 0.53785714
2304.00000000 0.53285714 0.52785714
2320.00000000 0.53714286 0.52642857
2336.00000000 0.52642857 0.52714286
2352.00000000 0.51500000 0.52357143
2368.00000000 0.51928571 0.51928571
2384.00000000 0.51500000 0.52500000
2400.00000000 0.50928571 0.50785714
2416.00000000 0.52000000 0.52000000
2432.00000000 0.49571429 0.50928571
2448.00000000 0.50071429 0.50571429
2464.00000000 0.50428571 0.50285714
2480.00000000 0.50071429 0.50357143
2496.00000000 0.49500000 0.48285714
2512.00000000 0.49500000 0.49428571
2528.00000000 0.48142857 0.49857143
2544.00000000 0.48571429 0.49285714
2560.00000000 0.48642857 0.48285714
2576.00000000 0.48142857 0.48785714
2592.00000000 0.48142857 0.49142857
2608.00000000 0.46714286 0.47571429
2624.00000000 0.47571429 0.47642857
2640.00000000 0.46642857 0.47500000
2656.00000000 0.47142857 0.47500000
2672.00000000 0.44785714 0.46357143
2688.00000000 0.46571429 0.46285714
2704.00000000 0.46571429 0.45857143
2720.00000000 0.45214286 0.45785714
2736.00000000 0.45214286 0.46071429
2752.00000000 0.44285714 0.45357143
2768.00000000 0.45500000 0.45285714
2784.00000000 0.43714286 0.45285714
2800.00000000 0.43571429 0.43571429
2816.00000000 0.43214286 0.44428571
2832.00000000 0.43500000 0.43928571
2848.00000000 0.43000000 0.43785714
2864.00000000 0.43285714 0.43714286
2880.00000000 0.42785714 0.43428571
2896.00000000 0.42500000 0.42071429
2912.00000000 0.41642857 0.42642857
2928.00000000 0.41642857 0.41642857
2944.00000000 0.41571429 0.41857143
2960.00000000 0.41857143 0.41571429
2976.00000000 0.41571429 0.41500000
2992.00000000 0.40785714 0.41857143
3008.00000000 0.41142857 0.41142857
3024.00000000 0.40571429 0.40928571
3040.00000000 0.40071429 0.41142857
3056.00000000 0.40571429 0.40000000
3072.00000000 0.41285714 0.40357143
3088.00000000 0.40357143 0.40785714
3104.00000000 0.40642857 0.40142857
3120.00000000 0.39785714 0.40428571
3136.00000000 0.39714286 0.39928571
3152.00000000 0.38642857 0.38857143
3168.00000000 0.39500000 0.39428571
3184.00000000 0.38928571 0.38785714
3200.00000000 0.38785714 0.38857143
