0 253.66333333 254.16333333
6.25000000 16.09333333 15.97666667
12.50000000 9.53333333 9.52000000
18.75000000 7.03666667 7.10666667
25.00000000 5.60666667 5.67666667
31.25000000 4.76333333 4.81666667
37.50000000 4.23000000 4.19333333
43.75000000 3.74333333 3.76333333
50.00000000 3.39666667 3.43333333
56.25000000 3.08666667 3.20000000
62.50000000 2.90333333 2.97000000
68.75000000 2.69000000 2.68666667
75.00000000 2.52666667 2.53666667
81.25000000 2.37666667 2.40666667
87.50000000 2.28333333 2.27666667
93.75000000 2.14666667 2.18000000
100.00000000 2.03666667 2.04666667
106.25000000 1.92333333 1.93000000
112.50000000 1.85000000 1.87666667
118.75000000 1.81000000 1.76333333
125.00000000 1.70333333 1.72333333
131.25000000 1.64000000 1.69000000
137.50000000 1.57333333 1.61333333
143.75000000 1.50666667 1.52000000
150.00000000 1.46000000 1.50666667
156.25000000 1.43666667 1.44000000
162.50000000 1.41333333 1.39000000
168.75000000 1.31333333 1.36666667
175.00000000 1.34666667 1.36333333
181.25000000 1.28666667 1.33666667
187.50000000 1.28333333 1.27666667
193.75000000 1.23333333 1.24666667
200.00000000 1.23333333 1.22000000
206.25000000 1.18333333 1.19333333
212.50000000 1.10666667 1.11000000
218.75000000 1.11000000 1.09333333
225.00000000 1.09333333 1.06666667
231.25000000 1.03333333 1.07333333
237.50000000 0.99333333 1.03333333
243.75000000 0.98666667 0.99000000
250.00000000 0.96000000 0.96666667
256.25000000 0.96666667 0.96333333
262.50000000 0.90666667 0.91666667
268.75000000 0.89666667 0.91333333
275.00000000 0.89666667 0.87333333
281.25000000 0.84333333 0.82666667
287.50000000 0.83666667 0.83333333
293.75000000 0.80000000 0.81000000
300.00000000 0.78666667 0.76333333
306.25000000 0.77666667 0.77333333
312.50000000 0.70666667 0.73000000
318.75000000 0.70000000 0.72666667
325.00000000 0.71333333 0.69333333
331.25000000 0.66666667 0.66333333
337.50000000 0.67333333 0.66000000
343.75000000 0.61333333 0.64000000
350.00000000 0.60666667 0.61000000
356.25000000 0.58000000 0.59333333
362.50000000 0.57000000 0.56000000
368.75000000 0.55666667 0.54000000
375.00000000 0.53333333 0.54000000
381.25000000 0.50666667 0.51000000
387.50000000 0.51000000 0.51000000
393.75000000 0.48666667 0.50666667
400.00000000 0.48666667 0.49333333
406.25000000 0.48000000 0.49666667
412.50000000 0.47666667 0.47666667
418.75000000 0.46333333 0.46000000
425.00000000 0.44000000 0.46000000
431.25000000 0.40333333 0.41666667
437.50000000 0.42333333 0.41666667
443.75000000 0.41666667 0.41666667
450.00000000 0.40666667 0.40000000
456.25000000 0.39000000 0.38666667
462.50000000 0.39000000 0.36333333
468.75000000 0.39333333 0.38000000
475.00000000 0.38666667 0.38666667
481.25000000 0.34666667 0.38000000
487.50000000 0.32666667 0.33666667
493.75000000 0.34000000 0.33333333
500.00000000 0.33333333 0.32333333
506.25000000 0.32666667 0.30666667
512.50000000 0.32000000 0.32666667
518.75000000 0.30000000 0.30000000
525.00000000 0.29333333 0.30000000
531.25000000 0.29000000 0.29000000
537.50000000 0.26666667 0.28000000
543.75000000 0.25666667 0.26666667
550.00000000 0.25666667 0.26000000
556.25000000 0.24333333 0.24000000
562.50000000 0.23000000 0.24333333
568.75000000 0.22333333 0.22666667
575.00000000 0.22333333 0.21333333
581.25000000 0.21666667 0.21000000
587.50000000 0.20333333 0.20000000
593.75000000 0.19333333 0.18666667
600.00000000 0.19000000 0.19333333
606.25000000 0.19333333 0.19333333
612.50000000 0.17000000 0.17000000
618.75000000 0.15666667 0.16666667
625.00000000 0.15333333 0.17333333
631.25000000 0.16333333 0.16666667
637.50000000 0.15000000 0.16333333
643.75000000 0.16000000 0.16000000
650.00000000 0.16000000 0.15666667
656.25000000 0.16000000 0.15666667
662.50000000 0.15333333 0.15666667
668.75000000 0.14666667 0.14666667
675.00000000 0.14333333 0.15333333
681.25000000 0.15000000 0.15000000
687.50000000 0.14666667 0.14333333
693.75000000 0.14666667 0.15000000
700.00000000 0.14000000 0.14333333
706.25000000 0.12333333 0.13333333
712.50000000 0.13000000 0.12333333
718.75000000 0.13000000 0.13333333
725.00000000 0.12666667 0.13333333
731.25000000 0.12666667 0.13000000
737.50000000 0.13333333 0.13000000
743.75000000 0.10666667 0.11333333
750.00000000 0.11333333 0.11000000
756.25000000 0.09666667 0.11000000
762.50000000 0.10000000 0.10000000
768.75000000 0.10333333 0.11333333
775.00000000 0.11000000 0.10333333
781.25000000 0.11000000 0.10666667
787.50000000 0.09000000 0.10666667
793.75000000 0.10000000 0.10333333
800.00000000 0.10333333 0.10333333
806.25000000 0.10000000 0.10000000
812.50000000 0.09666667 0.10333333
818.75000000 0.09000000 0.10000000
825.00000000 0.09333333 0.09333333
831.25000000 0.09000000 0.09333333
837.50000000 0.09333333 0.09000000
843.75000000 0.08000000 0.09666667
850.00000000 0.08666667 0.09000000
856.25000000 0.09000000 0.09000000
862.50000000 0.09333333 0.09333333
868.75000000 0.08333333 0.08333333
875.00000000 0.09000000 0.08666667
881.25000000 0.08333333 0.08666667
887.50000000 0.08666667 0.09333333
893.75000000 0.08333333 0.09333333
900.00000000 0.08333333 0.08666667
906.25000000 0.08333333 0.08333333
912.50000000 0.07666667 0.08333333
918.75000000 0.08000000 0.07666667
925.00000000 0.07666667 0.07333333
931.25000000 0.07666667 0.07666667
937.50000000 0.07666667 0.08000000
943.75000000 0.07333333 0.07666667
950.00000000 0.07333333 0.08000000
956.25000000 0.07000000 0.08000000
962.50000000 0.08000000 0.07666667
968.75000000 0.07000000 0.07666667
975.00000000 0.07333333 0.07333333
981.25000000 0.07333333 0.07333333
987.50000000 0.06666667 0.06666667
993.75000000 0.06666667 0.06666667
1000.00000000 0.06333333 0.06666667
1006.25000000 0.06000000 0.06333333
1012.50000000 0.05333333 0.06000000
1018.75000000 0.06000000 0.05666667
1025.00000000 0.05666667 0.05666667
1031.25000000 0.05666667 0.05666667
1037.50000000 0.06000000 0.06000000
1043.75000000 0.06000000 0.05666667
1050.00000000 0.05333333 0.05666667
1056.25000000 0.05333333 0.05666667
1062.50000000 0.05000000 0.05333333
1068.75000000 0.04666667 0.05000000
1075.00000000 0.04333333 0.04333333
1081.25000000 0.04333333 0.04666667
1087.50000000 0.04333333 0.04000000
1093.75000000 0.04333333 0.04666667
1100.00000000 0.04333333 0.04333333
1106.25000000 0.04333333 0.04666667
1112.50000000 0.04000000 0.04333333
1118.75000000 0.04666667 0.04666667
1125.00000000 0.04666667 0.04333333
1131.25000000 0.04000000 0.04666667
1137.50000000 0.03666667 0.04333333
1143.75000000 0.03666667 0.03666667
1150.00000000 0.03333333 0.03333333
1156.25000000 0.03000000 0.04000000
1162.50000000 0.03666667 0.04000000
1168.75000000 0.03333333 0.03666667
1175.00000000 0.03666667 0.03666667
1181.25000000 0.03000000 0.02666667
1187.50000000 0.03000000 0.03333333
1193.75000000 0.03333333 0.03666667
1200.00000000 0.03666667 0.03666667
1206.25000000 0.03000000 0.03000000
1212.50000000 0.03000000 0.03000000
1218.75000000 0.03000000 0.03000000
1225.00000000 0.03000000 0.03000000
1231.25000000 0.02333333 0.01666667
1237.50000000 0.02333333 0.03000000
1243.75000000 0.02333333 0.03000000
1250.00000000 0.02666667 0.03000000
