0 253.00300000 253.51800000
6.25000000 16.00400000 16.07200000
12.50000000 9.46800000 9.50300000
18.75000000 7.00800000 7.06800000
25.00000000 5.61100000 5.64200000
31.25000000 4.73900000 4.76900000
37.50000000 4.13500000 4.13800000
43.75000000 3.65900000 3.70200000
50.00000000 3.30900000 3.35400000
56.25000000 3.00400000 3.04800000
62.50000000 2.78500000 2.83000000
68.75000000 2.60000000 2.63700000
75.00000000 2.49800000 2.48000000
81.25000000 2.33200000 2.35600000
87.50000000 2.19700000 2.22000000
93.75000000 2.06200000 2.09800000
100.00000000 1.99300000 1.99600000
106.25000000 1.88200000 1.89600000
112.50000000 1.79600000 1.79900000
118.75000000 1.72900000 1.71100000
125.00000000 1.67400000 1.67600000
131.25000000 1.58700000 1.60300000
137.50000000 1.53300000 1.54300000
143.75000000 1.47300000 1.48400000
150.00000000 1.42500000 1.45300000
156.25000000 1.39400000 1.39200000
162.50000000 1.35900000 1.33900000
168.75000000 1.28200000 1.30300000
175.00000000 1.27400000 1.28700000
181.25000000 1.24100000 1.24900000
187.50000000 1.19800000 1.20900000
193.75000000 1.16900000 1.17100000
200.00000000 1.13300000 1.14000000
206.25000000 1.09700000 1.10100000
212.50000000 1.05200000 1.06100000
218.75000000 1.02300000 1.02100000
225.00000000 1.00600000 0.99000000
231.25000000 0.97600000 0.98100000
237.50000000 0.95400000 0.96200000
243.75000000 0.93900000 0.92600000
250.00000000 0.88300000 0.89100000
256.25000000 0.87800000 0.88900000
262.50000000 0.83900000 0.86700000
268.75000000 0.82400000 0.84400000
275.00000000 0.81500000 0.81500000
281.25000000 0.77100000 0.79200000
287.50000000 0.76700000 0.78000000
293.75000000 0.75400000 0.76100000
300.00000000 0.73600000 0.73300000
306.25000000 0.71600000 0.71800000
312.50000000 0.68300000 0.68100000
318.75000000 0.68000000 0.68500000
325.00000000 0.65900000 0.65300000
331.25000000 0.63000000 0.63000000
337.50000000 0.62400000 0.61400000
343.75000000 0.59800000 0.59400000
350.00000000 0.57700000 0.57900000
356.25000000 0.56000000 0.56400000
362.50000000 0.55100000 0.53900000
368.75000000 0.53200000 0.53200000
375.00000000 0.50300000 0.51300000
381.25000000 0.48200000 0.49400000
387.50000000 0.47900000 0.48100000
393.75000000 0.45800000 0.46600000
400.00000000 0.45600000 0.45800000
406.25000000 0.43700000 0.44700000
412.50000000 0.42300000 0.43200000
418.75000000 0.41000000 0.41700000
425.00000000 0.39600000 0.40900000
431.25000000 0.37900000 0.38800000
437.50000000 0.38600000 0.37200000
443.75000000 0.37100000 0.37200000
450.00000000 0.36000000 0.36600000
456.25000000 0.35200000 0.35100000
462.50000000 0.34700000 0.34200000
468.75000000 0.33800000 0.33300000
475.00000000 0.32300000 0.32700000
481.25000000 0.30900000 0.32400000
487.50000000 0.29700000 0.30000000
493.75000000 0.29800000 0.29100000
500.00000000 0.28800000 0.28500000
506.25000000 0.28300000 0.27600000
512.50000000 0.27300000 0.27300000
518.75000000 0.26200000 0.25900000
525.00000000 0.25700000 0.26200000
531.25000000 0.24200000 0.25100000
537.50000000 0.23800000 0.24800000
543.75000000 0.23000000 0.22900000
550.00000000 0.22600000 0.22900000
556.25000000 0.21600000 0.22400000
562.50000000 0.21200000 0.21800000
568.75000000 0.20800000 0.20200000
575.00000000 0.20100000 0.19500000
581.25000000 0.19300000 0.19500000
587.50000000 0.18400000 0.19100000
593.75000000 0.18100000 0.18200000
600.00000000 0.17500000 0.17600000
606.25000000 0.17300000 0.17500000
612.50000000 0.15900000 0.16000000
618.75000000 0.15700000 0.15600000
625.00000000 0.14900000 0.14900000
631.25000000 0.14300000 0.14300000
637.50000000 0.14100000 0.14200000
643.75000000 0.13500000 0.14200000
650.00000000 0.13500000 0.13000000
656.25000000 0.13300000 0.13400000
662.50000000 0.12700000 0.12900000
668.75000000 0.12900000 0.13000000
675.00000000 0.12400000 0.12800000
681.25000000 0.12500000 0.12200000
687.50000000 0.12300000 0.12100000
693.75000000 0.11900000 0.12200000
700.00000000 0.11900000 0.11800000
706.25000000 0.11300000 0.11400000
712.50000000 0.11000000 0.10700000
718.75000000 0.11200000 0.11400000
725.00000000 0.10400000 0.10800000
731.25000000 0.10400000 0.10800000
737.50000000 0.10700000 0.11100000
743.75000000 0.10200000 0.10300000
750.00000000 0.09500000 0.09800000
756.25000000 0.09500000 0.09700000
762.50000000 0.09300000 0.09400000
768.75000000 0.09500000 0.09700000
775.00000000 0.09400000 0.09100000
781.25000000 0.09200000 0.08800000
787.50000000 0.08500000 0.09200000
793.75000000 0.08500000 0.08500000
800.00000000 0.08700000 0.08700000
806.25000000 0.08300000 0.08400000
812.50000000 0.08100000 0.08300000
818.75000000 0.07700000 0.07900000
825.00000000 0.07900000 0.07800000
831.25000000 0.07200000 0.07600000
837.50000000 0.07300000 0.07400000
843.75000000 0.06800000 0.06900000
850.00000000 0.06800000 0.06900000
856.25000000 0.06800000 0.06500000
862.50000000 0.06900000 0.07000000
868.75000000 0.06700000 0.06600000
875.00000000 0.06800000 0.06500000
881.25000000 0.06400000 0.06700000
887.50000000 0.06300000 0.06600000
893.75000000 0.06200000 0.06700000
900.00000000 0.06300000 0.06500000
906.25000000 0.05700000 0.06200000
912.50000000 0.06000000 0.05900000
918.75000000 0.06300000 0.05800000
925.00000000 0.05600000 0.05500000
931.25000000 0.05700000 0.05400000
937.50000000 0.05900000 0.06000000
943.75000000 0.05500000 0.05600000
950.00000000 0.05500000 0.05800000
956.25000000 0.05400000 0.05800000
962.50000000 0.05800000 0.05600000
968.75000000 0.05100000 0.05600000
975.00000000 0.05400000 0.05200000
981.25000000 0.05300000 0.05500000
987.50000000 0.05200000 0.04800000
993.75000000 0.05100000 0.05200000
1000.00000000 0.04700000 0.05100000
1006.25000000 0.04700000 0.04900000
1012.50000000 0.04600000 0.04800000
1018.75000000 0.04600000 0.04600000
1025.00000000 0.04600000 0.04400000
1031.25000000 0.04200000 0.04300000
1037.50000000 0.04500000 0.04400000
1043.75000000 0.04500000 0.04100000
1050.00000000 0.04000000 0.04200000
1056.25000000 0.04000000 0.04300000
1062.50000000 0.03800000 0.04000000
1068.75000000 0.03800000 0.03900000
1075.00000000 0.03700000 0.03500000
1081.25000000 0.03300000 0.03500000
1087.50000000 0.03500000 0.03400000
1093.75000000 0.03300000 0.03400000
1100.00000000 0.03400000 0.03400000
1106.25000000 0.03300000 0.03600000
1112.50000000 0.03300000 0.03000000
1118.75000000 0.03300000 0.03200000
1125.00000000 0.03200000 0.03300000
1131.25000000 0.03200000 0.03300000
1137.50000000 0.03000000 0.03200000
1143.75000000 0.03000000 0.02900000
1150.00000000 0.03000000 0.03000000
1156.25000000 0.02800000 0.03100000
1162.50000000 0.02900000 0.03100000
1168.75000000 0.02700000 0.02900000
1175.00000000 0.02900000 0.03000000
1181.25000000 0.02600000 0.02500000
1187.50000000 0.02700000 0.02800000
1193.75000000 0.02700000 0.03000000
1200.00000000 0.02600000 0.02700000
1206.25000000 0.02500000 0.02400000
1212.50000000 0.02500000 0.02600000
1218.75000000 0.02500000 0.02400000
1225.00000000 0.02400000 0.02200000
1231.25000000 0.02200000 0.02000000
1237.50000000 0.02100000 0.02200000
1243.75000000 0.02200000 0.02500000
1250.00000000 0.02200000 0.02400000
