0 253.03375000 253.52875000
6.25000000 16.02625000 16.09875000
12.50000000 9.45375000 9.47625000
18.75000000 7.04750000 7.09375000
25.00000000 5.63750000 5.65875000
31.25000000 4.73875000 4.77375000
37.50000000 4.14250000 4.13750000
43.75000000 3.65500000 3.69875000
50.00000000 3.32125000 3.36375000
56.25000000 3.00500000 3.05250000
62.50000000 2.79875000 2.84625000
68.75000000 2.58750000 2.63500000
75.00000000 2.49000000 2.46625000
81.25000000 2.31625000 2.34500000
87.50000000 2.19750000 2.21125000
93.75000000 2.05375000 2.08375000
100.00000000 1.98000000 1.98750000
106.25000000 1.86500000 1.87875000
112.50000000 1.79125000 1.78125000
118.75000000 1.73000000 1.69750000
125.00000000 1.66875000 1.68000000
131.25000000 1.57500000 1.59875000
137.50000000 1.52500000 1.53250000
143.75000000 1.45500000 1.46750000
150.00000000 1.40750000 1.44000000
156.25000000 1.38750000 1.37625000
162.50000000 1.34625000 1.32750000
168.75000000 1.26750000 1.28250000
175.00000000 1.27000000 1.28875000
181.25000000 1.23250000 1.24500000
187.50000000 1.19375000 1.19875000
193.75000000 1.15500000 1.15375000
200.00000000 1.13375000 1.13375000
206.25000000 1.09500000 1.10000000
212.50000000 1.04500000 1.05000000
218.75000000 1.01250000 1.00625000
225.00000000 1.01250000 0.99625000
231.25000000 0.96750000 0.97875000
237.50000000 0.94250000 0.94875000
243.75000000 0.93125000 0.92000000
250.00000000 0.88500000 0.88875000
256.25000000 0.87250000 0.87625000
262.50000000 0.83375000 0.85750000
268.75000000 0.83125000 0.83875000
275.00000000 0.80750000 0.80750000
281.25000000 0.77625000 0.78875000
287.50000000 0.77125000 0.77875000
293.75000000 0.75125000 0.75875000
300.00000000 0.73375000 0.73375000
306.25000000 0.71500000 0.71625000
312.50000000 0.68125000 0.68500000
318.75000000 0.67875000 0.68375000
325.00000000 0.66500000 0.66000000
331.25000000 0.64000000 0.64000000
337.50000000 0.63625000 0.62625000
343.75000000 0.61000000 0.60000000
350.00000000 0.58625000 0.58875000
356.25000000 0.56500000 0.57000000
362.50000000 0.55750000 0.54625000
368.75000000 0.53875000 0.53875000
375.00000000 0.51125000 0.52500000
381.25000000 0.48625000 0.50250000
387.50000000 0.48625000 0.49000000
393.75000000 0.46750000 0.47125000
400.00000000 0.46375000 0.47000000
406.25000000 0.44500000 0.45875000
412.50000000 0.43125000 0.44125000
418.75000000 0.42250000 0.42500000
425.00000000 0.40125000 0.41750000
431.25000000 0.38000000 0.39500000
437.50000000 0.39125000 0.38375000
443.75000000 0.37875000 0.38000000
450.00000000 0.36375000 0.37500000
456.25000000 0.35875000 0.35750000
462.50000000 0.35250000 0.34125000
468.75000000 0.34125000 0.33875000
475.00000000 0.32750000 0.33000000
481.25000000 0.31750000 0.32875000
487.50000000 0.30000000 0.30750000
493.75000000 0.30125000 0.29375000
500.00000000 0.29125000 0.28875000
506.25000000 0.28500000 0.27750000
512.50000000 0.27875000 0.27875000
518.75000000 0.26375000 0.26625000
525.00000000 0.25750000 0.26625000
531.25000000 0.25000000 0.25500000
537.50000000 0.24000000 0.25125000
543.75000000 0.22750000 0.23250000
550.00000000 0.22875000 0.23125000
556.25000000 0.21875000 0.22750000
562.50000000 0.21375000 0.22125000
568.75000000 0.20875000 0.20375000
575.00000000 0.20250000 0.19250000
581.25000000 0.19625000 0.19750000
587.50000000 0.18250000 0.19000000
593.75000000 0.17750000 0.17750000
600.00000000 0.17125000 0.17625000
606.25000000 0.17250000 0.17500000
612.50000000 0.15625000 0.15875000
618.75000000 0.15625000 0.15750000
625.00000000 0.14750000 0.15000000
631.25000000 0.14000000 0.14250000
637.50000000 0.13875000 0.14125000
643.75000000 0.13375000 0.14125000
650.00000000 0.13125000 0.12875000
656.25000000 0.13125000 0.13500000
662.50000000 0.12375000 0.12625000
668.75000000 0.12500000 0.12500000
675.00000000 0.12250000 0.12250000
681.25000000 0.11875000 0.11625000
687.50000000 0.11750000 0.11500000
693.75000000 0.11375000 0.11625000
700.00000000 0.11375000 0.11375000
706.25000000 0.10875000 0.11250000
712.50000000 0.10625000 0.10250000
718.75000000 0.10625000 0.10875000
725.00000000 0.10000000 0.10375000
731.25000000 0.10000000 0.10375000
737.50000000 0.10250000 0.10750000
743.75000000 0.09625000 0.10125000
750.00000000 0.09250000 0.09625000
756.25000000 0.08875000 0.09250000
762.50000000 0.08750000 0.08875000
768.75000000 0.09000000 0.09375000
775.00000000 0.09000000 0.08875000
781.25000000 0.08875000 0.08500000
787.50000000 0.08000000 0.08750000
793.75000000 0.08000000 0.08250000
800.00000000 0.08375000 0.08375000
806.25000000 0.07875000 0.08125000
812.50000000 0.07750000 0.08000000
818.75000000 0.07250000 0.07750000
825.00000000 0.07375000 0.07375000
831.25000000 0.06750000 0.07125000
837.50000000 0.06875000 0.06875000
843.75000000 0.06500000 0.06500000
850.00000000 0.06625000 0.06750000
856.25000000 0.06500000 0.06625000
862.50000000 0.06875000 0.07000000
868.75000000 0.06500000 0.06625000
875.00000000 0.06625000 0.06250000
881.25000000 0.06250000 0.06625000
887.50000000 0.06125000 0.06500000
893.75000000 0.06125000 0.06625000
900.00000000 0.06375000 0.06375000
906.25000000 0.06000000 0.06000000
912.50000000 0.05875000 0.05875000
918.75000000 0.06125000 0.05750000
925.00000000 0.05625000 0.05375000
931.25000000 0.05500000 0.05250000
937.50000000 0.05750000 0.05875000
943.75000000 0.05375000 0.05625000
950.00000000 0.05375000 0.05625000
956.25000000 0.05250000 0.05625000
962.50000000 0.05625000 0.05500000
968.75000000 0.05000000 0.05375000
975.00000000 0.05250000 0.05375000
981.25000000 0.05125000 0.05375000
987.50000000 0.05125000 0.04625000
993.75000000 0.05125000 0.05000000
1000.00000000 0.04625000 0.05125000
1006.25000000 0.04500000 0.04750000
1012.50000000 0.04375000 0.04750000
1018.75000000 0.04625000 0.04625000
1025.00000000 0.04500000 0.04250000
1031.25000000 0.04125000 0.04500000
1037.50000000 0.04500000 0.04375000
1043.75000000 0.04625000 0.04375000
1050.00000000 0.04000000 0.04250000
1056.25000000 0.04000000 0.04375000
1062.50000000 0.03875000 0.04125000
1068.75000000 0.03750000 0.04000000
1075.00000000 0.03750000 0.03375000
1081.25000000 0.03250000 0.03625000
1087.50000000 0.03500000 0.03375000
1093.75000000 0.03375000 0.03500000
1100.00000000 0.03375000 0.03375000
1106.25000000 0.03250000 0.03625000
1112.50000000 0.03250000 0.02875000
1118.75000000 0.03375000 0.03500000
1125.00000000 0.03250000 0.03250000
1131.25000000 0.03250000 0.03375000
1137.50000000 0.02875000 0.03125000
1143.75000000 0.03000000 0.02875000
1150.00000000 0.02875000 0.02875000
1156.25000000 0.02750000 0.03125000
1162.50000000 0.02875000 0.03125000
1168.75000000 0.02750000 0.02875000
1175.00000000 0.02875000 0.03000000
1181.25000000 0.02625000 0.02375000
1187.50000000 0.02750000 0.02750000
1193.75000000 0.02750000 0.03000000
1200.00000000 0.02625000 0.02750000
1206.25000000 0.02500000 0.02250000
1212.50000000 0.02500000 0.02500000
1218.75000000 0.02500000 0.02375000
1225.00000000 0.02375000 0.02500000
1231.25000000 0.02125000 0.02000000
1237.50000000 0.02000000 0.02250000
1243.75000000 0.02125000 0.02500000
1250.00000000 0.02250000 0.02375000
