0 648.82857143 650.86285714
16.00000000 20.38142857 20.55714286
32.00000000 12.19142857 12.27428571
48.00000000 8.92714286 8.92000000
64.00000000 7.26714286 7.26571429
80.00000000 6.15000000 6.19571429
96.00000000 5.36285714 5.42428571
112.00000000 4.73000000 4.75857143
128.00000000 4.28000000 4.33857143
144.00000000 3.90714286 3.93428571
160.00000000 3.57857143 3.60571429
176.00000000 3.27857143 3.32571429
192.00000000 3.08714286 3.08142857
208.00000000 2.85857143 2.89857143
224.00000000 2.76000000 2.75571429
240.00000000 2.61428571 2.59714286
256.00000000 2.38428571 2.45857143
272.00000000 2.28142857 2.33142857
288.00000000 2.23142857 2.22571429
304.00000000 2.13285714 2.16714286
320.00000000 2.05428571 2.04285714
336.00000000 1.96285714 1.97000000
352.00000000 1.89571429 1.90285714
368.00000000 1.84571429 1.85142857
384.00000000 1.76571429 1.78142857
400.00000000 1.70571429 1.72571429
416.00000000 1.63857143 1.65571429
432.00000000 1.54571429 1.55428571
448.00000000 1.50857143 1.51000000
464.00000000 1.48428571 1.46142857
480.00000000 1.43142857 1.42000000
496.00000000 1.38285714 1.38285714
512.00000000 1.33000000 1.33857143
528.00000000 1.30285714 1.29714286
544.00000000 1.26000000 1.26428571
560.00000000 1.24285714 1.25000000
576.00000000 1.23000000 1.22714286
592.00000000 1.17142857 1.17714286
608.00000000 1.15714286 1.14285714
624.00000000 1.11285714 1.11714286
640.00000000 1.07571429 1.08857143
656.00000000 1.05428571 1.06000000
672.00000000 1.02714286 1.03285714
688.00000000 1.01285714 1.02857143
704.00000000 0.98571429 1.00285714
720.00000000 0.94285714 0.96285714
736.00000000 0.94428571 0.96142857
752.00000000 0.91142857 0.92428571
768.00000000 0.88714286 0.92142857
784.00000000 0.86428571 0.88714286
800.00000000 0.85857143 0.87000000
816.00000000 0.83571429 0.85714286
832.00000000 0.81571429 0.81571429
848.00000000 0.78857143 0.78714286
864.00000000 0.75714286 0.75857143
880.00000000 0.72285714 0.74428571
896.00000000 0.71285714 0.73000000
912.00000000 0.70285714 0.72428571
928.00000000 0.70142857 0.68571429
944.00000000 0.68000000 0.67857143
960.00000000 0.66000000 0.67285714
976.00000000 0.64571429 0.62857143
992.00000000 0.63714286 0.62000000
1008.00000000 0.62428571 0.60571429
1024.00000000 0.59142857 0.59428571
1040.00000000 0.58285714 0.57428571
1056.00000000 0.57000000 0.59142857
1072.00000000 0.55000000 0.56571429
1088.00000000 0.55571429 0.55142857
1104.00000000 0.52000000 0.54428571
1120.00000000 0.52571429 0.51571429
1136.00000000 0.50857143 0.50571429
1152.00000000 0.49285714 0.49142857
1168.00000000 0.48857143 0.48285714
1184.00000000 0.46428571 0.46428571
1200.00000000 0.45142857 0.46285714
1216.00000000 0.43428571 0.43285714
1232.00000000 0.42571429 0.43000000
1248.00000000 0.41285714 0.41571429
1264.00000000 0.40571429 0.41285714
1280.00000000 0.39285714 0.38714286
1296.00000000 0.39285714 0.40000000
1312.00000000 0.38428571 0.37571429
1328.00000000 0.36142857 0.36714286
1344.00000000 0.35857143 0.35285714
1360.00000000 0.34857143 0.35142857
1376.00000000 0.33000000 0.34285714
1392.00000000 0.32285714 0.33857143
1408.00000000 0.32428571 0.33142857
1424.00000000 0.32571429 0.32428571
1440.00000000 0.31000000 0.31714286
1456.00000000 0.30000000 0.31142857
1472.00000000 0.29857143 0.29714286
1488.00000000 0.30000000 0.30142857
1504.00000000 0.28857143 0.30000000
1520.00000000 0.28428571 0.28285714
1536.00000000 0.27857143 0.28142857
1552.00000000 0.27142857 0.26714286
1568.00000000 0.26571429 0.26571429
1584.00000000 0.26571429 0.26285714
1600.00000000 0.25428571 0.26285714
1616.00000000 0.25000000 0.24714286
1632.00000000 0.24000000 0.24000000
1648.00000000 0.23714286 0.23714286
1664.00000000 0.23000000 0.23142857
1680.00000000 0.22285714 0.23571429
1696.00000000 0.21142857 0.21714286
1712.00000000 0.21142857 0.19714286
1728.00000000 0.20285714 0.20428571
1744.00000000 0.19000000 0.19285714
1760.00000000 0.18714286 0.18571429
1776.00000000 0.17285714 0.18142857
1792.00000000 0.17714286 0.18285714
1808.00000000 0.18000000 0.17142857
1824.00000000 0.16857143 0.15857143
1840.00000000 0.15714286 0.15857143
1856.00000000 0.15571429 0.15142857
1872.00000000 0.14714286 0.14428571
1888.00000000 0.13714286 0.13714286
1904.00000000 0.13571429 0.13428571
1920.00000000 0.13000000 0.12571429
1936.00000000 0.12285714 0.12428571
1952.00000000 0.12142857 0.11857143
1968.00000000 0.11285714 0.11714286
1984.00000000 0.11714286 0.11714286
2000.00000000 0.11428571 0.11857143
2016.00000000 0.11428571 0.11571429
2032.00000000 0.11428571 0.10857143
2048.00000000 0.11285714 0.10428571
2064.00000000 0.10857143 0.10714286
2080.00000000 0.10428571 0.11142857
2096.00000000 0.10000000 0.10285714
2112.00000000 0.10000000 0.09714286
2128.00000000 0.09000000 0.09714286
2144.00000000 0.09714286 0.09285714
2160.00000000 0.08571429 0.09285714
2176.00000000 0.09285714 0.08714286
2192.00000000 0.08285714 0.08571429
2208.00000000 0.08571429 0.08714286
2224.00000000 0.08428571 0.08714286
2240.00000000 0.08285714 0.08571429
2256.00000000 0.07285714 0.08285714
2272.00000000 0.08000000 0.08142857
2288.00000000 0.07714286 0.07714286
2304.00000000 0.07285714 0.07428571
2320.00000000 0.07285714 0.07000000
2336.00000000 0.06571429 0.07000000
2352.00000000 0.07142857 0.07571429
2368.00000000 0.06714286 0.07285714
2384.00000000 0.06714286 0.07000000
2400.00000000 0.06571429 0.06714286
2416.00000000 0.06285714 0.06714286
2432.00000000 0.06857143 0.06285714
2448.00000000 0.06000000 0.06285714
2464.00000000 0.06000000 0.06285714
2480.00000000 0.05714286 0.06142857
2496.00000000 0.06142857 0.06142857
2512.00000000 0.05571429 0.06000000
2528.00000000 0.05714286 0.05857143
2544.00000000 0.05285714 0.05714286
2560.00000000 0.05285714 0.05285714
2576.00000000 0.04714286 0.04857143
2592.00000000 0.05142857 0.05142857
2608.00000000 0.04857143 0.04714286
2624.00000000 0.04428571 0.04428571
2640.00000000 0.04285714 0.04571429
2656.00000000 0.04285714 0.04142857
2672.00000000 0.04428571 0.04571429
2688.00000000 0.04428571 0.04428571
2704.00000000 0.04571429 0.04428571
2720.00000000 0.04142857 0.04571429
2736.00000000 0.04142857 0.04285714
2752.00000000 0.04142857 0.04142857
2768.00000000 0.03857143 0.04000000
2784.00000000 0.04285714 0.04428571
2800.00000000 0.04142857 0.04142857
2816.00000000 0.04000000 0.04285714
2832.00000000 0.04571429 0.04142857
2848.00000000 0.04142857 0.04142857
2864.00000000 0.04142857 0.03857143
2880.00000000 0.03857143 0.03857143
2896.00000000 0.03714286 0.04285714
2912.00000000 0.04000000 0.04142857
2928.00000000 0.03571429 0.03857143
2944.00000000 0.03714286 0.04142857
2960.00000000 0.03714286 0.03857143
2976.00000000 0.03714286 0.03285714
2992.00000000 0.03571429 0.03714286
3008.00000000 0.03714286 0.03571429
3024.00000000 0.03714286 0.03571429
3040.00000000 0.03428571 0.03571429
3056.00000000 0.03714286 0.03714286
3072.00000000 0.03714286 0.03571429
3088.00000000 0.03571429 0.03428571
3104.00000000 0.03428571 0.03428571
3120.00000000 0.03000000 0.03142857
3136.00000000 0.03285714 0.03142857
3152.00000000 0.03428571 0.03142857
3168.00000000 0.03428571 0.03285714
3184.00000000 0.03142857 0.02857143
3200.00000000 0.02857143 0.03285714
