0 648.61882353 650.31058824
16.00000000 20.52000000 20.64941176
32.00000000 12.32235294 12.37647059
48.00000000 9.00705882 9.01882353
64.00000000 7.30117647 7.30588235
80.00000000 6.20000000 6.26588235
96.00000000 5.42352941 5.51764706
112.00000000 4.70352941 4.76705882
128.00000000 4.28000000 4.35529412
144.00000000 3.92470588 3.93647059
160.00000000 3.57647059 3.60470588
176.00000000 3.29176471 3.33411765
192.00000000 3.11529412 3.08000000
208.00000000 2.84705882 2.88470588
224.00000000 2.74588235 2.74352941
240.00000000 2.63529412 2.60000000
256.00000000 2.37411765 2.44235294
272.00000000 2.29411765 2.30588235
288.00000000 2.24235294 2.22117647
304.00000000 2.12705882 2.15058824
320.00000000 2.04000000 1.98823529
336.00000000 1.93176471 1.93647059
352.00000000 1.86117647 1.87764706
368.00000000 1.83294118 1.84705882
384.00000000 1.73882353 1.76705882
400.00000000 1.69176471 1.69882353
416.00000000 1.62588235 1.63294118
432.00000000 1.52705882 1.54352941
448.00000000 1.48470588 1.49882353
464.00000000 1.46117647 1.44235294
480.00000000 1.41176471 1.39058824
496.00000000 1.38588235 1.34823529
512.00000000 1.31529412 1.31764706
528.00000000 1.28235294 1.29647059
544.00000000 1.24941176 1.25647059
560.00000000 1.24000000 1.24470588
576.00000000 1.21647059 1.21882353
592.00000000 1.15058824 1.15058824
608.00000000 1.14823529 1.12941176
624.00000000 1.10823529 1.11529412
640.00000000 1.08705882 1.07529412
656.00000000 1.05176471 1.06588235
672.00000000 1.03764706 1.03529412
688.00000000 1.01647059 1.02823529
704.00000000 0.97176471 1.00941176
720.00000000 0.94588235 0.96941176
736.00000000 0.95058824 0.95764706
752.00000000 0.92000000 0.92705882
768.00000000 0.88941176 0.91529412
784.00000000 0.87058824 0.89647059
800.00000000 0.85882353 0.87294118
816.00000000 0.82588235 0.85882353
832.00000000 0.81411765 0.82117647
848.00000000 0.80470588 0.78823529
864.00000000 0.76941176 0.76941176
880.00000000 0.72235294 0.75529412
896.00000000 0.72000000 0.74352941
912.00000000 0.71294118 0.72941176
928.00000000 0.69882353 0.69647059
944.00000000 0.69411765 0.68470588
960.00000000 0.65411765 0.68470588
976.00000000 0.66823529 0.64705882
992.00000000 0.64941176 0.63529412
1008.00000000 0.63764706 0.61411765
1024.00000000 0.60705882 0.60000000
1040.00000000 0.59294118 0.58588235
1056.00000000 0.57882353 0.60235294
1072.00000000 0.54588235 0.57411765
1088.00000000 0.56470588 0.56235294
1104.00000000 0.53411765 0.55529412
1120.00000000 0.54352941 0.53882353
1136.00000000 0.53411765 0.53176471
1152.00000000 0.51764706 0.50823529
1168.00000000 0.52235294 0.51058824
1184.00000000 0.49882353 0.49411765
1200.00000000 0.47764706 0.49647059
1216.00000000 0.46823529 0.45176471
1232.00000000 0.45647059 0.45647059
1248.00000000 0.43294118 0.43529412
1264.00000000 0.43058824 0.43764706
1280.00000000 0.42352941 0.41176471
1296.00000000 0.41647059 0.41882353
1312.00000000 0.41411765 0.40705882
1328.00000000 0.37882353 0.38823529
1344.00000000 0.38117647 0.37411765
1360.00000000 0.36470588 0.36941176
1376.00000000 0.36000000 0.37411765
1392.00000000 0.35294118 0.36705882
1408.00000000 0.35529412 0.36470588
1424.00000000 0.35764706 0.35764706
1440.00000000 0.33411765 0.33882353
1456.00000000 0.31529412 0.33647059
1472.00000000 0.32235294 0.32470588
1488.00000000 0.32470588 0.32235294
1504.00000000 0.31529412 0.31764706
1520.00000000 0.31294118 0.30352941
1536.00000000 0.29647059 0.30588235
1552.00000000 0.29176471 0.28470588
1568.00000000 0.28941176 0.28470588
1584.00000000 0.28235294 0.28470588
1600.00000000 0.27058824 0.28941176
1616.00000000 0.27529412 0.27294118
1632.00000000 0.26823529 0.26117647
1648.00000000 0.25176471 0.25411765
1664.00000000 0.25176471 0.25176471
1680.00000000 0.24705882 0.25882353
1696.00000000 0.22352941 0.23058824
1712.00000000 0.23764706 0.20941176
1728.00000000 0.21411765 0.21647059
1744.00000000 0.20235294 0.20235294
1760.00000000 0.20235294 0.20705882
1776.00000000 0.18352941 0.20000000
1792.00000000 0.19058824 0.20000000
1808.00000000 0.19529412 0.18117647
1824.00000000 0.18588235 0.17647059
1840.00000000 0.16941176 0.16705882
1856.00000000 0.16470588 0.16235294
1872.00000000 0.15529412 0.14823529
1888.00000000 0.14588235 0.15058824
1904.00000000 0.14823529 0.14823529
1920.00000000 0.14117647 0.13411765
1936.00000000 0.13411765 0.13176471
1952.00000000 0.12705882 0.12705882
1968.00000000 0.11764706 0.12705882
1984.00000000 0.12705882 0.12941176
2000.00000000 0.12235294 0.12941176
2016.00000000 0.12235294 0.12235294
2032.00000000 0.12705882 0.11529412
2048.00000000 0.12000000 0.10823529
2064.00000000 0.12000000 0.11294118
2080.00000000 0.11294118 0.11764706
2096.00000000 0.10823529 0.10823529
2112.00000000 0.10352941 0.09882353
2128.00000000 0.09411765 0.10588235
2144.00000000 0.10352941 0.10117647
2160.00000000 0.08941176 0.09647059
2176.00000000 0.09647059 0.08705882
2192.00000000 0.09176471 0.08941176
2208.00000000 0.08941176 0.09176471
2224.00000000 0.08941176 0.09411765
2240.00000000 0.08705882 0.09411765
2256.00000000 0.08000000 0.09411765
2272.00000000 0.08705882 0.09176471
2288.00000000 0.08941176 0.08705882
2304.00000000 0.08470588 0.08705882
2320.00000000 0.08470588 0.07764706
2336.00000000 0.07529412 0.07764706
2352.00000000 0.08000000 0.08470588
2368.00000000 0.07294118 0.08235294
2384.00000000 0.07058824 0.07529412
2400.00000000 0.07294118 0.07294118
2416.00000000 0.06588235 0.07294118
2432.00000000 0.07294118 0.06823529
2448.00000000 0.06117647 0.06352941
2464.00000000 0.06588235 0.06588235
2480.00000000 0.06352941 0.06588235
2496.00000000 0.06588235 0.06352941
2512.00000000 0.05647059 0.06352941
2528.00000000 0.06352941 0.06117647
2544.00000000 0.05411765 0.06117647
2560.00000000 0.05176471 0.05176471
2576.00000000 0.04941176 0.04941176
2592.00000000 0.05647059 0.05647059
2608.00000000 0.05647059 0.05411765
2624.00000000 0.04941176 0.04705882
2640.00000000 0.04941176 0.04941176
2656.00000000 0.04470588 0.04705882
2672.00000000 0.04705882 0.05176471
2688.00000000 0.04705882 0.04941176
2704.00000000 0.04941176 0.04705882
2720.00000000 0.04235294 0.04941176
2736.00000000 0.04705882 0.04705882
2752.00000000 0.04470588 0.04470588
2768.00000000 0.04235294 0.04705882
2784.00000000 0.04705882 0.04705882
2800.00000000 0.04470588 0.04235294
2816.00000000 0.04705882 0.04470588
2832.00000000 0.04941176 0.04470588
2848.00000000 0.04470588 0.04705882
2864.00000000 0.04470588 0.04235294
2880.00000000 0.04000000 0.04235294
2896.00000000 0.04470588 0.04705882
2912.00000000 0.04235294 0.04470588
2928.00000000 0.04235294 0.04000000
2944.00000000 0.04000000 0.04470588
2960.00000000 0.04235294 0.04235294
2976.00000000 0.04000000 0.03294118
2992.00000000 0.04000000 0.04000000
3008.00000000 0.04235294 0.03764706
3024.00000000 0.04000000 0.03764706
3040.00000000 0.03529412 0.03764706
3056.00000000 0.04000000 0.04000000
3072.00000000 0.04000000 0.04000000
3088.00000000 0.03764706 0.03764706
3104.00000000 0.03764706 0.03764706
3120.00000000 0.03294118 0.03294118
3136.00000000 0.03529412 0.03529412
3152.00000000 0.03764706 0.03294118
3168.00000000 0.03764706 0.03529412
3184.00000000 0.03294118 0.03058824
3200.00000000 0.03294118 0.03529412
