0 648.46888889 650.12888889
16.00000000 20.52444444 20.69555556
32.00000000 12.33111111 12.38666667
48.00000000 9.00666667 9.01555556
64.00000000 7.30444444 7.30222222
80.00000000 6.20444444 6.27111111
96.00000000 5.41777778 5.50888889
112.00000000 4.71333333 4.76666667
128.00000000 4.28444444 4.37111111
144.00000000 3.92000000 3.93555556
160.00000000 3.56888889 3.61111111
176.00000000 3.29111111 3.33555556
192.00000000 3.11555556 3.08888889
208.00000000 2.84222222 2.88222222
224.00000000 2.74222222 2.74222222
240.00000000 2.63111111 2.60000000
256.00000000 2.37777778 2.44888889
272.00000000 2.29777778 2.31555556
288.00000000 2.24444444 2.23333333
304.00000000 2.14000000 2.16666667
320.00000000 2.05333333 2.00888889
336.00000000 1.95555556 1.95333333
352.00000000 1.87777778 1.89111111
368.00000000 1.85111111 1.85333333
384.00000000 1.75555556 1.78444444
400.00000000 1.70888889 1.71555556
416.00000000 1.63555556 1.64666667
432.00000000 1.53555556 1.54888889
448.00000000 1.48666667 1.50666667
464.00000000 1.47333333 1.46000000
480.00000000 1.42000000 1.39555556
496.00000000 1.38666667 1.35111111
512.00000000 1.31777778 1.31777778
528.00000000 1.28666667 1.29555556
544.00000000 1.24888889 1.26000000
560.00000000 1.23333333 1.24666667
576.00000000 1.21777778 1.21777778
592.00000000 1.15111111 1.14888889
608.00000000 1.14444444 1.12222222
624.00000000 1.10222222 1.10888889
640.00000000 1.07555556 1.06666667
656.00000000 1.04444444 1.05333333
672.00000000 1.03111111 1.02888889
688.00000000 1.00888889 1.02444444
704.00000000 0.96666667 1.00666667
720.00000000 0.92888889 0.96666667
736.00000000 0.93777778 0.95111111
752.00000000 0.90888889 0.92000000
768.00000000 0.88666667 0.90888889
784.00000000 0.86444444 0.88666667
800.00000000 0.85111111 0.86444444
816.00000000 0.81777778 0.85111111
832.00000000 0.80444444 0.81111111
848.00000000 0.79333333 0.78000000
864.00000000 0.75333333 0.75555556
880.00000000 0.71333333 0.74444444
896.00000000 0.70888889 0.73111111
912.00000000 0.70222222 0.71777778
928.00000000 0.68666667 0.68444444
944.00000000 0.68000000 0.66888889
960.00000000 0.64222222 0.67111111
976.00000000 0.65555556 0.63333333
992.00000000 0.63777778 0.62444444
1008.00000000 0.62666667 0.60444444
1024.00000000 0.59555556 0.59111111
1040.00000000 0.58000000 0.57555556
1056.00000000 0.56888889 0.59333333
1072.00000000 0.54000000 0.56666667
1088.00000000 0.55555556 0.55555556
1104.00000000 0.52666667 0.54666667
1120.00000000 0.53555556 0.53333333
1136.00000000 0.52888889 0.52444444
1152.00000000 0.50888889 0.50222222
1168.00000000 0.51111111 0.50000000
1184.00000000 0.49111111 0.48666667
1200.00000000 0.47111111 0.48888889
1216.00000000 0.46222222 0.44666667
1232.00000000 0.45111111 0.45111111
1248.00000000 0.42888889 0.42666667
1264.00000000 0.42444444 0.43333333
1280.00000000 0.42000000 0.40666667
1296.00000000 0.41333333 0.41555556
1312.00000000 0.41111111 0.40222222
1328.00000000 0.37333333 0.38444444
1344.00000000 0.37777778 0.36666667
1360.00000000 0.36222222 0.36666667
1376.00000000 0.35555556 0.37111111
1392.00000000 0.34666667 0.36444444
1408.00000000 0.35111111 0.36222222
1424.00000000 0.35555556 0.35333333
1440.00000000 0.33333333 0.33333333
1456.00000000 0.31333333 0.33333333
1472.00000000 0.32000000 0.32444444
1488.00000000 0.32444444 0.32222222
1504.00000000 0.31333333 0.31555556
1520.00000000 0.31111111 0.30444444
1536.00000000 0.29777778 0.30666667
1552.00000000 0.29333333 0.28666667
1568.00000000 0.28888889 0.28444444
1584.00000000 0.28444444 0.28444444
1600.00000000 0.27333333 0.29111111
1616.00000000 0.27555556 0.27555556
1632.00000000 0.26888889 0.26222222
1648.00000000 0.25333333 0.25555556
1664.00000000 0.25333333 0.25111111
1680.00000000 0.24222222 0.25777778
1696.00000000 0.22444444 0.23111111
1712.00000000 0.23777778 0.21111111
1728.00000000 0.21555556 0.21777778
1744.00000000 0.20444444 0.20222222
1760.00000000 0.20444444 0.20666667
1776.00000000 0.18444444 0.20222222
1792.00000000 0.18888889 0.19777778
1808.00000000 0.19333333 0.18222222
1824.00000000 0.18666667 0.17555556
1840.00000000 0.16888889 0.16888889
1856.00000000 0.16666667 0.16222222
1872.00000000 0.15777778 0.15111111
1888.00000000 0.14888889 0.15333333
1904.00000000 0.15111111 0.14888889
1920.00000000 0.14222222 0.13555556
1936.00000000 0.13333333 0.13333333
1952.00000000 0.12888889 0.12666667
1968.00000000 0.12000000 0.12888889
1984.00000000 0.12888889 0.13111111
2000.00000000 0.12444444 0.13111111
2016.00000000 0.12444444 0.12444444
2032.00000000 0.12666667 0.11555556
2048.00000000 0.12222222 0.11111111
2064.00000000 0.11777778 0.11555556
2080.00000000 0.11555556 0.12000000
2096.00000000 0.10666667 0.11111111
2112.00000000 0.10666667 0.10222222
2128.00000000 0.09777778 0.10666667
2144.00000000 0.10666667 0.10222222
2160.00000000 0.09333333 0.10000000
2176.00000000 0.10000000 0.09111111
2192.00000000 0.09333333 0.09333333
2208.00000000 0.09333333 0.09555556
2224.00000000 0.09333333 0.09777778
2240.00000000 0.08888889 0.09555556
2256.00000000 0.08000000 0.09555556
2272.00000000 0.08888889 0.09333333
2288.00000000 0.09111111 0.08888889
2304.00000000 0.08666667 0.08888889
2320.00000000 0.08666667 0.08000000
2336.00000000 0.07555556 0.08000000
2352.00000000 0.08000000 0.08666667
2368.00000000 0.07555556 0.08444444
2384.00000000 0.07333333 0.07777778
2400.00000000 0.07555556 0.07555556
2416.00000000 0.06888889 0.07555556
2432.00000000 0.07555556 0.06888889
2448.00000000 0.06444444 0.06666667
2464.00000000 0.06888889 0.06888889
2480.00000000 0.06444444 0.06444444
2496.00000000 0.06888889 0.06444444
2512.00000000 0.06000000 0.06666667
2528.00000000 0.06666667 0.06444444
2544.00000000 0.05777778 0.06222222
2560.00000000 0.05555556 0.05555556
2576.00000000 0.05111111 0.05333333
2592.00000000 0.06000000 0.06000000
2608.00000000 0.06000000 0.05555556
2624.00000000 0.05333333 0.05111111
2640.00000000 0.05333333 0.05333333
2656.00000000 0.04888889 0.04888889
2672.00000000 0.05111111 0.05555556
2688.00000000 0.05111111 0.05333333
2704.00000000 0.05333333 0.05111111
2720.00000000 0.04666667 0.05333333
2736.00000000 0.04888889 0.05111111
2752.00000000 0.04888889 0.04888889
2768.00000000 0.04444444 0.04888889
2784.00000000 0.05111111 0.05111111
2800.00000000 0.04888889 0.04666667
2816.00000000 0.04888889 0.04888889
2832.00000000 0.05333333 0.04888889
2848.00000000 0.04888889 0.05111111
2864.00000000 0.04888889 0.04666667
2880.00000000 0.04444444 0.04666667
2896.00000000 0.04666667 0.05111111
2912.00000000 0.04666667 0.04888889
2928.00000000 0.04666667 0.04444444
2944.00000000 0.04444444 0.04888889
2960.00000000 0.04666667 0.04666667
2976.00000000 0.04444444 0.03777778
2992.00000000 0.04222222 0.04444444
3008.00000000 0.04444444 0.04222222
3024.00000000 0.04444444 0.04222222
3040.00000000 0.04000000 0.04222222
3056.00000000 0.04444444 0.04444444
3072.00000000 0.04444444 0.04444444
3088.00000000 0.04222222 0.04222222
3104.00000000 0.04222222 0.04222222
3120.00000000 0.03555556 0.03777778
3136.00000000 0.04000000 0.04000000
3152.00000000 0.04222222 0.03777778
3168.00000000 0.04222222 0.04000000
3184.00000000 0.03777778 0.03333333
3200.00000000 0.03333333 0.04000000
