0 649.85000000 651.90000000
32.00000000 527.16000000 527.99666667
64.00000000 527.55000000 528.51000000
96.00000000 526.88000000 527.64000000
128.00000000 527.68666667 528.94333333
160.00000000 527.93666667 528.87333333
192.00000000 527.94333333 528.88333333
224.00000000 528.48000000 529.62333333
256.00000000 526.71333333 528.18333333
288.00000000 528.02333333 529.10000000
320.00000000 527.51666667 528.97333333
352.00000000 527.37666667 528.51666667
384.00000000 528.10000000 529.58333333
416.00000000 527.38666667 528.15333333
448.00000000 527.60666667 528.50000000
480.00000000 526.48333333 528.05666667
512.00000000 527.32000000 528.50666667
544.00000000 526.67333333 527.71333333
576.00000000 528.13000000 528.75333333
608.00000000 527.60333333 529.12000000
640.00000000 528.23000000 529.19000000
672.00000000 527.94666667 529.92000000
704.00000000 528.20666667 529.71000000
736.00000000 528.02666667 529.41333333
768.00000000 528.19666667 529.71666667
800.00000000 528.24333333 529.55000000
832.00000000 527.62666667 529.15333333
864.00000000 529.06666667 530.16333333
896.00000000 526.71000000 528.29666667
928.00000000 528.14000000 529.18666667
960.00000000 527.15666667 527.65666667
992.00000000 526.35000000 527.15666667
1024.00000000 527.64666667 528.42333333
1056.00000000 527.67666667 528.31333333
1088.00000000 529.45333333 530.72333333
1120.00000000 527.17333333 529.29666667
1152.00000000 526.41000000 528.03666667
1184.00000000 526.96666667 528.53333333
1216.00000000 526.54666667 526.95000000
1248.00000000 528.26666667 528.73000000
1280.00000000 526.99333333 527.85666667
1312.00000000 528.44000000 529.44000000
1344.00000000 528.55666667 529.07333333
1376.00000000 527.03333333 528.08666667
1408.00000000 526.81000000 528.40000000
1440.00000000 526.96333333 528.37000000
1472.00000000 526.33000000 527.84666667
1504.00000000 528.12333333 529.51000000
1536.00000000 526.51000000 527.93000000
1568.00000000 527.13666667 528.65333333
1600.00000000 527.51333333 528.43333333
1632.00000000 526.50000000 528.48666667
1664.00000000 526.79000000 528.31666667
1696.00000000 527.52333333 529.51333333
1728.00000000 526.64333333 528.23333333
1760.00000000 526.67000000 528.23000000
1792.00000000 526.23333333 527.41333333
1824.00000000 527.22666667 528.64666667
1856.00000000 525.71666667 527.72666667
1888.00000000 527.71333333 528.64666667
1920.00000000 528.03666667 529.26333333
1952.00000000 527.69666667 529.05666667
1984.00000000 528.97000000 529.86666667
2016.00000000 526.87666667 529.24000000
2048.00000000 526.86333333 528.64666667
2080.00000000 526.00333333 527.44333333
2112.00000000 528.42333333 529.78000000
2144.00000000 526.07333333 527.19666667
2176.00000000 525.98666667 527.27666667
2208.00000000 524.92333333 526.65333333
2240.00000000 527.22666667 528.53000000
2272.00000000 526.27666667 527.12000000
2304.00000000 526.85333333 528.10666667
2336.00000000 528.66333333 529.56000000
2368.00000000 527.16333333 528.44666667
2400.00000000 526.09333333 527.55666667
2432.00000000 526.39666667 528.09000000
2464.00000000 527.79000000 529.58000000
2496.00000000 525.30000000 526.40000000
2528.00000000 524.59333333 526.06333333
2560.00000000 526.68333333 527.80333333
2592.00000000 526.69666667 528.01666667
2624.00000000 526.41333333 528.52333333
2656.00000000 527.65666667 528.79000000
2688.00000000 527.06666667 528.22666667
2720.00000000 528.20000000 529.46333333
2752.00000000 527.16000000 528.17333333
2784.00000000 526.22666667 527.09333333
2816.00000000 527.46000000 528.75000000
2848.00000000 527.77000000 528.37000000
2880.00000000 526.96000000 528.45333333
2912.00000000 526.35333333 527.57000000
2944.00000000 527.31333333 528.60333333
2976.00000000 528.07666667 528.63333333
3008.00000000 526.18000000 527.60666667
3040.00000000 528.30000000 528.92666667
3072.00000000 525.79666667 527.38333333
3104.00000000 527.15666667 528.41333333
3136.00000000 526.14000000 527.64666667
3168.00000000 526.13333333 527.33333333
3200.00000000 527.31666667 528.76000000
