0 649.03444444 651.16555556
16.00000000 20.25333333 20.40333333
32.00000000 12.12666667 12.20777778
48.00000000 8.92222222 8.90555556
64.00000000 7.20555556 7.24555556
80.00000000 6.15000000 6.20111111
96.00000000 5.34333333 5.40111111
112.00000000 4.71111111 4.76111111
128.00000000 4.26333333 4.32444444
144.00000000 3.90777778 3.93222222
160.00000000 3.58111111 3.60888889
176.00000000 3.27444444 3.32111111
192.00000000 3.06555556 3.06111111
208.00000000 2.84444444 2.86555556
224.00000000 2.73000000 2.73333333
240.00000000 2.57666667 2.56222222
256.00000000 2.38111111 2.44444444
272.00000000 2.27111111 2.30333333
288.00000000 2.20555556 2.21555556
304.00000000 2.11111111 2.13888889
320.00000000 2.03666667 2.03222222
336.00000000 1.94888889 1.95111111
352.00000000 1.88111111 1.88777778
368.00000000 1.81333333 1.82888889
384.00000000 1.73555556 1.75555556
400.00000000 1.68555556 1.70555556
416.00000000 1.62111111 1.63444444
432.00000000 1.54222222 1.55333333
448.00000000 1.50888889 1.50666667
464.00000000 1.46888889 1.45888889
480.00000000 1.41888889 1.42555556
496.00000000 1.38333333 1.38444444
512.00000000 1.33000000 1.33666667
528.00000000 1.30222222 1.30333333
544.00000000 1.25666667 1.25777778
560.00000000 1.23777778 1.25222222
576.00000000 1.22666667 1.23111111
592.00000000 1.18111111 1.18555556
608.00000000 1.15888889 1.14888889
624.00000000 1.11444444 1.12666667
640.00000000 1.08111111 1.09777778
656.00000000 1.06888889 1.07222222
672.00000000 1.04000000 1.04222222
688.00000000 1.00555556 1.02888889
704.00000000 0.99666667 1.01222222
720.00000000 0.95444444 0.96777778
736.00000000 0.94888889 0.96555556
752.00000000 0.92000000 0.93666667
768.00000000 0.89222222 0.92444444
784.00000000 0.86888889 0.88777778
800.00000000 0.85555556 0.86444444
816.00000000 0.82888889 0.84777778
832.00000000 0.81888889 0.81444444
848.00000000 0.78666667 0.79222222
864.00000000 0.76444444 0.76222222
880.00000000 0.72888889 0.74444444
896.00000000 0.72111111 0.73111111
912.00000000 0.69666667 0.72333333
928.00000000 0.70111111 0.69000000
944.00000000 0.68555556 0.68111111
960.00000000 0.66000000 0.68111111
976.00000000 0.64888889 0.63222222
992.00000000 0.64000000 0.62444444
1008.00000000 0.62222222 0.60888889
1024.00000000 0.59111111 0.59333333
1040.00000000 0.58666667 0.57111111
1056.00000000 0.56777778 0.58888889
1072.00000000 0.55666667 0.56444444
1088.00000000 0.55333333 0.54666667
1104.00000000 0.52222222 0.54444444
1120.00000000 0.52222222 0.51888889
1136.00000000 0.50555556 0.50444444
1152.00000000 0.48888889 0.49222222
1168.00000000 0.48444444 0.48111111
1184.00000000 0.46555556 0.46222222
1200.00000000 0.45444444 0.46222222
1216.00000000 0.43222222 0.42888889
1232.00000000 0.41666667 0.42777778
1248.00000000 0.40777778 0.40666667
1264.00000000 0.39444444 0.40444444
1280.00000000 0.38777778 0.38111111
1296.00000000 0.38111111 0.39111111
1312.00000000 0.37000000 0.36333333
1328.00000000 0.34777778 0.35666667
1344.00000000 0.34444444 0.33888889
1360.00000000 0.34111111 0.34444444
1376.00000000 0.32222222 0.32777778
1392.00000000 0.31222222 0.32444444
1408.00000000 0.31111111 0.31555556
1424.00000000 0.31333333 0.31000000
1440.00000000 0.30111111 0.30777778
1456.00000000 0.28888889 0.30111111
1472.00000000 0.29333333 0.29111111
1488.00000000 0.28555556 0.29000000
1504.00000000 0.27888889 0.29000000
1520.00000000 0.27777778 0.27666667
1536.00000000 0.27333333 0.27777778
1552.00000000 0.26666667 0.26333333
1568.00000000 0.26111111 0.26222222
1584.00000000 0.25222222 0.25666667
1600.00000000 0.24333333 0.25111111
1616.00000000 0.24333333 0.23777778
1632.00000000 0.23444444 0.23444444
1648.00000000 0.23000000 0.23000000
1664.00000000 0.22111111 0.22000000
1680.00000000 0.21333333 0.22444444
1696.00000000 0.20444444 0.21000000
1712.00000000 0.20222222 0.19111111
1728.00000000 0.19333333 0.19666667
1744.00000000 0.18444444 0.18444444
1760.00000000 0.17888889 0.17888889
1776.00000000 0.17000000 0.17333333
1792.00000000 0.17333333 0.17777778
1808.00000000 0.17444444 0.16555556
1824.00000000 0.16333333 0.15777778
1840.00000000 0.15444444 0.15555556
1856.00000000 0.15333333 0.15000000
1872.00000000 0.14333333 0.14222222
1888.00000000 0.13777778 0.13777778
1904.00000000 0.13666667 0.13333333
1920.00000000 0.13111111 0.12777778
1936.00000000 0.12333333 0.12333333
1952.00000000 0.12111111 0.11777778
1968.00000000 0.11333333 0.11777778
1984.00000000 0.11666667 0.11444444
2000.00000000 0.11333333 0.11666667
2016.00000000 0.10888889 0.11333333
2032.00000000 0.10888889 0.10444444
2048.00000000 0.10777778 0.10333333
2064.00000000 0.10666667 0.10444444
2080.00000000 0.10111111 0.10555556
2096.00000000 0.09555556 0.10000000
2112.00000000 0.09777778 0.09444444
2128.00000000 0.09000000 0.09555556
2144.00000000 0.09555556 0.09222222
2160.00000000 0.08555556 0.09111111
2176.00000000 0.08888889 0.08555556
2192.00000000 0.08000000 0.08444444
2208.00000000 0.08444444 0.08666667
2224.00000000 0.08444444 0.08666667
2240.00000000 0.08111111 0.08555556
2256.00000000 0.07333333 0.08222222
2272.00000000 0.08111111 0.07888889
2288.00000000 0.07777778 0.07888889
2304.00000000 0.07222222 0.07555556
2320.00000000 0.07111111 0.07222222
2336.00000000 0.06888889 0.07222222
2352.00000000 0.07444444 0.07666667
2368.00000000 0.06888889 0.07555556
2384.00000000 0.06555556 0.07333333
2400.00000000 0.06888889 0.06888889
2416.00000000 0.06555556 0.07000000
2432.00000000 0.06888889 0.06555556
2448.00000000 0.06333333 0.06555556
2464.00000000 0.06333333 0.06666667
2480.00000000 0.05888889 0.06444444
2496.00000000 0.06222222 0.06000000
2512.00000000 0.05777778 0.06222222
2528.00000000 0.05777778 0.06111111
2544.00000000 0.05666667 0.05888889
2560.00000000 0.05555556 0.05666667
2576.00000000 0.05000000 0.05333333
2592.00000000 0.05222222 0.05444444
2608.00000000 0.05222222 0.05222222
2624.00000000 0.04888889 0.04888889
2640.00000000 0.04555556 0.04888889
2656.00000000 0.04777778 0.04555556
2672.00000000 0.04777778 0.05000000
2688.00000000 0.04888889 0.04888889
2704.00000000 0.04777778 0.04777778
2720.00000000 0.04666667 0.04888889
2736.00000000 0.04333333 0.04777778
2752.00000000 0.04666667 0.04555556
2768.00000000 0.04111111 0.04555556
2784.00000000 0.04666667 0.04555556
2800.00000000 0.04666667 0.04555556
2816.00000000 0.04444444 0.04666667
2832.00000000 0.04777778 0.04333333
2848.00000000 0.04333333 0.04444444
2864.00000000 0.04333333 0.04222222
2880.00000000 0.04111111 0.04000000
2896.00000000 0.04111111 0.04555556
2912.00000000 0.04111111 0.04444444
2928.00000000 0.04000000 0.04111111
2944.00000000 0.03888889 0.04333333
2960.00000000 0.04111111 0.04111111
2976.00000000 0.04111111 0.03777778
2992.00000000 0.03888889 0.04111111
3008.00000000 0.03888889 0.03888889
3024.00000000 0.03777778 0.03888889
3040.00000000 0.03888889 0.04000000
3056.00000000 0.04111111 0.03888889
3072.00000000 0.04111111 0.03888889
3088.00000000 0.03666667 0.03888889
3104.00000000 0.03555556 0.03888889
3120.00000000 0.03333333 0.03333333
3136.00000000 0.03666667 0.03666667
3152.00000000 0.03888889 0.03555556
3168.00000000 0.03888889 0.03777778
3184.00000000 0.03555556 0.03444444
3200.00000000 0.03222222 0.03666667
