0 648.80250000 650.53000000
16.00000000 20.47750000 20.63250000
32.00000000 12.34500000 12.39500000
48.00000000 9.03750000 9.03000000
64.00000000 7.31750000 7.31750000
80.00000000 6.22500000 6.27250000
96.00000000 5.40750000 5.50500000
112.00000000 4.70750000 4.76750000
128.00000000 4.27750000 4.36000000
144.00000000 3.91750000 3.93250000
160.00000000 3.58500000 3.61250000
176.00000000 3.29500000 3.34500000
192.00000000 3.11000000 3.08000000
208.00000000 2.83750000 2.87500000
224.00000000 2.74000000 2.73750000
240.00000000 2.62250000 2.59500000
256.00000000 2.35750000 2.43250000
272.00000000 2.28500000 2.30250000
288.00000000 2.22500000 2.20750000
304.00000000 2.10500000 2.13500000
320.00000000 2.01500000 1.95750000
336.00000000 1.92250000 1.92000000
352.00000000 1.84750000 1.85750000
368.00000000 1.81500000 1.82500000
384.00000000 1.72000000 1.75500000
400.00000000 1.68500000 1.69500000
416.00000000 1.62750000 1.63250000
432.00000000 1.53500000 1.55250000
448.00000000 1.49000000 1.50750000
464.00000000 1.46750000 1.46000000
480.00000000 1.42000000 1.40000000
496.00000000 1.39000000 1.35750000
512.00000000 1.32000000 1.32000000
528.00000000 1.28750000 1.29500000
544.00000000 1.25250000 1.25750000
560.00000000 1.23250000 1.24000000
576.00000000 1.21250000 1.21500000
592.00000000 1.14000000 1.15000000
608.00000000 1.14250000 1.12750000
624.00000000 1.09750000 1.11000000
640.00000000 1.08000000 1.06250000
656.00000000 1.04000000 1.05500000
672.00000000 1.03000000 1.02500000
688.00000000 1.00750000 1.01750000
704.00000000 0.97250000 1.00000000
720.00000000 0.93750000 0.96500000
736.00000000 0.94500000 0.95250000
752.00000000 0.90750000 0.91750000
768.00000000 0.88250000 0.90500000
784.00000000 0.86250000 0.89000000
800.00000000 0.85250000 0.86750000
816.00000000 0.82250000 0.85250000
832.00000000 0.81500000 0.81500000
848.00000000 0.80000000 0.78750000
864.00000000 0.76500000 0.77000000
880.00000000 0.72000000 0.76000000
896.00000000 0.71250000 0.73750000
912.00000000 0.70750000 0.73000000
928.00000000 0.69500000 0.69250000
944.00000000 0.69750000 0.68750000
960.00000000 0.66000000 0.68250000
976.00000000 0.67250000 0.64500000
992.00000000 0.65000000 0.63750000
1008.00000000 0.63750000 0.61250000
1024.00000000 0.60500000 0.60250000
1040.00000000 0.59750000 0.58250000
1056.00000000 0.57750000 0.60000000
1072.00000000 0.55000000 0.58000000
1088.00000000 0.57000000 0.56500000
1104.00000000 0.53500000 0.55500000
1120.00000000 0.54500000 0.53750000
1136.00000000 0.53500000 0.53250000
1152.00000000 0.51750000 0.50500000
1168.00000000 0.52500000 0.50750000
1184.00000000 0.50250000 0.49250000
1200.00000000 0.47250000 0.49250000
1216.00000000 0.46500000 0.44750000
1232.00000000 0.45500000 0.45500000
1248.00000000 0.43000000 0.43500000
1264.00000000 0.42500000 0.43250000
1280.00000000 0.41750000 0.40750000
1296.00000000 0.41250000 0.41500000
1312.00000000 0.40750000 0.40000000
1328.00000000 0.37500000 0.38250000
1344.00000000 0.38250000 0.36750000
1360.00000000 0.36000000 0.36750000
1376.00000000 0.35250000 0.36750000
1392.00000000 0.34500000 0.36250000
1408.00000000 0.34750000 0.35750000
1424.00000000 0.35250000 0.35250000
1440.00000000 0.32750000 0.33250000
1456.00000000 0.31000000 0.33000000
1472.00000000 0.31750000 0.32000000
1488.00000000 0.32250000 0.31500000
1504.00000000 0.30750000 0.31250000
1520.00000000 0.31000000 0.30250000
1536.00000000 0.29000000 0.30000000
1552.00000000 0.28750000 0.28000000
1568.00000000 0.28500000 0.28250000
1584.00000000 0.28250000 0.28250000
1600.00000000 0.26500000 0.28500000
1616.00000000 0.27500000 0.27250000
1632.00000000 0.27000000 0.26000000
1648.00000000 0.25000000 0.25750000
1664.00000000 0.25250000 0.25500000
1680.00000000 0.24500000 0.26000000
1696.00000000 0.22000000 0.22750000
1712.00000000 0.23500000 0.21250000
1728.00000000 0.21000000 0.21250000
1744.00000000 0.20000000 0.19750000
1760.00000000 0.19750000 0.20250000
1776.00000000 0.17750000 0.19750000
1792.00000000 0.18750000 0.19500000
1808.00000000 0.19250000 0.17500000
1824.00000000 0.18000000 0.17250000
1840.00000000 0.16250000 0.16500000
1856.00000000 0.16000000 0.15750000
1872.00000000 0.15000000 0.14500000
1888.00000000 0.14000000 0.14500000
1904.00000000 0.14500000 0.14250000
1920.00000000 0.13500000 0.13000000
1936.00000000 0.12750000 0.12500000
1952.00000000 0.12000000 0.12250000
1968.00000000 0.11500000 0.12000000
1984.00000000 0.12000000 0.12250000
2000.00000000 0.12000000 0.12250000
2016.00000000 0.11500000 0.11500000
2032.00000000 0.12000000 0.10750000
2048.00000000 0.11500000 0.10000000
2064.00000000 0.11250000 0.10500000
2080.00000000 0.10500000 0.11000000
2096.00000000 0.10250000 0.10500000
2112.00000000 0.10000000 0.09500000
2128.00000000 0.08750000 0.10000000
2144.00000000 0.09750000 0.09500000
2160.00000000 0.08250000 0.09000000
2176.00000000 0.09000000 0.08000000
2192.00000000 0.08500000 0.08500000
2208.00000000 0.08500000 0.08750000
2224.00000000 0.08250000 0.08750000
2240.00000000 0.08000000 0.09000000
2256.00000000 0.07250000 0.08750000
2272.00000000 0.08000000 0.08750000
2288.00000000 0.08250000 0.08000000
2304.00000000 0.07750000 0.08250000
2320.00000000 0.08000000 0.07000000
2336.00000000 0.07000000 0.07000000
2352.00000000 0.07500000 0.07750000
2368.00000000 0.06500000 0.07500000
2384.00000000 0.06250000 0.06750000
2400.00000000 0.06750000 0.06500000
2416.00000000 0.05750000 0.06500000
2432.00000000 0.06500000 0.06000000
2448.00000000 0.05500000 0.05750000
2464.00000000 0.05750000 0.05750000
2480.00000000 0.06000000 0.06000000
2496.00000000 0.06000000 0.05750000
2512.00000000 0.05000000 0.05750000
2528.00000000 0.05750000 0.05500000
2544.00000000 0.05000000 0.05500000
2560.00000000 0.04500000 0.04750000
2576.00000000 0.04250000 0.04500000
2592.00000000 0.05000000 0.05000000
2608.00000000 0.05000000 0.04750000
2624.00000000 0.04250000 0.04250000
2640.00000000 0.04250000 0.04500000
2656.00000000 0.04000000 0.04000000
2672.00000000 0.04000000 0.04500000
2688.00000000 0.04000000 0.04250000
2704.00000000 0.04250000 0.04250000
2720.00000000 0.03750000 0.04250000
2736.00000000 0.04000000 0.04000000
2752.00000000 0.03750000 0.03750000
2768.00000000 0.03500000 0.04000000
2784.00000000 0.04250000 0.04250000
2800.00000000 0.03750000 0.03500000
2816.00000000 0.04000000 0.03750000
2832.00000000 0.04250000 0.03750000
2848.00000000 0.03750000 0.04000000
2864.00000000 0.04000000 0.03500000
2880.00000000 0.03500000 0.03500000
2896.00000000 0.04000000 0.04000000
2912.00000000 0.03500000 0.03750000
2928.00000000 0.03500000 0.03250000
2944.00000000 0.03250000 0.03750000
2960.00000000 0.03500000 0.03500000
2976.00000000 0.03500000 0.02750000
2992.00000000 0.03250000 0.03250000
3008.00000000 0.03500000 0.03250000
3024.00000000 0.03250000 0.03000000
3040.00000000 0.03250000 0.03250000
3056.00000000 0.03250000 0.03250000
3072.00000000 0.03250000 0.03500000
3088.00000000 0.03000000 0.03250000
3104.00000000 0.03000000 0.03000000
3120.00000000 0.02500000 0.02500000
3136.00000000 0.03000000 0.02750000
3152.00000000 0.03000000 0.02750000
3168.00000000 0.03000000 0.02750000
3184.00000000 0.02750000 0.02250000
3200.00000000 0.02500000 0.02750000
