0 5.1333e-08
25 0.00163316
50 0.0048135
75 0.00958069
100 0.0149673
125 0.0218675
150 0.0300615
175 0.0384442
200 0.0474384
225 0.0574056
250 0.0687003
275 0.0803153
300 0.0933394
325 0.105696
350 0.117215
375 0.129866
400 0.143747
425 0.156102
450 0.169256
475 0.181962
500 0.195383
525 0.209012
550 0.221947
575 0.235086
600 0.247553
625 0.261146
650 0.273588
675 0.288011
700 0.302489
725 0.317143
750 0.331416
775 0.346229
800 0.36165
825 0.376451
850 0.389913
875 0.405346
900 0.418179
925 0.43062
950 0.442632
975 0.455783
1000 0.468867
1025 0.481184
1050 0.492746
1075 0.503897
1100 0.516356
1125 0.528404
1150 0.540782
1175 0.550227
1200 0.561155
1225 0.573733
1250 0.586177
1275 0.599916
1300 0.608463
1325 0.618279
1350 0.627221
1375 0.6359
1400 0.644724
1425 0.655267
1450 0.665733
1475 0.676108
1500 0.684284
1525 0.692445
1550 0.699668
1575 0.707988
1600 0.714511
1625 0.721336
1650 0.729385
1675 0.737941
1700 0.74543
1725 0.754173
1750 0.760364
1775 0.766425
1800 0.772481
1825 0.778359
1850 0.784024
1875 0.789614
1900 0.794427
1925 0.800009
1950 0.804315
1975 0.809344
2000 0.814753
2025 0.818849
2050 0.822287
2075 0.825904
2100 0.828796
2125 0.832237
2150 0.834458
2175 0.838324
2200 0.839518
2225 0.841292
2250 0.844295
2275 0.847461
2300 0.848439
2325 0.852072
2350 0.853951
2375 0.854438
2400 0.854813
2425 0.856611
2450 0.857433
2475 0.857232
2500 0.858795
2525 0.860806
2550 0.863876
2575 0.86529
2600 0.866439
2625 0.867495
2650 0.868362
2675 0.870239
2700 0.869957
2725 0.870413
2750 0.871521
2775 0.871033
2800 0.871879
2825 0.872642
2850 0.873325
2875 0.8738
2900 0.874011
2925 0.874322
2950 0.875011
2975 0.874559
3000 0.875634
3025 0.876518
3050 0.877574
3075 0.877966
3100 0.879689
3125 0.880023
3150 0.879167
3175 0.880732
3200 0.882867
3225 0.882767
3250 0.883068
3275 0.884664
3300 0.884394
3325 0.884936
3350 0.88508
3375 0.886007
3400 0.886436
3425 0.885263
3450 0.885089
3475 0.887006
3500 0.886471
3525 0.887341
3550 0.887937
3575 0.888866
3600 0.890094
3625 0.89035
3650 0.890169
3675 0.891007
3700 0.889546
3725 0.889479
3750 0.890056
3775 0.890412
3800 0.890691
3825 0.891625
3850 0.891349
3875 0.891676
3900 0.891643
3925 0.892061
3950 0.891952
3975 0.892067
4000 0.891676
4025 0.892182
4050 0.891597
4075 0.891174
4100 0.89099
4125 0.890522
4150 0.889901
4175 0.890164
4200 0.890168
4225 0.890544
4250 0.89189
4275 0.891623
4300 0.890378
4325 0.890883
4350 0.891809
4375 0.891682
4400 0.890918
4425 0.890991
4450 0.892004
4475 0.890949
4500 0.890752
4525 0.891287
4550 0.890896
4575 0.89087
4600 0.890854
4625 0.891657
4650 0.8916
4675 0.892408
4700 0.891419
4725 0.891499
4750 0.892353
4775 0.89223
4800 0.893005
4825 0.892313
4850 0.892657
4875 0.89313
4900 0.893283
4925 0.894964
4950 0.894202
4975 0.89539
5000 0.895465
