0 0.000158885
25 0.0289688
50 0.0497906
75 0.0708649
100 0.0889651
125 0.107227
150 0.125945
175 0.14383
200 0.161736
225 0.178882
250 0.19685
275 0.213817
300 0.231706
325 0.247947
350 0.263155
375 0.279181
400 0.295891
425 0.310268
450 0.326222
475 0.340488
500 0.354325
525 0.368826
550 0.382829
575 0.397067
600 0.410092
625 0.424095
650 0.436625
675 0.450061
700 0.464058
725 0.478321
750 0.491847
775 0.504964
800 0.517874
825 0.531127
850 0.543212
875 0.556106
900 0.567652
925 0.578687
950 0.588311
975 0.599353
1000 0.610723
1025 0.621017
1050 0.631033
1075 0.640696
1100 0.651086
1125 0.66114
1150 0.671186
1175 0.678732
1200 0.687819
1225 0.697851
1250 0.707066
1275 0.717653
1300 0.724766
1325 0.732445
1350 0.739558
1375 0.746609
1400 0.753884
1425 0.761742
1450 0.76933
1475 0.777205
1500 0.783375
1525 0.79023
1550 0.796191
1575 0.802479
1600 0.807749
1625 0.81295
1650 0.81912
1675 0.825315
1700 0.830857
1725 0.836806
1750 0.841602
1775 0.845712
1800 0.850124
1825 0.854723
1850 0.858873
1875 0.862714
1900 0.86657
1925 0.87039
1950 0.873618
1975 0.877155
2000 0.880911
2025 0.883953
2050 0.886446
2075 0.888927
2100 0.89096
2125 0.893397
2150 0.895213
2175 0.897752
2200 0.899075
2225 0.900044
2250 0.902241
2275 0.904382
2300 0.905244
2325 0.907863
2350 0.90922
2375 0.90964
2400 0.910148
2425 0.911392
2450 0.912138
2475 0.912409
2500 0.913533
2525 0.914771
2550 0.916571
2575 0.917391
2600 0.918228
2625 0.919044
2650 0.919707
2675 0.920827
2700 0.921044
2725 0.921504
2750 0.922217
2775 0.922073
2800 0.922612
2825 0.923153
2850 0.923693
2875 0.924184
2900 0.924478
2925 0.924575
2950 0.925129
2975 0.925111
3000 0.925852
3025 0.926495
3050 0.927322
3075 0.927711
3100 0.928878
3125 0.929157
3150 0.92887
3175 0.92978
3200 0.931144
3225 0.931303
3250 0.931671
3275 0.932649
3300 0.932617
3325 0.93309
3350 0.933207
3375 0.933834
3400 0.934122
3425 0.933587
3450 0.933556
3475 0.934683
3500 0.934443
3525 0.934924
3550 0.935271
3575 0.93584
3600 0.936552
3625 0.936653
3650 0.936593
3675 0.937015
3700 0.936224
3725 0.936231
3750 0.936552
3775 0.936788
3800 0.936965
3825 0.937454
3850 0.937377
3875 0.937549
3900 0.937556
3925 0.937893
3950 0.937922
3975 0.937954
4000 0.937774
4025 0.93808
4050 0.937884
4075 0.93764
4100 0.937611
4125 0.937306
4150 0.937159
4175 0.937339
4200 0.937395
4225 0.937693
4250 0.938398
4275 0.938208
4300 0.937643
4325 0.937924
4350 0.9385
4375 0.938489
4400 0.938107
4425 0.938178
4450 0.938822
4475 0.938277
4500 0.938224
4525 0.938605
4550 0.93847
4575 0.938481
4600 0.938558
4625 0.939017
4650 0.939009
4675 0.939439
4700 0.938901
4725 0.938968
4750 0.939475
4775 0.939426
4800 0.939906
4825 0.939591
4850 0.939769
4875 0.940109
4900 0.940271
4925 0.941197
4950 0.940815
4975 0.94147
5000 0.941521
