0 0.00242486
2.25 -0.0284424
4.5 0.030829
6.75 0.103638
9 0.145794
11.25 0.169367
13.5 0.212858
15.75 0.243169
18 0.271798
20.25 0.299787
22.5 0.330959
24.75 0.359187
27 0.381346
29.25 0.405806
31.5 0.429694
33.75 0.446729
36 0.467985
38.25 0.485161
40.5 0.502078
42.75 0.520703
45 0.537868
47.25 0.552944
49.5 0.566249
51.75 0.581605
54 0.597338
56.25 0.61504
58.5 0.632748
60.75 0.644727
63 0.659309
65.25 0.672558
67.5 0.685276
69.75 0.698474
72 0.710595
74.25 0.724748
76.5 0.734223
78.75 0.745803
81 0.756307
83.25 0.765871
85.5 0.77455
87.75 0.781746
90 0.789286
92.25 0.797842
94.5 0.805044
96.75 0.81207
99 0.819362
101.25 0.825381
103.5 0.830917
105.75 0.837612
108 0.842675
110.25 0.84744
112.5 0.851494
114.75 0.856404
117 0.862123
119.25 0.866601
121.5 0.871001
123.75 0.874582
126 0.878566
128.25 0.882758
130.5 0.886652
132.75 0.890775
135 0.89378
137.25 0.896951
139.5 0.900362
141.75 0.903356
144 0.905614
146.25 0.908039
148.5 0.910683
150.75 0.91417
153 0.916922
155.25 0.920067
157.5 0.922817
159.75 0.925261
162 0.92744
164.25 0.929605
166.5 0.931778
168.75 0.934162
171 0.935723
173.25 0.937581
175.5 0.939305
177.75 0.940986
180 0.942423
182.25 0.943945
184.5 0.945458
186.75 0.946886
189 0.948318
191.25 0.949877
193.5 0.951138
195.75 0.952007
198 0.953696
200.25 0.954395
202.5 0.955639
204.75 0.956567
207 0.957371
209.25 0.958527
211.5 0.959527
213.75 0.960407
216 0.96105
218.25 0.961902
220.5 0.9625
222.75 0.963452
225 0.963627
227.25 0.964162
229.5 0.964668
231.75 0.965144
234 0.965385
236.25 0.965725
238.5 0.966186
240.75 0.966803
243 0.967479
245.25 0.968051
247.5 0.968803
249.75 0.969493
252 0.970237
254.25 0.970957
256.5 0.971696
258.75 0.972236
261 0.972336
263.25 0.973052
265.5 0.97354
267.75 0.973873
270 0.974203
272.25 0.97499
274.5 0.975719
276.75 0.976193
279 0.976884
281.25 0.977456
283.5 0.977888
285.75 0.978401
288 0.979042
290.25 0.979324
292.5 0.979869
294.75 0.980274
297 0.980485
299.25 0.98078
301.5 0.981197
303.75 0.981613
306 0.981939
308.25 0.982457
310.5 0.982651
312.75 0.983151
315 0.983564
317.25 0.983996
319.5 0.984351
321.75 0.984906
324 0.985109
326.25 0.985201
328.5 0.985547
330.75 0.985898
333 0.98596
335.25 0.986388
337.5 0.986631
339.75 0.986882
342 0.987286
344.25 0.987478
346.5 0.987875
348.75 0.988031
351 0.988359
353.25 0.988513
355.5 0.988598
357.75 0.98889
360 0.98921
362.25 0.989485
364.5 0.989962
366.75 0.990345
369 0.99067
371.25 0.990888
373.5 0.991255
375.75 0.991511
378 0.991945
380.25 0.992233
382.5 0.992481
384.75 0.992738
387 0.992972
389.25 0.993231
391.5 0.993502
393.75 0.99365
396 0.993826
398.25 0.993941
400.5 0.994094
402.75 0.99436
405 0.994467
407.25 0.99463
409.5 0.994728
411.75 0.994768
414 0.994988
416.25 0.99517
418.5 0.995115
420.75 0.995339
423 0.995509
425.25 0.995593
427.5 0.995759
429.75 0.995874
432 0.995978
434.25 0.996149
436.5 0.996339
438.75 0.996474
441 0.996637
443.25 0.996705
445.5 0.996797
447.75 0.996845
450 0.996837
