0 253.41333333 254.54000000
6.25000000 14.84000000 14.95000000
12.50000000 9.43000000 9.57333333
18.75000000 7.50333333 7.57666667
25.00000000 6.33666667 6.38333333
31.25000000 5.52666667 5.49000000
37.50000000 5.00666667 4.91000000
43.75000000 4.54666667 4.52333333
50.00000000 4.24000000 4.17666667
56.25000000 3.90333333 3.97666667
62.50000000 3.71666667 3.67666667
68.75000000 3.48333333 3.51333333
75.00000000 3.27000000 3.36000000
81.25000000 3.16666667 3.26333333
87.50000000 3.10666667 3.14000000
93.75000000 3.01666667 2.97000000
100.00000000 2.86000000 2.89666667
106.25000000 2.74666667 2.82000000
112.50000000 2.64000000 2.70333333
118.75000000 2.60000000 2.59333333
125.00000000 2.51333333 2.51666667
131.25000000 2.44333333 2.49000000
137.50000000 2.37000000 2.43666667
143.75000000 2.35000000 2.38000000
150.00000000 2.29000000 2.26000000
156.25000000 2.24000000 2.24333333
162.50000000 2.17666667 2.23333333
168.75000000 2.16333333 2.13333333
175.00000000 2.11666667 2.14000000
181.25000000 2.07333333 2.10666667
187.50000000 2.04000000 2.09333333
193.75000000 2.02666667 2.00000000
200.00000000 1.97000000 1.97333333
206.25000000 1.99666667 1.96333333
212.50000000 1.92333333 1.95000000
218.75000000 1.89000000 1.93666667
225.00000000 1.89000000 1.88333333
231.25000000 1.87333333 1.89333333
237.50000000 1.83000000 1.84333333
243.75000000 1.80666667 1.83000000
250.00000000 1.78333333 1.82666667
256.25000000 1.79666667 1.81666667
262.50000000 1.77333333 1.79333333
268.75000000 1.73333333 1.76000000
275.00000000 1.72000000 1.76333333
281.25000000 1.71333333 1.69333333
287.50000000 1.71000000 1.70666667
293.75000000 1.69666667 1.71000000
300.00000000 1.65333333 1.65000000
306.25000000 1.65333333 1.66666667
312.50000000 1.60666667 1.66000000
318.75000000 1.60666667 1.64333333
325.00000000 1.60333333 1.62000000
331.25000000 1.55666667 1.59000000
337.50000000 1.51333333 1.57000000
343.75000000 1.52666667 1.56000000
350.00000000 1.50000000 1.54666667
356.25000000 1.53666667 1.56000000
362.50000000 1.56000000 1.52666667
368.75000000 1.53000000 1.52666667
375.00000000 1.50000000 1.50000000
381.25000000 1.50333333 1.50666667
387.50000000 1.49666667 1.48333333
393.75000000 1.44666667 1.47000000
400.00000000 1.48000000 1.48333333
406.25000000 1.43666667 1.45666667
412.50000000 1.45333333 1.45000000
418.75000000 1.42000000 1.42333333
425.00000000 1.42000000 1.43333333
431.25000000 1.37666667 1.40666667
437.50000000 1.40666667 1.40666667
443.75000000 1.42000000 1.38666667
450.00000000 1.40333333 1.40333333
456.25000000 1.37000000 1.39333333
462.50000000 1.37666667 1.39666667
468.75000000 1.36333333 1.37333333
475.00000000 1.36333333 1.38000000
481.25000000 1.36333333 1.36333333
487.50000000 1.32000000 1.37666667
493.75000000 1.35000000 1.36333333
500.00000000 1.32333333 1.33000000
506.25000000 1.34000000 1.30666667
512.50000000 1.31000000 1.33000000
518.75000000 1.30333333 1.33333333
525.00000000 1.32000000 1.33333333
531.25000000 1.27000000 1.32666667
537.50000000 1.27666667 1.31666667
543.75000000 1.30333333 1.28666667
550.00000000 1.26000000 1.27333333
556.25000000 1.30666667 1.31000000
562.50000000 1.26333333 1.30000000
568.75000000 1.29333333 1.30000000
575.00000000 1.29666667 1.29000000
581.25000000 1.27000000 1.26666667
587.50000000 1.27333333 1.27000000
593.75000000 1.23666667 1.27333333
600.00000000 1.23666667 1.25000000
606.25000000 1.27666667 1.26000000
612.50000000 1.26333333 1.27333333
618.75000000 1.23333333 1.28000000
625.00000000 1.23666667 1.24666667
631.25000000 1.25333333 1.21666667
637.50000000 1.26333333 1.24333333
643.75000000 1.21333333 1.23666667
650.00000000 1.22000000 1.24333333
656.25000000 1.20666667 1.24333333
662.50000000 1.24666667 1.25333333
668.75000000 1.21333333 1.22333333
675.00000000 1.23666667 1.24000000
681.25000000 1.17000000 1.21666667
687.50000000 1.21333333 1.20333333
693.75000000 1.17000000 1.21666667
700.00000000 1.20000000 1.17666667
706.25000000 1.18333333 1.18666667
712.50000000 1.19333333 1.19000000
718.75000000 1.18666667 1.19000000
725.00000000 1.18333333 1.15333333
731.25000000 1.17000000 1.17333333
737.50000000 1.16000000 1.17333333
743.75000000 1.15666667 1.18666667
750.00000000 1.17333333 1.19333333
756.25000000 1.16666667 1.14666667
762.50000000 1.14666667 1.16333333
768.75000000 1.16333333 1.17666667
775.00000000 1.14333333 1.14666667
781.25000000 1.14666667 1.14666667
787.50000000 1.16666667 1.16000000
793.75000000 1.13000000 1.12000000
800.00000000 1.15333333 1.14333333
806.25000000 1.14333333 1.14333333
812.50000000 1.16666667 1.14666667
818.75000000 1.15666667 1.15666667
825.00000000 1.17333333 1.15333333
831.25000000 1.12333333 1.14000000
837.50000000 1.13333333 1.16666667
843.75000000 1.12000000 1.14666667
850.00000000 1.13666667 1.16000000
856.25000000 1.13666667 1.15666667
862.50000000 1.13000000 1.15000000
868.75000000 1.12666667 1.16000000
875.00000000 1.11333333 1.14333333
881.25000000 1.12000000 1.12333333
887.50000000 1.13333333 1.10000000
893.75000000 1.14666667 1.12000000
900.00000000 1.13666667 1.13333333
906.25000000 1.10333333 1.09666667
912.50000000 1.07000000 1.14333333
918.75000000 1.09666667 1.12333333
925.00000000 1.12666667 1.12666667
931.25000000 1.11666667 1.11000000
937.50000000 1.09666667 1.08666667
943.75000000 1.07666667 1.07666667
950.00000000 1.10666667 1.08333333
956.25000000 1.09666667 1.10000000
962.50000000 1.06666667 1.10333333
968.75000000 1.10000000 1.09000000
975.00000000 1.08666667 1.07000000
981.25000000 1.09666667 1.10333333
987.50000000 1.07000000 1.12000000
993.75000000 1.07000000 1.08666667
1000.00000000 1.10000000 1.06666667
1006.25000000 1.09000000 1.08000000
1012.50000000 1.07000000 1.10333333
1018.75000000 1.07000000 1.09333333
1025.00000000 1.04666667 1.08000000
1031.25000000 1.08333333 1.08000000
1037.50000000 1.07000000 1.06333333
1043.75000000 1.06666667 1.06666667
1050.00000000 1.06333333 1.07000000
1056.25000000 1.07000000 1.06333333
1062.50000000 1.06000000 1.08666667
1068.75000000 1.04000000 1.05666667
1075.00000000 1.05000000 1.06333333
1081.25000000 1.06333333 1.05333333
1087.50000000 1.05333333 1.07666667
1093.75000000 1.04666667 1.04333333
1100.00000000 1.04666667 1.06000000
1106.25000000 1.02666667 1.05333333
1112.50000000 1.04333333 1.07000000
1118.75000000 1.02000000 1.04000000
1125.00000000 1.07000000 1.05333333
1131.25000000 1.03666667 1.03000000
1137.50000000 1.02666667 1.04000000
1143.75000000 1.01000000 1.03666667
1150.00000000 1.04333333 1.02666667
1156.25000000 1.01333333 1.02333333
1162.50000000 1.02000000 1.03333333
1168.75000000 1.03666667 1.03333333
1175.00000000 1.03333333 1.02333333
1181.25000000 1.01666667 1.00000000
1187.50000000 1.01666667 1.03333333
1193.75000000 1.00666667 1.03333333
1200.00000000 1.02666667 1.04333333
1206.25000000 0.99333333 1.02000000
1212.50000000 1.03333333 1.02000000
1218.75000000 1.00333333 1.00333333
1225.00000000 0.98666667 0.99333333
1231.25000000 1.01000000 1.00333333
1237.50000000 1.01333333 1.01000000
1243.75000000 0.94333333 0.97666667
1250.00000000 0.99333333 0.99666667
