0 -0.108406
1 0.132818
2 0.199306
3 0.214883
4 0.256983
5 0.274124
6 0.296875
7 0.324347
8 0.344034
9 0.368641
10 0.39123
11 0.410608
12 0.43364
13 0.453128
14 0.47695
15 0.507979
16 0.530565
17 0.555897
18 0.58373
19 0.603783
20 0.621275
21 0.643631
22 0.661895
23 0.677884
24 0.694351
25 0.711995
26 0.728063
27 0.742083
28 0.755914
29 0.769998
30 0.780504
31 0.792212
32 0.803285
33 0.815921
34 0.824511
35 0.833131
36 0.841075
37 0.847257
38 0.854918
39 0.86061
40 0.867139
41 0.873405
42 0.879439
43 0.885655
44 0.890839
45 0.895642
46 0.900641
47 0.905639
48 0.910413
49 0.91433
50 0.917927
51 0.921282
52 0.9241
53 0.927017
54 0.931078
55 0.933353
56 0.935528
57 0.93774
58 0.940438
59 0.94235
60 0.942941
61 0.944161
62 0.944692
63 0.945748
64 0.946575
65 0.948098
66 0.949247
67 0.951413
68 0.952265
69 0.953574
70 0.954604
71 0.955272
72 0.956731
73 0.957852
74 0.958337
75 0.959341
76 0.96032
77 0.961404
78 0.962154
79 0.96289
80 0.963735
81 0.964313
82 0.965099
83 0.966038
84 0.966459
85 0.966912
86 0.967349
87 0.968005
88 0.968178
89 0.9689
90 0.969604
91 0.970332
92 0.971256
93 0.971886
94 0.972185
95 0.972688
96 0.973069
97 0.973629
98 0.974218
99 0.974468
100 0.974751
101 0.975188
102 0.975587
103 0.975974
104 0.976378
105 0.976535
106 0.976661
107 0.976808
108 0.977148
109 0.977498
110 0.977511
111 0.97763
112 0.977482
113 0.977564
114 0.977771
115 0.977899
116 0.9779
117 0.977896
118 0.977951
119 0.978249
120 0.978353
121 0.978339
122 0.978586
123 0.978614
124 0.978687
125 0.978776
126 0.97897
127 0.97906
128 0.979449
129 0.979433
130 0.979686
131 0.979766
132 0.979986
133 0.980622
134 0.980827
135 0.980933
136 0.981156
137 0.98107
138 0.981052
139 0.981084
140 0.981107
141 0.981119
142 0.981103
143 0.980972
144 0.980967
145 0.981117
146 0.981383
147 0.981478
148 0.981499
149 0.981494
150 0.981538
151 0.981649
152 0.981911
153 0.981884
154 0.981938
155 0.981948
156 0.981955
157 0.982055
158 0.982286
159 0.982365
160 0.982642
161 0.982878
162 0.983061
163 0.983297
164 0.983812
165 0.9839
166 0.984232
167 0.984509
168 0.984633
169 0.984723
170 0.9847
171 0.984747
172 0.984786
173 0.984748
174 0.984778
175 0.984785
176 0.984829
177 0.9848
178 0.984777
179 0.984774
180 0.984752
181 0.984764
182 0.98478
183 0.984782
184 0.984779
185 0.984755
186 0.984757
187 0.984778
188 0.984746
189 0.984753
190 0.984766
191 0.98475
192 0.984751
193 0.98476
194 0.984764
195 0.98477
196 0.984761
197 0.984784
198 0.984779
199 0.98475
200 0.984766
