0 0.000235701
16 0.0277847
32 0.0510659
48 0.0725661
64 0.0929708
80 0.111061
96 0.128635
112 0.144608
128 0.160063
144 0.1765
160 0.191097
176 0.205778
192 0.219453
208 0.232473
224 0.246144
240 0.259641
256 0.271909
272 0.283867
288 0.296196
304 0.30868
320 0.32119
336 0.33275
352 0.344849
368 0.357317
384 0.369626
400 0.382127
416 0.392254
432 0.403049
448 0.414556
464 0.427113
480 0.436998
496 0.447645
512 0.457569
528 0.468597
544 0.479168
560 0.489005
576 0.500229
592 0.508297
608 0.517846
624 0.526475
640 0.536647
656 0.545691
672 0.555275
688 0.563641
704 0.572205
720 0.581789
736 0.589891
752 0.59905
768 0.606929
784 0.614577
800 0.623813
816 0.631658
832 0.640073
848 0.647089
864 0.653795
880 0.660814
896 0.667556
912 0.675442
928 0.681012
944 0.686542
960 0.692839
976 0.698439
992 0.703202
1008 0.709451
1024 0.7151
1040 0.720133
1056 0.724106
1072 0.730306
1088 0.734957
1104 0.739975
1120 0.744688
1136 0.748956
1152 0.754056
1168 0.759794
1184 0.763974
1200 0.768289
1216 0.772691
1232 0.776507
1248 0.780586
1264 0.784164
1280 0.788398
1296 0.79265
1312 0.797093
1328 0.800504
1344 0.804343
1360 0.807864
1376 0.811637
1392 0.8154
1408 0.818716
1424 0.82142
1440 0.82508
1456 0.827983
1472 0.830178
1488 0.832231
1504 0.834715
1520 0.837318
1536 0.839672
1552 0.842171
1568 0.844945
1584 0.846637
1600 0.848689
1616 0.850559
1632 0.852519
1648 0.854558
1664 0.85602
1680 0.858479
1696 0.860341
1712 0.862138
1728 0.863173
1744 0.864499
1760 0.865463
1776 0.86756
1792 0.868805
1808 0.870118
1824 0.871209
1840 0.872569
1856 0.874208
1872 0.875935
1888 0.877429
1904 0.87818
1920 0.879345
1936 0.880586
1952 0.882267
1968 0.883255
1984 0.884697
2000 0.885729
2016 0.887234
2032 0.887811
2048 0.888903
2064 0.889492
2080 0.890712
2096 0.892448
2112 0.893553
2128 0.894043
2144 0.896171
2160 0.896359
2176 0.897092
2192 0.897712
2208 0.898985
2224 0.899691
2240 0.900354
2256 0.901509
2272 0.902653
2288 0.902812
2304 0.902847
2320 0.903524
2336 0.903857
2352 0.90497
2368 0.90665
2384 0.90752
2400 0.90815
2416 0.909181
2432 0.909778
2448 0.910142
2464 0.910778
2480 0.911483
2496 0.912423
2512 0.913254
2528 0.912816
2544 0.913409
2560 0.913964
2576 0.915002
2592 0.915527
2608 0.915845
2624 0.916316
2640 0.916985
2656 0.917583
2672 0.918251
2688 0.9194
2704 0.919848
2720 0.920674
2736 0.92148
2752 0.922769
2768 0.92385
2784 0.92457
2800 0.924987
2816 0.925848
2832 0.926452
2848 0.926693
2864 0.927522
2880 0.928284
2896 0.928534
2912 0.929316
2928 0.929042
2944 0.929512
2960 0.929727
2976 0.930331
2992 0.931276
3008 0.931669
3024 0.932505
3040 0.932782
3056 0.933421
3072 0.933356
3088 0.933741
3104 0.934195
3120 0.93438
3136 0.934844
3152 0.935367
3168 0.935267
3184 0.935564
3200 0.935991
