0 0.000239194
16 0.0282026
32 0.0514633
48 0.0722564
64 0.0924168
80 0.110422
96 0.128097
112 0.144453
128 0.160076
144 0.176928
160 0.191941
176 0.207358
192 0.221479
208 0.235106
224 0.248865
240 0.26371
256 0.276576
272 0.289828
288 0.303555
304 0.316705
320 0.330359
336 0.343131
352 0.355455
368 0.367914
384 0.38031
400 0.39303
416 0.404082
432 0.416029
448 0.427613
464 0.439776
480 0.449719
496 0.459742
512 0.46997
528 0.481121
544 0.491256
560 0.501077
576 0.512075
592 0.520675
608 0.530045
624 0.539306
640 0.548568
656 0.557926
672 0.566826
688 0.575851
704 0.583974
720 0.592929
736 0.600776
752 0.608947
768 0.616401
784 0.623732
800 0.631984
816 0.639169
832 0.646592
848 0.653254
864 0.659207
880 0.666343
896 0.672519
912 0.678893
928 0.684298
944 0.68987
960 0.695396
976 0.700876
992 0.70545
1008 0.711085
1024 0.716396
1040 0.721059
1056 0.725325
1072 0.731055
1088 0.735349
1104 0.740196
1120 0.744612
1136 0.748804
1152 0.753152
1168 0.757977
1184 0.761838
1200 0.766465
1216 0.770684
1232 0.774463
1248 0.778538
1264 0.78207
1280 0.786265
1296 0.790642
1312 0.794459
1328 0.797823
1344 0.801421
1360 0.804876
1376 0.808538
1392 0.81181
1408 0.814876
1424 0.817757
1440 0.821175
1456 0.823944
1472 0.826277
1488 0.82893
1504 0.831668
1520 0.834081
1536 0.836361
1552 0.83923
1568 0.842494
1584 0.844706
1600 0.847027
1616 0.84922
1632 0.851279
1648 0.853565
1664 0.855481
1680 0.858019
1696 0.859806
1712 0.861805
1728 0.863129
1744 0.864617
1760 0.865655
1776 0.868034
1792 0.869376
1808 0.870962
1824 0.872056
1840 0.873499
1856 0.874885
1872 0.876502
1888 0.878204
1904 0.879153
1920 0.880401
1936 0.881454
1952 0.882922
1968 0.884096
1984 0.885691
2000 0.886688
2016 0.887932
2032 0.888795
2048 0.890237
2064 0.891023
2080 0.892073
2096 0.893806
2112 0.894776
2128 0.895092
2144 0.896891
2160 0.897163
2176 0.898146
2192 0.898783
2208 0.900031
2224 0.900947
2240 0.901449
2256 0.902689
2272 0.903693
2288 0.904097
2304 0.904052
2320 0.904585
2336 0.905003
2352 0.905889
2368 0.90732
2384 0.908333
2400 0.909237
2416 0.909813
2432 0.910425
2448 0.910582
2464 0.911169
2480 0.91197
2496 0.912818
2512 0.913518
2528 0.913155
2544 0.913768
2560 0.914702
2576 0.915682
2592 0.916114
2608 0.916508
2624 0.916656
2640 0.917213
2656 0.917945
2672 0.918681
2688 0.919388
2704 0.919908
2720 0.920683
2736 0.921114
2752 0.922131
2768 0.923293
2784 0.923751
2800 0.924189
2816 0.925083
2832 0.925785
2848 0.926347
2864 0.926975
2880 0.927742
2896 0.928267
2912 0.928374
2928 0.928377
2944 0.928731
2960 0.929008
2976 0.929949
2992 0.930666
3008 0.930898
3024 0.931479
3040 0.932179
3056 0.932792
3072 0.932759
3088 0.933091
3104 0.933205
3120 0.933363
3136 0.93415
3152 0.934656
3168 0.934823
3184 0.934849
3200 0.935406
