0 1.14443e-07
16 0.00145904
32 0.00511132
48 0.0101595
64 0.0160703
80 0.0222656
96 0.02928
112 0.0366597
128 0.0450709
144 0.0547095
160 0.0640433
176 0.0737565
192 0.0835723
208 0.0928208
224 0.103288
240 0.114753
256 0.125588
272 0.136589
288 0.147644
304 0.158842
320 0.170079
336 0.179914
352 0.19014
368 0.201644
384 0.213236
400 0.224892
416 0.235355
432 0.247287
448 0.259702
464 0.271364
480 0.28172
496 0.292584
512 0.303071
528 0.314756
544 0.325951
560 0.335737
576 0.34813
592 0.357358
608 0.367329
624 0.377641
640 0.388287
656 0.398161
672 0.407818
688 0.417484
704 0.42653
720 0.436492
736 0.444993
752 0.455225
768 0.464292
784 0.474054
800 0.484433
816 0.493992
832 0.503885
848 0.513075
864 0.521114
880 0.530345
896 0.53831
912 0.546223
928 0.553962
944 0.561333
960 0.568462
976 0.575456
992 0.581597
1008 0.588698
1024 0.595528
1040 0.601486
1056 0.606769
1072 0.614228
1088 0.619617
1104 0.626333
1120 0.632028
1136 0.637956
1152 0.64389
1168 0.650386
1184 0.655581
1200 0.661187
1216 0.666986
1232 0.67206
1248 0.677683
1264 0.681949
1280 0.687733
1296 0.693492
1312 0.698826
1328 0.703251
1344 0.70779
1360 0.712628
1376 0.717664
1392 0.722686
1408 0.727026
1424 0.730692
1440 0.735418
1456 0.739386
1472 0.742129
1488 0.745205
1504 0.749355
1520 0.752451
1536 0.755606
1552 0.75934
1568 0.763924
1584 0.766732
1600 0.769704
1616 0.773073
1632 0.775635
1648 0.779402
1664 0.782117
1680 0.785794
1696 0.788669
1712 0.791275
1728 0.793153
1744 0.795286
1760 0.796257
1776 0.799622
1792 0.801006
1808 0.803588
1824 0.805258
1840 0.807201
1856 0.809152
1872 0.811689
1888 0.814084
1904 0.814763
1920 0.81629
1936 0.817715
1952 0.819923
1968 0.821395
1984 0.823716
2000 0.824823
2016 0.826605
2032 0.827442
2048 0.829444
2064 0.830505
2080 0.831718
2096 0.833944
2112 0.83558
2128 0.835918
2144 0.838523
2160 0.838608
2176 0.839789
2192 0.840369
2208 0.842176
2224 0.842911
2240 0.843455
2256 0.845353
2272 0.846438
2288 0.846598
2304 0.846187
2320 0.847149
2336 0.847285
2352 0.848901
2368 0.851438
2384 0.852587
2400 0.853721
2416 0.854496
2432 0.855719
2448 0.855597
2464 0.85621
2480 0.8574
2496 0.858671
2512 0.859522
2528 0.858726
2544 0.859851
2560 0.861124
2576 0.862352
2592 0.862713
2608 0.863389
2624 0.863191
2640 0.864261
2656 0.864517
2672 0.865531
2688 0.866305
2704 0.866542
2720 0.867821
2736 0.868277
2752 0.869963
2768 0.871726
2784 0.872002
2800 0.872631
2816 0.874165
2832 0.875135
2848 0.875325
2864 0.876124
2880 0.876829
2896 0.877713
2912 0.877951
2928 0.877501
2944 0.878145
2960 0.878569
2976 0.879942
2992 0.880828
3008 0.881257
3024 0.881973
3040 0.882823
3056 0.884072
3072 0.884076
3088 0.884378
3104 0.88455
3120 0.884561
3136 0.88605
3152 0.886555
3168 0.887001
3184 0.886782
3200 0.887663
