0 1.17234e-07
16 0.00160164
32 0.00529278
48 0.010412
64 0.0165147
80 0.023298
96 0.0307255
112 0.0387328
128 0.0475526
144 0.0571933
160 0.0668573
176 0.0769772
192 0.0875278
208 0.0972655
224 0.107883
240 0.119444
256 0.130845
272 0.142357
288 0.154018
304 0.165844
320 0.178485
336 0.190037
352 0.201306
368 0.213525
384 0.225633
400 0.237926
416 0.248927
432 0.261294
448 0.273719
464 0.285877
480 0.297253
496 0.308129
512 0.319026
528 0.331079
544 0.34253
560 0.353172
576 0.365497
592 0.375079
608 0.38572
624 0.396067
640 0.407097
656 0.417988
672 0.427948
688 0.438295
704 0.447935
720 0.458108
736 0.467391
752 0.476582
768 0.485583
784 0.494375
800 0.504096
816 0.513351
832 0.522721
848 0.531312
864 0.538494
880 0.547079
896 0.5545
912 0.562159
928 0.569301
944 0.575823
960 0.582638
976 0.589388
992 0.595096
1008 0.60164
1024 0.608268
1040 0.614394
1056 0.619932
1072 0.627495
1088 0.633281
1104 0.63973
1120 0.645468
1136 0.65109
1152 0.6563
1168 0.662128
1184 0.66708
1200 0.67269
1216 0.678297
1232 0.683262
1248 0.688713
1264 0.693063
1280 0.698289
1296 0.703913
1312 0.708719
1328 0.712893
1344 0.71727
1360 0.72152
1376 0.725893
1392 0.730533
1408 0.734568
1424 0.738192
1440 0.742233
1456 0.746235
1472 0.748954
1488 0.751879
1504 0.755534
1520 0.758318
1536 0.76106
1552 0.764761
1568 0.768683
1584 0.771218
1600 0.773962
1616 0.77673
1632 0.779124
1648 0.782611
1664 0.785139
1680 0.788306
1696 0.790846
1712 0.79326
1728 0.795169
1744 0.797388
1760 0.798386
1776 0.801434
1792 0.802916
1808 0.805521
1824 0.807148
1840 0.808914
1856 0.810407
1872 0.812728
1888 0.815076
1904 0.816112
1920 0.817865
1936 0.819243
1952 0.820945
1968 0.822618
1984 0.824878
2000 0.825998
2016 0.828142
2032 0.829384
2048 0.831494
2064 0.832681
2080 0.833927
2096 0.836244
2112 0.837783
2128 0.837984
2144 0.840287
2160 0.840239
2176 0.84141
2192 0.842309
2208 0.843728
2224 0.844662
2240 0.84514
2256 0.846693
2272 0.847928
2288 0.848336
2304 0.848148
2320 0.848909
2336 0.849226
2352 0.850448
2368 0.852714
2384 0.85398
2400 0.855028
2416 0.855488
2432 0.856334
2448 0.856073
2464 0.856726
2480 0.857882
2496 0.859023
2512 0.859864
2528 0.859047
2544 0.859925
2560 0.861107
2576 0.862336
2592 0.862678
2608 0.863317
2624 0.863407
2640 0.863988
2656 0.864977
2672 0.866034
2688 0.866689
2704 0.867167
2720 0.868125
2736 0.868313
2752 0.869602
2768 0.871464
2784 0.871893
2800 0.872385
2816 0.873563
2832 0.874597
2848 0.87518
2864 0.875906
2880 0.876736
2896 0.877344
2912 0.877603
2928 0.87734
2944 0.877747
2960 0.878268
2976 0.879721
2992 0.880425
3008 0.880827
3024 0.881411
3040 0.882402
3056 0.883402
3072 0.883397
3088 0.884079
3104 0.88415
3120 0.884138
3136 0.885616
3152 0.886117
3168 0.886461
3184 0.88682
3200 0.887828
