0 -0.0691506
16 0.0297136
32 0.0415699
48 0.0591685
64 0.115866
80 0.152261
96 0.184587
112 0.20727
128 0.207657
144 0.225728
160 0.237419
176 0.258179
192 0.270086
208 0.290596
224 0.304395
240 0.325604
256 0.334821
272 0.348146
288 0.368305
304 0.386529
320 0.405343
336 0.424592
352 0.442767
368 0.4576
384 0.472683
400 0.490132
416 0.505044
432 0.517997
448 0.53034
464 0.548206
480 0.55783
496 0.569496
512 0.582171
528 0.594676
544 0.60303
560 0.614448
576 0.624448
592 0.632702
608 0.641262
624 0.65018
640 0.658998
656 0.66861
672 0.677213
688 0.685245
704 0.69366
720 0.703201
736 0.711374
752 0.718482
768 0.724561
784 0.730468
800 0.738571
816 0.744892
832 0.751026
848 0.75622
864 0.760635
880 0.767246
896 0.773094
912 0.778904
928 0.78286
944 0.788371
960 0.793352
976 0.798576
992 0.802349
1008 0.80796
1024 0.81263
1040 0.816567
1056 0.820247
1072 0.8249
1088 0.828555
1104 0.832335
1120 0.835865
1136 0.83862
1152 0.842039
1168 0.846004
1184 0.849306
1200 0.853367
1216 0.85645
1232 0.859641
1248 0.862258
1264 0.865526
1280 0.868554
1296 0.871818
1312 0.874676
1328 0.876978
1344 0.880141
1360 0.882248
1376 0.88487
1392 0.886784
1408 0.888916
1424 0.891049
1440 0.893823
1456 0.895548
1472 0.897422
1488 0.899609
1504 0.901494
1520 0.903645
1536 0.905606
1552 0.907697
1568 0.909721
1584 0.911849
1600 0.913641
1616 0.914849
1632 0.916539
1648 0.918009
1664 0.919431
1680 0.921078
1696 0.921929
1712 0.923817
1728 0.92505
1744 0.926382
1760 0.92789
1776 0.929557
1792 0.93075
1808 0.931643
1824 0.932389
1840 0.933562
1856 0.934979
1872 0.935932
1888 0.937042
1904 0.938222
1920 0.939548
1936 0.940743
1952 0.941565
1968 0.942625
1984 0.943735
2000 0.944752
2016 0.945422
2032 0.946432
2048 0.947272
2064 0.947741
2080 0.948921
2096 0.949989
2112 0.950732
2128 0.951234
2144 0.952394
2160 0.953067
2176 0.953739
2192 0.954279
2208 0.955298
2224 0.956086
2240 0.956651
2256 0.957237
2272 0.958117
2288 0.958805
2304 0.959411
2320 0.959751
2336 0.960344
2352 0.960849
2368 0.961448
2384 0.962287
2400 0.962828
2416 0.963474
2432 0.963988
2448 0.964584
2464 0.965219
2480 0.965729
2496 0.966288
2512 0.966842
2528 0.967034
2544 0.967522
2560 0.968259
2576 0.969101
2592 0.969573
2608 0.969854
2624 0.970504
2640 0.970771
2656 0.971606
2672 0.972253
2688 0.973116
2704 0.973739
2720 0.974175
2736 0.974769
2752 0.975286
2768 0.97605
2784 0.976607
2800 0.977045
2816 0.977308
2832 0.977652
2848 0.978197
2864 0.978542
2880 0.979161
2896 0.979583
2912 0.979957
2928 0.980287
2944 0.980447
2960 0.98073
2976 0.981187
2992 0.981797
3008 0.981831
3024 0.982426
3040 0.982931
3056 0.983214
3072 0.983546
3088 0.984006
3104 0.984317
3120 0.984374
3136 0.984695
3152 0.985072
3168 0.985238
3184 0.985587
3200 0.985838
