0 -0.0909839
16 0.011037
32 0.0214426
48 0.0527841
64 0.120528
80 0.169916
96 0.205136
112 0.234471
128 0.229501
144 0.243739
160 0.25646
176 0.274214
192 0.283806
208 0.305628
224 0.316146
240 0.332751
256 0.339434
272 0.35136
288 0.371517
304 0.388082
320 0.407004
336 0.426678
352 0.446611
368 0.461135
384 0.476106
400 0.492547
416 0.506285
432 0.519435
448 0.531365
464 0.550023
480 0.559029
496 0.570249
512 0.581744
528 0.593922
544 0.602632
560 0.614189
576 0.62375
592 0.632771
608 0.641577
624 0.650947
640 0.659396
656 0.669117
672 0.677919
688 0.686404
704 0.695021
720 0.70481
736 0.712971
752 0.72062
768 0.726953
784 0.732843
800 0.741034
816 0.747038
832 0.753075
848 0.758078
864 0.762751
880 0.769607
896 0.77542
912 0.781602
928 0.785229
944 0.790689
960 0.795597
976 0.800568
992 0.804311
1008 0.81005
1024 0.81489
1040 0.818631
1056 0.82205
1072 0.826812
1088 0.830221
1104 0.834099
1120 0.837548
1136 0.840293
1152 0.843996
1168 0.848065
1184 0.851168
1200 0.855179
1216 0.858297
1232 0.861339
1248 0.864121
1264 0.867299
1280 0.870377
1296 0.873593
1312 0.876504
1328 0.879139
1344 0.882328
1360 0.884498
1376 0.887246
1392 0.889299
1408 0.891452
1424 0.89375
1440 0.896513
1456 0.898103
1472 0.900169
1488 0.902578
1504 0.904302
1520 0.906414
1536 0.90828
1552 0.910448
1568 0.912639
1584 0.91473
1600 0.916576
1616 0.917884
1632 0.919588
1648 0.920719
1664 0.922065
1680 0.923737
1696 0.924506
1712 0.926391
1728 0.927437
1744 0.928494
1760 0.929991
1776 0.931594
1792 0.932924
1808 0.933575
1824 0.934199
1840 0.935407
1856 0.936843
1872 0.937715
1888 0.93885
1904 0.939944
1920 0.941092
1936 0.942138
1952 0.943149
1968 0.944044
1984 0.945114
2000 0.946163
2016 0.946803
2032 0.947887
2048 0.948853
2064 0.949209
2080 0.950302
2096 0.95143
2112 0.952137
2128 0.952624
2144 0.953881
2160 0.954598
2176 0.95523
2192 0.955788
2208 0.956755
2224 0.957603
2240 0.958227
2256 0.9589
2272 0.959607
2288 0.960249
2304 0.96071
2320 0.96093
2336 0.961573
2352 0.962034
2368 0.962625
2384 0.963426
2400 0.964057
2416 0.964731
2432 0.965135
2448 0.965618
2464 0.966319
2480 0.966793
2496 0.96724
2512 0.967727
2528 0.968055
2544 0.968418
2560 0.969107
2576 0.969831
2592 0.970286
2608 0.970613
2624 0.971205
2640 0.971492
2656 0.972284
2672 0.972746
2688 0.973593
2704 0.974306
2720 0.974791
2736 0.975313
2752 0.975808
2768 0.976434
2784 0.977033
2800 0.977399
2816 0.9776
2832 0.977997
2848 0.978509
2864 0.978791
2880 0.979426
2896 0.979809
2912 0.980048
2928 0.980344
2944 0.980513
2960 0.980695
2976 0.98113
2992 0.981725
3008 0.981769
3024 0.982333
3040 0.982753
3056 0.982986
3072 0.983167
3088 0.983483
3104 0.983714
3120 0.983802
3136 0.984019
3152 0.984392
3168 0.984494
3184 0.984705
3200 0.984901
