0 -0.0978122
16 0.0647216
32 0.00491562
48 0.0137592
64 0.0763661
80 0.129977
96 0.167157
112 0.198363
128 0.189074
144 0.199942
160 0.213738
176 0.230742
192 0.241568
208 0.263273
224 0.277336
240 0.295194
256 0.302256
272 0.31324
288 0.334666
304 0.352383
320 0.374471
336 0.397264
352 0.418342
368 0.434354
384 0.450261
400 0.466898
416 0.480213
432 0.491744
448 0.504241
464 0.522297
480 0.529841
496 0.542777
512 0.554229
528 0.567064
544 0.57586
560 0.588097
576 0.598009
592 0.607444
608 0.616537
624 0.626673
640 0.635342
656 0.646048
672 0.655843
688 0.665317
704 0.674219
720 0.685537
736 0.693985
752 0.702953
768 0.710066
784 0.716253
800 0.724776
816 0.730903
832 0.737546
848 0.742739
864 0.74786
880 0.755085
896 0.761468
912 0.768102
928 0.771785
944 0.777771
960 0.782874
976 0.787846
992 0.791909
1008 0.798062
1024 0.803356
1040 0.807246
1056 0.810574
1072 0.815691
1088 0.819374
1104 0.82328
1120 0.826403
1136 0.829424
1152 0.833348
1168 0.837851
1184 0.841484
1200 0.8457
1216 0.84897
1232 0.852379
1248 0.855205
1264 0.858401
1280 0.86183
1296 0.865
1312 0.868109
1328 0.870968
1344 0.87446
1360 0.876823
1376 0.879823
1392 0.882148
1408 0.884645
1424 0.887112
1440 0.890266
1456 0.891926
1472 0.89434
1488 0.896993
1504 0.898764
1520 0.900972
1536 0.903197
1552 0.905673
1568 0.908036
1584 0.910303
1600 0.912308
1616 0.913675
1632 0.915486
1648 0.916723
1664 0.918047
1680 0.919754
1696 0.92067
1712 0.922606
1728 0.923565
1744 0.924741
1760 0.926414
1776 0.928195
1792 0.929577
1808 0.930393
1824 0.930964
1840 0.932354
1856 0.93385
1872 0.934817
1888 0.936039
1904 0.937221
1920 0.938456
1936 0.939478
1952 0.940595
1968 0.941451
1984 0.942577
2000 0.943669
2016 0.944453
2032 0.945474
2048 0.946453
2064 0.946828
2080 0.948087
2096 0.949247
2112 0.949993
2128 0.950513
2144 0.951853
2160 0.952595
2176 0.95335
2192 0.95384
2208 0.954818
2224 0.955648
2240 0.956343
2256 0.957249
2272 0.958023
2288 0.958721
2304 0.959282
2320 0.95946
2336 0.960152
2352 0.960717
2368 0.961326
2384 0.962207
2400 0.962913
2416 0.963757
2432 0.9642
2448 0.964708
2464 0.965533
2480 0.966007
2496 0.966524
2512 0.966982
2528 0.967433
2544 0.967774
2560 0.968472
2576 0.969328
2592 0.969771
2608 0.970025
2624 0.970594
2640 0.970972
2656 0.97183
2672 0.97233
2688 0.973304
2704 0.974022
2720 0.97449
2736 0.975058
2752 0.975553
2768 0.97618
2784 0.976824
2800 0.977175
2816 0.977317
2832 0.9777
2848 0.978165
2864 0.978467
2880 0.979222
2896 0.979656
2912 0.979939
2928 0.980243
2944 0.980463
2960 0.980685
2976 0.981173
2992 0.981855
3008 0.981939
3024 0.982568
3040 0.982996
3056 0.983245
3072 0.983464
3088 0.983795
3104 0.984092
3120 0.984168
3136 0.984401
3152 0.984824
3168 0.984973
3184 0.985219
3200 0.98542
