0 -0.163659
16 0.058179
32 0.012851
48 0.0233381
64 0.0823909
80 0.14829
96 0.18992
112 0.219751
128 0.206082
144 0.219248
160 0.228666
176 0.250426
192 0.264341
208 0.288546
224 0.306879
240 0.320463
256 0.334124
272 0.348055
288 0.368713
304 0.38267
320 0.402895
336 0.424071
352 0.445349
368 0.459213
384 0.477043
400 0.49323
416 0.505022
432 0.515097
448 0.526569
464 0.544368
480 0.552726
496 0.566653
512 0.577814
528 0.59009
544 0.599859
560 0.612505
576 0.621488
592 0.628448
608 0.637867
624 0.645127
640 0.654484
656 0.664663
672 0.675398
688 0.683349
704 0.691948
720 0.702775
736 0.711236
752 0.721056
768 0.727364
784 0.73283
800 0.7426
816 0.748897
832 0.756061
848 0.759891
864 0.764944
880 0.770376
896 0.776476
912 0.783797
928 0.787568
944 0.79192
960 0.797483
976 0.802118
992 0.805959
1008 0.811597
1024 0.81626
1040 0.820467
1056 0.823433
1072 0.829034
1088 0.833475
1104 0.837013
1120 0.84092
1136 0.843884
1152 0.847866
1168 0.852332
1184 0.855433
1200 0.858666
1216 0.861397
1232 0.864472
1248 0.866768
1264 0.869426
1280 0.872384
1296 0.875373
1312 0.87863
1328 0.881347
1344 0.884829
1360 0.887241
1376 0.889898
1392 0.892204
1408 0.894505
1424 0.896499
1440 0.899266
1456 0.900713
1472 0.902606
1488 0.904444
1504 0.905802
1520 0.907755
1536 0.909393
1552 0.910944
1568 0.912847
1584 0.91461
1600 0.916374
1616 0.917368
1632 0.919284
1648 0.920105
1664 0.921082
1680 0.923005
1696 0.923673
1712 0.925182
1728 0.926059
1744 0.926695
1760 0.928413
1776 0.929908
1792 0.931267
1808 0.931765
1824 0.932335
1840 0.933801
1856 0.935511
1872 0.936485
1888 0.937324
1904 0.938495
1920 0.939709
1936 0.940904
1952 0.942333
1968 0.943025
1984 0.944068
2000 0.945145
2016 0.945963
2032 0.946967
2048 0.947962
2064 0.948359
2080 0.949537
2096 0.950608
2112 0.951424
2128 0.952101
2144 0.953255
2160 0.953915
2176 0.954593
2192 0.955108
2208 0.956035
2224 0.956776
2240 0.957498
2256 0.958326
2272 0.959254
2288 0.959817
2304 0.960348
2320 0.960452
2336 0.961124
2352 0.961747
2368 0.962279
2384 0.963266
2400 0.963758
2416 0.964688
2432 0.964925
2448 0.96553
2464 0.966525
2480 0.966909
2496 0.967403
2512 0.967835
2528 0.968381
2544 0.968566
2560 0.969126
2576 0.970024
2592 0.9705
2608 0.970575
2624 0.971311
2640 0.97164
2656 0.972633
2672 0.973236
2688 0.974314
2704 0.974869
2720 0.975394
2736 0.976026
2752 0.976648
2768 0.977327
2784 0.978047
2800 0.978505
2816 0.978573
2832 0.979002
2848 0.979436
2864 0.979879
2880 0.980683
2896 0.980998
2912 0.981292
2928 0.981567
2944 0.981621
2960 0.981649
2976 0.982202
2992 0.982967
3008 0.983061
3024 0.983706
3040 0.98413
3056 0.984354
3072 0.984611
3088 0.984983
3104 0.985347
3120 0.985367
3136 0.985547
3152 0.985937
3168 0.986073
3184 0.986408
3200 0.986652
