0 5.90607e-08
25 0.00144537
50 0.00406552
75 0.00714807
100 0.0107189
125 0.0146942
150 0.0188681
175 0.0229961
200 0.026987
225 0.031633
250 0.036203
275 0.0408496
300 0.0458431
325 0.0507706
350 0.0546848
375 0.0584002
400 0.0629587
425 0.0671836
450 0.0710944
475 0.0748331
500 0.0790573
525 0.0831941
550 0.0887541
575 0.0928687
600 0.0971993
625 0.102192
650 0.107437
675 0.111774
700 0.115247
725 0.11986
750 0.124617
775 0.129425
800 0.133895
825 0.138103
850 0.143389
875 0.148985
900 0.15575
925 0.161684
950 0.167508
975 0.172205
1000 0.176786
1025 0.182731
1050 0.187613
1075 0.192402
1100 0.196673
1125 0.20005
1150 0.202474
1175 0.208778
1200 0.214589
1225 0.219856
1250 0.222536
1275 0.227799
1300 0.233964
1325 0.238944
1350 0.243996
1375 0.248959
1400 0.254523
1425 0.260223
1450 0.26591
1475 0.269829
1500 0.274469
1525 0.279628
1550 0.28457
1575 0.288164
1600 0.291823
1625 0.294415
1650 0.296398
1675 0.300087
1700 0.303188
1725 0.307156
1750 0.308771
1775 0.31155
1800 0.314731
1825 0.317391
1850 0.321188
1875 0.324765
1900 0.330161
1925 0.335612
1950 0.340006
1975 0.343999
2000 0.349451
2025 0.35573
2050 0.35947
2075 0.362946
2100 0.365699
2125 0.369997
2150 0.371999
2175 0.376296
2200 0.378376
2225 0.380368
2250 0.382073
2275 0.384025
2300 0.386514
2325 0.390337
2350 0.393462
2375 0.397613
2400 0.400618
2425 0.403661
2450 0.407676
2475 0.412223
2500 0.414938
2525 0.417453
2550 0.418995
2575 0.422242
2600 0.423769
2625 0.426158
2650 0.429302
2675 0.430797
2700 0.433861
2725 0.43516
2750 0.439002
2775 0.440487
2800 0.443281
2825 0.444053
2850 0.444571
2875 0.445932
2900 0.449172
2925 0.45158
2950 0.454396
2975 0.457247
3000 0.459007
3025 0.460927
3050 0.463764
3075 0.46533
3100 0.467636
3125 0.468699
3150 0.471372
3175 0.475904
3200 0.477661
3225 0.483116
3250 0.48497
3275 0.488029
3300 0.49105
3325 0.493277
3350 0.496711
3375 0.499248
3400 0.500423
3425 0.50281
3450 0.505093
3475 0.505446
3500 0.508104
3525 0.511311
3550 0.512257
3575 0.5151
3600 0.517471
3625 0.519003
3650 0.522786
3675 0.525448
3700 0.528458
3725 0.531229
3750 0.533578
3775 0.534191
3800 0.536046
3825 0.537903
3850 0.537794
3875 0.541586
3900 0.544044
3925 0.546101
3950 0.547379
3975 0.549209
4000 0.550409
4025 0.553101
4050 0.555001
4075 0.556291
4100 0.558557
4125 0.560239
4150 0.562401
4175 0.564019
4200 0.565638
4225 0.567283
4250 0.570089
4275 0.571315
4300 0.572247
4325 0.573852
4350 0.574272
4375 0.574409
4400 0.576324
4425 0.577741
4450 0.578441
4475 0.580537
4500 0.581683
4525 0.582535
4550 0.584498
4575 0.586586
4600 0.588388
4625 0.589481
4650 0.590874
4675 0.591983
4700 0.593665
4725 0.594644
4750 0.594908
4775 0.596692
4800 0.598719
4825 0.599943
4850 0.600509
4875 0.602568
4900 0.605475
4925 0.606604
4950 0.608127
4975 0.60968
5000 0.610644
