0 0.0599668
25 0.031441
50 -0.0616507
75 -0.0529503
100 -0.0228902
125 0.0252522
150 0.068705
175 0.0780279
200 0.099953
225 0.0926893
250 0.0867649
275 0.101261
300 0.106524
325 0.110341
350 0.130932
375 0.144424
400 0.147202
425 0.154391
450 0.180049
475 0.212307
500 0.224229
525 0.23144
550 0.235582
575 0.239772
600 0.258426
625 0.268241
650 0.2801
675 0.299339
700 0.313824
725 0.326824
750 0.341305
775 0.359547
800 0.37496
825 0.391114
850 0.386901
875 0.383945
900 0.38615
925 0.390169
950 0.394478
975 0.395694
1000 0.400929
1025 0.411891
1050 0.411477
1075 0.408339
1100 0.412849
1125 0.415907
1150 0.419373
1175 0.427185
1200 0.43098
1225 0.4391
1250 0.438613
1275 0.443584
1300 0.448614
1325 0.454533
1350 0.453033
1375 0.452586
1400 0.456006
1425 0.459847
1450 0.463289
1475 0.464783
1500 0.467276
1525 0.470299
1550 0.475546
1575 0.477097
1600 0.478821
1625 0.480036
1650 0.481065
1675 0.4877
1700 0.490839
1725 0.494889
1750 0.498607
1775 0.50289
1800 0.509106
1825 0.511323
1850 0.515016
1875 0.523867
1900 0.530586
1925 0.533799
1950 0.535992
1975 0.540518
2000 0.543473
2025 0.546372
2050 0.547163
2075 0.549461
2100 0.550225
2125 0.55067
2150 0.550651
2175 0.549402
2200 0.549797
2225 0.551364
2250 0.554533
2275 0.559265
2300 0.559553
2325 0.568393
2350 0.569581
2375 0.573575
2400 0.579854
2425 0.583569
2450 0.58498
2475 0.587416
2500 0.592047
2525 0.591761
2550 0.58881
2575 0.590654
2600 0.594805
2625 0.597749
2650 0.599762
2675 0.599286
2700 0.601198
2725 0.60363
2750 0.607303
2775 0.610963
2800 0.61397
2825 0.612574
2850 0.615493
2875 0.618579
2900 0.621276
2925 0.624297
2950 0.628766
2975 0.630894
3000 0.62802
3025 0.629613
3050 0.630767
3075 0.633938
3100 0.637168
3125 0.638083
3150 0.641872
3175 0.647405
3200 0.64984
3225 0.654897
3250 0.656554
3275 0.656173
3300 0.654972
3325 0.656976
3350 0.658852
3375 0.66107
3400 0.660775
3425 0.662417
3450 0.663265
3475 0.662478
3500 0.665694
3525 0.666876
3550 0.667196
3575 0.666152
3600 0.668872
3625 0.666271
3650 0.670513
3675 0.671875
3700 0.675711
3725 0.676222
3750 0.678237
3775 0.675945
3800 0.676002
3825 0.675892
3850 0.67759
3875 0.67887
3900 0.67985
3925 0.679233
3950 0.680262
3975 0.680623
4000 0.683595
4025 0.684242
4050 0.685629
4075 0.686389
4100 0.689248
4125 0.691425
4150 0.69398
4175 0.69253
4200 0.69221
4225 0.692386
4250 0.692861
4275 0.694094
4300 0.694072
4325 0.696612
4350 0.697467
4375 0.699126
4400 0.701212
4425 0.70326
4450 0.702008
4475 0.703288
4500 0.704085
4525 0.706604
4550 0.710417
4575 0.711463
4600 0.71486
4625 0.716828
4650 0.715807
4675 0.716401
4700 0.717199
4725 0.71875
4750 0.718146
4775 0.718755
4800 0.720353
4825 0.72184
4850 0.722046
4875 0.720366
4900 0.722494
4925 0.722502
4950 0.722167
4975 0.721394
5000 0.720946
