0 -0.00339832
1 0.107496
2 0.164111
3 0.190482
4 0.224186
5 0.249546
6 0.279155
7 0.29981
8 0.31387
9 0.327352
10 0.333965
11 0.338109
12 0.345278
13 0.352029
14 0.360673
15 0.378498
16 0.393306
17 0.407247
18 0.415202
19 0.428534
20 0.437713
21 0.447838
22 0.456946
23 0.469405
24 0.475801
25 0.482908
26 0.488278
27 0.493613
28 0.497674
29 0.504739
30 0.509245
31 0.516272
32 0.522874
33 0.529541
34 0.536633
35 0.544225
36 0.551315
37 0.555829
38 0.563378
39 0.568317
40 0.57262
41 0.579764
42 0.585012
43 0.59045
44 0.596102
45 0.601975
46 0.609513
47 0.616521
48 0.62171
49 0.626086
50 0.631534
51 0.637425
52 0.643831
53 0.650527
54 0.658592
55 0.665932
56 0.67307
57 0.677991
58 0.684366
59 0.69104
60 0.696427
61 0.704144
62 0.709118
63 0.716329
64 0.722305
65 0.728487
66 0.734442
67 0.739248
68 0.742693
69 0.747566
70 0.751642
71 0.755652
72 0.758919
73 0.763127
74 0.767616
75 0.771575
76 0.775683
77 0.779061
78 0.783765
79 0.787806
80 0.792145
81 0.796994
82 0.801625
83 0.806524
84 0.811288
85 0.81522
86 0.819364
87 0.82355
88 0.82833
89 0.831727
90 0.835161
91 0.838774
92 0.842661
93 0.845701
94 0.847933
95 0.850427
96 0.852578
97 0.855244
98 0.857931
99 0.86086
100 0.864721
101 0.868882
102 0.872337
103 0.875378
104 0.877622
105 0.879513
106 0.880786
107 0.882711
108 0.885132
109 0.88683
110 0.888295
111 0.889503
112 0.891755
113 0.893976
114 0.896003
115 0.898088
116 0.900902
117 0.903118
118 0.90497
119 0.906259
120 0.908197
121 0.909764
122 0.911502
123 0.913071
124 0.91429
125 0.915786
126 0.916985
127 0.917677
128 0.919147
129 0.919676
130 0.920548
131 0.92147
132 0.922823
133 0.923881
134 0.925228
135 0.926336
136 0.927294
137 0.92826
138 0.929094
139 0.929868
140 0.930612
141 0.931584
142 0.932329
143 0.933281
144 0.933628
145 0.934155
146 0.935093
147 0.935631
148 0.936445
149 0.937122
150 0.937594
151 0.938462
152 0.939253
153 0.940232
154 0.941257
155 0.942502
156 0.943436
157 0.943931
158 0.944694
159 0.945553
160 0.946125
161 0.94704
162 0.948088
163 0.948911
164 0.949513
165 0.950164
166 0.950617
167 0.951079
168 0.951512
169 0.95199
170 0.952634
171 0.953491
172 0.953702
173 0.954538
174 0.955172
175 0.956046
176 0.956755
177 0.957513
178 0.957872
179 0.958617
180 0.95903
181 0.959402
182 0.959829
183 0.960424
184 0.960797
185 0.961146
186 0.961119
187 0.961497
188 0.961632
189 0.962025
190 0.962539
191 0.962858
192 0.963407
193 0.963694
194 0.96409
195 0.964456
196 0.964495
197 0.964572
198 0.964825
199 0.965077
200 0.965289
