0 -0.0494796
1 0.157242
2 0.157449
3 0.135222
4 0.185437
5 0.239231
6 0.281372
7 0.316488
8 0.34044
9 0.350878
10 0.367239
11 0.376926
12 0.376827
13 0.391289
14 0.406422
15 0.426598
16 0.451754
17 0.457367
18 0.456911
19 0.464376
20 0.472302
21 0.490463
22 0.497895
23 0.510118
24 0.516113
25 0.522183
26 0.531515
27 0.538137
28 0.543789
29 0.546569
30 0.54979
31 0.55665
32 0.559469
33 0.566155
34 0.568791
35 0.579673
36 0.584347
37 0.587956
38 0.595244
39 0.600209
40 0.60534
41 0.611166
42 0.614222
43 0.616783
44 0.616877
45 0.621487
46 0.630644
47 0.638535
48 0.643058
49 0.643806
50 0.650374
51 0.655812
52 0.66647
53 0.669195
54 0.677623
55 0.684459
56 0.690422
57 0.692688
58 0.699498
59 0.706854
60 0.714175
61 0.720947
62 0.726697
63 0.732959
64 0.738651
65 0.7451
66 0.75367
67 0.758705
68 0.762599
69 0.76882
70 0.770724
71 0.773982
72 0.7779
73 0.7836
74 0.788158
75 0.793602
76 0.799252
77 0.804609
78 0.809921
79 0.814403
80 0.816523
81 0.820191
82 0.825151
83 0.830326
84 0.836277
85 0.842426
86 0.847652
87 0.85214
88 0.856664
89 0.860479
90 0.863723
91 0.868657
92 0.871658
93 0.874002
94 0.876306
95 0.878196
96 0.878486
97 0.878379
98 0.880311
99 0.882706
100 0.885582
101 0.889294
102 0.891941
103 0.894829
104 0.896876
105 0.899229
106 0.900426
107 0.903208
108 0.906688
109 0.90918
110 0.910651
111 0.911552
112 0.913262
113 0.914727
114 0.914975
115 0.916616
116 0.918553
117 0.920492
118 0.921983
119 0.923449
120 0.925218
121 0.926738
122 0.928048
123 0.929678
124 0.929832
125 0.93086
126 0.932287
127 0.93384
128 0.935273
129 0.936007
130 0.936811
131 0.937383
132 0.938041
133 0.939068
134 0.939907
135 0.939977
136 0.94042
137 0.941578
138 0.94175
139 0.942235
140 0.943213
141 0.944197
142 0.945053
143 0.946901
144 0.947432
145 0.948341
146 0.949151
147 0.950614
148 0.951484
149 0.951507
150 0.951786
151 0.951766
152 0.95261
153 0.953291
154 0.953739
155 0.954486
156 0.954988
157 0.95516
158 0.956001
159 0.956297
160 0.956453
161 0.956481
162 0.95675
163 0.957162
164 0.956716
165 0.956474
166 0.95697
167 0.957415
168 0.957436
169 0.957486
170 0.957704
171 0.958755
172 0.959411
173 0.960781
174 0.961422
175 0.962256
176 0.962622
177 0.962777
178 0.962813
179 0.963007
180 0.963413
181 0.96361
182 0.96418
183 0.964696
184 0.965
185 0.964908
186 0.964734
187 0.965028
188 0.965762
189 0.966194
190 0.966914
191 0.967465
192 0.967665
193 0.967763
194 0.967953
195 0.967825
196 0.967523
197 0.967266
198 0.967223
199 0.966716
200 0.966529
