0 -0.00503369
1 0.175137
2 0.224653
3 0.209657
4 0.239666
5 0.27736
6 0.308461
7 0.337543
8 0.357036
9 0.367851
10 0.376385
11 0.382096
12 0.386852
13 0.392879
14 0.404185
15 0.417548
16 0.431326
17 0.43869
18 0.439749
19 0.450651
20 0.457621
21 0.46836
22 0.475331
23 0.484142
24 0.489838
25 0.498364
26 0.503069
27 0.507857
28 0.512234
29 0.517243
30 0.522773
31 0.529721
32 0.536436
33 0.544671
34 0.551926
35 0.560833
36 0.565302
37 0.567363
38 0.574254
39 0.580328
40 0.584602
41 0.592426
42 0.596612
43 0.601131
44 0.605601
45 0.611432
46 0.620255
47 0.62832
48 0.634173
49 0.639513
50 0.647738
51 0.653642
52 0.662948
53 0.668183
54 0.676217
55 0.682469
56 0.688225
57 0.692274
58 0.698731
59 0.705421
60 0.711274
61 0.718166
62 0.724667
63 0.732056
64 0.738022
65 0.742572
66 0.748612
67 0.753034
68 0.756624
69 0.760327
70 0.763362
71 0.767474
72 0.771242
73 0.776614
74 0.780811
75 0.785133
76 0.789773
77 0.794038
78 0.798659
79 0.802939
80 0.806031
81 0.81042
82 0.814226
83 0.819374
84 0.824534
85 0.828923
86 0.833814
87 0.837069
88 0.841647
89 0.84518
90 0.847479
91 0.85098
92 0.854045
93 0.856791
94 0.859056
95 0.861861
96 0.862757
97 0.864996
98 0.86793
99 0.870935
100 0.874941
101 0.879331
102 0.882779
103 0.885655
104 0.887125
105 0.889381
106 0.889591
107 0.890755
108 0.892949
109 0.895022
110 0.896445
111 0.898074
112 0.900656
113 0.902719
114 0.904635
115 0.906223
116 0.908658
117 0.910842
118 0.912526
119 0.914089
120 0.91582
121 0.917401
122 0.918738
123 0.919927
124 0.921001
125 0.922131
126 0.922889
127 0.923683
128 0.924658
129 0.924737
130 0.92523
131 0.925459
132 0.925741
133 0.92605
134 0.927086
135 0.928031
136 0.928357
137 0.929242
138 0.929819
139 0.930263
140 0.930325
141 0.931166
142 0.931789
143 0.933128
144 0.93338
145 0.934197
146 0.935151
147 0.935962
148 0.936489
149 0.937078
150 0.937771
151 0.938246
152 0.939725
153 0.940865
154 0.941622
155 0.942429
156 0.942961
157 0.943141
158 0.943926
159 0.944736
160 0.945356
161 0.946325
162 0.947089
163 0.948149
164 0.948568
165 0.949222
166 0.949377
167 0.949727
168 0.950187
169 0.950549
170 0.950747
171 0.951942
172 0.952804
173 0.953809
174 0.95475
175 0.955507
176 0.955681
177 0.955791
178 0.955857
179 0.956095
180 0.95636
181 0.956403
182 0.956824
183 0.957422
184 0.957898
185 0.95792
186 0.957681
187 0.957891
188 0.958273
189 0.958765
190 0.959259
191 0.959577
192 0.9599
193 0.960084
194 0.960301
195 0.960529
196 0.960411
197 0.960368
198 0.960468
199 0.960549
200 0.960615
