0 0.00101244
8 0.0681639
16 0.118825
24 0.168707
32 0.215222
40 0.260269
48 0.301043
56 0.338096
64 0.372744
72 0.405551
80 0.436691
88 0.465576
96 0.491697
104 0.514629
112 0.540647
120 0.563647
128 0.587867
136 0.608692
144 0.629362
152 0.64858
160 0.666902
168 0.681249
176 0.696181
184 0.710299
192 0.723851
200 0.737271
208 0.749896
216 0.761005
224 0.772392
232 0.781898
240 0.79162
248 0.801402
256 0.811019
264 0.819802
272 0.829596
280 0.837543
288 0.84457
296 0.851572
304 0.85708
312 0.86192
320 0.866527
328 0.870283
336 0.874969
344 0.878913
352 0.883996
360 0.888009
368 0.892451
376 0.896471
384 0.898981
392 0.901745
400 0.904161
408 0.906939
416 0.90936
424 0.910784
432 0.912878
440 0.914164
448 0.915375
456 0.91699
464 0.91801
472 0.919792
480 0.920449
488 0.921736
496 0.922859
504 0.924345
512 0.924683
520 0.926069
528 0.926723
536 0.928641
544 0.929212
552 0.929632
560 0.93065
568 0.931802
576 0.932729
584 0.933595
592 0.934412
600 0.935356
608 0.935529
616 0.936694
624 0.937653
632 0.938297
640 0.938949
648 0.939793
656 0.940141
664 0.940383
672 0.941601
680 0.941658
688 0.941853
696 0.941668
704 0.941901
712 0.942441
720 0.942851
728 0.943229
736 0.94404
744 0.944334
752 0.944553
760 0.945847
768 0.946239
776 0.946607
784 0.9467
792 0.946449
800 0.946421
