0 -0.0620469
4 0.153742
8 0.184241
12 0.191989
16 0.226265
20 0.212548
24 0.261914
28 0.295646
32 0.314989
36 0.341886
40 0.360254
44 0.376565
48 0.396151
52 0.408511
56 0.424727
60 0.444991
64 0.461618
68 0.479623
72 0.499804
76 0.519649
80 0.533026
84 0.551861
88 0.566303
92 0.583868
96 0.599014
100 0.612744
104 0.630193
108 0.646128
112 0.662165
116 0.673876
120 0.689641
124 0.703145
128 0.715304
132 0.727113
136 0.738801
140 0.748309
144 0.759107
148 0.769183
152 0.776688
156 0.786465
160 0.79542
164 0.802536
168 0.808052
172 0.815283
176 0.82115
180 0.827685
184 0.831865
188 0.836399
192 0.842204
196 0.847543
200 0.853506
204 0.858784
208 0.864551
212 0.868372
216 0.874129
220 0.878488
224 0.883269
228 0.887359
232 0.891944
236 0.895544
240 0.899296
244 0.903228
248 0.90723
252 0.910926
256 0.913421
260 0.916482
264 0.919704
268 0.922835
272 0.925437
276 0.927527
280 0.929026
284 0.930288
288 0.932912
292 0.934833
296 0.936698
300 0.93816
304 0.939389
308 0.940415
312 0.941652
316 0.943193
320 0.944202
324 0.944998
328 0.94545
332 0.945727
336 0.947383
340 0.948298
344 0.949569
348 0.950242
352 0.951137
356 0.952624
360 0.953684
364 0.954485
368 0.955652
372 0.956983
376 0.957652
380 0.958058
384 0.958332
388 0.95943
392 0.959945
396 0.960947
400 0.962003
404 0.962633
408 0.964061
412 0.964669
416 0.965625
420 0.965856
424 0.966456
428 0.967086
432 0.967719
436 0.968133
440 0.968458
444 0.969066
448 0.969428
452 0.969785
456 0.970293
460 0.97095
464 0.971235
468 0.971546
472 0.971786
476 0.972222
480 0.972484
484 0.97298
488 0.973999
492 0.973795
496 0.973808
500 0.974015
504 0.974785
508 0.974649
512 0.974734
516 0.975154
520 0.975485
524 0.976106
528 0.975912
532 0.976356
536 0.977039
540 0.977388
544 0.977959
548 0.978715
552 0.978881
556 0.979179
560 0.979867
564 0.980195
568 0.980932
572 0.980643
576 0.980807
580 0.981339
584 0.981585
588 0.981489
592 0.981717
596 0.981772
600 0.98218
604 0.982593
608 0.982657
612 0.983072
616 0.983247
620 0.983313
624 0.983915
628 0.984455
632 0.984461
636 0.984544
640 0.9847
644 0.98493
648 0.984994
652 0.985148
656 0.985503
660 0.98564
664 0.986046
668 0.986464
672 0.986712
676 0.986824
680 0.987173
684 0.987512
688 0.987538
692 0.987902
696 0.987945
700 0.988322
704 0.988403
708 0.98873
712 0.989175
716 0.989493
720 0.989608
724 0.990049
728 0.990086
732 0.990649
736 0.99081
740 0.990968
744 0.991276
748 0.991634
752 0.9917
756 0.992069
760 0.992279
764 0.99253
768 0.992697
772 0.992894
776 0.992971
780 0.993089
784 0.9931
788 0.993352
792 0.993613
796 0.993596
800 0.993462
