0 2593.24210526 2599.06842105
128.00000000 15.64210526 15.81052632
256.00000000 8.87894737 8.96315789
384.00000000 6.41052632 6.52105263
512.00000000 4.98421053 5.14210526
640.00000000 4.34736842 4.32105263
768.00000000 3.70000000 3.69473684
896.00000000 3.27368421 3.23684211
1024.00000000 2.89473684 2.91052632
1152.00000000 2.64736842 2.56315789
1280.00000000 2.36842105 2.41052632
1408.00000000 2.19473684 2.23684211
1536.00000000 1.99473684 2.11052632
1664.00000000 1.94736842 1.87368421
1792.00000000 1.81052632 1.80000000
1920.00000000 1.69473684 1.70000000
2048.00000000 1.57894737 1.61578947
2176.00000000 1.51578947 1.52631579
2304.00000000 1.38947368 1.38421053
2432.00000000 1.34736842 1.32105263
2560.00000000 1.21578947 1.26315789
2688.00000000 1.18421053 1.14736842
2816.00000000 1.13157895 1.07368421
2944.00000000 1.09473684 1.10526316
3072.00000000 1.01052632 1.03684211
3200.00000000 1.01578947 0.97894737
3328.00000000 0.94736842 0.93684211
3456.00000000 0.87368421 0.90526316
3584.00000000 0.87368421 0.86315789
3712.00000000 0.80000000 0.82105263
3840.00000000 0.76842105 0.75789474
3968.00000000 0.68421053 0.70526316
4096.00000000 0.69473684 0.66315789
4224.00000000 0.65789474 0.64736842
4352.00000000 0.61052632 0.61578947
4480.00000000 0.60000000 0.61052632
4608.00000000 0.53684211 0.57368421
4736.00000000 0.55263158 0.53684211
4864.00000000 0.54736842 0.53684211
4992.00000000 0.51052632 0.54210526
5120.00000000 0.52105263 0.51052632
5248.00000000 0.48421053 0.49473684
5376.00000000 0.45789474 0.47368421
5504.00000000 0.44736842 0.47368421
5632.00000000 0.41052632 0.43157895
5760.00000000 0.38947368 0.41578947
5888.00000000 0.37894737 0.40526316
6016.00000000 0.35789474 0.36842105
6144.00000000 0.35789474 0.35789474
6272.00000000 0.34210526 0.35263158
6400.00000000 0.34210526 0.32105263
6528.00000000 0.31052632 0.30526316
6656.00000000 0.27894737 0.29473684
6784.00000000 0.25789474 0.26842105
6912.00000000 0.27894737 0.27368421
7040.00000000 0.24210526 0.26315789
7168.00000000 0.22105263 0.23157895
7296.00000000 0.20000000 0.21052632
7424.00000000 0.18421053 0.18421053
7552.00000000 0.18947368 0.20000000
7680.00000000 0.16842105 0.17894737
7808.00000000 0.15789474 0.16842105
7936.00000000 0.15263158 0.15263158
8064.00000000 0.14736842 0.14736842
8192.00000000 0.13684211 0.13684211
8320.00000000 0.13684211 0.13157895
8448.00000000 0.11052632 0.11578947
8576.00000000 0.12105263 0.11578947
8704.00000000 0.10526316 0.11578947
8832.00000000 0.12105263 0.11578947
8960.00000000 0.08947368 0.11052632
9088.00000000 0.11052632 0.10526316
9216.00000000 0.10000000 0.11052632
9344.00000000 0.10000000 0.08421053
9472.00000000 0.08947368 0.08421053
9600.00000000 0.07894737 0.10526316
9728.00000000 0.09473684 0.08947368
9856.00000000 0.09473684 0.08421053
9984.00000000 0.10526316 0.10000000
10112.00000000 0.10000000 0.09473684
10240.00000000 0.09473684 0.07368421
10368.00000000 0.08947368 0.07894737
10496.00000000 0.06842105 0.08421053
10624.00000000 0.07894737 0.06842105
10752.00000000 0.06842105 0.07368421
10880.00000000 0.06315789 0.06315789
11008.00000000 0.06842105 0.06315789
11136.00000000 0.06842105 0.06842105
11264.00000000 0.06842105 0.05789474
11392.00000000 0.06315789 0.06842105
11520.00000000 0.06842105 0.06315789
11648.00000000 0.05789474 0.06315789
11776.00000000 0.04210526 0.04736842
11904.00000000 0.03684211 0.03684211
12032.00000000 0.03157895 0.03157895
12160.00000000 0.02631579 0.03157895
12288.00000000 0.02105263 0.03157895
12416.00000000 0.02631579 0.03157895
12544.00000000 0.03157895 0.02631579
12672.00000000 0.03157895 0.02631579
12800.00000000 0.02631579 0.02105263
