0 2593.19333333 2599.43333333
64.00000000 27.31000000 27.36000000
128.00000000 15.66666667 15.88666667
192.00000000 11.70000000 11.84000000
256.00000000 8.98000000 8.98666667
320.00000000 7.38000000 7.56000000
384.00000000 6.42000000 6.50666667
448.00000000 5.63000000 5.74000000
512.00000000 4.94000000 5.12000000
576.00000000 4.67000000 4.62000000
640.00000000 4.33333333 4.31333333
704.00000000 4.00000000 3.99000000
768.00000000 3.65333333 3.65333333
832.00000000 3.40000000 3.52000000
896.00000000 3.22000000 3.17333333
960.00000000 2.98000000 2.98000000
1024.00000000 2.89333333 2.90000000
1088.00000000 2.67000000 2.74000000
1152.00000000 2.66000000 2.58666667
1216.00000000 2.44000000 2.37000000
1280.00000000 2.34000000 2.40000000
1344.00000000 2.23000000 2.30000000
1408.00000000 2.20666667 2.26000000
1472.00000000 2.12000000 2.09000000
1536.00000000 2.00000000 2.11333333
1600.00000000 1.96000000 2.02000000
1664.00000000 1.96000000 1.87333333
1728.00000000 1.87000000 1.89000000
1792.00000000 1.82666667 1.78666667
1856.00000000 1.82000000 1.76000000
1920.00000000 1.66666667 1.68000000
1984.00000000 1.65000000 1.72000000
2048.00000000 1.55333333 1.62000000
2112.00000000 1.57000000 1.61000000
2176.00000000 1.50000000 1.50666667
2240.00000000 1.36000000 1.41000000
2304.00000000 1.37333333 1.36666667
2368.00000000 1.34000000 1.35000000
2432.00000000 1.34000000 1.30666667
2496.00000000 1.33000000 1.28000000
2560.00000000 1.19333333 1.25333333
2624.00000000 1.21000000 1.20000000
2688.00000000 1.17333333 1.13333333
2752.00000000 1.12000000 1.16000000
2816.00000000 1.12666667 1.04666667
2880.00000000 1.11000000 1.09000000
2944.00000000 1.08000000 1.09333333
3008.00000000 1.06000000 1.01000000
3072.00000000 0.98666667 1.03333333
3136.00000000 0.96000000 1.02000000
3200.00000000 0.98666667 0.95333333
3264.00000000 0.96000000 1.00000000
3328.00000000 0.92000000 0.90000000
3392.00000000 0.93000000 0.97000000
3456.00000000 0.86000000 0.89333333
3520.00000000 0.93000000 0.95000000
3584.00000000 0.86000000 0.84000000
3648.00000000 0.87000000 0.82000000
3712.00000000 0.80000000 0.82000000
3776.00000000 0.83000000 0.82000000
3840.00000000 0.77333333 0.76000000
3904.00000000 0.78000000 0.77000000
3968.00000000 0.69333333 0.69333333
4032.00000000 0.71000000 0.73000000
4096.00000000 0.69333333 0.66000000
4160.00000000 0.69000000 0.72000000
4224.00000000 0.66000000 0.64666667
4288.00000000 0.66000000 0.66000000
4352.00000000 0.61333333 0.61333333
4416.00000000 0.65000000 0.61000000
4480.00000000 0.60666667 0.62000000
4544.00000000 0.62000000 0.60000000
4608.00000000 0.52666667 0.56666667
4672.00000000 0.55000000 0.58000000
4736.00000000 0.54000000 0.52000000
4800.00000000 0.53000000 0.54000000
4864.00000000 0.52666667 0.51333333
4928.00000000 0.55000000 0.49000000
4992.00000000 0.48666667 0.53333333
5056.00000000 0.51000000 0.52000000
5120.00000000 0.50000000 0.50000000
5184.00000000 0.47000000 0.49000000
5248.00000000 0.48000000 0.48666667
5312.00000000 0.45000000 0.45000000
5376.00000000 0.44000000 0.46000000
5440.00000000 0.46000000 0.44000000
5504.00000000 0.43333333 0.46000000
5568.00000000 0.45000000 0.45000000
5632.00000000 0.38666667 0.42000000
5696.00000000 0.41000000 0.41000000
5760.00000000 0.37333333 0.40666667
5824.00000000 0.34000000 0.39000000
5888.00000000 0.38666667 0.40000000
5952.00000000 0.37000000 0.37000000
6016.00000000 0.34666667 0.35333333
6080.00000000 0.35000000 0.35000000
6144.00000000 0.35333333 0.36000000
6208.00000000 0.34000000 0.35000000
6272.00000000 0.33333333 0.34666667
6336.00000000 0.31000000 0.30000000
6400.00000000 0.33333333 0.31333333
6464.00000000 0.30000000 0.30000000
6528.00000000 0.30000000 0.30666667
6592.00000000 0.26000000 0.28000000
6656.00000000 0.26666667 0.28666667
6720.00000000 0.27000000 0.26000000
6784.00000000 0.24000000 0.26000000
6848.00000000 0.21000000 0.25000000
6912.00000000 0.26666667 0.26000000
6976.00000000 0.23000000 0.22000000
7040.00000000 0.22666667 0.25333333
7104.00000000 0.19000000 0.21000000
7168.00000000 0.20666667 0.21333333
7232.00000000 0.20000000 0.20000000
7296.00000000 0.17333333 0.19333333
7360.00000000 0.18000000 0.18000000
7424.00000000 0.18000000 0.18000000
7488.00000000 0.17000000 0.18000000
7552.00000000 0.18000000 0.18666667
7616.00000000 0.18000000 0.15000000
7680.00000000 0.16000000 0.16666667
7744.00000000 0.15000000 0.16000000
7808.00000000 0.15333333 0.16666667
7872.00000000 0.14000000 0.16000000
7936.00000000 0.16000000 0.15333333
8000.00000000 0.16000000 0.15000000
8064.00000000 0.15333333 0.16000000
8128.00000000 0.15000000 0.15000000
8192.00000000 0.14000000 0.14000000
8256.00000000 0.14000000 0.13000000
8320.00000000 0.14000000 0.13333333
8384.00000000 0.14000000 0.13000000
8448.00000000 0.11333333 0.12000000
8512.00000000 0.12000000 0.13000000
8576.00000000 0.12666667 0.12000000
8640.00000000 0.12000000 0.13000000
8704.00000000 0.10666667 0.12666667
8768.00000000 0.11000000 0.11000000
8832.00000000 0.12666667 0.12000000
8896.00000000 0.14000000 0.13000000
8960.00000000 0.08666667 0.11333333
9024.00000000 0.11000000 0.11000000
9088.00000000 0.11333333 0.11333333
9152.00000000 0.11000000 0.11000000
9216.00000000 0.10000000 0.11333333
9280.00000000 0.11000000 0.11000000
9344.00000000 0.10666667 0.09333333
9408.00000000 0.12000000 0.10000000
9472.00000000 0.10000000 0.10666667
9536.00000000 0.12000000 0.12000000
9600.00000000 0.08666667 0.11333333
9664.00000000 0.12000000 0.09000000
9728.00000000 0.10000000 0.09333333
9792.00000000 0.11000000 0.10000000
9856.00000000 0.10000000 0.08666667
9920.00000000 0.12000000 0.09000000
9984.00000000 0.11333333 0.10666667
10048.00000000 0.12000000 0.12000000
10112.00000000 0.10666667 0.10000000
10176.00000000 0.11000000 0.11000000
10240.00000000 0.10666667 0.08000000
10304.00000000 0.11000000 0.10000000
10368.00000000 0.10666667 0.08666667
10432.00000000 0.10000000 0.10000000
10496.00000000 0.08666667 0.10000000
10560.00000000 0.11000000 0.10000000
10624.00000000 0.09333333 0.08000000
10688.00000000 0.08000000 0.09000000
10752.00000000 0.08000000 0.08666667
10816.00000000 0.05000000 0.07000000
10880.00000000 0.07333333 0.07333333
10944.00000000 0.07000000 0.06000000
11008.00000000 0.08000000 0.07333333
11072.00000000 0.07000000 0.07000000
11136.00000000 0.08000000 0.08000000
11200.00000000 0.07000000 0.05000000
11264.00000000 0.08000000 0.06666667
11328.00000000 0.07000000 0.06000000
11392.00000000 0.07333333 0.08000000
11456.00000000 0.07000000 0.06000000
11520.00000000 0.08000000 0.07333333
11584.00000000 0.07000000 0.06000000
11648.00000000 0.07333333 0.08000000
11712.00000000 0.05000000 0.05000000
11776.00000000 0.05333333 0.06000000
11840.00000000 0.04000000 0.04000000
11904.00000000 0.04666667 0.04666667
11968.00000000 0.01000000 0.01000000
12032.00000000 0.04000000 0.04000000
12096.00000000 0.02000000 0.02000000
12160.00000000 0.03333333 0.04000000
12224.00000000 0.02000000 0.02000000
12288.00000000 0.02666667 0.04000000
12352.00000000 0.02000000 0.02000000
12416.00000000 0.03333333 0.04000000
12480.00000000 0.02000000 0.02000000
12544.00000000 0.04000000 0.03333333
12608.00000000 0.02000000 0.02000000
12672.00000000 0.04000000 0.03333333
12736.00000000 0.02000000 0.01000000
12800.00000000 0.03333333 0.02666667
