0 2591.67916666 2598.57500000
128.00000000 15.69583333 15.92083334
256.00000000 8.87500000 8.92916666
384.00000000 6.35000000 6.45416667
512.00000000 4.91250000 5.08333333
640.00000000 4.27500000 4.23333333
768.00000000 3.62916667 3.64166667
896.00000000 3.19583333 3.17500000
1024.00000000 2.81250000 2.82916667
1152.00000000 2.55000000 2.49166666
1280.00000000 2.29166666 2.35000000
1408.00000000 2.12916667 2.16250000
1536.00000000 1.94583333 2.02916667
1664.00000000 1.90000000 1.83333333
1792.00000000 1.75416667 1.76666667
1920.00000000 1.65833333 1.66250000
2048.00000000 1.53333333 1.55833333
2176.00000000 1.46250000 1.46666667
2304.00000000 1.35833333 1.35000000
2432.00000000 1.30416667 1.29166667
2560.00000000 1.19166666 1.24583333
2688.00000000 1.16666667 1.12500000
2816.00000000 1.11666667 1.06250000
2944.00000000 1.05416666 1.05833333
3072.00000000 0.98333334 1.00000000
3200.00000000 0.99166666 0.95416667
3328.00000000 0.92916667 0.90833334
3456.00000000 0.86250000 0.88333333
3584.00000000 0.85416667 0.85416666
3712.00000000 0.79166667 0.80833333
3840.00000000 0.75416666 0.75833334
3968.00000000 0.67916667 0.70416667
4096.00000000 0.67500000 0.66250000
4224.00000000 0.63333334 0.62916667
4352.00000000 0.60416667 0.60833333
4480.00000000 0.56666667 0.58750000
4608.00000000 0.52083334 0.55833333
4736.00000000 0.53750000 0.52500000
4864.00000000 0.52916667 0.52500000
4992.00000000 0.49583334 0.52500000
5120.00000000 0.51250000 0.49583334
5248.00000000 0.47916667 0.47916666
5376.00000000 0.44583334 0.46666667
5504.00000000 0.43333333 0.44583333
5632.00000000 0.39166667 0.40833334
5760.00000000 0.37500000 0.39583333
5888.00000000 0.37083333 0.38750000
6016.00000000 0.35416667 0.35000000
6144.00000000 0.32916667 0.33333334
6272.00000000 0.31666666 0.32916667
6400.00000000 0.31250000 0.29583333
6528.00000000 0.28750000 0.28750000
6656.00000000 0.25833333 0.26666667
6784.00000000 0.23750000 0.24166666
6912.00000000 0.25416667 0.25000000
7040.00000000 0.22500000 0.24166666
7168.00000000 0.20833333 0.20833334
7296.00000000 0.19166667 0.19583334
7424.00000000 0.17916667 0.17916667
7552.00000000 0.18333333 0.18750000
7680.00000000 0.16666666 0.17500000
7808.00000000 0.15833334 0.16250000
7936.00000000 0.15416667 0.15000000
8064.00000000 0.15000000 0.15000000
8192.00000000 0.14166667 0.14166667
8320.00000000 0.13750000 0.13333334
8448.00000000 0.11250000 0.11666666
8576.00000000 0.12083333 0.11666666
8704.00000000 0.10416667 0.11666666
8832.00000000 0.11250000 0.11250000
8960.00000000 0.09583333 0.11250000
9088.00000000 0.10416667 0.10000000
9216.00000000 0.10416667 0.11250000
9344.00000000 0.10416667 0.08750000
9472.00000000 0.09583333 0.09166667
9600.00000000 0.08750000 0.10833333
9728.00000000 0.10000000 0.09583333
9856.00000000 0.10000000 0.09166667
9984.00000000 0.10416667 0.10000000
10112.00000000 0.10416667 0.10000000
10240.00000000 0.09583333 0.07916667
10368.00000000 0.08750000 0.08333333
10496.00000000 0.07083333 0.08750000
10624.00000000 0.08333333 0.07500000
10752.00000000 0.07083333 0.07500000
10880.00000000 0.06666666 0.06666666
11008.00000000 0.07083333 0.06666666
11136.00000000 0.07083333 0.06250000
11264.00000000 0.07083333 0.06250000
11392.00000000 0.06666666 0.07083333
11520.00000000 0.07083333 0.06250000
11648.00000000 0.06250000 0.06250000
11776.00000000 0.04166666 0.04583333
11904.00000000 0.03750000 0.03750000
12032.00000000 0.03333334 0.03333334
12160.00000000 0.02916667 0.03333334
12288.00000000 0.02500000 0.03333334
12416.00000000 0.02916667 0.03333334
12544.00000000 0.02916667 0.02916667
12672.00000000 0.03333334 0.02916667
12800.00000000 0.02916667 0.02500000
