0 1717.42400000 1718.18400000
84.50000000 15.55200000 15.54400000
169.00000000 9.01600000 9.03200000
253.50000000 6.59200000 6.73600000
338.00000000 5.41600000 5.25600000
422.50000000 4.35200000 4.39200000
507.00000000 3.55200000 3.64000000
591.50000000 3.11200000 3.12000000
676.00000000 2.86400000 2.92000000
760.50000000 2.58400000 2.60800000
845.00000000 2.42400000 2.40000000
929.50000000 2.27200000 2.31200000
1014.00000000 2.08800000 2.08000000
1098.50000000 1.96000000 1.98400000
1183.00000000 1.80000000 1.74400000
1267.50000000 1.68800000 1.72800000
1352.00000000 1.65600000 1.64000000
1436.50000000 1.52800000 1.47200000
1521.00000000 1.48000000 1.50400000
1605.50000000 1.31200000 1.36000000
1690.00000000 1.29600000 1.27200000
1774.50000000 1.13600000 1.23200000
1859.00000000 1.08000000 1.14400000
1943.50000000 1.07200000 1.01600000
2028.00000000 1.00000000 0.99200000
2112.50000000 0.99200000 0.97600000
2197.00000000 0.92000000 0.88800000
2281.50000000 0.88000000 0.89600000
2366.00000000 0.88800000 0.88000000
2450.50000000 0.82400000 0.79200000
2535.00000000 0.80800000 0.79200000
2619.50000000 0.73600000 0.78400000
2704.00000000 0.76800000 0.74400000
2788.50000000 0.75200000 0.70400000
2873.00000000 0.75200000 0.71200000
2957.50000000 0.71200000 0.70400000
3042.00000000 0.64000000 0.66400000
3126.50000000 0.60800000 0.64000000
3211.00000000 0.64800000 0.60800000
3295.50000000 0.61600000 0.62400000
3380.00000000 0.56800000 0.62400000
3464.50000000 0.58400000 0.60800000
3549.00000000 0.57600000 0.55200000
3633.50000000 0.54400000 0.53600000
3718.00000000 0.54400000 0.52000000
3802.50000000 0.55200000 0.54400000
3887.00000000 0.47200000 0.46400000
3971.50000000 0.46400000 0.48800000
4056.00000000 0.43200000 0.44000000
4140.50000000 0.40800000 0.42400000
4225.00000000 0.41600000 0.42400000
4309.50000000 0.37600000 0.39200000
4394.00000000 0.36800000 0.40000000
4478.50000000 0.36000000 0.40000000
4563.00000000 0.38400000 0.36800000
4647.50000000 0.34400000 0.35200000
4732.00000000 0.34400000 0.35200000
4816.50000000 0.32000000 0.31200000
4901.00000000 0.30400000 0.32800000
4985.50000000 0.32000000 0.31200000
5070.00000000 0.28800000 0.29600000
5154.50000000 0.27200000 0.31200000
5239.00000000 0.27200000 0.29600000
5323.50000000 0.28800000 0.28000000
5408.00000000 0.25600000 0.26400000
5492.50000000 0.23200000 0.24000000
5577.00000000 0.22400000 0.23200000
5661.50000000 0.20000000 0.23200000
5746.00000000 0.22400000 0.20000000
5830.50000000 0.21600000 0.20800000
5915.00000000 0.20800000 0.20800000
5999.50000000 0.19200000 0.20000000
6084.00000000 0.18400000 0.17600000
6168.50000000 0.18400000 0.19200000
6253.00000000 0.17600000 0.17600000
6337.50000000 0.17600000 0.18400000
6422.00000000 0.18400000 0.17600000
6506.50000000 0.16800000 0.18400000
6591.00000000 0.14400000 0.14400000
6675.50000000 0.14400000 0.16000000
6760.00000000 0.14400000 0.16000000
6844.50000000 0.16000000 0.15200000
6929.00000000 0.14400000 0.16000000
7013.50000000 0.16000000 0.15200000
7098.00000000 0.13600000 0.14400000
7182.50000000 0.12800000 0.13600000
7267.00000000 0.14400000 0.12000000
7351.50000000 0.15200000 0.15200000
7436.00000000 0.15200000 0.14400000
7520.50000000 0.12800000 0.13600000
7605.00000000 0.12800000 0.12800000
7689.50000000 0.11200000 0.12000000
7774.00000000 0.12000000 0.10400000
7858.50000000 0.09600000 0.09600000
7943.00000000 0.08800000 0.10400000
8027.50000000 0.09600000 0.09600000
8112.00000000 0.08000000 0.08000000
8196.50000000 0.08800000 0.07200000
8281.00000000 0.04800000 0.04000000
8365.50000000 0.04000000 0.05600000
8450.00000000 0.05600000 0.05600000
