0 1710.28338762 1713.53094463
84.50000000 15.39087948 15.57328990
169.00000000 9.14332248 9.15635179
253.50000000 6.62214984 6.67752443
338.00000000 5.28338762 5.35830619
422.50000000 4.40716612 4.49837134
507.00000000 3.84039088 3.93811075
591.50000000 3.38110749 3.41042345
676.00000000 3.00651466 3.04885993
760.50000000 2.71009772 2.77198697
845.00000000 2.45602606 2.51465798
929.50000000 2.31270358 2.29641694
1014.00000000 2.14006515 2.12052117
1098.50000000 1.99348534 1.96416938
1183.00000000 1.84364821 1.84039088
1267.50000000 1.73289902 1.76221498
1352.00000000 1.63517915 1.66449511
1436.50000000 1.53420195 1.56351792
1521.00000000 1.49185668 1.52117264
1605.50000000 1.41368078 1.41368078
1690.00000000 1.34201954 1.35179153
1774.50000000 1.28338762 1.28990228
1859.00000000 1.18566775 1.19869707
1943.50000000 1.15960912 1.16938111
2028.00000000 1.13680782 1.13029316
2112.50000000 1.06514658 1.08469055
2197.00000000 1.02605863 1.00325733
2281.50000000 1.00325733 0.98045603
2366.00000000 0.95439739 0.96742671
2450.50000000 0.89576547 0.89902280
2535.00000000 0.84364821 0.88599349
2619.50000000 0.84690554 0.84364821
2704.00000000 0.83387622 0.81758958
2788.50000000 0.76221498 0.75895765
2873.00000000 0.69381107 0.74918567
2957.50000000 0.68403909 0.70032573
3042.00000000 0.66449511 0.68729642
3126.50000000 0.64820847 0.63192182
3211.00000000 0.61563518 0.61237785
3295.50000000 0.55700326 0.57003257
3380.00000000 0.58306189 0.56351792
3464.50000000 0.50162866 0.52442997
3549.00000000 0.46579805 0.47231270
3633.50000000 0.46579805 0.44299674
3718.00000000 0.41693811 0.42019544
3802.50000000 0.41693811 0.40065147
3887.00000000 0.39413681 0.40716612
3971.50000000 0.35830619 0.37459283
4056.00000000 0.35504886 0.36156352
4140.50000000 0.34853420 0.34201954
4225.00000000 0.32899023 0.33876221
4309.50000000 0.31596091 0.32899023
4394.00000000 0.31596091 0.31596091
4478.50000000 0.30944625 0.31270358
4563.00000000 0.28990228 0.28990228
4647.50000000 0.26384365 0.27361564
4732.00000000 0.27361564 0.27035831
4816.50000000 0.25081433 0.25407166
4901.00000000 0.24104235 0.23452769
4985.50000000 0.21498371 0.22149837
5070.00000000 0.20521173 0.21172638
5154.50000000 0.21172638 0.21498371
5239.00000000 0.18566775 0.19543974
5323.50000000 0.16612378 0.17589577
5408.00000000 0.16286645 0.16612378
5492.50000000 0.14657980 0.14657980
5577.00000000 0.14657980 0.14332248
5661.50000000 0.13680782 0.13355049
5746.00000000 0.13029316 0.13029316
5830.50000000 0.12052117 0.12052117
5915.00000000 0.10749186 0.12052117
5999.50000000 0.11400651 0.10749186
6084.00000000 0.10749186 0.10097720
6168.50000000 0.11074919 0.09446254
6253.00000000 0.10097720 0.09120521
6337.50000000 0.09446254 0.09446254
6422.00000000 0.09120521 0.09120521
6506.50000000 0.08469055 0.09120521
6591.00000000 0.08794788 0.08794788
6675.50000000 0.08469055 0.08469055
6760.00000000 0.08143322 0.07817590
6844.50000000 0.07817590 0.08143322
6929.00000000 0.07491857 0.07817590
7013.50000000 0.06840391 0.05211726
7098.00000000 0.06840391 0.05537459
7182.50000000 0.05537459 0.05537459
7267.00000000 0.06188925 0.06188925
7351.50000000 0.06188925 0.05863192
7436.00000000 0.05863192 0.05863192
7520.50000000 0.05537459 0.05537459
7605.00000000 0.05211726 0.05863192
7689.50000000 0.05211726 0.05537459
7774.00000000 0.04560261 0.05211726
7858.50000000 0.05211726 0.04885993
7943.00000000 0.05211726 0.04234528
8027.50000000 0.04560261 0.04885993
8112.00000000 0.04560261 0.03908795
8196.50000000 0.03583062 0.03583062
8281.00000000 0.03257329 0.03583062
8365.50000000 0.03257329 0.03257329
8450.00000000 0.02931596 0.03257329
