0 1712.68894659 1716.15545131
84.50000000 15.32684398 15.43975707
169.00000000 9.08190995 9.14398744
253.50000000 6.58380314 6.68067016
338.00000000 5.29591623 5.29207120
422.50000000 4.36683142 4.42832251
507.00000000 3.76531099 3.83800210
591.50000000 3.34970052 3.38739686
676.00000000 3.00302409 3.02678953
760.50000000 2.71688377 2.74660943
845.00000000 2.51940523 2.53964817
929.50000000 2.34350576 2.33716440
1014.00000000 2.15975288 2.15507016
1098.50000000 2.02551204 2.02426387
1183.00000000 1.87847120 1.86878324
1267.50000000 1.75813194 1.78658011
1352.00000000 1.67773403 1.69492356
1436.50000000 1.56690681 1.58415497
1521.00000000 1.52722932 1.56056545
1605.50000000 1.44162094 1.45125026
1690.00000000 1.36732984 1.38164188
1774.50000000 1.29443351 1.31665759
1859.00000000 1.22025969 1.24097173
1943.50000000 1.19963560 1.20114764
2028.00000000 1.15041676 1.14404608
2112.50000000 1.11432042 1.11592042
2197.00000000 1.04939477 1.03191204
2281.50000000 1.02082932 1.01309319
2366.00000000 0.97978639 0.99078115
2450.50000000 0.93385550 0.92582618
2535.00000000 0.88170052 0.89877278
2619.50000000 0.86561256 0.86890052
2704.00000000 0.83722304 0.84048168
2788.50000000 0.79140943 0.79303875
2873.00000000 0.76316649 0.77715602
2957.50000000 0.74574241 0.74239581
3042.00000000 0.70929424 0.72500105
3126.50000000 0.67269948 0.68247539
3211.00000000 0.66505131 0.66345131
3295.50000000 0.61286702 0.63192042
3380.00000000 0.61900314 0.61763770
3464.50000000 0.56077068 0.58598953
3549.00000000 0.53712251 0.54017591
3633.50000000 0.51478115 0.51332775
3718.00000000 0.48959162 0.47845026
3802.50000000 0.47842094 0.46905550
3887.00000000 0.44828482 0.44988482
3971.50000000 0.41992461 0.43891937
4056.00000000 0.40235392 0.40238324
4140.50000000 0.39604188 0.38661780
4225.00000000 0.37556440 0.38341780
4309.50000000 0.35968168 0.36916440
4394.00000000 0.35179895 0.35022827
4478.50000000 0.33268691 0.33908691
4563.00000000 0.32323351 0.32323351
4647.50000000 0.30112670 0.30900943
4732.00000000 0.29943875 0.28989738
4816.50000000 0.27401466 0.28198534
4901.00000000 0.26619057 0.26790785
4985.50000000 0.25365445 0.25519581
5070.00000000 0.24254241 0.24411309
5154.50000000 0.23140105 0.24411309
5239.00000000 0.22357696 0.22991832
5323.50000000 0.21735288 0.22043560
5408.00000000 0.19981152 0.20135288
5492.50000000 0.18398744 0.18235812
5577.00000000 0.18075812 0.18078744
5661.50000000 0.16647539 0.17287539
5746.00000000 0.16493403 0.16333403
5830.50000000 0.15705131 0.15545131
5915.00000000 0.14596858 0.15542199
5999.50000000 0.14750995 0.14279790
6084.00000000 0.14119790 0.13325654
6168.50000000 0.13796858 0.13334450
6253.00000000 0.13165654 0.13174450
6337.50000000 0.12854450 0.12380314
6422.00000000 0.13014450 0.12534450
6506.50000000 0.11906178 0.12537382
6591.00000000 0.11423246 0.11260314
6675.50000000 0.10949110 0.11426178
6760.00000000 0.10472042 0.10794974
6844.50000000 0.10637906 0.10477906
6929.00000000 0.10317906 0.10794974
7013.50000000 0.09369634 0.08738429
7098.00000000 0.09363770 0.09055497
7182.50000000 0.08735497 0.08895497
7267.00000000 0.09209634 0.08409634
7351.50000000 0.08729634 0.08895497
7436.00000000 0.08735497 0.08892565
7520.50000000 0.08258429 0.08418429
7605.00000000 0.07624293 0.08258429
7689.50000000 0.07621361 0.07941361
7774.00000000 0.07310157 0.07464293
7858.50000000 0.06664293 0.06667225
7943.00000000 0.06824293 0.06673089
8027.50000000 0.06670157 0.06513089
8112.00000000 0.06510157 0.05876021
8196.50000000 0.05718953 0.05878953
8281.00000000 0.04921885 0.05078953
8365.50000000 0.04921885 0.05084817
8450.00000000 0.05084817 0.05241885
