0 1710.48691099 1714.12041885
84.50000000 15.24607330 15.45026178
169.00000000 9.11518325 9.14397906
253.50000000 6.58900524 6.65445026
338.00000000 5.29319372 5.35078534
422.50000000 4.39005236 4.47120419
507.00000000 3.81151832 3.89267016
591.50000000 3.34816754 3.41099476
676.00000000 3.01570681 3.03664921
760.50000000 2.70680628 2.76701571
845.00000000 2.48167539 2.53141361
929.50000000 2.32984293 2.32460733
1014.00000000 2.16492147 2.15445026
1098.50000000 2.00785340 1.97643979
1183.00000000 1.85078534 1.85863874
1267.50000000 1.73821990 1.76963351
1352.00000000 1.63089005 1.66753927
1436.50000000 1.52617801 1.55759162
1521.00000000 1.49738220 1.52094241
1605.50000000 1.42670157 1.42408377
1690.00000000 1.34554974 1.35340314
1774.50000000 1.28272251 1.29842932
1859.00000000 1.19109948 1.19895288
1943.50000000 1.17539267 1.18324607
2028.00000000 1.14136126 1.13874346
2112.50000000 1.07853403 1.07853403
2197.00000000 1.01832461 1.00785340
2281.50000000 0.99738220 0.97382199
2366.00000000 0.94764398 0.96596859
2450.50000000 0.90575916 0.90837696
2535.00000000 0.84816754 0.89528796
2619.50000000 0.85602094 0.84816754
2704.00000000 0.81937173 0.81413613
2788.50000000 0.76701571 0.76439791
2873.00000000 0.71727749 0.75392670
2957.50000000 0.70157068 0.71465969
3042.00000000 0.67015707 0.69633508
3126.50000000 0.65183246 0.63612565
3211.00000000 0.62041885 0.62041885
3295.50000000 0.56544503 0.57853403
3380.00000000 0.58900524 0.56806283
3464.50000000 0.50261780 0.53664921
3549.00000000 0.47120419 0.48429319
3633.50000000 0.46596859 0.45287958
3718.00000000 0.42931937 0.42408377
3802.50000000 0.42670157 0.40575916
3887.00000000 0.40314136 0.40314136
3971.50000000 0.36387435 0.38219895
4056.00000000 0.36125654 0.35863874
4140.50000000 0.35340314 0.33769634
4225.00000000 0.32460733 0.33769634
4309.50000000 0.31413613 0.32460733
4394.00000000 0.30366492 0.30104712
4478.50000000 0.29581152 0.29581152
4563.00000000 0.28272251 0.28272251
4647.50000000 0.25654450 0.26701571
4732.00000000 0.26439791 0.25916230
4816.50000000 0.24869110 0.25130890
4901.00000000 0.23298429 0.22251309
4985.50000000 0.20942408 0.21465969
5070.00000000 0.20157068 0.20418848
5154.50000000 0.19633508 0.20418848
5239.00000000 0.18062827 0.18586387
5323.50000000 0.16492147 0.17539267
5408.00000000 0.15968586 0.16492147
5492.50000000 0.14397906 0.14659686
5577.00000000 0.14659686 0.14397906
5661.50000000 0.13612565 0.13612565
5746.00000000 0.13089005 0.13089005
5830.50000000 0.12041885 0.12041885
5915.00000000 0.10994764 0.12303665
5999.50000000 0.11518325 0.10732984
6084.00000000 0.10732984 0.10209424
6168.50000000 0.10994764 0.09424084
6253.00000000 0.10209424 0.09424084
6337.50000000 0.09424084 0.08900524
6422.00000000 0.09424084 0.09424084
6506.50000000 0.08376963 0.09162304
6591.00000000 0.08638743 0.08900524
6675.50000000 0.08115183 0.08376963
6760.00000000 0.07853403 0.07591623
6844.50000000 0.07329843 0.07329843
6929.00000000 0.07329843 0.07591623
7013.50000000 0.06282723 0.05497382
7098.00000000 0.06806283 0.05759162
7182.50000000 0.05759162 0.05759162
7267.00000000 0.06282723 0.06282723
7351.50000000 0.06282723 0.05759162
7436.00000000 0.05759162 0.06020942
7520.50000000 0.05497382 0.05497382
7605.00000000 0.04973822 0.05497382
7689.50000000 0.05235602 0.05235602
7774.00000000 0.04450262 0.04973822
7858.50000000 0.04973822 0.04712042
7943.00000000 0.04973822 0.04188482
8027.50000000 0.04450262 0.04188482
8112.00000000 0.04450262 0.03926702
8196.50000000 0.03664921 0.03664921
8281.00000000 0.03403141 0.03664921
8365.50000000 0.03403141 0.03141361
8450.00000000 0.03141361 0.03403141
