0 1714.09031674 1717.24678733
84.50000000 15.44226244 15.50054299
169.00000000 9.07538462 9.15031674
253.50000000 6.55828054 6.66561086
338.00000000 5.26923077 5.24217195
422.50000000 4.33556561 4.42000000
507.00000000 3.75782806 3.79538461
591.50000000 3.36090498 3.35411765
676.00000000 2.97927602 3.01610860
760.50000000 2.69303168 2.71303167
845.00000000 2.49719457 2.50796380
929.50000000 2.31819004 2.31348416
1014.00000000 2.10977376 2.10307692
1098.50000000 1.99212670 2.00217195
1183.00000000 1.86244344 1.84126697
1267.50000000 1.73954751 1.76497738
1352.00000000 1.68208145 1.69312217
1436.50000000 1.56171946 1.56841629
1521.00000000 1.53104072 1.57963801
1605.50000000 1.44036199 1.44325792
1690.00000000 1.37104072 1.38742082
1774.50000000 1.28986425 1.31321267
1859.00000000 1.23221720 1.26027149
1943.50000000 1.19312217 1.19746606
2028.00000000 1.16434389 1.13692308
2112.50000000 1.13049774 1.14642534
2197.00000000 1.07230769 1.06262443
2281.50000000 1.03746606 1.04235294
2366.00000000 1.00515837 1.02099547
2450.50000000 0.94968326 0.93782806
2535.00000000 0.90343891 0.90506787
2619.50000000 0.87963801 0.88235294
2704.00000000 0.86570136 0.86606335
2788.50000000 0.80606335 0.81529412
2873.00000000 0.78126697 0.80570136
2957.50000000 0.76950226 0.75303167
3042.00000000 0.73004525 0.74588235
3126.50000000 0.69013575 0.72063349
3211.00000000 0.68850679 0.68615385
3295.50000000 0.63990950 0.65864253
3380.00000000 0.63719457 0.64914027
3464.50000000 0.60063348 0.60769231
3549.00000000 0.57095023 0.56841629
3633.50000000 0.54271493 0.54081448
3718.00000000 0.51312217 0.50361991
3802.50000000 0.49900453 0.50144796
3887.00000000 0.46190045 0.47104072
3971.50000000 0.45031674 0.46208145
4056.00000000 0.42452489 0.43592760
4140.50000000 0.42217195 0.41990950
4225.00000000 0.40162896 0.41067873
4309.50000000 0.38751131 0.38995475
4394.00000000 0.38289593 0.38063348
4478.50000000 0.36398190 0.36886878
4563.00000000 0.35257919 0.34805430
4647.50000000 0.33638009 0.33194570
4732.00000000 0.32018099 0.31303167
4816.50000000 0.28986425 0.30153846
4901.00000000 0.28542986 0.29493213
4985.50000000 0.28325792 0.28090498
5070.00000000 0.26705882 0.26932127
5154.50000000 0.25981901 0.27610860
5239.00000000 0.25312217 0.26009050
5323.50000000 0.24877828 0.24407240
5408.00000000 0.22307692 0.22298643
5492.50000000 0.20461539 0.20217194
5577.00000000 0.20208145 0.20217194
5661.50000000 0.18352941 0.19067873
5746.00000000 0.18588235 0.18579186
5830.50000000 0.18126697 0.17891403
5915.00000000 0.16515837 0.17429864
5999.50000000 0.16959276 0.16506787
6084.00000000 0.16271493 0.15113122
6168.50000000 0.16018099 0.16045249
6253.00000000 0.15104073 0.15357466
6337.50000000 0.14886878 0.14877828
6422.00000000 0.14895928 0.14642534
6506.50000000 0.14190045 0.14425339
6591.00000000 0.13248869 0.13004525
6675.50000000 0.13013575 0.13484163
6760.00000000 0.12542986 0.13022624
6844.50000000 0.13022624 0.12787330
6929.00000000 0.12325792 0.13022624
7013.50000000 0.11402715 0.10488688
7098.00000000 0.10932127 0.10950226
7182.50000000 0.10027149 0.10488688
7267.00000000 0.10714932 0.09538462
7351.50000000 0.10009050 0.10488688
7436.00000000 0.10479638 0.10253394
7520.50000000 0.09556561 0.09791855
7605.00000000 0.08859729 0.09782805
7689.50000000 0.08850679 0.09547511
7774.00000000 0.09085973 0.09076923
7858.50000000 0.07900452 0.07909502
7943.00000000 0.08135747 0.07927602
8027.50000000 0.07918552 0.08144796
8112.00000000 0.07683258 0.06760181
8196.50000000 0.06760181 0.06769231
8281.00000000 0.05366516 0.05592760
8365.50000000 0.05366516 0.05837104
8450.00000000 0.05610860 0.05837104
