0 1712.87821143 1716.11142434
84.50000000 15.41684335 15.50543085
169.00000000 9.09272135 9.15073734
253.50000000 6.60117264 6.69683151
338.00000000 5.29093870 5.28816701
422.50000000 4.37299970 4.43729346
507.00000000 3.77475866 3.85533314
591.50000000 3.36787681 3.38386734
676.00000000 2.99628072 3.03210542
760.50000000 2.72005330 2.74653835
845.00000000 2.51055967 2.53163163
929.50000000 2.33602013 2.32350015
1014.00000000 2.14549008 2.13664791
1098.50000000 2.02008291 2.02409239
1183.00000000 1.87835357 1.86021321
1267.50000000 1.75794492 1.78484453
1352.00000000 1.68646135 1.69699733
1436.50000000 1.57683743 1.59100977
1521.00000000 1.52828546 1.56609417
1605.50000000 1.43655315 1.44928043
1690.00000000 1.36837429 1.38461356
1774.50000000 1.29639325 1.31449215
1859.00000000 1.22127332 1.24656204
1943.50000000 1.19433225 1.19602606
2028.00000000 1.14916790 1.14015991
2112.50000000 1.11189813 1.12437666
2197.00000000 1.05785016 1.03268582
2281.50000000 1.02723127 1.02206693
2366.00000000 0.98785312 0.99496002
2450.50000000 0.93223571 0.92310335
2535.00000000 0.88380811 0.89417827
2619.50000000 0.86194848 0.86926266
2704.00000000 0.84756885 0.84595795
2788.50000000 0.79211726 0.79397690
2873.00000000 0.75662422 0.77773764
2957.50000000 0.74220314 0.73835949
3042.00000000 0.71154279 0.72397987
3126.50000000 0.67356826 0.68650281
3211.00000000 0.66852828 0.66493337
3295.50000000 0.61472905 0.63456322
3380.00000000 0.61985194 0.62191887
3464.50000000 0.56816109 0.58605271
3549.00000000 0.54316257 0.54126147
3633.50000000 0.52134439 0.51618004
3718.00000000 0.49105715 0.48374297
3802.50000000 0.48014806 0.47490080
3887.00000000 0.44952917 0.45845425
3971.50000000 0.42453065 0.44250518
4056.00000000 0.40457211 0.40994374
4140.50000000 0.39920047 0.39564702
4225.00000000 0.38490376 0.39023393
4309.50000000 0.36688777 0.37763103
4394.00000000 0.36506959 0.36506959
4478.50000000 0.34515250 0.35420195
4563.00000000 0.33267397 0.33267397
4647.50000000 0.31118745 0.31833580
4732.00000000 0.30924489 0.30019544
4816.50000000 0.27862600 0.28767545
4901.00000000 0.27511401 0.28065147
4985.50000000 0.26271839 0.26445366
5070.00000000 0.25011549 0.25366893
5154.50000000 0.24457803 0.25544566
5239.00000000 0.23218241 0.24114895
5323.50000000 0.22515843 0.22685224
5408.00000000 0.20701806 0.20697661
5492.50000000 0.19086171 0.18722535
5577.00000000 0.18540716 0.18544863
5661.50000000 0.17098608 0.17648209
5746.00000000 0.16925081 0.16743263
5830.50000000 0.16210246 0.16028427
5915.00000000 0.14954101 0.15846609
5999.50000000 0.15127628 0.14772283
6084.00000000 0.14590465 0.13689665
6168.50000000 0.14222683 0.13879775
6253.00000000 0.13507847 0.13520284
6337.50000000 0.13334320 0.13152502
6422.00000000 0.13338466 0.12793011
6506.50000000 0.12437666 0.12974830
6591.00000000 0.11888066 0.11524430
6675.50000000 0.11528575 0.11892212
6760.00000000 0.10987267 0.11355049
6844.50000000 0.11355049 0.11350903
6929.00000000 0.10813740 0.11355049
7013.50000000 0.10094759 0.09024578
7098.00000000 0.09731122 0.09384069
7182.50000000 0.09020432 0.09202250
7267.00000000 0.09557595 0.08648505
7351.50000000 0.09012141 0.09379923
7436.00000000 0.09198105 0.09198105
7520.50000000 0.08656796 0.08838614
7605.00000000 0.08115487 0.08834468
7689.50000000 0.07933669 0.08474978
7774.00000000 0.07760142 0.07933669
7858.50000000 0.07024578 0.07028723
7943.00000000 0.07206396 0.07037015
8027.50000000 0.07032870 0.07210542
8112.00000000 0.06851051 0.06132070
8196.50000000 0.05954397 0.06136216
8281.00000000 0.05049452 0.05227125
8365.50000000 0.05049452 0.05413089
8450.00000000 0.05235416 0.05413089
