0 1715.99200000 1719.20800000
84.50000000 15.44800000 15.42400000
169.00000000 9.03200000 9.14400000
253.50000000 6.57600000 6.72000000
338.00000000 5.30000000 5.20400000
422.50000000 4.33200000 4.36400000
507.00000000 3.69600000 3.75600000
591.50000000 3.35200000 3.35200000
676.00000000 2.98400000 3.01200000
760.50000000 2.73200000 2.71600000
845.00000000 2.57600000 2.55200000
929.50000000 2.36400000 2.35600000
1014.00000000 2.15200000 2.15600000
1098.50000000 2.05200000 2.09600000
1183.00000000 1.92000000 1.88400000
1267.50000000 1.78800000 1.81200000
1352.00000000 1.74800000 1.73600000
1436.50000000 1.62800000 1.62400000
1521.00000000 1.57200000 1.62000000
1605.50000000 1.46400000 1.49200000
1690.00000000 1.40000000 1.42400000
1774.50000000 1.31200000 1.34400000
1859.00000000 1.26400000 1.30400000
1943.50000000 1.23600000 1.22800000
2028.00000000 1.16400000 1.15200000
2112.50000000 1.16800000 1.17200000
2197.00000000 1.09600000 1.06800000
2281.50000000 1.05600000 1.07200000
2366.00000000 1.02800000 1.02800000
2450.50000000 0.97600000 0.95200000
2535.00000000 0.93200000 0.90400000
2619.50000000 0.88000000 0.90000000
2704.00000000 0.86400000 0.88000000
2788.50000000 0.82800000 0.83600000
2873.00000000 0.83200000 0.81200000
2957.50000000 0.81200000 0.78400000
3042.00000000 0.76800000 0.76800000
3126.50000000 0.70400000 0.75200000
3211.00000000 0.73200000 0.72800000
3295.50000000 0.68400000 0.71200000
3380.00000000 0.66400000 0.69200000
3464.50000000 0.64800000 0.66000000
3549.00000000 0.63600000 0.62400000
3633.50000000 0.58800000 0.60400000
3718.00000000 0.58000000 0.56000000
3802.50000000 0.55600000 0.56400000
3887.00000000 0.51600000 0.52000000
3971.50000000 0.50400000 0.52400000
4056.00000000 0.46400000 0.46800000
4140.50000000 0.46000000 0.46000000
4225.00000000 0.45200000 0.45200000
4309.50000000 0.42800000 0.43600000
4394.00000000 0.42400000 0.42400000
4478.50000000 0.38800000 0.40400000
4563.00000000 0.38400000 0.38400000
4647.50000000 0.36800000 0.37200000
4732.00000000 0.35200000 0.33600000
4816.50000000 0.31200000 0.32800000
4901.00000000 0.31600000 0.33600000
4985.50000000 0.32000000 0.31600000
5070.00000000 0.30400000 0.30400000
5154.50000000 0.28400000 0.30400000
5239.00000000 0.28800000 0.29600000
5323.50000000 0.29600000 0.28800000
5408.00000000 0.26000000 0.25600000
5492.50000000 0.24400000 0.23600000
5577.00000000 0.23200000 0.23600000
5661.50000000 0.21200000 0.22800000
5746.00000000 0.21600000 0.21200000
5830.50000000 0.21200000 0.20800000
5915.00000000 0.20000000 0.20400000
5999.50000000 0.19600000 0.19600000
6084.00000000 0.19200000 0.18000000
6168.50000000 0.18000000 0.19200000
6253.00000000 0.17600000 0.18800000
6337.50000000 0.18000000 0.17600000
6422.00000000 0.18400000 0.17200000
6506.50000000 0.17200000 0.17600000
6591.00000000 0.15600000 0.14800000
6675.50000000 0.15200000 0.16000000
6760.00000000 0.14400000 0.15600000
6844.50000000 0.15600000 0.15200000
6929.00000000 0.14800000 0.15600000
7013.50000000 0.14000000 0.13600000
7098.00000000 0.13200000 0.14000000
7182.50000000 0.13200000 0.13600000
7267.00000000 0.13600000 0.11600000
7351.50000000 0.12400000 0.13600000
7436.00000000 0.13200000 0.13200000
7520.50000000 0.12400000 0.12800000
7605.00000000 0.11600000 0.12400000
7689.50000000 0.11200000 0.12000000
7774.00000000 0.11600000 0.11200000
7858.50000000 0.09200000 0.09600000
7943.00000000 0.09600000 0.10400000
8027.50000000 0.10000000 0.10000000
8112.00000000 0.09600000 0.08800000
8196.50000000 0.08800000 0.09200000
8281.00000000 0.07200000 0.07200000
8365.50000000 0.07200000 0.08000000
8450.00000000 0.08000000 0.08000000
