0 1713.13200000 1717.53400000
84.50000000 15.22400000 15.35600000
169.00000000 8.94600000 9.06800000
253.50000000 6.56800000 6.55400000
338.00000000 5.21400000 5.26800000
422.50000000 4.28800000 4.37200000
507.00000000 3.77600000 3.82200000
591.50000000 3.36400000 3.37200000
676.00000000 2.99000000 3.03400000
760.50000000 2.70000000 2.74200000
845.00000000 2.48600000 2.48000000
929.50000000 2.30000000 2.31800000
1014.00000000 2.16400000 2.15000000
1098.50000000 1.98600000 2.01800000
1183.00000000 1.86400000 1.90000000
1267.50000000 1.72000000 1.74200000
1352.00000000 1.60400000 1.65400000
1436.50000000 1.52400000 1.52200000
1521.00000000 1.46400000 1.43200000
1605.50000000 1.36400000 1.40600000
1690.00000000 1.29400000 1.30800000
1774.50000000 1.23800000 1.27400000
1859.00000000 1.16400000 1.20400000
1943.50000000 1.11000000 1.10800000
2028.00000000 1.04800000 1.06600000
2112.50000000 1.00200000 1.00200000
2197.00000000 0.97400000 0.99400000
2281.50000000 0.92600000 0.90600000
2366.00000000 0.86000000 0.85800000
2450.50000000 0.83400000 0.83800000
2535.00000000 0.80600000 0.81000000
2619.50000000 0.80400000 0.80400000
2704.00000000 0.76800000 0.76600000
2788.50000000 0.74000000 0.75000000
2873.00000000 0.71800000 0.72800000
2957.50000000 0.66000000 0.68400000
3042.00000000 0.65600000 0.66400000
3126.50000000 0.65400000 0.61200000
3211.00000000 0.59000000 0.61600000
3295.50000000 0.58600000 0.60400000
3380.00000000 0.54600000 0.57800000
3464.50000000 0.52800000 0.53400000
3549.00000000 0.51600000 0.53600000
3633.50000000 0.48000000 0.50400000
3718.00000000 0.49400000 0.48400000
3802.50000000 0.45400000 0.47200000
3887.00000000 0.43800000 0.44200000
3971.50000000 0.41000000 0.42600000
4056.00000000 0.39400000 0.38600000
4140.50000000 0.38000000 0.38400000
4225.00000000 0.37000000 0.37000000
4309.50000000 0.36200000 0.35200000
4394.00000000 0.33600000 0.34600000
4478.50000000 0.33000000 0.33000000
4563.00000000 0.31000000 0.32600000
4647.50000000 0.29000000 0.30200000
4732.00000000 0.28200000 0.28400000
4816.50000000 0.26400000 0.26800000
4901.00000000 0.26800000 0.26200000
4985.50000000 0.24600000 0.24400000
5070.00000000 0.23800000 0.23600000
5154.50000000 0.21800000 0.21000000
5239.00000000 0.21200000 0.20800000
5323.50000000 0.20000000 0.19800000
5408.00000000 0.20400000 0.20800000
5492.50000000 0.19000000 0.19400000
5577.00000000 0.18600000 0.19000000
5661.50000000 0.17400000 0.17200000
5746.00000000 0.16600000 0.16400000
5830.50000000 0.16200000 0.15600000
5915.00000000 0.14600000 0.14600000
5999.50000000 0.13600000 0.14200000
6084.00000000 0.14600000 0.13800000
6168.50000000 0.12200000 0.12600000
6253.00000000 0.12800000 0.12800000
6337.50000000 0.11600000 0.11600000
6422.00000000 0.11200000 0.10800000
6506.50000000 0.10800000 0.11000000
6591.00000000 0.09800000 0.09800000
6675.50000000 0.09200000 0.09200000
6760.00000000 0.08000000 0.08800000
6844.50000000 0.07600000 0.07600000
6929.00000000 0.08200000 0.08000000
7013.50000000 0.07600000 0.07000000
7098.00000000 0.06800000 0.07000000
7182.50000000 0.06600000 0.06200000
7267.00000000 0.06200000 0.06400000
7351.50000000 0.06600000 0.06800000
7436.00000000 0.06400000 0.06800000
7520.50000000 0.06000000 0.06200000
7605.00000000 0.06200000 0.06000000
7689.50000000 0.05400000 0.06200000
7774.00000000 0.05000000 0.04400000
7858.50000000 0.04800000 0.04600000
7943.00000000 0.04600000 0.04600000
8027.50000000 0.04600000 0.04000000
8112.00000000 0.04400000 0.04000000
8196.50000000 0.04000000 0.04000000
8281.00000000 0.04000000 0.04200000
8365.50000000 0.04000000 0.04000000
8450.00000000 0.03600000 0.03400000
