0 818.70000000 821.31250000
20.25000000 20.95750000 21.11750000
40.50000000 12.56250000 12.52750000
60.75000000 9.23500000 9.31500000
81.00000000 7.59750000 7.64250000
101.25000000 6.42500000 6.43750000
121.50000000 5.80750000 5.82000000
141.75000000 5.10500000 5.15750000
162.00000000 4.64000000 4.63000000
182.25000000 4.25500000 4.25000000
202.50000000 3.95500000 3.95250000
222.75000000 3.62000000 3.70250000
243.00000000 3.43500000 3.41500000
263.25000000 3.26000000 3.23750000
283.50000000 3.01250000 3.07750000
303.75000000 2.95750000 2.96250000
324.00000000 2.77250000 2.84000000
344.25000000 2.63500000 2.69750000
364.50000000 2.54750000 2.54250000
384.75000000 2.49000000 2.47250000
405.00000000 2.36000000 2.38750000
425.25000000 2.21750000 2.26000000
445.50000000 2.13250000 2.18000000
465.75000000 2.09250000 2.06000000
486.00000000 2.02500000 2.01500000
506.25000000 1.89250000 1.94250000
526.50000000 1.87250000 1.88750000
546.75000000 1.81500000 1.81750000
567.00000000 1.78250000 1.79250000
587.25000000 1.71750000 1.74250000
607.50000000 1.66250000 1.66500000
627.75000000 1.63500000 1.62750000
648.00000000 1.58750000 1.58000000
668.25000000 1.55250000 1.57500000
688.50000000 1.49000000 1.51500000
708.75000000 1.53750000 1.48750000
729.00000000 1.46500000 1.49250000
749.25000000 1.44500000 1.43750000
769.50000000 1.36000000 1.38000000
789.75000000 1.34750000 1.33500000
810.00000000 1.28250000 1.29250000
830.25000000 1.24250000 1.24500000
850.50000000 1.24500000 1.25500000
870.75000000 1.22250000 1.25500000
891.00000000 1.16500000 1.19250000
911.25000000 1.14750000 1.16500000
931.50000000 1.14250000 1.15250000
951.75000000 1.11750000 1.12250000
972.00000000 1.08750000 1.10750000
992.25000000 1.06000000 1.03250000
1012.50000000 1.04000000 1.04500000
1032.75000000 1.01750000 1.02750000
1053.00000000 1.01500000 1.00000000
1073.25000000 0.99000000 0.99000000
1093.50000000 0.95500000 0.94000000
1113.75000000 0.94250000 0.93250000
1134.00000000 0.91000000 0.90250000
1154.25000000 0.88750000 0.88000000
1174.50000000 0.87250000 0.85000000
1194.75000000 0.86000000 0.86500000
1215.00000000 0.83250000 0.83000000
1235.25000000 0.81500000 0.82750000
1255.50000000 0.80250000 0.80750000
1275.75000000 0.76750000 0.79250000
1296.00000000 0.77250000 0.76000000
1316.25000000 0.75500000 0.76000000
1336.50000000 0.72750000 0.74250000
1356.75000000 0.71000000 0.72750000
1377.00000000 0.69500000 0.71000000
1397.25000000 0.70250000 0.68250000
1417.50000000 0.67000000 0.68750000
1437.75000000 0.63500000 0.66500000
1458.00000000 0.62500000 0.62500000
1478.25000000 0.63500000 0.62250000
1498.50000000 0.60000000 0.62250000
1518.75000000 0.58500000 0.60000000
1539.00000000 0.59750000 0.57500000
1559.25000000 0.57250000 0.58750000
1579.50000000 0.55750000 0.56750000
1599.75000000 0.54500000 0.54250000
1620.00000000 0.54750000 0.55000000
1640.25000000 0.53000000 0.54750000
1660.50000000 0.52500000 0.54500000
1680.75000000 0.52250000 0.53000000
1701.00000000 0.51750000 0.53250000
1721.25000000 0.50250000 0.52250000
1741.50000000 0.50000000 0.51500000
1761.75000000 0.49250000 0.50250000
1782.00000000 0.49750000 0.49000000
1802.25000000 0.49750000 0.48250000
1822.50000000 0.47250000 0.47250000
1842.75000000 0.46500000 0.45250000
1863.00000000 0.46500000 0.46000000
1883.25000000 0.43500000 0.45000000
1903.50000000 0.44250000 0.45000000
1923.75000000 0.43250000 0.44000000
1944.00000000 0.42000000 0.42750000
1964.25000000 0.40000000 0.41750000
1984.50000000 0.40500000 0.40750000
2004.75000000 0.38000000 0.37250000
2025.00000000 0.36500000 0.38500000
2045.25000000 0.35250000 0.36250000
2065.50000000 0.33250000 0.34500000
2085.75000000 0.34250000 0.34500000
2106.00000000 0.33500000 0.34250000
2126.25000000 0.32500000 0.33500000
2146.50000000 0.32000000 0.31750000
2166.75000000 0.32250000 0.32000000
2187.00000000 0.31500000 0.31000000
2207.25000000 0.29750000 0.31500000
2227.50000000 0.29250000 0.30250000
2247.75000000 0.29250000 0.30250000
2268.00000000 0.29500000 0.29500000
2288.25000000 0.27750000 0.29250000
2308.50000000 0.27000000 0.28000000
2328.75000000 0.27500000 0.28750000
2349.00000000 0.26750000 0.28250000
2369.25000000 0.26250000 0.27750000
2389.50000000 0.26000000 0.26000000
2409.75000000 0.25750000 0.27000000
2430.00000000 0.25000000 0.25250000
2450.25000000 0.25500000 0.24500000
2470.50000000 0.25250000 0.24750000
2490.75000000 0.23750000 0.24750000
2511.00000000 0.23500000 0.21750000
2531.25000000 0.23500000 0.24000000
2551.50000000 0.23000000 0.23500000
2571.75000000 0.22500000 0.22750000
2592.00000000 0.21250000 0.22000000
2612.25000000 0.23000000 0.21750000
2632.50000000 0.20750000 0.21750000
2652.75000000 0.22000000 0.22500000
2673.00000000 0.21000000 0.22250000
2693.25000000 0.20000000 0.21500000
2713.50000000 0.19250000 0.20250000
2733.75000000 0.19250000 0.20500000
2754.00000000 0.20000000 0.20000000
2774.25000000 0.18250000 0.18250000
2794.50000000 0.18750000 0.18750000
2814.75000000 0.19250000 0.19000000
2835.00000000 0.18500000 0.19500000
2855.25000000 0.19000000 0.18750000
2875.50000000 0.18500000 0.18000000
2895.75000000 0.18250000 0.18000000
2916.00000000 0.17500000 0.17500000
2936.25000000 0.17750000 0.17250000
2956.50000000 0.17750000 0.17000000
2976.75000000 0.17750000 0.17000000
2997.00000000 0.17750000 0.17500000
3017.25000000 0.17000000 0.17000000
3037.50000000 0.16250000 0.16000000
3057.75000000 0.16750000 0.16250000
3078.00000000 0.16000000 0.16000000
3098.25000000 0.17000000 0.15250000
3118.50000000 0.14750000 0.16500000
3138.75000000 0.15500000 0.15750000
3159.00000000 0.15250000 0.16000000
3179.25000000 0.15750000 0.15500000
3199.50000000 0.15500000 0.15250000
3219.75000000 0.15000000 0.15250000
3240.00000000 0.15250000 0.14500000
3260.25000000 0.15000000 0.14250000
3280.50000000 0.14750000 0.14000000
3300.75000000 0.14500000 0.14500000
3321.00000000 0.14250000 0.14750000
3341.25000000 0.13250000 0.14500000
3361.50000000 0.14250000 0.14500000
3381.75000000 0.13250000 0.14500000
3402.00000000 0.14000000 0.14500000
3422.25000000 0.13750000 0.13500000
3442.50000000 0.13250000 0.13000000
3462.75000000 0.12750000 0.12750000
3483.00000000 0.12000000 0.12500000
3503.25000000 0.12250000 0.13250000
3523.50000000 0.12000000 0.13000000
3543.75000000 0.12000000 0.12750000
3564.00000000 0.12250000 0.12250000
3584.25000000 0.11500000 0.11000000
3604.50000000 0.11750000 0.11500000
3624.75000000 0.11000000 0.11000000
3645.00000000 0.11000000 0.10250000
3665.25000000 0.10750000 0.11500000
3685.50000000 0.10250000 0.10500000
3705.75000000 0.10500000 0.10750000
3726.00000000 0.11000000 0.10500000
3746.25000000 0.10000000 0.10250000
3766.50000000 0.09500000 0.08750000
3786.75000000 0.09250000 0.09500000
3807.00000000 0.09000000 0.09000000
3827.25000000 0.09000000 0.09000000
3847.50000000 0.09500000 0.09500000
3867.75000000 0.08500000 0.09500000
3888.00000000 0.09250000 0.09000000
3908.25000000 0.08750000 0.09250000
3928.50000000 0.09000000 0.09000000
3948.75000000 0.08500000 0.08750000
3969.00000000 0.08000000 0.08500000
3989.25000000 0.08750000 0.08750000
4009.50000000 0.08500000 0.08500000
4029.75000000 0.07500000 0.08000000
4050.00000000 0.08000000 0.07750000
