0 0.110808
1 0.154624
2 0.193775
3 0.222877
4 0.249215
5 0.284993
6 0.308192
7 0.340505
8 0.368124
9 0.390828
10 0.423489
11 0.442288
12 0.465705
13 0.488526
14 0.509691
15 0.524014
16 0.538205
17 0.55037
18 0.562835
19 0.578323
20 0.589757
21 0.598822
22 0.609696
23 0.623251
24 0.632613
25 0.64118
26 0.651887
27 0.660593
28 0.670769
29 0.678915
30 0.68666
31 0.694208
32 0.701402
33 0.708168
34 0.71473
35 0.719416
36 0.724707
37 0.728509
38 0.733277
39 0.738463
40 0.744455
41 0.750701
42 0.757381
43 0.763025
44 0.767435
45 0.773462
46 0.779081
47 0.784559
48 0.789018
49 0.793293
50 0.798021
51 0.801597
52 0.806068
53 0.809827
54 0.81332
55 0.817053
56 0.821098
57 0.824263
58 0.825439
59 0.82728
60 0.83039
61 0.833455
62 0.835768
63 0.838109
64 0.840618
65 0.842041
66 0.843033
67 0.844328
68 0.845686
69 0.847648
70 0.849903
71 0.852291
72 0.853545
73 0.856045
74 0.857432
75 0.859019
76 0.860944
77 0.8622
78 0.863983
79 0.865078
80 0.867373
81 0.869314
82 0.870791
83 0.872737
84 0.874047
85 0.874937
86 0.87596
87 0.87705
88 0.878024
89 0.878795
90 0.879167
91 0.879521
92 0.880774
93 0.881929
94 0.882773
95 0.88402
96 0.88551
97 0.886707
98 0.887677
99 0.888027
100 0.889428
101 0.890331
102 0.89094
103 0.891756
104 0.89289
105 0.893632
106 0.894479
107 0.895395
108 0.895865
109 0.897311
110 0.898391
111 0.899437
112 0.900204
113 0.901245
114 0.901682
115 0.902727
116 0.903718
117 0.905044
118 0.906475
119 0.907597
120 0.908109
121 0.908823
122 0.909051
123 0.909116
124 0.909633
125 0.909874
126 0.910306
127 0.91045
128 0.910377
129 0.910952
130 0.911943
131 0.913219
132 0.914415
133 0.915176
134 0.915653
135 0.916664
136 0.91771
137 0.919039
138 0.919749
139 0.920278
140 0.920598
141 0.921196
142 0.921604
143 0.922237
144 0.922687
145 0.922383
146 0.923234
147 0.92408
148 0.924423
149 0.924802
150 0.925117
151 0.925085
152 0.9247
153 0.925052
154 0.925347
155 0.925252
156 0.925703
157 0.925991
158 0.926558
159 0.927154
160 0.92777
161 0.927855
162 0.927757
163 0.928389
164 0.92911
165 0.929109
166 0.929184
167 0.929155
168 0.929011
169 0.929635
170 0.930428
171 0.930889
172 0.931324
173 0.931856
174 0.932299
175 0.932693
176 0.933522
177 0.933548
178 0.933486
179 0.934163
180 0.933991
181 0.934319
182 0.934272
183 0.934794
184 0.934619
185 0.934973
186 0.935958
187 0.935866
188 0.93603
189 0.936039
190 0.936242
191 0.936702
192 0.937134
193 0.937599
194 0.937989
195 0.938133
196 0.938485
197 0.93847
198 0.938743
199 0.938697
200 0.938746
