0 0.102127
9 0.0821869
18 0.0910621
27 0.145545
36 0.20752
45 0.24012
54 0.259802
63 0.27731
72 0.274133
81 0.286298
90 0.307672
99 0.326068
108 0.335958
117 0.341326
126 0.333264
135 0.330919
144 0.324089
153 0.326997
162 0.332195
171 0.337681
180 0.347597
189 0.352997
198 0.355983
207 0.361124
216 0.356544
225 0.356323
234 0.349586
243 0.356005
252 0.351037
261 0.348839
270 0.345903
279 0.344805
288 0.344342
297 0.338312
306 0.335371
315 0.331994
324 0.33268
333 0.334089
342 0.333316
351 0.332795
360 0.327191
369 0.325091
378 0.322927
387 0.320253
396 0.317549
405 0.312307
414 0.314943
423 0.320112
432 0.32546
441 0.324389
450 0.326407
459 0.324284
468 0.330853
477 0.342197
486 0.342162
495 0.34067
504 0.342667
513 0.340081
522 0.33566
531 0.332671
540 0.334618
549 0.333521
558 0.331807
567 0.330109
576 0.329153
585 0.327636
594 0.323496
603 0.319685
612 0.321448
621 0.326685
630 0.327677
639 0.324863
648 0.323695
657 0.321286
666 0.321176
675 0.327581
684 0.324797
693 0.323081
702 0.321267
711 0.32205
720 0.318939
729 0.320164
738 0.316894
747 0.313932
756 0.314011
765 0.310009
774 0.306851
783 0.307444
792 0.308326
801 0.310536
810 0.314871
819 0.315252
828 0.313215
837 0.313786
846 0.312305
855 0.31151
864 0.314258
873 0.316327
882 0.312428
891 0.308949
900 0.307771
909 0.311051
918 0.310772
927 0.307874
936 0.305964
945 0.307126
954 0.303147
963 0.305358
972 0.305767
981 0.30407
990 0.304177
999 0.306689
1008 0.306777
1017 0.305202
1026 0.300778
1035 0.301765
1044 0.300721
1053 0.300158
1062 0.303231
1071 0.306162
1080 0.308007
1089 0.305298
1098 0.303697
1107 0.307057
1116 0.305507
1125 0.308214
1134 0.30971
1143 0.313673
1152 0.314897
1161 0.315682
1170 0.31448
1179 0.316571
1188 0.313577
1197 0.313783
1206 0.314096
1215 0.318099
1224 0.322993
1233 0.32406
1242 0.326251
1251 0.324696
1260 0.325461
1269 0.32571
1278 0.326398
1287 0.327648
1296 0.332784
1305 0.330911
1314 0.333114
1323 0.335001
1332 0.337941
1341 0.338149
1350 0.336183
1359 0.335991
1368 0.333901
1377 0.336721
1386 0.337319
1395 0.336917
1404 0.340029
1413 0.341845
1422 0.344256
1431 0.344456
1440 0.345335
1449 0.342398
1458 0.339373
1467 0.336898
1476 0.339637
1485 0.341275
1494 0.34049
1503 0.342351
1512 0.343794
1521 0.349187
1530 0.349691
1539 0.347428
1548 0.349437
1557 0.348387
1566 0.348641
1575 0.349036
1584 0.35056
1593 0.351793
1602 0.351893
1611 0.352959
1620 0.352032
1629 0.352548
1638 0.354469
1647 0.353959
1656 0.357012
1665 0.357003
1674 0.358303
1683 0.358951
1692 0.360181
1701 0.36155
1710 0.362362
1719 0.362414
1728 0.363438
1737 0.363382
1746 0.368333
1755 0.36773
1764 0.367805
1773 0.368496
1782 0.368802
1791 0.368463
1800 0.366799
