0 41509.90000000 41607.13333333
40.00000000 554.50000000 555.33333333
80.00000000 303.13333333 303.96666667
120.00000000 211.46666667 212.53333333
160.00000000 164.56666667 163.20000000
200.00000000 134.23333333 134.06666667
240.00000000 113.50000000 114.46666667
280.00000000 99.00000000 99.03333333
320.00000000 85.76666667 86.10000000
360.00000000 75.50000000 76.20000000
400.00000000 68.60000000 68.56666667
440.00000000 62.93333333 63.66666667
480.00000000 58.06666667 58.63333333
520.00000000 53.90000000 54.70000000
560.00000000 50.90000000 50.66666667
600.00000000 47.70000000 47.60000000
640.00000000 43.36666667 44.43333333
680.00000000 41.76666667 41.53333333
720.00000000 39.26666667 39.26666667
760.00000000 37.03333333 37.26666667
800.00000000 35.83333333 36.23333333
840.00000000 33.66666667 33.93333333
880.00000000 32.60000000 33.20000000
920.00000000 32.23333333 31.80000000
960.00000000 30.80000000 30.83333333
1000.00000000 29.26666667 29.56666667
1040.00000000 28.26666667 28.73333333
1080.00000000 27.03333333 27.20000000
1120.00000000 26.63333333 26.66666667
1160.00000000 26.23333333 25.96666667
1200.00000000 25.26666667 25.43333333
1240.00000000 24.66666667 24.70000000
1280.00000000 23.93333333 23.30000000
1320.00000000 22.90000000 22.96666667
1360.00000000 22.43333333 22.43333333
1400.00000000 21.83333333 21.76666667
1440.00000000 20.86666667 21.46666667
1480.00000000 20.13333333 20.26666667
1520.00000000 19.66666667 19.73333333
1560.00000000 19.46666667 19.20000000
1600.00000000 19.26666667 18.73333333
1640.00000000 18.26666667 18.43333333
1680.00000000 17.56666667 17.63333333
1720.00000000 17.53333333 17.23333333
1760.00000000 16.70000000 16.73333333
1800.00000000 16.70000000 16.40000000
1840.00000000 16.23333333 16.23333333
1880.00000000 15.63333333 15.93333333
1920.00000000 15.56666667 15.73333333
1960.00000000 15.23333333 15.40000000
2000.00000000 15.10000000 14.93333333
2040.00000000 14.36666667 14.56666667
2080.00000000 14.56666667 14.60000000
2120.00000000 14.03333333 14.23333333
2160.00000000 13.86666667 14.23333333
2200.00000000 13.56666667 13.56666667
2240.00000000 13.36666667 13.86666667
2280.00000000 13.13333333 13.00000000
2320.00000000 12.70000000 12.70000000
2360.00000000 12.63333333 12.50000000
2400.00000000 12.20000000 12.43333333
2440.00000000 12.23333333 12.10000000
2480.00000000 11.96666667 11.83333333
2520.00000000 12.00000000 11.86666667
2560.00000000 11.76666667 12.03333333
2600.00000000 11.63333333 11.26666667
2640.00000000 11.16666667 11.56666667
2680.00000000 11.20000000 11.26666667
2720.00000000 11.06666667 10.83333333
2760.00000000 10.86666667 10.96666667
2800.00000000 10.66666667 10.86666667
2840.00000000 10.53333333 11.00000000
2880.00000000 10.43333333 10.33333333
2920.00000000 10.36666667 10.20000000
2960.00000000 10.26666667 10.40000000
3000.00000000 10.06666667 10.13333333
3040.00000000 10.00000000 9.96666667
3080.00000000 9.36666667 9.70000000
3120.00000000 9.60000000 9.60000000
3160.00000000 9.53333333 9.60000000
3200.00000000 9.43333333 9.66666667
3240.00000000 9.33333333 9.20000000
3280.00000000 9.20000000 9.26666667
3320.00000000 9.13333333 9.20000000
3360.00000000 8.93333333 8.90000000
3400.00000000 8.90000000 8.93333333
3440.00000000 8.63333333 8.73333333
3480.00000000 8.70000000 8.86666667
3520.00000000 8.73333333 8.70000000
3560.00000000 8.46666667 8.63333333
3600.00000000 8.43333333 8.73333333
3640.00000000 8.46666667 8.50000000
3680.00000000 8.20000000 8.13333333
3720.00000000 8.30000000 8.10000000
3760.00000000 8.06666667 8.06666667
3800.00000000 7.96666667 7.86666667
3840.00000000 7.93333333 8.06666667
3880.00000000 7.83333333 7.90000000
3920.00000000 7.53333333 7.73333333
3960.00000000 7.36666667 7.53333333
4000.00000000 7.53333333 7.50000000
