0 41502.25000000 41593.80000000
40.00000000 553.20000000 554.22500000
80.00000000 303.77500000 304.17500000
120.00000000 211.87500000 212.75000000
160.00000000 165.67500000 164.45000000
200.00000000 134.32500000 134.42500000
240.00000000 114.85000000 114.80000000
280.00000000 99.17500000 99.60000000
320.00000000 86.80000000 87.02500000
360.00000000 76.62500000 77.10000000
400.00000000 69.90000000 69.70000000
440.00000000 63.90000000 64.45000000
480.00000000 58.90000000 59.40000000
520.00000000 54.45000000 55.20000000
560.00000000 51.27500000 50.87500000
600.00000000 47.92500000 47.55000000
640.00000000 43.57500000 44.55000000
680.00000000 42.40000000 41.95000000
720.00000000 39.87500000 39.67500000
760.00000000 37.77500000 37.70000000
800.00000000 36.22500000 36.72500000
840.00000000 34.45000000 34.52500000
880.00000000 32.92500000 33.22500000
920.00000000 32.05000000 31.80000000
960.00000000 30.75000000 30.70000000
1000.00000000 29.07500000 29.27500000
1040.00000000 28.22500000 28.60000000
1080.00000000 26.82500000 27.02500000
1120.00000000 26.45000000 26.35000000
1160.00000000 25.80000000 25.62500000
1200.00000000 25.05000000 25.15000000
1240.00000000 24.40000000 24.15000000
1280.00000000 23.37500000 23.12500000
1320.00000000 22.65000000 22.52500000
1360.00000000 22.05000000 22.20000000
1400.00000000 21.50000000 21.42500000
1440.00000000 20.67500000 21.12500000
1480.00000000 20.12500000 20.05000000
1520.00000000 19.42500000 19.52500000
1560.00000000 19.17500000 19.02500000
1600.00000000 18.85000000 18.62500000
1640.00000000 18.12500000 18.12500000
1680.00000000 17.25000000 17.37500000
1720.00000000 17.30000000 16.97500000
1760.00000000 16.47500000 16.52500000
1800.00000000 16.30000000 16.07500000
1840.00000000 15.90000000 15.90000000
1880.00000000 15.40000000 15.62500000
1920.00000000 15.22500000 15.35000000
1960.00000000 14.85000000 15.00000000
2000.00000000 14.67500000 14.55000000
2040.00000000 14.20000000 14.20000000
2080.00000000 14.17500000 14.07500000
2120.00000000 13.72500000 13.90000000
2160.00000000 13.55000000 13.85000000
2200.00000000 13.25000000 13.40000000
2240.00000000 13.10000000 13.52500000
2280.00000000 12.90000000 12.65000000
2320.00000000 12.47500000 12.50000000
2360.00000000 12.22500000 12.30000000
2400.00000000 12.17500000 12.37500000
2440.00000000 12.15000000 12.05000000
2480.00000000 11.80000000 11.72500000
2520.00000000 11.90000000 11.75000000
2560.00000000 11.70000000 11.82500000
2600.00000000 11.47500000 11.35000000
2640.00000000 11.15000000 11.55000000
2680.00000000 11.17500000 11.22500000
2720.00000000 11.05000000 10.92500000
2760.00000000 10.95000000 10.92500000
2800.00000000 10.72500000 10.77500000
2840.00000000 10.55000000 10.87500000
2880.00000000 10.40000000 10.32500000
2920.00000000 10.22500000 10.17500000
2960.00000000 10.20000000 10.32500000
3000.00000000 9.92500000 10.10000000
3040.00000000 9.87500000 9.92500000
3080.00000000 9.50000000 9.65000000
3120.00000000 9.65000000 9.50000000
3160.00000000 9.45000000 9.62500000
3200.00000000 9.50000000 9.47500000
3240.00000000 9.35000000 9.22500000
3280.00000000 9.17500000 9.20000000
3320.00000000 9.07500000 9.30000000
3360.00000000 9.05000000 9.02500000
3400.00000000 9.00000000 9.07500000
3440.00000000 8.75000000 8.72500000
3480.00000000 8.67500000 8.90000000
3520.00000000 8.80000000 8.75000000
3560.00000000 8.45000000 8.67500000
3600.00000000 8.47500000 8.67500000
3640.00000000 8.55000000 8.60000000
3680.00000000 8.27500000 8.12500000
3720.00000000 8.35000000 8.22500000
3760.00000000 8.02500000 8.22500000
3800.00000000 8.12500000 7.92500000
3840.00000000 7.95000000 8.10000000
3880.00000000 8.00000000 8.05000000
3920.00000000 7.72500000 7.77500000
3960.00000000 7.57500000 7.65000000
4000.00000000 7.72500000 7.70000000
