0 41522.40000000 41622.35000000
40.00000000 551.35000000 552.90000000
80.00000000 302.45000000 303.70000000
120.00000000 211.55000000 213.00000000
160.00000000 164.45000000 164.35000000
200.00000000 134.20000000 133.80000000
240.00000000 112.80000000 113.25000000
280.00000000 97.70000000 97.75000000
320.00000000 85.40000000 85.45000000
360.00000000 75.70000000 76.80000000
400.00000000 69.00000000 68.70000000
440.00000000 62.05000000 63.70000000
480.00000000 57.50000000 58.45000000
520.00000000 53.20000000 54.60000000
560.00000000 50.60000000 50.35000000
600.00000000 47.40000000 46.95000000
640.00000000 43.25000000 43.85000000
680.00000000 41.25000000 41.30000000
720.00000000 38.85000000 38.60000000
760.00000000 36.20000000 36.45000000
800.00000000 35.05000000 35.60000000
840.00000000 33.40000000 33.55000000
880.00000000 32.15000000 33.00000000
920.00000000 32.20000000 31.60000000
960.00000000 30.70000000 30.65000000
1000.00000000 29.10000000 29.20000000
1040.00000000 28.45000000 28.80000000
1080.00000000 27.35000000 27.60000000
1120.00000000 27.00000000 26.85000000
1160.00000000 26.30000000 26.10000000
1200.00000000 25.20000000 25.60000000
1240.00000000 24.30000000 24.75000000
1280.00000000 23.70000000 23.00000000
1320.00000000 23.00000000 23.05000000
1360.00000000 22.60000000 22.20000000
1400.00000000 21.70000000 21.55000000
1440.00000000 20.55000000 21.40000000
1480.00000000 19.85000000 20.00000000
1520.00000000 19.75000000 19.35000000
1560.00000000 19.05000000 18.45000000
1600.00000000 19.00000000 18.55000000
1640.00000000 17.85000000 18.10000000
1680.00000000 17.15000000 17.05000000
1720.00000000 17.00000000 16.95000000
1760.00000000 16.35000000 16.40000000
1800.00000000 16.45000000 16.00000000
1840.00000000 15.85000000 15.95000000
1880.00000000 15.25000000 15.90000000
1920.00000000 15.50000000 15.45000000
1960.00000000 14.90000000 15.25000000
2000.00000000 14.80000000 14.65000000
2040.00000000 14.15000000 14.35000000
2080.00000000 14.45000000 14.35000000
2120.00000000 13.90000000 14.15000000
2160.00000000 13.80000000 14.20000000
2200.00000000 13.40000000 13.80000000
2240.00000000 13.25000000 13.65000000
2280.00000000 12.90000000 12.75000000
2320.00000000 12.65000000 12.55000000
2360.00000000 12.50000000 12.60000000
2400.00000000 12.05000000 12.20000000
2440.00000000 11.95000000 11.95000000
2480.00000000 11.85000000 11.85000000
2520.00000000 11.85000000 11.80000000
2560.00000000 11.60000000 12.25000000
2600.00000000 11.90000000 11.30000000
2640.00000000 11.45000000 11.90000000
2680.00000000 11.15000000 11.40000000
2720.00000000 11.05000000 11.05000000
2760.00000000 11.05000000 11.00000000
2800.00000000 10.80000000 11.00000000
2840.00000000 10.65000000 11.00000000
2880.00000000 10.70000000 10.30000000
2920.00000000 10.65000000 10.20000000
2960.00000000 10.35000000 10.40000000
3000.00000000 10.15000000 10.00000000
3040.00000000 9.95000000 10.15000000
3080.00000000 9.35000000 9.65000000
3120.00000000 9.55000000 9.60000000
3160.00000000 9.70000000 9.55000000
3200.00000000 9.45000000 9.80000000
3240.00000000 9.50000000 9.50000000
3280.00000000 9.35000000 9.40000000
3320.00000000 9.35000000 9.20000000
3360.00000000 9.10000000 9.05000000
3400.00000000 9.05000000 9.10000000
3440.00000000 8.80000000 8.90000000
3480.00000000 8.85000000 9.00000000
3520.00000000 8.95000000 8.75000000
3560.00000000 8.55000000 8.65000000
3600.00000000 8.50000000 8.95000000
3640.00000000 8.90000000 8.65000000
3680.00000000 8.40000000 8.50000000
3720.00000000 8.30000000 8.10000000
3760.00000000 8.20000000 8.25000000
3800.00000000 8.05000000 7.95000000
3840.00000000 8.05000000 8.15000000
3880.00000000 7.85000000 8.05000000
3920.00000000 7.75000000 7.90000000
3960.00000000 7.45000000 7.65000000
4000.00000000 7.80000000 7.80000000
