0 41484.90000000 41576.70000000
40.00000000 560.80000000 560.20000000
80.00000000 304.50000000 304.50000000
120.00000000 211.30000000 211.60000000
160.00000000 164.80000000 160.90000000
200.00000000 134.30000000 134.60000000
240.00000000 114.90000000 116.90000000
280.00000000 101.60000000 101.60000000
320.00000000 86.50000000 87.40000000
360.00000000 75.10000000 75.00000000
400.00000000 67.80000000 68.30000000
440.00000000 64.70000000 63.60000000
480.00000000 59.20000000 59.00000000
520.00000000 55.30000000 54.90000000
560.00000000 51.50000000 51.30000000
600.00000000 48.30000000 48.90000000
640.00000000 43.60000000 45.60000000
680.00000000 42.80000000 42.00000000
720.00000000 40.10000000 40.60000000
760.00000000 38.70000000 38.90000000
800.00000000 37.40000000 37.50000000
840.00000000 34.20000000 34.70000000
880.00000000 33.50000000 33.60000000
920.00000000 32.30000000 32.20000000
960.00000000 31.00000000 31.20000000
1000.00000000 29.60000000 30.30000000
1040.00000000 27.90000000 28.60000000
1080.00000000 26.40000000 26.40000000
1120.00000000 25.90000000 26.30000000
1160.00000000 26.10000000 25.70000000
1200.00000000 25.40000000 25.10000000
1240.00000000 25.40000000 24.60000000
1280.00000000 24.40000000 23.90000000
1320.00000000 22.70000000 22.80000000
1360.00000000 22.10000000 22.90000000
1400.00000000 22.10000000 22.20000000
1440.00000000 21.50000000 21.60000000
1480.00000000 20.70000000 20.80000000
1520.00000000 19.50000000 20.50000000
1560.00000000 20.30000000 20.70000000
1600.00000000 19.80000000 19.10000000
1640.00000000 19.10000000 19.10000000
1680.00000000 18.40000000 18.80000000
1720.00000000 18.60000000 17.80000000
1760.00000000 17.40000000 17.40000000
1800.00000000 17.20000000 17.20000000
1840.00000000 17.00000000 16.80000000
1880.00000000 16.40000000 16.00000000
1920.00000000 15.70000000 16.30000000
1960.00000000 15.90000000 15.70000000
2000.00000000 15.70000000 15.50000000
2040.00000000 14.80000000 15.00000000
2080.00000000 14.80000000 15.10000000
2120.00000000 14.30000000 14.40000000
2160.00000000 14.00000000 14.30000000
2200.00000000 13.90000000 13.10000000
2240.00000000 13.60000000 14.30000000
2280.00000000 13.60000000 13.50000000
2320.00000000 12.80000000 13.00000000
2360.00000000 12.90000000 12.30000000
2400.00000000 12.50000000 12.90000000
2440.00000000 12.80000000 12.40000000
2480.00000000 12.20000000 11.80000000
2520.00000000 12.30000000 12.00000000
2560.00000000 12.10000000 11.60000000
2600.00000000 11.10000000 11.20000000
2640.00000000 10.60000000 10.90000000
2680.00000000 11.30000000 11.00000000
2720.00000000 11.10000000 10.40000000
2760.00000000 10.50000000 10.90000000
2800.00000000 10.40000000 10.60000000
2840.00000000 10.30000000 11.00000000
2880.00000000 9.90000000 10.40000000
2920.00000000 9.80000000 10.20000000
2960.00000000 10.10000000 10.40000000
3000.00000000 9.90000000 10.40000000
3040.00000000 10.10000000 9.60000000
3080.00000000 9.40000000 9.80000000
3120.00000000 9.70000000 9.60000000
3160.00000000 9.20000000 9.70000000
3200.00000000 9.40000000 9.40000000
3240.00000000 9.00000000 8.60000000
3280.00000000 8.90000000 9.00000000
3320.00000000 8.70000000 9.20000000
3360.00000000 8.60000000 8.60000000
3400.00000000 8.60000000 8.60000000
3440.00000000 8.30000000 8.40000000
3480.00000000 8.40000000 8.60000000
3520.00000000 8.30000000 8.60000000
3560.00000000 8.30000000 8.60000000
3600.00000000 8.30000000 8.30000000
3640.00000000 7.60000000 8.20000000
3680.00000000 7.80000000 7.40000000
3720.00000000 8.30000000 8.10000000
3760.00000000 7.80000000 7.70000000
3800.00000000 7.80000000 7.70000000
3840.00000000 7.70000000 7.90000000
3880.00000000 7.80000000 7.60000000
3920.00000000 7.10000000 7.40000000
3960.00000000 7.20000000 7.30000000
4000.00000000 7.00000000 6.90000000
