0 0.00061364
6.25 0.0332246
12.5 0.0603262
18.75 0.0847434
25 0.107526
31.25 0.128737
37.5 0.149304
43.75 0.168235
50 0.187294
56.25 0.204899
62.5 0.222409
68.75 0.238985
75 0.255549
81.25 0.271563
87.5 0.287555
93.75 0.302732
100 0.318363
106.25 0.333497
112.5 0.348176
118.75 0.362149
125 0.375515
131.25 0.389158
137.5 0.401795
143.75 0.41385
150 0.426063
156.25 0.437991
162.5 0.450272
168.75 0.462641
175 0.47398
181.25 0.484607
187.5 0.495335
193.75 0.506801
200 0.517602
206.25 0.528733
212.5 0.538747
218.75 0.548358
225 0.557961
231.25 0.568037
237.5 0.577663
243.75 0.587603
250 0.596763
256.25 0.606641
262.5 0.615613
268.75 0.624154
275 0.632789
281.25 0.641159
287.5 0.649095
293.75 0.657303
300 0.665569
306.25 0.673426
312.5 0.681138
318.75 0.688764
325 0.695774
331.25 0.703169
337.5 0.710075
343.75 0.717126
350 0.723839
356.25 0.730299
362.5 0.736435
368.75 0.743057
375 0.749687
381.25 0.756338
387.5 0.762603
393.75 0.768443
400 0.773809
406.25 0.778279
412.5 0.783035
418.75 0.787927
425 0.792854
431.25 0.797081
437.5 0.801793
443.75 0.805418
450 0.809776
456.25 0.813939
462.5 0.818195
468.75 0.82236
475 0.826613
481.25 0.830384
487.5 0.834068
493.75 0.837794
500 0.840958
506.25 0.844027
512.5 0.847378
518.75 0.850607
525 0.8529
531.25 0.856293
537.5 0.858821
543.75 0.861064
550 0.8637
556.25 0.866641
562.5 0.869193
568.75 0.871474
575 0.874057
581.25 0.876017
587.5 0.878111
593.75 0.880416
600 0.882675
606.25 0.884921
612.5 0.886665
618.75 0.888379
625 0.890225
631.25 0.891535
637.5 0.893328
643.75 0.894647
650 0.896156
656.25 0.897592
662.5 0.898631
668.75 0.89976
675 0.900757
681.25 0.901784
687.5 0.903148
693.75 0.904008
700 0.905057
706.25 0.906265
712.5 0.907333
718.75 0.908345
725 0.909364
731.25 0.909751
737.5 0.910835
743.75 0.911657
750 0.912645
756.25 0.913547
762.5 0.914707
768.75 0.915388
775 0.916309
781.25 0.917103
787.5 0.917821
793.75 0.918652
800 0.91918
806.25 0.919882
812.5 0.920505
818.75 0.921425
825 0.922126
831.25 0.92276
837.5 0.923488
843.75 0.924217
850 0.924689
856.25 0.925328
862.5 0.925965
868.75 0.926616
875 0.927079
881.25 0.927511
887.5 0.927858
893.75 0.928489
900 0.929069
906.25 0.929251
912.5 0.929919
918.75 0.930682
925 0.930872
931.25 0.931289
937.5 0.931848
943.75 0.932334
950 0.932643
956.25 0.933079
962.5 0.933351
968.75 0.933497
975 0.934024
981.25 0.933994
987.5 0.934428
993.75 0.934759
1000 0.935265
1006.25 0.935706
1012.5 0.93623
1018.75 0.936731
1025 0.936969
1031.25 0.937445
1037.5 0.937651
1043.75 0.937963
1050 0.938054
1056.25 0.938547
1062.5 0.939003
1068.75 0.939315
1075 0.939516
1081.25 0.940073
1087.5 0.940061
1093.75 0.940439
1100 0.940781
1106.25 0.941041
1112.5 0.941268
1118.75 0.941535
1125 0.941584
1131.25 0.94172
1137.5 0.941833
1143.75 0.941976
1150 0.942458
1156.25 0.942573
1162.5 0.942609
1168.75 0.943002
1175 0.94327
1181.25 0.943506
1187.5 0.943468
1193.75 0.943698
1200 0.944186
1206.25 0.944261
1212.5 0.944348
1218.75 0.944684
1225 0.944804
1231.25 0.94457
1237.5 0.944949
1243.75 0.945165
1250 0.945431
