0 0.000599721
6.25 0.0322332
12.5 0.0589478
18.75 0.0818004
25 0.103929
31.25 0.123815
37.5 0.142685
43.75 0.161637
50 0.180613
56.25 0.197149
62.5 0.213701
68.75 0.229782
75 0.244987
81.25 0.260036
87.5 0.275836
93.75 0.291506
100 0.306206
106.25 0.319264
112.5 0.333009
118.75 0.347202
125 0.359442
131.25 0.371924
137.5 0.384255
143.75 0.396698
150 0.407785
156.25 0.41858
162.5 0.430295
168.75 0.44222
175 0.453117
181.25 0.463375
187.5 0.473423
193.75 0.48367
200 0.494377
206.25 0.505818
212.5 0.514473
218.75 0.524666
225 0.535135
231.25 0.545091
237.5 0.554898
243.75 0.564041
250 0.573267
256.25 0.58428
262.5 0.593917
268.75 0.603272
275 0.612342
281.25 0.621266
287.5 0.631436
293.75 0.639499
300 0.647819
306.25 0.655706
312.5 0.663515
318.75 0.671731
325 0.678059
331.25 0.685991
337.5 0.692457
343.75 0.700188
350 0.707748
356.25 0.714601
362.5 0.721744
368.75 0.726642
375 0.733324
381.25 0.739092
387.5 0.745531
393.75 0.751657
400 0.757146
406.25 0.761645
412.5 0.767103
418.75 0.772677
425 0.778116
431.25 0.783225
437.5 0.788946
443.75 0.792758
450 0.797218
456.25 0.801517
462.5 0.805212
468.75 0.80928
475 0.813579
481.25 0.817591
487.5 0.821696
493.75 0.825844
500 0.82919
506.25 0.832388
512.5 0.83644
518.75 0.840491
525 0.843042
531.25 0.846924
537.5 0.849494
543.75 0.851981
550 0.854933
556.25 0.858214
562.5 0.861175
568.75 0.863833
575 0.86725
581.25 0.869269
587.5 0.871633
593.75 0.87378
600 0.876789
606.25 0.879134
612.5 0.881294
618.75 0.883517
625 0.884685
631.25 0.886094
637.5 0.88753
643.75 0.888638
650 0.890702
656.25 0.892235
662.5 0.893152
668.75 0.894354
675 0.895686
681.25 0.89664
687.5 0.898474
693.75 0.899089
700 0.900774
706.25 0.902602
712.5 0.903613
718.75 0.904568
725 0.905691
731.25 0.906293
737.5 0.90774
743.75 0.909114
750 0.910093
756.25 0.910824
762.5 0.911911
768.75 0.912545
775 0.913583
781.25 0.913707
787.5 0.914132
793.75 0.914709
800 0.914817
806.25 0.915213
812.5 0.915867
818.75 0.917062
825 0.918262
831.25 0.918855
837.5 0.919424
843.75 0.919848
850 0.920398
856.25 0.920933
862.5 0.921855
868.75 0.92207
875 0.922503
881.25 0.922902
887.5 0.92335
893.75 0.924308
900 0.925227
906.25 0.925477
912.5 0.926194
918.75 0.926559
925 0.926594
931.25 0.927827
937.5 0.928553
943.75 0.928795
950 0.929509
956.25 0.929996
962.5 0.930617
968.75 0.93065
975 0.931343
981.25 0.931499
987.5 0.932305
993.75 0.93258
1000 0.933092
1006.25 0.933829
1012.5 0.934527
1018.75 0.934921
1025 0.935187
1031.25 0.935313
1037.5 0.93621
1043.75 0.936326
1050 0.936438
1056.25 0.936997
1062.5 0.93757
1068.75 0.937874
1075 0.93852
1081.25 0.939585
1087.5 0.939281
1093.75 0.939849
1100 0.939959
1106.25 0.940347
1112.5 0.940639
1118.75 0.940544
1125 0.940753
1131.25 0.940576
1137.5 0.940637
1143.75 0.941485
1150 0.941752
1156.25 0.941844
1162.5 0.942045
1168.75 0.942384
1175 0.942526
1181.25 0.94298
1187.5 0.943043
1193.75 0.943227
1200 0.944
1206.25 0.944515
1212.5 0.944454
1218.75 0.944672
1225 0.945133
1231.25 0.945112
1237.5 0.945017
1243.75 0.94561
1250 0.945863
