0 7.38449e-07
6.25 0.00217319
12.5 0.00713916
18.75 0.0135819
25 0.0214406
31.25 0.0298631
37.5 0.038862
43.75 0.0490996
50 0.0606593
56.25 0.0716064
62.5 0.0829227
68.75 0.0945123
75 0.105701
81.25 0.117568
87.5 0.12985
93.75 0.142869
100 0.155837
106.25 0.167739
112.5 0.180359
118.75 0.193592
125 0.206
131.25 0.218516
137.5 0.230771
143.75 0.242869
150 0.254531
156.25 0.265037
162.5 0.277025
168.75 0.288326
175 0.299081
181.25 0.31038
187.5 0.320993
193.75 0.331825
200 0.343356
206.25 0.355087
212.5 0.364994
218.75 0.375664
225 0.387136
231.25 0.398478
237.5 0.409705
243.75 0.420419
250 0.431733
256.25 0.444674
262.5 0.45628
268.75 0.467044
275 0.47844
281.25 0.489785
287.5 0.502569
293.75 0.512167
300 0.522473
306.25 0.532837
312.5 0.542533
318.75 0.552791
325 0.56096
331.25 0.570655
337.5 0.578908
343.75 0.588618
350 0.598353
356.25 0.606926
362.5 0.615945
368.75 0.62213
375 0.630105
381.25 0.637222
387.5 0.645539
393.75 0.653403
400 0.660551
406.25 0.66638
412.5 0.673428
418.75 0.681064
425 0.687926
431.25 0.694538
437.5 0.702102
443.75 0.707157
450 0.712559
456.25 0.718969
462.5 0.723735
468.75 0.729066
475 0.734741
481.25 0.73983
487.5 0.745784
493.75 0.750601
500 0.754461
506.25 0.759065
512.5 0.764439
518.75 0.770046
525 0.77363
531.25 0.778966
537.5 0.782686
543.75 0.785866
550 0.790173
556.25 0.794617
562.5 0.798382
568.75 0.801993
575 0.806982
581.25 0.80959
587.5 0.812906
593.75 0.815637
600 0.819889
606.25 0.822828
612.5 0.825387
618.75 0.82856
625 0.829886
631.25 0.832051
637.5 0.83405
643.75 0.83498
650 0.837593
656.25 0.839499
662.5 0.840627
668.75 0.842036
675 0.843598
681.25 0.844537
687.5 0.847361
693.75 0.848111
700 0.850132
706.25 0.852703
712.5 0.853669
718.75 0.855089
725 0.856566
731.25 0.857167
737.5 0.859156
743.75 0.860737
750 0.862097
756.25 0.863113
762.5 0.864704
768.75 0.865343
775 0.866575
781.25 0.866644
787.5 0.866968
793.75 0.86782
800 0.867631
806.25 0.867651
812.5 0.868207
818.75 0.87007
825 0.871613
831.25 0.872304
837.5 0.872946
843.75 0.873325
850 0.873806
856.25 0.874063
862.5 0.875036
868.75 0.87504
875 0.875457
881.25 0.87606
887.5 0.876483
893.75 0.877821
900 0.878995
906.25 0.879116
912.5 0.879708
918.75 0.879886
925 0.879587
931.25 0.881377
937.5 0.882547
943.75 0.883022
950 0.884004
956.25 0.884638
962.5 0.885668
968.75 0.885562
975 0.886431
981.25 0.886516
987.5 0.887895
993.75 0.887968
1000 0.888525
1006.25 0.889377
1012.5 0.890593
1018.75 0.891298
1025 0.891543
1031.25 0.891614
1037.5 0.892896
1043.75 0.892837
1050 0.892708
1056.25 0.893507
1062.5 0.894349
1068.75 0.89484
1075 0.895822
1081.25 0.897648
1087.5 0.89702
1093.75 0.89801
1100 0.897997
1106.25 0.898617
1112.5 0.898836
1118.75 0.898584
1125 0.89869
1131.25 0.898117
1137.5 0.898035
1143.75 0.899393
1150 0.899768
1156.25 0.900018
1162.5 0.899982
1168.75 0.900595
1175 0.900835
1181.25 0.9014
1187.5 0.901386
1193.75 0.901438
1200 0.902822
1206.25 0.903373
1212.5 0.903148
1218.75 0.903309
1225 0.904088
1231.25 0.903761
1237.5 0.90354
1243.75 0.90453
1250 0.904795
