0 7.24176e-07
6.25 0.00224912
12.5 0.00748581
18.75 0.0145511
25 0.0229254
31.25 0.0322575
37.5 0.0428106
43.75 0.0537875
50 0.0660731
56.25 0.0782252
62.5 0.0909787
68.75 0.103701
75 0.11661
81.25 0.129643
87.5 0.143004
93.75 0.15608
100 0.170036
106.25 0.183986
112.5 0.197402
118.75 0.210469
125 0.223187
131.25 0.237124
137.5 0.250332
143.75 0.262326
150 0.274875
156.25 0.286918
162.5 0.29896
168.75 0.311085
175 0.322446
181.25 0.333728
187.5 0.34555
193.75 0.357403
200 0.369023
206.25 0.381303
212.5 0.39236
218.75 0.402728
225 0.413482
231.25 0.424221
237.5 0.43511
243.75 0.446642
250 0.457972
256.25 0.469505
262.5 0.479983
268.75 0.489899
275 0.500131
281.25 0.509793
287.5 0.519297
293.75 0.52892
300 0.538925
306.25 0.548784
312.5 0.55774
318.75 0.566711
325 0.575526
331.25 0.584511
337.5 0.592916
343.75 0.601723
350 0.610418
356.25 0.618286
362.5 0.626234
368.75 0.634233
375 0.642681
381.25 0.651575
387.5 0.659871
393.75 0.66729
400 0.67454
406.25 0.680791
412.5 0.687368
418.75 0.694355
425 0.700601
431.25 0.706763
437.5 0.712926
443.75 0.717625
450 0.723561
456.25 0.729738
462.5 0.735659
468.75 0.74119
475 0.746746
481.25 0.75195
487.5 0.756842
493.75 0.761539
500 0.76573
506.25 0.769855
512.5 0.774881
518.75 0.77938
525 0.782684
531.25 0.78745
537.5 0.79111
543.75 0.794144
550 0.798139
556.25 0.802134
562.5 0.805421
568.75 0.808484
575 0.812343
581.25 0.814856
587.5 0.817931
593.75 0.82133
600 0.824662
606.25 0.827866
612.5 0.830174
618.75 0.832536
625 0.835248
631.25 0.83731
637.5 0.839695
643.75 0.841795
650 0.843492
656.25 0.845585
662.5 0.846772
668.75 0.848338
675 0.849348
681.25 0.850865
687.5 0.852924
693.75 0.85395
700 0.854993
706.25 0.856699
712.5 0.858187
718.75 0.859614
725 0.860778
731.25 0.861271
737.5 0.862693
743.75 0.863744
750 0.864998
756.25 0.866405
762.5 0.868084
768.75 0.868632
775 0.869985
781.25 0.871085
787.5 0.871833
793.75 0.872831
800 0.873585
806.25 0.874199
812.5 0.874629
818.75 0.876103
825 0.876918
831.25 0.877487
837.5 0.878334
843.75 0.878834
850 0.879415
856.25 0.880217
862.5 0.880951
868.75 0.881876
875 0.882237
881.25 0.882822
887.5 0.882872
893.75 0.883712
900 0.884519
906.25 0.884618
912.5 0.885509
918.75 0.886408
925 0.886596
931.25 0.887413
937.5 0.888107
943.75 0.888845
950 0.889167
956.25 0.88964
962.5 0.89012
968.75 0.890143
975 0.89081
981.25 0.890656
987.5 0.891379
993.75 0.891465
1000 0.892005
1006.25 0.892694
1012.5 0.893409
1018.75 0.893916
1025 0.893851
1031.25 0.894283
1037.5 0.894841
1043.75 0.895146
1050 0.895122
1056.25 0.895888
1062.5 0.896369
1068.75 0.896614
1075 0.896906
1081.25 0.897749
1087.5 0.897399
1093.75 0.898325
1100 0.898641
1106.25 0.898953
1112.5 0.899391
1118.75 0.89973
1125 0.89934
1131.25 0.899398
1137.5 0.899374
1143.75 0.899523
1150 0.899979
1156.25 0.900357
1162.5 0.900097
1168.75 0.900708
1175 0.901071
1181.25 0.901335
1187.5 0.901382
1193.75 0.901393
1200 0.902354
1206.25 0.902327
1212.5 0.90231
1218.75 0.902802
1225 0.903088
1231.25 0.90257
1237.5 0.902824
1243.75 0.903479
1250 0.903883
