0 0.000601277
6.25 0.0332494
12.5 0.0607527
18.75 0.0852985
25 0.108539
31.25 0.130005
37.5 0.15079
43.75 0.17017
50 0.189639
56.25 0.207456
62.5 0.225174
68.75 0.241924
75 0.258462
81.25 0.274625
87.5 0.290707
93.75 0.305771
100 0.321172
106.25 0.335997
112.5 0.350242
118.75 0.363842
125 0.376745
131.25 0.390661
137.5 0.403491
143.75 0.415268
150 0.427482
156.25 0.439009
162.5 0.450724
168.75 0.462652
175 0.473522
181.25 0.483725
187.5 0.494487
193.75 0.505365
200 0.516026
206.25 0.52714
212.5 0.536909
218.75 0.546303
225 0.555975
231.25 0.565642
237.5 0.575354
243.75 0.585216
250 0.594462
256.25 0.604085
262.5 0.613002
268.75 0.621379
275 0.629846
281.25 0.637928
287.5 0.645647
293.75 0.65355
300 0.661586
306.25 0.66938
312.5 0.676719
318.75 0.683944
325 0.690954
331.25 0.698329
337.5 0.704857
343.75 0.711817
350 0.718714
356.25 0.725233
362.5 0.73155
368.75 0.737923
375 0.744539
381.25 0.751368
387.5 0.75774
393.75 0.763648
400 0.769003
406.25 0.773732
412.5 0.77874
418.75 0.783943
425 0.788836
431.25 0.793418
437.5 0.798283
443.75 0.801966
450 0.80662
456.25 0.811055
462.5 0.815356
468.75 0.81946
475 0.823733
481.25 0.827602
487.5 0.831299
493.75 0.835009
500 0.838314
506.25 0.84143
512.5 0.845011
518.75 0.84844
525 0.850794
531.25 0.854347
537.5 0.856965
543.75 0.859365
550 0.862163
556.25 0.865172
562.5 0.867877
568.75 0.870231
575 0.872892
581.25 0.874937
587.5 0.877219
593.75 0.879718
600 0.882044
606.25 0.884462
612.5 0.886235
618.75 0.88802
625 0.889992
631.25 0.891503
637.5 0.893233
643.75 0.894845
650 0.896376
656.25 0.897864
662.5 0.898792
668.75 0.900007
675 0.901004
681.25 0.902253
687.5 0.903703
693.75 0.90454
700 0.905566
706.25 0.906875
712.5 0.908049
718.75 0.908992
725 0.909969
731.25 0.910386
737.5 0.911612
743.75 0.912558
750 0.913608
756.25 0.914542
762.5 0.915725
768.75 0.916322
775 0.917326
781.25 0.918167
787.5 0.918827
793.75 0.919544
800 0.920181
806.25 0.920807
812.5 0.921329
818.75 0.922378
825 0.92305
831.25 0.923564
837.5 0.924297
843.75 0.924856
850 0.925358
856.25 0.92608
862.5 0.926726
868.75 0.927415
875 0.92779
881.25 0.928185
887.5 0.928351
893.75 0.928957
900 0.929555
906.25 0.929793
912.5 0.930525
918.75 0.93118
925 0.931437
931.25 0.932029
937.5 0.932467
943.75 0.932867
950 0.933179
956.25 0.933602
962.5 0.933901
968.75 0.933967
975 0.934494
981.25 0.934474
987.5 0.934961
993.75 0.935213
1000 0.935617
1006.25 0.936103
1012.5 0.936662
1018.75 0.937016
1025 0.937106
1031.25 0.937405
1037.5 0.937851
1043.75 0.938122
1050 0.938168
1056.25 0.938673
1062.5 0.93909
1068.75 0.939324
1075 0.939565
1081.25 0.940089
1087.5 0.939992
1093.75 0.940492
1100 0.940788
1106.25 0.941044
1112.5 0.941383
1118.75 0.941637
1125 0.94151
1131.25 0.941641
1137.5 0.941688
1143.75 0.941848
1150 0.942201
1156.25 0.942446
1162.5 0.942406
1168.75 0.942796
1175 0.943069
1181.25 0.943304
1187.5 0.943427
1193.75 0.943531
1200 0.94407
1206.25 0.944154
1212.5 0.944196
1218.75 0.944523
1225 0.944763
1231.25 0.944566
1237.5 0.944776
1243.75 0.945151
1250 0.94544
