0 0.0232175
6.25 -0.00579632
12.5 0.00233722
18.75 0.0260292
25 0.0717383
31.25 0.107055
37.5 0.130779
43.75 0.152967
50 0.17334
56.25 0.192927
62.5 0.215326
68.75 0.236157
75 0.264625
81.25 0.288414
87.5 0.315324
93.75 0.337259
100 0.358347
106.25 0.375713
112.5 0.39443
118.75 0.412426
125 0.430545
131.25 0.449526
137.5 0.46637
143.75 0.484006
150 0.500649
156.25 0.516714
162.5 0.534794
168.75 0.552141
175 0.567128
181.25 0.579744
187.5 0.592566
193.75 0.606278
200 0.619062
206.25 0.63158
212.5 0.642229
218.75 0.653453
225 0.664691
231.25 0.676703
237.5 0.688172
243.75 0.698235
250 0.70626
256.25 0.715648
262.5 0.724612
268.75 0.733106
275 0.741144
281.25 0.748802
287.5 0.756425
293.75 0.76425
300 0.771447
306.25 0.778128
312.5 0.785351
318.75 0.791797
325 0.797657
331.25 0.804231
337.5 0.809778
343.75 0.815714
350 0.821557
356.25 0.827344
362.5 0.832809
368.75 0.838223
375 0.84345
381.25 0.848647
387.5 0.853711
393.75 0.85855
400 0.862263
406.25 0.8657
412.5 0.869389
418.75 0.873004
425 0.87687
431.25 0.879736
437.5 0.883577
443.75 0.886467
450 0.889742
456.25 0.892509
462.5 0.895291
468.75 0.89802
475 0.901171
481.25 0.903801
487.5 0.906415
493.75 0.909181
500 0.911551
506.25 0.913684
512.5 0.915715
518.75 0.918051
525 0.91943
531.25 0.921693
537.5 0.923145
543.75 0.92486
550 0.926374
556.25 0.928469
562.5 0.9307
568.75 0.932331
575 0.933883
581.25 0.935458
587.5 0.936926
593.75 0.938519
600 0.93989
606.25 0.941586
612.5 0.942837
618.75 0.943956
625 0.94512
631.25 0.94609
637.5 0.947235
643.75 0.948305
650 0.949642
656.25 0.95064
662.5 0.951292
668.75 0.95214
675 0.953172
681.25 0.954155
687.5 0.955016
693.75 0.955724
700 0.956752
706.25 0.957638
712.5 0.958485
718.75 0.959058
725 0.959776
731.25 0.960198
737.5 0.961127
743.75 0.961943
750 0.962773
756.25 0.96325
762.5 0.964004
768.75 0.964665
775 0.965275
781.25 0.965859
787.5 0.966494
793.75 0.966938
800 0.967483
806.25 0.968169
812.5 0.968922
818.75 0.969469
825 0.970049
831.25 0.970596
837.5 0.971259
843.75 0.971947
850 0.972417
856.25 0.973012
862.5 0.973591
868.75 0.974053
875 0.974462
881.25 0.974646
887.5 0.975004
893.75 0.975411
900 0.975841
906.25 0.976184
912.5 0.976783
918.75 0.977225
925 0.977484
931.25 0.97783
937.5 0.978094
943.75 0.978161
950 0.978506
956.25 0.978966
962.5 0.979103
968.75 0.979257
975 0.979657
981.25 0.979865
987.5 0.980222
993.75 0.980688
1000 0.981035
1006.25 0.981343
1012.5 0.981691
1018.75 0.981977
1025 0.982361
1031.25 0.982553
1037.5 0.982857
1043.75 0.983082
1050 0.983186
1056.25 0.983403
1062.5 0.983806
1068.75 0.984033
1075 0.984211
1081.25 0.984502
1087.5 0.984634
1093.75 0.98474
1100 0.984941
1106.25 0.985178
1112.5 0.985421
1118.75 0.985606
1125 0.985836
1131.25 0.986034
1137.5 0.986171
1143.75 0.986349
1150 0.98657
1156.25 0.986676
1162.5 0.986945
1168.75 0.987064
1175 0.987244
1181.25 0.987445
1187.5 0.987613
1193.75 0.987814
1200 0.987886
1206.25 0.98806
1212.5 0.988197
1218.75 0.98839
1225 0.988603
1231.25 0.988724
1237.5 0.988926
1243.75 0.988993
1250 0.989149
