0 6.55263e-05
128 0.0459578
256 0.0801261
384 0.109954
512 0.137803
640 0.164018
768 0.189099
896 0.216457
1024 0.24235
1152 0.268384
1280 0.293971
1408 0.316992
1536 0.340783
1664 0.362265
1792 0.385529
1920 0.406223
2048 0.425463
2176 0.445365
2304 0.466749
2432 0.485309
2560 0.503937
2688 0.521083
2816 0.537723
2944 0.554085
3072 0.568313
3200 0.583119
3328 0.597698
3456 0.613628
3584 0.628894
3712 0.643742
3840 0.657182
3968 0.669098
4096 0.680578
4224 0.691177
4352 0.701394
4480 0.71223
4608 0.72276
4736 0.73199
4864 0.739898
4992 0.748781
5120 0.756692
5248 0.765835
5376 0.77364
5504 0.782305
5632 0.790448
5760 0.798189
5888 0.804192
6016 0.811231
6144 0.820172
6272 0.826468
6400 0.834509
6528 0.841143
6656 0.845962
6784 0.851518
6912 0.855548
7040 0.860873
7168 0.865542
7296 0.869792
7424 0.874214
7552 0.877562
7680 0.880292
7808 0.883219
7936 0.885368
8064 0.888022
8192 0.891309
8320 0.892753
8448 0.895568
8576 0.896437
8704 0.897534
8832 0.899304
8960 0.900237
9088 0.901416
9216 0.902829
9344 0.903623
9472 0.904413
9600 0.905316
9728 0.907093
9856 0.908392
9984 0.91036
10112 0.911682
10240 0.913839
10368 0.914881
10496 0.916491
10624 0.918151
10752 0.919345
10880 0.921949
11008 0.923448
11136 0.924073
11264 0.925166
11392 0.926264
11520 0.927828
11648 0.92919
11776 0.930973
11904 0.932053
12032 0.933353
12160 0.933511
12288 0.933854
12416 0.934278
12544 0.934274
12672 0.934168
12800 0.935086
