0 7.1391e-09
64 0.00125746
128 0.00370638
192 0.00651076
256 0.0103004
320 0.0143575
384 0.0188638
448 0.0239339
512 0.0293538
576 0.0349212
640 0.0409921
704 0.0487568
768 0.0567694
832 0.063421
896 0.0736552
960 0.0822692
1024 0.092496
1088 0.103722
1152 0.113454
1216 0.123673
1280 0.135084
1344 0.144168
1408 0.154408
1472 0.165651
1536 0.176891
1600 0.187892
1664 0.199182
1728 0.209723
1792 0.220742
1856 0.230312
1920 0.241487
1984 0.252241
2048 0.261818
2112 0.27427
2176 0.283755
2240 0.294181
2304 0.307088
2368 0.317383
2432 0.328015
2496 0.335136
2560 0.343233
2624 0.352207
2688 0.358919
2752 0.36724
2816 0.375512
2880 0.383378
2944 0.391479
3008 0.400464
3072 0.407548
3136 0.417022
3200 0.424962
3264 0.433004
3328 0.441128
3392 0.452076
3456 0.461559
3520 0.470001
3584 0.480857
3648 0.489817
3712 0.498311
3776 0.506368
3840 0.51639
3904 0.52416
3968 0.531169
4032 0.538086
4096 0.54441
4160 0.551186
4224 0.556969
4288 0.564909
4352 0.573145
4416 0.579281
4480 0.588834
4544 0.593176
4608 0.601128
4672 0.60634
4736 0.613647
4800 0.620173
4864 0.627407
4928 0.633201
4992 0.637889
5056 0.644492
5120 0.649165
5184 0.653996
5248 0.662121
5312 0.667625
5376 0.671809
5440 0.676935
5504 0.681243
5568 0.686553
5632 0.69203
5696 0.69835
5760 0.703564
5824 0.709505
5888 0.712875
5952 0.716714
6016 0.724357
6080 0.729359
6144 0.735675
6208 0.740879
6272 0.746027
6336 0.751084
6400 0.75402
6464 0.758439
6528 0.763028
6592 0.767675
6656 0.769692
6720 0.773331
6784 0.777857
6848 0.779004
6912 0.781924
6976 0.787238
7040 0.790137
7104 0.792952
7168 0.797995
7232 0.799722
7296 0.802338
7360 0.803641
7424 0.806212
7488 0.807571
7552 0.809453
7616 0.810943
7680 0.812137
7744 0.814988
7808 0.81544
7872 0.817285
7936 0.817795
8000 0.819398
8064 0.821986
8128 0.824141
8192 0.825808
8256 0.825853
8320 0.826419
8384 0.827886
8448 0.830483
8512 0.830102
8576 0.828929
8640 0.830223
8704 0.83048
8768 0.833569
8832 0.833097
8896 0.833067
8960 0.834209
9024 0.834946
9088 0.835
9152 0.835551
9216 0.836787
9280 0.836035
9344 0.837058
9408 0.83685
9472 0.836847
9536 0.835815
9600 0.837221
9664 0.838887
9728 0.838851
9792 0.840033
9856 0.8406
9920 0.842141
9984 0.843456
10048 0.844712
10112 0.845111
10176 0.845691
10240 0.847624
10304 0.848884
10368 0.848878
10432 0.851199
10496 0.851806
10560 0.852079
10624 0.853391
10688 0.853603
10752 0.854947
10816 0.856428
10880 0.859765
10944 0.861066
11008 0.862725
11072 0.864386
11136 0.865269
11200 0.865554
11264 0.867608
11328 0.869741
11392 0.869358
11456 0.872217
11520 0.872193
11584 0.873945
11648 0.873447
11712 0.876567
11776 0.877972
11840 0.879378
11904 0.881187
11968 0.88263
12032 0.882868
12096 0.882524
12160 0.883676
12224 0.884548
12288 0.885007
12352 0.884156
12416 0.88632
12480 0.887045
12544 0.885808
12608 0.885466
12672 0.885599
12736 0.888
12800 0.887487
