0 7.82257e-05
128 0.0526458
256 0.0933787
384 0.132022
512 0.162721
640 0.197284
768 0.226684
896 0.2561
1024 0.286815
1152 0.313444
1280 0.341271
1408 0.36217
1536 0.386353
1664 0.39956
1792 0.423081
1920 0.445714
2048 0.465256
2176 0.483724
2304 0.504961
2432 0.520742
2560 0.537895
2688 0.554149
2816 0.570762
2944 0.587856
3072 0.600688
3200 0.615009
3328 0.628195
3456 0.644284
3584 0.659435
3712 0.673852
3840 0.687516
3968 0.702373
4096 0.717946
4224 0.73094
4352 0.74059
4480 0.750865
4608 0.763907
4736 0.772547
4864 0.777505
4992 0.784761
5120 0.795127
5248 0.803532
5376 0.810325
5504 0.819771
5632 0.826622
5760 0.832503
5888 0.838174
6016 0.844377
6144 0.851636
6272 0.856531
6400 0.864006
6528 0.86771
6656 0.87215
6784 0.875505
6912 0.876279
7040 0.878674
7168 0.879784
7296 0.879128
7424 0.882433
7552 0.883875
7680 0.884174
7808 0.885707
7936 0.886603
8064 0.888282
8192 0.891304
8320 0.894386
8448 0.896617
8576 0.897246
8704 0.898297
8832 0.89936
8960 0.899944
9088 0.900639
9216 0.902664
9344 0.903215
9472 0.903115
9600 0.904758
9728 0.906042
9856 0.908001
9984 0.909607
10112 0.91146
10240 0.914719
10368 0.915445
10496 0.915248
10624 0.917617
10752 0.919351
10880 0.923273
11008 0.924016
11136 0.922793
11264 0.9242
11392 0.925491
11520 0.926826
11648 0.927991
11776 0.928732
11904 0.929919
12032 0.931409
12160 0.930765
12288 0.930847
12416 0.931318
12544 0.930559
12672 0.930937
12800 0.931143
