0 1.12866e-08
128 0.00625739
256 0.0187267
384 0.0355315
512 0.0516981
640 0.0726786
768 0.0951119
896 0.11827
1024 0.143441
1152 0.165144
1280 0.191773
1408 0.211624
1536 0.235829
1664 0.248695
1792 0.269777
1920 0.293527
2048 0.315952
2176 0.33546
2304 0.3574
2432 0.373438
2560 0.391701
2688 0.408881
2816 0.42755
2944 0.445389
3072 0.460198
3200 0.474943
3328 0.489126
3456 0.506901
3584 0.525922
3712 0.544065
3840 0.562084
3968 0.58162
4096 0.60325
4224 0.620357
4352 0.632271
4480 0.646167
4608 0.663362
4736 0.674059
4864 0.679168
4992 0.688076
5120 0.702129
5248 0.712717
5376 0.72293
5504 0.734777
5632 0.74399
5760 0.752042
5888 0.75942
6016 0.767436
6144 0.778533
6272 0.78674
6400 0.797995
6528 0.804074
6656 0.810602
6784 0.815739
6912 0.817768
7040 0.820098
7168 0.822115
7296 0.819967
7424 0.825066
7552 0.826314
7680 0.825871
7808 0.827285
7936 0.828068
8064 0.83049
8192 0.834191
8320 0.838364
8448 0.842064
8576 0.841392
8704 0.841906
8832 0.843421
8960 0.8429
9088 0.843526
9216 0.846032
9344 0.846531
9472 0.844266
9600 0.846288
9728 0.84759
9856 0.849332
9984 0.850444
10112 0.852317
10240 0.856521
10368 0.857466
10496 0.856153
10624 0.860119
10752 0.862405
10880 0.868255
11008 0.869251
11136 0.866569
11264 0.868348
11392 0.870187
11520 0.872118
11648 0.87443
11776 0.875869
11904 0.877861
12032 0.880261
12160 0.878513
12288 0.878398
12416 0.878814
12544 0.876707
12672 0.877075
12800 0.878336
