0 6.1406e-05
64 0.0253871
128 0.0433464
192 0.0592954
256 0.0742309
320 0.0892602
384 0.101173
448 0.116208
512 0.127958
576 0.140304
640 0.151951
704 0.166761
768 0.176505
832 0.190808
896 0.203876
960 0.217833
1024 0.227995
1088 0.243511
1152 0.252594
1216 0.267517
1280 0.278181
1344 0.290666
1408 0.301427
1472 0.315331
1536 0.325804
1600 0.338207
1664 0.350407
1728 0.363236
1792 0.373864
1856 0.383919
1920 0.394458
1984 0.405226
2048 0.415772
2112 0.428775
2176 0.437071
2240 0.44732
2304 0.459718
2368 0.467657
2432 0.479673
2496 0.484357
2560 0.498515
2624 0.50108
2688 0.516337
2752 0.514819
2816 0.533097
2880 0.530865
2944 0.54932
3008 0.547282
3072 0.564906
3136 0.563226
3200 0.580627
3264 0.577464
3328 0.595128
3392 0.595621
3456 0.611219
3520 0.609017
3584 0.625654
3648 0.625264
3712 0.640191
3776 0.640018
3840 0.654189
3904 0.654054
3968 0.665351
4032 0.666002
4096 0.675828
4160 0.677106
4224 0.686506
4288 0.688236
4352 0.697546
4416 0.69993
4480 0.708925
4544 0.711165
4608 0.719167
4672 0.722522
4736 0.729419
4800 0.733168
4864 0.737294
4928 0.743999
4992 0.745777
5056 0.752675
5120 0.753071
5184 0.759982
5248 0.762297
5312 0.770436
5376 0.769946
5440 0.777573
5504 0.778061
5568 0.785186
5632 0.785531
5696 0.793901
5760 0.793582
5824 0.802111
5888 0.799769
5952 0.807601
6016 0.807232
6080 0.817091
6144 0.81561
6208 0.82551
6272 0.822251
6336 0.832415
6400 0.829514
6464 0.838048
6528 0.835951
6592 0.844438
6656 0.840852
6720 0.848704
6784 0.846132
6848 0.853187
6912 0.851148
6976 0.858572
7040 0.857212
7104 0.862435
7168 0.863614
7232 0.867255
7296 0.868118
7360 0.870244
7424 0.872406
7488 0.873205
7552 0.875242
7616 0.875451
7680 0.878294
7744 0.878626
7808 0.880996
7872 0.881137
7936 0.882897
8000 0.883239
8064 0.885595
8128 0.885942
8192 0.888298
8256 0.887059
8320 0.889277
8384 0.889092
8448 0.891995
8512 0.890915
8576 0.892727
8640 0.891756
8704 0.89393
8768 0.894129
8832 0.895925
8896 0.894195
8960 0.896564
9024 0.896461
9088 0.897623
9152 0.897221
9216 0.8986
9280 0.898046
9344 0.89913
9408 0.899257
9472 0.899506
9536 0.899412
9600 0.900314
9664 0.901862
9728 0.902119
9792 0.903302
9856 0.903267
9920 0.905423
9984 0.90523
10048 0.907842
10112 0.90638
10176 0.909246
10240 0.908298
10304 0.912058
10368 0.909338
10432 0.914191
10496 0.911255
10560 0.915189
10624 0.912559
10688 0.917431
10752 0.913548
10816 0.919865
10880 0.916626
10944 0.923068
11008 0.918103
11072 0.925217
11136 0.919753
11200 0.926191
11264 0.9209
11328 0.929114
11392 0.921917
11456 0.9309
11520 0.923659
11584 0.93217
11648 0.925061
11712 0.933734
11776 0.92741
11840 0.935615
11904 0.929
11968 0.937903
12032 0.930376
12096 0.937912
12160 0.930971
12224 0.939145
12288 0.931698
12352 0.938692
12416 0.931716
12480 0.940442
12544 0.932232
12608 0.939746
12672 0.931971
12736 0.941419
12800 0.9331
