0 6.21844e-05
128 0.0441978
256 0.0766386
384 0.104147
512 0.131246
640 0.155264
768 0.179208
896 0.206025
1024 0.230649
1152 0.256526
1280 0.281523
1408 0.305103
1536 0.328791
1664 0.35245
1792 0.375647
1920 0.395831
2048 0.414991
2176 0.435271
2304 0.456693
2432 0.475985
2560 0.495001
2688 0.512381
2816 0.529029
2944 0.545198
3072 0.559793
3200 0.574727
3328 0.589673
3456 0.605561
3584 0.620857
3712 0.635818
3840 0.649199
3968 0.660341
4096 0.670744
4224 0.680713
4352 0.691079
4480 0.702063
4608 0.711932
4736 0.721317
4864 0.730001
4992 0.739313
5120 0.746578
5248 0.755915
5376 0.763986
5504 0.772446
5632 0.780928
5760 0.789159
5888 0.795249
6016 0.802509
6144 0.811892
6272 0.818557
6400 0.826747
6528 0.834152
6656 0.83907
6784 0.845206
6912 0.850093
7040 0.856189
7168 0.861794
7296 0.867335
7424 0.872051
7552 0.875901
7680 0.87927
7808 0.882564
7936 0.885043
8064 0.887954
8192 0.89131
8320 0.892323
8448 0.895292
8576 0.896224
8704 0.897333
8832 0.899289
8960 0.900314
9088 0.90162
9216 0.902872
9344 0.90373
9472 0.904754
9600 0.905463
9728 0.907369
9856 0.908495
9984 0.910558
10112 0.911741
10240 0.913608
10368 0.914733
10496 0.916818
10624 0.918292
10752 0.919343
10880 0.921601
11008 0.923298
11136 0.92441
11264 0.92542
11392 0.926467
11520 0.928092
11648 0.929506
11776 0.931563
11904 0.932614
12032 0.933864
12160 0.934233
12288 0.934645
12416 0.935057
12544 0.935251
12672 0.935018
12800 0.936124
