0 0.155553
128 -0.257699
256 -0.147663
384 -0.038544
512 0.0475203
640 0.132663
768 0.149064
896 0.196755
1024 0.256305
1152 0.319099
1280 0.353396
1408 0.386605
1536 0.420101
1664 0.442232
1792 0.492848
1920 0.522471
2048 0.54039
2176 0.566345
2304 0.598354
2432 0.622878
2560 0.646183
2688 0.668492
2816 0.687567
2944 0.711167
3072 0.7246
3200 0.744321
3328 0.760542
3456 0.77885
3584 0.79058
3712 0.801822
3840 0.810852
3968 0.821027
4096 0.829654
4224 0.838877
4352 0.847217
4480 0.853904
4608 0.863238
4736 0.8706
4864 0.876505
4992 0.88272
5120 0.889434
5248 0.89615
5376 0.899023
5504 0.906623
5632 0.911187
5760 0.914898
5888 0.91903
6016 0.923612
6144 0.926582
6272 0.92763
6400 0.931028
6528 0.93206
6656 0.934324
6784 0.935773
6912 0.935012
7040 0.937791
7168 0.937864
7296 0.939056
7424 0.940441
7552 0.942299
7680 0.94358
7808 0.945432
7936 0.946566
8064 0.947474
8192 0.949941
8320 0.951948
8448 0.952555
8576 0.954857
8704 0.956666
8832 0.957257
8960 0.959252
9088 0.960087
9216 0.961673
9344 0.962327
9472 0.964873
9600 0.96616
9728 0.967503
9856 0.969839
9984 0.972131
10112 0.974051
10240 0.976323
10368 0.97682
10496 0.977945
10624 0.978507
10752 0.979651
10880 0.981439
11008 0.981908
11136 0.98236
11264 0.983373
11392 0.98406
11520 0.984737
11648 0.984599
11776 0.984549
11904 0.984839
12032 0.985315
12160 0.985931
12288 0.986242
12416 0.986786
12544 0.987566
12672 0.987964
12800 0.986957
