0 -0.0817327
64 0.0489425
128 0.0714972
192 0.148218
256 0.189876
320 0.19796
384 0.226565
448 0.227678
512 0.226482
576 0.226017
640 0.253406
704 0.246735
768 0.234822
832 0.258027
896 0.270794
960 0.266231
1024 0.259162
1088 0.250811
1152 0.257544
1216 0.271893
1280 0.281049
1344 0.293603
1408 0.306761
1472 0.334059
1536 0.338089
1600 0.357364
1664 0.381881
1728 0.410471
1792 0.423568
1856 0.437431
1920 0.45151
1984 0.463891
2048 0.486455
2112 0.508168
2176 0.513773
2240 0.529792
2304 0.537822
2368 0.548798
2432 0.559672
2496 0.571468
2560 0.589829
2624 0.597235
2688 0.60835
2752 0.614394
2816 0.627462
2880 0.639621
2944 0.651741
3008 0.662973
3072 0.675765
3136 0.6854
3200 0.696121
3264 0.7015
3328 0.710149
3392 0.725701
3456 0.729203
3520 0.732815
3584 0.739857
3648 0.747126
3712 0.758246
3776 0.763822
3840 0.768711
3904 0.774717
3968 0.781347
4032 0.786887
4096 0.793041
4160 0.797779
4224 0.800581
4288 0.807374
4352 0.813029
4416 0.817557
4480 0.823033
4544 0.827148
4608 0.834849
4672 0.838512
4736 0.843205
4800 0.846265
4864 0.849839
4928 0.856077
4992 0.858817
5056 0.862366
5120 0.863582
5184 0.867683
5248 0.871533
5312 0.875241
5376 0.877525
5440 0.880394
5504 0.882544
5568 0.886399
5632 0.889121
5696 0.891999
5760 0.895431
5824 0.897224
5888 0.898948
5952 0.901114
6016 0.904863
6080 0.907554
6144 0.909665
6208 0.912818
6272 0.914959
6336 0.91605
6400 0.918223
6464 0.920103
6528 0.922093
6592 0.92343
6656 0.924528
6720 0.926375
6784 0.927975
6848 0.929834
6912 0.931061
6976 0.932046
7040 0.933024
7104 0.933909
7168 0.935996
7232 0.936725
7296 0.937903
7360 0.938842
7424 0.940685
7488 0.940872
7552 0.941514
7616 0.941901
7680 0.942265
7744 0.944293
7808 0.946653
7872 0.947343
7936 0.948628
8000 0.949638
8064 0.950772
8128 0.949997
8192 0.950458
8256 0.950463
8320 0.951468
8384 0.952686
8448 0.953447
8512 0.954175
8576 0.954775
8640 0.955994
8704 0.956385
8768 0.957345
8832 0.957829
8896 0.958125
8960 0.959822
9024 0.961047
9088 0.962132
9152 0.962054
9216 0.963261
9280 0.963362
9344 0.964466
9408 0.965144
9472 0.965607
9536 0.966779
9600 0.967151
9664 0.968609
9728 0.969413
9792 0.970489
9856 0.971421
9920 0.972736
9984 0.974024
10048 0.975084
10112 0.976072
10176 0.977063
10240 0.978712
10304 0.979522
10368 0.980605
10432 0.981509
10496 0.982516
10560 0.982678
10624 0.984327
10688 0.985833
10752 0.986611
10816 0.987854
10880 0.988805
10944 0.989424
11008 0.989878
11072 0.990235
11136 0.990524
11200 0.990995
11264 0.991343
11328 0.992485
11392 0.992764
11456 0.99349
11520 0.993711
11584 0.994241
11648 0.994314
11712 0.994599
11776 0.995164
11840 0.995428
11904 0.995825
11968 0.996627
12032 0.996603
12096 0.996766
12160 0.996899
12224 0.997103
12288 0.996775
12352 0.99658
12416 0.996788
12480 0.997045
12544 0.997309
12608 0.997347
12672 0.997638
12736 0.998047
12800 0.99792
