0 -0.162322
128 -0.0460204
256 0.0903455
384 0.167314
512 0.183339
640 0.21624
768 0.247632
896 0.289854
1024 0.306365
1152 0.321414
1280 0.346969
1408 0.370971
1536 0.395145
1664 0.425174
1792 0.460979
1920 0.48271
2048 0.504602
2176 0.524361
2304 0.544068
2432 0.562576
2560 0.5888
2688 0.605691
2816 0.62359
2944 0.642563
3072 0.662749
3200 0.679863
3328 0.697706
3456 0.714527
3584 0.728534
3712 0.746556
3840 0.759419
3968 0.770804
4096 0.779619
4224 0.789859
4352 0.7997
4480 0.810375
4608 0.821666
4736 0.830634
4864 0.838772
4992 0.848889
5120 0.854644
5248 0.863214
5376 0.871065
5504 0.878068
5632 0.885185
5760 0.892505
5888 0.897295
6016 0.902254
6144 0.909488
6272 0.914591
6400 0.920045
6528 0.925194
6656 0.927617
6784 0.930973
6912 0.934202
7040 0.936777
7168 0.939585
7296 0.942243
7424 0.945211
7552 0.947037
7680 0.948263
7808 0.950867
7936 0.95236
8064 0.954256
8192 0.955134
8320 0.956293
8448 0.957769
8576 0.958701
8704 0.960066
8832 0.96165
8960 0.963241
9088 0.96529
9216 0.966031
9344 0.966983
9472 0.96865
9600 0.969565
9728 0.971044
9856 0.97171
9984 0.973644
10112 0.975582
10240 0.977256
10368 0.978582
10496 0.979909
10624 0.981274
10752 0.982618
10880 0.984338
11008 0.985319
11136 0.985784
11264 0.986198
11392 0.98761
11520 0.988372
11648 0.989081
11776 0.989689
11904 0.990109
12032 0.990749
12160 0.991315
12288 0.991309
12416 0.991362
12544 0.991966
12672 0.992183
12800 0.992639
