0 41493.15000000 41604.17500000
40.00000000 1008.10000000 1013.30000000
80.00000000 792.75000000 798.97500000
120.00000000 691.30000000 695.42500000
160.00000000 626.92500000 629.80000000
200.00000000 580.55000000 581.92500000
240.00000000 541.22500000 541.97500000
280.00000000 508.12500000 509.75000000
320.00000000 480.92500000 482.05000000
360.00000000 458.52500000 461.70000000
400.00000000 436.60000000 439.22500000
440.00000000 421.57500000 422.77500000
480.00000000 405.27500000 406.47500000
520.00000000 392.80000000 392.45000000
560.00000000 379.10000000 380.07500000
600.00000000 362.87500000 366.37500000
640.00000000 353.35000000 354.87500000
680.00000000 344.60000000 346.57500000
720.00000000 336.90000000 337.95000000
760.00000000 328.95000000 329.50000000
800.00000000 319.97500000 321.35000000
840.00000000 312.20000000 313.05000000
880.00000000 305.22500000 307.27500000
920.00000000 299.85000000 301.97500000
960.00000000 295.00000000 297.20000000
1000.00000000 289.37500000 289.65000000
1040.00000000 283.17500000 284.75000000
1080.00000000 279.02500000 282.32500000
1120.00000000 274.40000000 275.12500000
1160.00000000 271.25000000 271.17500000
1200.00000000 264.55000000 266.45000000
1240.00000000 260.50000000 261.72500000
1280.00000000 258.10000000 259.30000000
1320.00000000 254.55000000 257.35000000
1360.00000000 249.05000000 250.22500000
1400.00000000 245.02500000 246.47500000
1440.00000000 243.37500000 244.00000000
1480.00000000 240.10000000 240.85000000
1520.00000000 237.87500000 239.50000000
1560.00000000 234.02500000 234.47500000
1600.00000000 232.60000000 233.90000000
1640.00000000 229.12500000 229.85000000
1680.00000000 226.55000000 226.75000000
1720.00000000 223.67500000 223.70000000
1760.00000000 221.97500000 223.47500000
1800.00000000 219.65000000 221.05000000
1840.00000000 218.15000000 218.30000000
1880.00000000 214.37500000 215.47500000
1920.00000000 213.10000000 214.70000000
1960.00000000 211.00000000 211.10000000
2000.00000000 208.17500000 208.30000000
2040.00000000 205.75000000 207.12500000
2080.00000000 204.32500000 204.37500000
2120.00000000 202.95000000 203.10000000
2160.00000000 200.40000000 200.10000000
2200.00000000 198.35000000 199.35000000
2240.00000000 197.07500000 197.87500000
2280.00000000 196.40000000 197.05000000
2320.00000000 194.32500000 194.77500000
2360.00000000 192.12500000 193.85000000
2400.00000000 191.60000000 191.57500000
2440.00000000 189.85000000 190.00000000
2480.00000000 187.60000000 188.65000000
2520.00000000 186.35000000 186.42500000
2560.00000000 186.00000000 187.27500000
2600.00000000 182.32500000 183.22500000
2640.00000000 180.90000000 181.42500000
2680.00000000 180.75000000 182.57500000
2720.00000000 180.85000000 181.35000000
2760.00000000 179.70000000 180.12500000
2800.00000000 179.50000000 179.57500000
2840.00000000 176.17500000 177.62500000
2880.00000000 174.25000000 173.85000000
2920.00000000 177.05000000 176.77500000
2960.00000000 173.57500000 173.57500000
3000.00000000 173.90000000 175.77500000
3040.00000000 172.22500000 173.55000000
3080.00000000 169.97500000 170.25000000
3120.00000000 168.47500000 169.90000000
3160.00000000 168.60000000 169.40000000
3200.00000000 169.20000000 169.00000000
3240.00000000 167.90000000 168.65000000
3280.00000000 165.80000000 166.17500000
3320.00000000 164.67500000 164.80000000
3360.00000000 164.30000000 164.67500000
3400.00000000 162.50000000 163.15000000
3440.00000000 161.35000000 162.65000000
3480.00000000 161.87500000 161.80000000
3520.00000000 159.87500000 161.45000000
3560.00000000 159.82500000 158.80000000
3600.00000000 157.12500000 158.12500000
3640.00000000 158.87500000 158.77500000
3680.00000000 158.72500000 159.77500000
3720.00000000 156.15000000 157.35000000
3760.00000000 156.65000000 155.00000000
3800.00000000 155.62500000 155.80000000
3840.00000000 155.15000000 156.07500000
3880.00000000 155.00000000 155.45000000
3920.00000000 153.95000000 155.57500000
3960.00000000 152.30000000 152.32500000
4000.00000000 153.35000000 153.55000000
