0 41472.90000000 41590.20000000
40.00000000 1007.25000000 1012.45000000
80.00000000 790.95000000 797.20000000
120.00000000 690.90000000 696.05000000
160.00000000 626.30000000 629.35000000
200.00000000 579.50000000 580.70000000
240.00000000 542.40000000 542.30000000
280.00000000 508.40000000 510.00000000
320.00000000 483.00000000 483.70000000
360.00000000 461.40000000 465.35000000
400.00000000 436.40000000 439.05000000
440.00000000 422.40000000 423.90000000
480.00000000 406.90000000 408.40000000
520.00000000 394.75000000 395.45000000
560.00000000 379.65000000 379.10000000
600.00000000 366.35000000 368.45000000
640.00000000 355.30000000 356.85000000
680.00000000 346.30000000 348.55000000
720.00000000 337.50000000 339.25000000
760.00000000 331.05000000 331.90000000
800.00000000 321.50000000 322.70000000
840.00000000 314.30000000 314.75000000
880.00000000 305.65000000 308.05000000
920.00000000 302.80000000 303.20000000
960.00000000 298.60000000 300.85000000
1000.00000000 293.40000000 292.80000000
1040.00000000 286.45000000 287.80000000
1080.00000000 280.05000000 283.30000000
1120.00000000 276.45000000 276.80000000
1160.00000000 273.55000000 274.25000000
1200.00000000 265.45000000 267.60000000
1240.00000000 261.00000000 261.95000000
1280.00000000 258.45000000 259.85000000
1320.00000000 256.45000000 258.95000000
1360.00000000 250.85000000 251.70000000
1400.00000000 245.45000000 245.90000000
1440.00000000 244.15000000 244.25000000
1480.00000000 242.50000000 242.60000000
1520.00000000 240.00000000 242.30000000
1560.00000000 235.35000000 235.40000000
1600.00000000 234.05000000 235.70000000
1640.00000000 229.70000000 230.35000000
1680.00000000 228.30000000 228.60000000
1720.00000000 225.85000000 226.05000000
1760.00000000 223.75000000 225.90000000
1800.00000000 220.35000000 221.50000000
1840.00000000 219.90000000 219.40000000
1880.00000000 215.65000000 215.45000000
1920.00000000 213.90000000 215.15000000
1960.00000000 212.35000000 211.70000000
2000.00000000 208.25000000 208.10000000
2040.00000000 206.05000000 206.85000000
2080.00000000 204.85000000 204.80000000
2120.00000000 202.60000000 203.05000000
2160.00000000 199.00000000 199.30000000
2200.00000000 197.15000000 197.70000000
2240.00000000 196.40000000 197.20000000
2280.00000000 196.80000000 197.30000000
2320.00000000 193.45000000 193.35000000
2360.00000000 192.10000000 193.00000000
2400.00000000 191.15000000 190.15000000
2440.00000000 187.15000000 188.40000000
2480.00000000 187.90000000 188.15000000
2520.00000000 184.90000000 186.20000000
2560.00000000 185.35000000 186.20000000
2600.00000000 180.80000000 182.20000000
2640.00000000 177.70000000 179.55000000
2680.00000000 179.05000000 180.65000000
2720.00000000 180.15000000 181.45000000
2760.00000000 178.05000000 178.45000000
2800.00000000 178.45000000 178.10000000
2840.00000000 174.45000000 176.75000000
2880.00000000 173.25000000 172.05000000
2920.00000000 175.85000000 176.55000000
2960.00000000 172.75000000 174.00000000
3000.00000000 173.60000000 174.95000000
3040.00000000 172.40000000 173.50000000
3080.00000000 169.55000000 170.15000000
3120.00000000 168.10000000 169.55000000
3160.00000000 168.00000000 168.75000000
3200.00000000 169.60000000 169.75000000
3240.00000000 168.15000000 168.00000000
3280.00000000 165.85000000 165.75000000
3320.00000000 164.30000000 163.50000000
3360.00000000 163.35000000 164.15000000
3400.00000000 161.85000000 163.55000000
3440.00000000 160.85000000 161.45000000
3480.00000000 162.65000000 163.30000000
3520.00000000 160.20000000 161.35000000
3560.00000000 157.50000000 156.90000000
3600.00000000 157.60000000 158.15000000
3640.00000000 158.80000000 159.25000000
3680.00000000 157.50000000 158.80000000
3720.00000000 155.45000000 157.00000000
3760.00000000 157.20000000 154.20000000
3800.00000000 155.65000000 155.50000000
3840.00000000 155.75000000 156.50000000
3880.00000000 153.90000000 155.10000000
3920.00000000 153.15000000 154.70000000
3960.00000000 152.20000000 153.15000000
4000.00000000 152.60000000 152.90000000
