0 41513.40000000 41618.15000000
40.00000000 1008.95000000 1014.15000000
80.00000000 794.55000000 800.75000000
120.00000000 691.70000000 694.80000000
160.00000000 627.55000000 630.25000000
200.00000000 581.60000000 583.15000000
240.00000000 540.05000000 541.65000000
280.00000000 507.85000000 509.50000000
320.00000000 478.85000000 480.40000000
360.00000000 455.65000000 458.05000000
400.00000000 436.80000000 439.40000000
440.00000000 420.75000000 421.65000000
480.00000000 403.65000000 404.55000000
520.00000000 390.85000000 389.45000000
560.00000000 378.55000000 381.05000000
600.00000000 359.40000000 364.30000000
640.00000000 351.40000000 352.90000000
680.00000000 342.90000000 344.60000000
720.00000000 336.30000000 336.65000000
760.00000000 326.85000000 327.10000000
800.00000000 318.45000000 320.00000000
840.00000000 310.10000000 311.35000000
880.00000000 304.80000000 306.50000000
920.00000000 296.90000000 300.75000000
960.00000000 291.40000000 293.55000000
1000.00000000 285.35000000 286.50000000
1040.00000000 279.90000000 281.70000000
1080.00000000 278.00000000 281.35000000
1120.00000000 272.35000000 273.45000000
1160.00000000 268.95000000 268.10000000
1200.00000000 263.65000000 265.30000000
1240.00000000 260.00000000 261.50000000
1280.00000000 257.75000000 258.75000000
1320.00000000 252.65000000 255.75000000
1360.00000000 247.25000000 248.75000000
1400.00000000 244.60000000 247.05000000
1440.00000000 242.60000000 243.75000000
1480.00000000 237.70000000 239.10000000
1520.00000000 235.75000000 236.70000000
1560.00000000 232.70000000 233.55000000
1600.00000000 231.15000000 232.10000000
1640.00000000 228.55000000 229.35000000
1680.00000000 224.80000000 224.90000000
1720.00000000 221.50000000 221.35000000
1760.00000000 220.20000000 221.05000000
1800.00000000 218.95000000 220.60000000
1840.00000000 216.40000000 217.20000000
1880.00000000 213.10000000 215.50000000
1920.00000000 212.30000000 214.25000000
1960.00000000 209.65000000 210.50000000
2000.00000000 208.10000000 208.50000000
2040.00000000 205.45000000 207.40000000
2080.00000000 203.80000000 203.95000000
2120.00000000 203.30000000 203.15000000
2160.00000000 201.80000000 200.90000000
2200.00000000 199.55000000 201.00000000
2240.00000000 197.75000000 198.55000000
2280.00000000 196.00000000 196.80000000
2320.00000000 195.20000000 196.20000000
2360.00000000 192.15000000 194.70000000
2400.00000000 192.05000000 193.00000000
2440.00000000 192.55000000 191.60000000
2480.00000000 187.30000000 189.15000000
2520.00000000 187.80000000 186.65000000
2560.00000000 186.65000000 188.35000000
2600.00000000 183.85000000 184.25000000
2640.00000000 184.10000000 183.30000000
2680.00000000 182.45000000 184.50000000
2720.00000000 181.55000000 181.25000000
2760.00000000 181.35000000 181.80000000
2800.00000000 180.55000000 181.05000000
2840.00000000 177.90000000 178.50000000
2880.00000000 175.25000000 175.65000000
2920.00000000 178.25000000 177.00000000
2960.00000000 174.40000000 173.15000000
3000.00000000 174.20000000 176.60000000
3040.00000000 172.05000000 173.60000000
3080.00000000 170.40000000 170.35000000
3120.00000000 168.85000000 170.25000000
3160.00000000 169.20000000 170.05000000
3200.00000000 168.80000000 168.25000000
3240.00000000 167.65000000 169.30000000
3280.00000000 165.75000000 166.60000000
3320.00000000 165.05000000 166.10000000
3360.00000000 165.25000000 165.20000000
3400.00000000 163.15000000 162.75000000
3440.00000000 161.85000000 163.85000000
3480.00000000 161.10000000 160.30000000
3520.00000000 159.55000000 161.55000000
3560.00000000 162.15000000 160.70000000
3600.00000000 156.65000000 158.10000000
3640.00000000 158.95000000 158.30000000
3680.00000000 159.95000000 160.75000000
3720.00000000 156.85000000 157.70000000
3760.00000000 156.10000000 155.80000000
3800.00000000 155.60000000 156.10000000
3840.00000000 154.55000000 155.65000000
3880.00000000 156.10000000 155.80000000
3920.00000000 154.75000000 156.45000000
3960.00000000 152.40000000 151.50000000
4000.00000000 154.10000000 154.20000000
