0 2594.45172414 2599.98965517
128.00000000 19.39655172 19.59310345
256.00000000 12.39310345 12.41379310
384.00000000 9.54827586 9.64137931
512.00000000 7.68275862 7.84482759
640.00000000 6.67241379 6.70000000
768.00000000 5.83448276 5.95862069
896.00000000 5.31034483 5.30000000
1024.00000000 4.87241379 4.90000000
1152.00000000 4.45517241 4.48620690
1280.00000000 4.23103448 4.25172414
1408.00000000 3.95172414 3.96896552
1536.00000000 3.70689655 3.74482759
1664.00000000 3.44827586 3.48965517
1792.00000000 3.31724138 3.33103448
1920.00000000 3.15517241 3.23448276
2048.00000000 3.07931034 3.06896552
2176.00000000 3.00000000 3.00689655
2304.00000000 2.90000000 2.85517241
2432.00000000 2.74827586 2.77931034
2560.00000000 2.68965517 2.70689655
2688.00000000 2.57586207 2.60689655
2816.00000000 2.55517241 2.54482759
2944.00000000 2.44827586 2.45517241
3072.00000000 2.42068966 2.42413793
3200.00000000 2.37586207 2.35517241
3328.00000000 2.32413793 2.32413793
3456.00000000 2.22758621 2.28965517
3584.00000000 2.21034483 2.21724138
3712.00000000 2.20344828 2.20344828
3840.00000000 2.14482759 2.09655172
3968.00000000 2.09310345 2.10344828
4096.00000000 2.00000000 2.02068966
4224.00000000 1.97931034 2.01724138
4352.00000000 1.98275862 1.96551724
4480.00000000 1.92758621 1.92758621
4608.00000000 1.85172414 1.91034483
4736.00000000 1.91034483 1.90344828
4864.00000000 1.84827586 1.85517241
4992.00000000 1.81724138 1.86896552
5120.00000000 1.80344828 1.82068966
5248.00000000 1.78965517 1.77586207
5376.00000000 1.74137931 1.75172414
5504.00000000 1.74137931 1.71379310
5632.00000000 1.70689655 1.71034483
5760.00000000 1.68965517 1.65517241
5888.00000000 1.66896552 1.62758621
6016.00000000 1.64137931 1.64137931
6144.00000000 1.58965517 1.57931034
6272.00000000 1.54827586 1.59655172
6400.00000000 1.58275862 1.55862069
6528.00000000 1.53103448 1.56896552
6656.00000000 1.56206897 1.54137931
6784.00000000 1.54137931 1.58620690
6912.00000000 1.55862069 1.54482759
7040.00000000 1.49655172 1.53793103
7168.00000000 1.47931034 1.47931034
7296.00000000 1.51034483 1.51724138
7424.00000000 1.49655172 1.48620690
7552.00000000 1.46206897 1.47241379
7680.00000000 1.46551724 1.48275862
7808.00000000 1.46551724 1.48275862
7936.00000000 1.45517241 1.45517241
8064.00000000 1.44137931 1.43448276
8192.00000000 1.43448276 1.43793103
8320.00000000 1.41034483 1.41724138
8448.00000000 1.38965517 1.40000000
8576.00000000 1.41724138 1.40000000
8704.00000000 1.38275862 1.38965517
8832.00000000 1.36896552 1.39310345
8960.00000000 1.39655172 1.36206897
9088.00000000 1.36896552 1.37931034
9216.00000000 1.31724138 1.37586207
9344.00000000 1.33793103 1.32413793
9472.00000000 1.32068966 1.32758621
9600.00000000 1.28965517 1.30000000
9728.00000000 1.30689655 1.30344828
9856.00000000 1.32413793 1.31379310
9984.00000000 1.27931034 1.28275862
10112.00000000 1.28275862 1.28275862
10240.00000000 1.26206897 1.28965517
10368.00000000 1.27241379 1.27241379
10496.00000000 1.28965517 1.24827586
10624.00000000 1.27931034 1.28275862
10752.00000000 1.24827586 1.25172414
10880.00000000 1.25517241 1.27241379
11008.00000000 1.26551724 1.25862069
11136.00000000 1.25517241 1.26896552
11264.00000000 1.26551724 1.25517241
11392.00000000 1.21724138 1.23103448
11520.00000000 1.24827586 1.23448276
11648.00000000 1.18965517 1.22068966
11776.00000000 1.19655172 1.23103448
11904.00000000 1.20000000 1.22068966
12032.00000000 1.20689655 1.22413793
12160.00000000 1.20000000 1.19310345
12288.00000000 1.18275862 1.18620690
12416.00000000 1.16206897 1.17241379
12544.00000000 1.15172414 1.16551724
12672.00000000 1.16206897 1.16896552
12800.00000000 1.14137931 1.16206897
