0 2593.25200000 2599.35600000
64.00000000 30.70000000 31.00000000
128.00000000 19.40800000 19.61600000
192.00000000 14.87200000 15.04400000
256.00000000 12.35200000 12.38000000
320.00000000 10.82400000 10.99200000
384.00000000 9.58000000 9.64000000
448.00000000 8.57600000 8.51200000
512.00000000 7.66400000 7.82000000
576.00000000 7.22400000 7.26400000
640.00000000 6.70000000 6.72800000
704.00000000 6.32800000 6.34800000
768.00000000 5.85600000 5.98400000
832.00000000 5.52400000 5.58000000
896.00000000 5.32000000 5.31200000
960.00000000 5.08000000 5.09200000
1024.00000000 4.88400000 4.90800000
1088.00000000 4.66800000 4.71600000
1152.00000000 4.46800000 4.48000000
1216.00000000 4.35600000 4.36000000
1280.00000000 4.22400000 4.24800000
1344.00000000 4.05600000 4.04800000
1408.00000000 3.95200000 3.96800000
1472.00000000 3.84000000 3.86000000
1536.00000000 3.69200000 3.74000000
1600.00000000 3.58400000 3.61600000
1664.00000000 3.44800000 3.49600000
1728.00000000 3.40000000 3.44000000
1792.00000000 3.33600000 3.32400000
1856.00000000 3.22800000 3.32000000
1920.00000000 3.15600000 3.25600000
1984.00000000 3.15200000 3.21200000
2048.00000000 3.07200000 3.06000000
2112.00000000 3.04000000 3.05200000
2176.00000000 3.01600000 3.00400000
2240.00000000 2.90000000 2.92800000
2304.00000000 2.89600000 2.85200000
2368.00000000 2.79600000 2.78400000
2432.00000000 2.74800000 2.78000000
2496.00000000 2.70000000 2.74800000
2560.00000000 2.67600000 2.70800000
2624.00000000 2.65200000 2.66400000
2688.00000000 2.56400000 2.60800000
2752.00000000 2.50400000 2.60800000
2816.00000000 2.53200000 2.52400000
2880.00000000 2.45200000 2.48000000
2944.00000000 2.44000000 2.43200000
3008.00000000 2.42800000 2.45600000
3072.00000000 2.39600000 2.42000000
3136.00000000 2.39200000 2.35200000
3200.00000000 2.38400000 2.37200000
3264.00000000 2.40800000 2.38400000
3328.00000000 2.32000000 2.31600000
3392.00000000 2.23200000 2.35200000
3456.00000000 2.23200000 2.28400000
3520.00000000 2.24000000 2.21200000
3584.00000000 2.20400000 2.21200000
3648.00000000 2.21600000 2.23200000
3712.00000000 2.21200000 2.18800000
3776.00000000 2.16800000 2.15200000
3840.00000000 2.14000000 2.09600000
3904.00000000 2.12000000 2.06400000
3968.00000000 2.06400000 2.10000000
4032.00000000 2.03600000 2.05600000
4096.00000000 1.99600000 2.00800000
4160.00000000 2.01200000 1.99600000
4224.00000000 1.97600000 2.00400000
4288.00000000 1.97600000 1.97200000
4352.00000000 1.96000000 1.95600000
4416.00000000 1.93600000 1.93600000
4480.00000000 1.91200000 1.91600000
4544.00000000 1.87600000 1.85200000
4608.00000000 1.83200000 1.88400000
4672.00000000 1.84400000 1.83600000
4736.00000000 1.88400000 1.87600000
4800.00000000 1.79600000 1.84800000
4864.00000000 1.82000000 1.83600000
4928.00000000 1.82400000 1.80400000
4992.00000000 1.78400000 1.84000000
5056.00000000 1.82000000 1.84800000
5120.00000000 1.77200000 1.80400000
5184.00000000 1.77200000 1.75600000
5248.00000000 1.77200000 1.76000000
5312.00000000 1.72800000 1.75200000
5376.00000000 1.73200000 1.74800000
5440.00000000 1.70400000 1.67600000
5504.00000000 1.72400000 1.68800000
5568.00000000 1.67200000 1.70000000
5632.00000000 1.69600000 1.68400000
5696.00000000 1.62000000 1.62400000
5760.00000000 1.66400000 1.65200000
5824.00000000 1.62400000 1.62800000
5888.00000000 1.66000000 1.62800000
5952.00000000 1.61200000 1.64800000
6016.00000000 1.63600000 1.62000000
6080.00000000 1.60000000 1.62000000
6144.00000000 1.56800000 1.55200000
6208.00000000 1.58400000 1.59200000
6272.00000000 1.53200000 1.56800000
6336.00000000 1.50800000 1.60800000
6400.00000000 1.56800000 1.54000000
6464.00000000 1.53200000 1.56800000
6528.00000000 1.52000000 1.55600000
6592.00000000 1.55200000 1.54400000
6656.00000000 1.55200000 1.52400000
6720.00000000 1.52800000 1.56800000
6784.00000000 1.54000000 1.56800000
6848.00000000 1.52400000 1.56400000
6912.00000000 1.54800000 1.53600000
6976.00000000 1.51200000 1.52400000
7040.00000000 1.46800000 1.52800000
7104.00000000 1.49600000 1.50000000
7168.00000000 1.47200000 1.47200000
7232.00000000 1.49600000 1.48400000
7296.00000000 1.50000000 1.51600000
7360.00000000 1.50800000 1.47200000
7424.00000000 1.48400000 1.48800000
7488.00000000 1.47600000 1.48800000
7552.00000000 1.44800000 1.45600000
7616.00000000 1.48400000 1.48400000
7680.00000000 1.46000000 1.45200000
7744.00000000 1.42000000 1.43200000
7808.00000000 1.43600000 1.47200000
7872.00000000 1.44800000 1.43200000
7936.00000000 1.43200000 1.45200000
8000.00000000 1.44400000 1.43200000
8064.00000000 1.43600000 1.42400000
8128.00000000 1.40400000 1.41200000
8192.00000000 1.42000000 1.42800000
8256.00000000 1.42800000 1.42400000
8320.00000000 1.40000000 1.40400000
8384.00000000 1.37600000 1.38800000
8448.00000000 1.37200000 1.38800000
8512.00000000 1.36800000 1.43600000
8576.00000000 1.40000000 1.39200000
8640.00000000 1.36800000 1.36400000
8704.00000000 1.38000000 1.37200000
8768.00000000 1.36800000 1.40400000
8832.00000000 1.36400000 1.38000000
8896.00000000 1.36800000 1.37600000
8960.00000000 1.38000000 1.34400000
9024.00000000 1.35200000 1.35200000
9088.00000000 1.36000000 1.37200000
9152.00000000 1.35200000 1.31200000
9216.00000000 1.32400000 1.37200000
9280.00000000 1.30400000 1.32400000
9344.00000000 1.32000000 1.32400000
9408.00000000 1.31200000 1.33200000
9472.00000000 1.32000000 1.32400000
9536.00000000 1.33200000 1.32400000
9600.00000000 1.28400000 1.30000000
9664.00000000 1.31600000 1.32000000
9728.00000000 1.29600000 1.28800000
9792.00000000 1.30400000 1.28800000
9856.00000000 1.32000000 1.29600000
9920.00000000 1.29200000 1.28400000
9984.00000000 1.26800000 1.27200000
10048.00000000 1.26400000 1.26800000
10112.00000000 1.28000000 1.26800000
10176.00000000 1.28400000 1.28000000
10240.00000000 1.25200000 1.28000000
10304.00000000 1.26800000 1.28000000
10368.00000000 1.26400000 1.27200000
10432.00000000 1.25600000 1.27600000
10496.00000000 1.28400000 1.25200000
10560.00000000 1.29600000 1.22800000
10624.00000000 1.26800000 1.27600000
10688.00000000 1.22000000 1.25200000
10752.00000000 1.24800000 1.26400000
10816.00000000 1.26800000 1.26800000
10880.00000000 1.25200000 1.27600000
10944.00000000 1.26400000 1.27200000
11008.00000000 1.26000000 1.25600000
11072.00000000 1.26400000 1.24800000
11136.00000000 1.25600000 1.27600000
11200.00000000 1.23200000 1.22800000
11264.00000000 1.26400000 1.25200000
11328.00000000 1.23600000 1.25600000
11392.00000000 1.22400000 1.23200000
11456.00000000 1.24000000 1.20400000
11520.00000000 1.24000000 1.24000000
11584.00000000 1.20800000 1.23200000
11648.00000000 1.18800000 1.22400000
11712.00000000 1.22800000 1.22800000
11776.00000000 1.20000000 1.23600000
11840.00000000 1.18400000 1.22800000
11904.00000000 1.20000000 1.21600000
11968.00000000 1.21600000 1.20000000
12032.00000000 1.20800000 1.21600000
12096.00000000 1.20800000 1.20000000
12160.00000000 1.20400000 1.20000000
12224.00000000 1.19600000 1.19200000
12288.00000000 1.17600000 1.18800000
12352.00000000 1.16000000 1.18800000
12416.00000000 1.17200000 1.18000000
12480.00000000 1.16400000 1.19600000
12544.00000000 1.14800000 1.17200000
12608.00000000 1.16000000 1.15600000
12672.00000000 1.15600000 1.17600000
12736.00000000 1.15200000 1.16000000
12800.00000000 1.15200000 1.16000000
