0 2594.72000000 2600.09666667
128.00000000 19.44000000 19.60000000
256.00000000 12.40000000 12.40333333
384.00000000 9.55333333 9.64333333
512.00000000 7.71000000 7.86333333
640.00000000 6.69333333 6.72666667
768.00000000 5.85333333 5.96666667
896.00000000 5.33333333 5.31000000
1024.00000000 4.88666667 4.92333333
1152.00000000 4.46000000 4.48000000
1280.00000000 4.25666667 4.27000000
1408.00000000 3.96666667 3.98333333
1536.00000000 3.71333333 3.75666667
1664.00000000 3.45000000 3.50000000
1792.00000000 3.33333333 3.34000000
1920.00000000 3.16666667 3.24000000
2048.00000000 3.09000000 3.08666667
2176.00000000 3.00333333 3.01000000
2304.00000000 2.91000000 2.86000000
2432.00000000 2.76333333 2.79000000
2560.00000000 2.70333333 2.71666667
2688.00000000 2.59000000 2.62333333
2816.00000000 2.56000000 2.56000000
2944.00000000 2.46333333 2.47333333
3072.00000000 2.42333333 2.43333333
3200.00000000 2.37000000 2.35333333
3328.00000000 2.33000000 2.33333333
3456.00000000 2.23333333 2.29000000
3584.00000000 2.21000000 2.22333333
3712.00000000 2.20000000 2.19666667
3840.00000000 2.14333333 2.10666667
3968.00000000 2.10333333 2.11333333
4096.00000000 2.01000000 2.03333333
4224.00000000 1.99666667 2.03000000
4352.00000000 1.98666667 1.97000000
4480.00000000 1.94666667 1.94333333
4608.00000000 1.87000000 1.93000000
4736.00000000 1.92000000 1.91666667
4864.00000000 1.86333333 1.87000000
4992.00000000 1.83333333 1.88333333
5120.00000000 1.81333333 1.83333333
5248.00000000 1.80000000 1.79000000
5376.00000000 1.75000000 1.76666667
5504.00000000 1.75000000 1.73000000
5632.00000000 1.71333333 1.71000000
5760.00000000 1.70333333 1.66666667
5888.00000000 1.68000000 1.63666667
6016.00000000 1.65000000 1.65000000
6144.00000000 1.60333333 1.59000000
6272.00000000 1.55000000 1.60666667
6400.00000000 1.59000000 1.57000000
6528.00000000 1.54000000 1.58333333
6656.00000000 1.57333333 1.54666667
6784.00000000 1.55333333 1.59333333
6912.00000000 1.56000000 1.54333333
7040.00000000 1.49666667 1.54000000
7168.00000000 1.48000000 1.48333333
7296.00000000 1.50666667 1.51666667
7424.00000000 1.49333333 1.49000000
7552.00000000 1.46666667 1.47333333
7680.00000000 1.46333333 1.47333333
7808.00000000 1.46666667 1.48000000
7936.00000000 1.45333333 1.45666667
8064.00000000 1.44333333 1.43666667
8192.00000000 1.43666667 1.43666667
8320.00000000 1.41333333 1.41333333
8448.00000000 1.38666667 1.40333333
8576.00000000 1.42000000 1.40333333
8704.00000000 1.38000000 1.38666667
8832.00000000 1.37000000 1.39000000
8960.00000000 1.39333333 1.36666667
9088.00000000 1.37333333 1.38333333
9216.00000000 1.32000000 1.37333333
9344.00000000 1.33666667 1.33000000
9472.00000000 1.32666667 1.32666667
9600.00000000 1.29666667 1.30666667
9728.00000000 1.30666667 1.30333333
9856.00000000 1.32666667 1.32000000
9984.00000000 1.28333333 1.28333333
10112.00000000 1.28666667 1.28333333
10240.00000000 1.26666667 1.29000000
10368.00000000 1.27333333 1.28000000
10496.00000000 1.29666667 1.25333333
10624.00000000 1.28333333 1.28333333
10752.00000000 1.24666667 1.25000000
10880.00000000 1.25333333 1.27333333
11008.00000000 1.26000000 1.26000000
11136.00000000 1.25333333 1.27000000
11264.00000000 1.26333333 1.25666667
11392.00000000 1.21666667 1.23000000
11520.00000000 1.24666667 1.23666667
11648.00000000 1.19333333 1.22000000
11776.00000000 1.19666667 1.23333333
11904.00000000 1.20333333 1.22333333
12032.00000000 1.20666667 1.22666667
12160.00000000 1.20000000 1.19000000
12288.00000000 1.17666667 1.18333333
12416.00000000 1.16000000 1.17333333
12544.00000000 1.15333333 1.16333333
12672.00000000 1.15666667 1.16666667
12800.00000000 1.14000000 1.16000000
