0 2594.29000000 2600.08500000
64.00000000 30.74500000 30.89000000
128.00000000 19.44500000 19.57500000
192.00000000 14.84000000 15.03500000
256.00000000 12.32500000 12.28000000
320.00000000 10.76000000 10.92000000
384.00000000 9.55500000 9.66000000
448.00000000 8.52000000 8.46500000
512.00000000 7.61500000 7.75000000
576.00000000 7.23000000 7.27500000
640.00000000 6.65500000 6.70500000
704.00000000 6.31000000 6.28000000
768.00000000 5.80000000 5.95500000
832.00000000 5.45500000 5.53500000
896.00000000 5.33000000 5.35000000
960.00000000 5.09500000 5.10500000
1024.00000000 4.92500000 4.93000000
1088.00000000 4.68500000 4.75000000
1152.00000000 4.50500000 4.51000000
1216.00000000 4.40000000 4.38500000
1280.00000000 4.25500000 4.30000000
1344.00000000 4.08000000 4.07000000
1408.00000000 4.00500000 4.01500000
1472.00000000 3.87500000 3.91000000
1536.00000000 3.73500000 3.79500000
1600.00000000 3.61500000 3.65000000
1664.00000000 3.49000000 3.54000000
1728.00000000 3.44000000 3.47500000
1792.00000000 3.37500000 3.36500000
1856.00000000 3.26500000 3.38000000
1920.00000000 3.21500000 3.29500000
1984.00000000 3.22000000 3.25000000
2048.00000000 3.13000000 3.13000000
2112.00000000 3.11000000 3.10500000
2176.00000000 3.07500000 3.04500000
2240.00000000 2.98500000 2.98000000
2304.00000000 2.95000000 2.92000000
2368.00000000 2.87500000 2.80500000
2432.00000000 2.85000000 2.83500000
2496.00000000 2.74000000 2.79000000
2560.00000000 2.75000000 2.78000000
2624.00000000 2.72500000 2.74000000
2688.00000000 2.62500000 2.66000000
2752.00000000 2.57000000 2.66000000
2816.00000000 2.59000000 2.56000000
2880.00000000 2.52000000 2.55000000
2944.00000000 2.49000000 2.48000000
3008.00000000 2.48000000 2.50500000
3072.00000000 2.43500000 2.47000000
3136.00000000 2.44500000 2.40500000
3200.00000000 2.43500000 2.40000000
3264.00000000 2.46000000 2.42000000
3328.00000000 2.37000000 2.36000000
3392.00000000 2.26500000 2.41500000
3456.00000000 2.28000000 2.33000000
3520.00000000 2.28500000 2.25500000
3584.00000000 2.25000000 2.26500000
3648.00000000 2.28500000 2.29500000
3712.00000000 2.27500000 2.26000000
3776.00000000 2.20500000 2.20000000
3840.00000000 2.18500000 2.15500000
3904.00000000 2.18500000 2.11500000
3968.00000000 2.08500000 2.16000000
4032.00000000 2.09000000 2.09000000
4096.00000000 2.07500000 2.03500000
4160.00000000 2.07500000 2.03000000
4224.00000000 2.01000000 2.05000000
4288.00000000 2.01500000 2.02000000
4352.00000000 1.98500000 1.98500000
4416.00000000 1.96500000 1.96000000
4480.00000000 1.95000000 1.95500000
4544.00000000 1.91500000 1.88500000
4608.00000000 1.87000000 1.91000000
4672.00000000 1.86000000 1.88000000
4736.00000000 1.90500000 1.91500000
4800.00000000 1.84500000 1.88000000
4864.00000000 1.83500000 1.86000000
4928.00000000 1.86000000 1.83500000
4992.00000000 1.79500000 1.87000000
5056.00000000 1.85500000 1.89000000
5120.00000000 1.81500000 1.84000000
5184.00000000 1.79000000 1.77500000
5248.00000000 1.80000000 1.79000000
5312.00000000 1.76500000 1.79000000
5376.00000000 1.77500000 1.78500000
5440.00000000 1.74000000 1.71500000
5504.00000000 1.76000000 1.72500000
5568.00000000 1.71500000 1.73500000
5632.00000000 1.72000000 1.71000000
5696.00000000 1.65500000 1.66000000
5760.00000000 1.70500000 1.69500000
5824.00000000 1.64000000 1.64500000
5888.00000000 1.68000000 1.65000000
5952.00000000 1.65500000 1.68000000
6016.00000000 1.67500000 1.66500000
6080.00000000 1.64000000 1.65500000
6144.00000000 1.59500000 1.57000000
6208.00000000 1.60500000 1.63500000
6272.00000000 1.55000000 1.58000000
6336.00000000 1.53000000 1.64000000
6400.00000000 1.59000000 1.58000000
6464.00000000 1.57000000 1.60000000
6528.00000000 1.54000000 1.57000000
6592.00000000 1.58000000 1.57500000
6656.00000000 1.57500000 1.53000000
6720.00000000 1.56000000 1.60000000
6784.00000000 1.56500000 1.59000000
6848.00000000 1.57000000 1.58000000
6912.00000000 1.56500000 1.57500000
6976.00000000 1.55000000 1.56000000
7040.00000000 1.48500000 1.55000000
7104.00000000 1.50000000 1.52500000
7168.00000000 1.50000000 1.49000000
7232.00000000 1.52500000 1.50500000
7296.00000000 1.53000000 1.55000000
7360.00000000 1.52000000 1.51000000
7424.00000000 1.51000000 1.51000000
7488.00000000 1.50000000 1.51500000
7552.00000000 1.49500000 1.49500000
7616.00000000 1.50500000 1.50500000
7680.00000000 1.47500000 1.47000000
7744.00000000 1.44500000 1.45500000
7808.00000000 1.44000000 1.48000000
7872.00000000 1.45000000 1.46000000
7936.00000000 1.43000000 1.45000000
8000.00000000 1.44500000 1.43500000
8064.00000000 1.44500000 1.43500000
8128.00000000 1.42000000 1.42000000
8192.00000000 1.41500000 1.44000000
8256.00000000 1.43000000 1.43500000
8320.00000000 1.40000000 1.40000000
8384.00000000 1.39000000 1.40000000
8448.00000000 1.37000000 1.40500000
8512.00000000 1.37000000 1.44000000
8576.00000000 1.42500000 1.42000000
8640.00000000 1.37500000 1.36500000
8704.00000000 1.39000000 1.37500000
8768.00000000 1.36000000 1.40500000
8832.00000000 1.37500000 1.39000000
8896.00000000 1.37000000 1.37500000
8960.00000000 1.38500000 1.34000000
9024.00000000 1.36000000 1.36000000
9088.00000000 1.38000000 1.38500000
9152.00000000 1.35500000 1.33000000
9216.00000000 1.33500000 1.38000000
9280.00000000 1.29500000 1.32000000
9344.00000000 1.33000000 1.33000000
9408.00000000 1.31500000 1.34000000
9472.00000000 1.33000000 1.33000000
9536.00000000 1.34000000 1.32000000
9600.00000000 1.28500000 1.31500000
9664.00000000 1.33500000 1.32500000
9728.00000000 1.29500000 1.29000000
9792.00000000 1.31500000 1.31500000
9856.00000000 1.32500000 1.31000000
9920.00000000 1.30500000 1.29000000
9984.00000000 1.25000000 1.28500000
10048.00000000 1.26000000 1.27500000
10112.00000000 1.28500000 1.26000000
10176.00000000 1.29500000 1.28500000
10240.00000000 1.25500000 1.28500000
10304.00000000 1.27500000 1.28000000
10368.00000000 1.27500000 1.28000000
10432.00000000 1.27000000 1.28500000
10496.00000000 1.29000000 1.25000000
10560.00000000 1.31500000 1.21500000
10624.00000000 1.28500000 1.27000000
10688.00000000 1.22500000 1.25500000
10752.00000000 1.25500000 1.28000000
10816.00000000 1.27500000 1.27500000
10880.00000000 1.26000000 1.27500000
10944.00000000 1.27000000 1.29500000
11008.00000000 1.29000000 1.26500000
11072.00000000 1.28000000 1.27000000
11136.00000000 1.25500000 1.29000000
11200.00000000 1.26000000 1.24000000
11264.00000000 1.27000000 1.26000000
11328.00000000 1.25000000 1.27000000
11392.00000000 1.25500000 1.25000000
11456.00000000 1.25000000 1.22000000
11520.00000000 1.25500000 1.24500000
11584.00000000 1.23500000 1.23500000
11648.00000000 1.19500000 1.23500000
11712.00000000 1.23000000 1.25500000
11776.00000000 1.21500000 1.24000000
11840.00000000 1.20000000 1.23500000
11904.00000000 1.20500000 1.22000000
11968.00000000 1.22000000 1.20500000
12032.00000000 1.21000000 1.23000000
12096.00000000 1.21500000 1.20500000
12160.00000000 1.20500000 1.21000000
12224.00000000 1.20500000 1.20000000
12288.00000000 1.19000000 1.19500000
12352.00000000 1.16500000 1.20500000
12416.00000000 1.19000000 1.20000000
12480.00000000 1.16000000 1.20500000
12544.00000000 1.15500000 1.17500000
12608.00000000 1.16500000 1.16500000
12672.00000000 1.17500000 1.19000000
12736.00000000 1.18000000 1.16000000
12800.00000000 1.14500000 1.18000000
