0 2593.33000000 2597.72000000
64.00000000 24.81000000 24.81000000
128.00000000 13.66000000 13.63000000
192.00000000 9.83000000 9.88000000
256.00000000 7.71000000 7.70000000
320.00000000 6.35000000 6.35000000
384.00000000 5.56000000 5.53000000
448.00000000 4.82000000 4.82000000
512.00000000 4.46000000 4.49000000
576.00000000 3.89000000 3.99000000
640.00000000 3.53000000 3.59000000
704.00000000 3.26000000 3.28000000
768.00000000 3.08000000 3.11000000
832.00000000 2.76000000 2.76000000
896.00000000 2.73000000 2.60000000
960.00000000 2.44000000 2.55000000
1024.00000000 2.43000000 2.36000000
1088.00000000 2.29000000 2.36000000
1152.00000000 2.15000000 2.19000000
1216.00000000 2.07000000 2.09000000
1280.00000000 2.06000000 2.00000000
1344.00000000 1.87000000 1.89000000
1408.00000000 1.81000000 1.85000000
1472.00000000 1.79000000 1.71000000
1536.00000000 1.69000000 1.73000000
1600.00000000 1.66000000 1.70000000
1664.00000000 1.66000000 1.61000000
1728.00000000 1.53000000 1.55000000
1792.00000000 1.46000000 1.51000000
1856.00000000 1.44000000 1.50000000
1920.00000000 1.39000000 1.42000000
1984.00000000 1.33000000 1.32000000
2048.00000000 1.37000000 1.30000000
2112.00000000 1.31000000 1.29000000
2176.00000000 1.20000000 1.24000000
2240.00000000 1.11000000 1.18000000
2304.00000000 1.13000000 1.08000000
2368.00000000 1.07000000 1.08000000
2432.00000000 1.05000000 1.09000000
2496.00000000 1.00000000 1.04000000
2560.00000000 0.98000000 1.00000000
2624.00000000 0.96000000 0.96000000
2688.00000000 0.90000000 0.96000000
2752.00000000 0.92000000 0.91000000
2816.00000000 0.84000000 0.92000000
2880.00000000 0.84000000 0.82000000
2944.00000000 0.83000000 0.78000000
3008.00000000 0.77000000 0.76000000
3072.00000000 0.77000000 0.74000000
3136.00000000 0.75000000 0.75000000
3200.00000000 0.76000000 0.74000000
3264.00000000 0.71000000 0.75000000
3328.00000000 0.72000000 0.72000000
3392.00000000 0.69000000 0.69000000
3456.00000000 0.63000000 0.68000000
3520.00000000 0.62000000 0.64000000
3584.00000000 0.65000000 0.61000000
3648.00000000 0.57000000 0.58000000
3712.00000000 0.62000000 0.59000000
3776.00000000 0.62000000 0.61000000
3840.00000000 0.63000000 0.59000000
3904.00000000 0.59000000 0.57000000
3968.00000000 0.58000000 0.53000000
4032.00000000 0.53000000 0.53000000
4096.00000000 0.51000000 0.52000000
4160.00000000 0.48000000 0.50000000
4224.00000000 0.49000000 0.46000000
4288.00000000 0.43000000 0.47000000
4352.00000000 0.43000000 0.43000000
4416.00000000 0.46000000 0.43000000
4480.00000000 0.45000000 0.44000000
4544.00000000 0.43000000 0.45000000
4608.00000000 0.44000000 0.43000000
4672.00000000 0.43000000 0.40000000
4736.00000000 0.40000000 0.41000000
4800.00000000 0.41000000 0.39000000
4864.00000000 0.39000000 0.37000000
4928.00000000 0.39000000 0.39000000
4992.00000000 0.36000000 0.39000000
5056.00000000 0.38000000 0.38000000
5120.00000000 0.34000000 0.32000000
5184.00000000 0.34000000 0.35000000
5248.00000000 0.32000000 0.34000000
5312.00000000 0.29000000 0.31000000
5376.00000000 0.29000000 0.29000000
5440.00000000 0.30000000 0.30000000
5504.00000000 0.26000000 0.31000000
5568.00000000 0.28000000 0.30000000
5632.00000000 0.27000000 0.28000000
5696.00000000 0.23000000 0.27000000
5760.00000000 0.27000000 0.27000000
5824.00000000 0.24000000 0.27000000
5888.00000000 0.26000000 0.25000000
5952.00000000 0.24000000 0.24000000
6016.00000000 0.23000000 0.24000000
6080.00000000 0.22000000 0.22000000
6144.00000000 0.21000000 0.20000000
6208.00000000 0.21000000 0.20000000
6272.00000000 0.19000000 0.20000000
6336.00000000 0.21000000 0.20000000
6400.00000000 0.20000000 0.20000000
6464.00000000 0.20000000 0.20000000
6528.00000000 0.19000000 0.20000000
6592.00000000 0.19000000 0.18000000
6656.00000000 0.19000000 0.18000000
6720.00000000 0.19000000 0.19000000
6784.00000000 0.16000000 0.15000000
6848.00000000 0.16000000 0.16000000
6912.00000000 0.15000000 0.14000000
6976.00000000 0.14000000 0.14000000
7040.00000000 0.13000000 0.14000000
7104.00000000 0.13000000 0.13000000
7168.00000000 0.12000000 0.14000000
7232.00000000 0.13000000 0.13000000
7296.00000000 0.13000000 0.12000000
7360.00000000 0.13000000 0.13000000
7424.00000000 0.13000000 0.12000000
7488.00000000 0.12000000 0.13000000
7552.00000000 0.13000000 0.13000000
7616.00000000 0.10000000 0.11000000
7680.00000000 0.12000000 0.11000000
7744.00000000 0.12000000 0.11000000
7808.00000000 0.11000000 0.11000000
7872.00000000 0.10000000 0.10000000
7936.00000000 0.10000000 0.10000000
8000.00000000 0.09000000 0.10000000
8064.00000000 0.10000000 0.10000000
8128.00000000 0.10000000 0.10000000
8192.00000000 0.10000000 0.10000000
8256.00000000 0.08000000 0.09000000
8320.00000000 0.09000000 0.08000000
8384.00000000 0.07000000 0.09000000
8448.00000000 0.07000000 0.06000000
8512.00000000 0.07000000 0.07000000
8576.00000000 0.07000000 0.06000000
8640.00000000 0.06000000 0.06000000
8704.00000000 0.07000000 0.07000000
8768.00000000 0.05000000 0.07000000
8832.00000000 0.07000000 0.06000000
8896.00000000 0.07000000 0.06000000
8960.00000000 0.07000000 0.06000000
9024.00000000 0.07000000 0.07000000
9088.00000000 0.06000000 0.07000000
9152.00000000 0.07000000 0.07000000
9216.00000000 0.07000000 0.07000000
9280.00000000 0.07000000 0.05000000
9344.00000000 0.05000000 0.07000000
9408.00000000 0.06000000 0.07000000
9472.00000000 0.07000000 0.07000000
9536.00000000 0.06000000 0.07000000
9600.00000000 0.06000000 0.07000000
9664.00000000 0.06000000 0.07000000
9728.00000000 0.07000000 0.07000000
9792.00000000 0.07000000 0.06000000
9856.00000000 0.06000000 0.07000000
9920.00000000 0.07000000 0.07000000
9984.00000000 0.07000000 0.07000000
10048.00000000 0.06000000 0.04000000
10112.00000000 0.07000000 0.06000000
10176.00000000 0.06000000 0.07000000
10240.00000000 0.07000000 0.07000000
10304.00000000 0.06000000 0.06000000
10368.00000000 0.06000000 0.06000000
10432.00000000 0.06000000 0.06000000
10496.00000000 0.05000000 0.06000000
10560.00000000 0.06000000 0.06000000
10624.00000000 0.06000000 0.04000000
10688.00000000 0.06000000 0.06000000
10752.00000000 0.05000000 0.06000000
10816.00000000 0.05000000 0.06000000
10880.00000000 0.05000000 0.06000000
10944.00000000 0.06000000 0.06000000
11008.00000000 0.06000000 0.05000000
11072.00000000 0.06000000 0.04000000
11136.00000000 0.06000000 0.06000000
11200.00000000 0.06000000 0.06000000
11264.00000000 0.05000000 0.06000000
11328.00000000 0.06000000 0.06000000
11392.00000000 0.05000000 0.05000000
11456.00000000 0.05000000 0.05000000
11520.00000000 0.05000000 0.04000000
11584.00000000 0.04000000 0.04000000
11648.00000000 0.04000000 0.04000000
11712.00000000 0.04000000 0.04000000
11776.00000000 0.04000000 0.04000000
11840.00000000 0.03000000 0.04000000
11904.00000000 0.04000000 0.03000000
11968.00000000 0.04000000 0.04000000
12032.00000000 0.04000000 0.04000000
12096.00000000 0.03000000 0.03000000
12160.00000000 0.04000000 0.04000000
12224.00000000 0.04000000 0.04000000
12288.00000000 0.03000000 0.04000000
12352.00000000 0.04000000 0.04000000
12416.00000000 0.03000000 0.03000000
12480.00000000 0.04000000 0.04000000
12544.00000000 0.04000000 0.04000000
12608.00000000 0.03000000 0.04000000
12672.00000000 0.04000000 0.04000000
12736.00000000 0.04000000 0.04000000
12800.00000000 0.03000000 0.04000000
