0 2594.29333333 2600.25777778
64.00000000 30.76000000 31.04000000
128.00000000 19.39111111 19.52444444
192.00000000 14.76888889 14.93777778
256.00000000 12.19555556 12.18222222
320.00000000 10.70222222 10.83111111
384.00000000 9.47555556 9.52888889
448.00000000 8.48000000 8.40444444
512.00000000 7.56444444 7.72444444
576.00000000 7.19555556 7.22666667
640.00000000 6.64000000 6.69333333
704.00000000 6.29333333 6.26666667
768.00000000 5.78666667 5.94222222
832.00000000 5.44444444 5.51111111
896.00000000 5.27555556 5.27555556
960.00000000 5.03555556 5.04444444
1024.00000000 4.84444444 4.87111111
1088.00000000 4.62666667 4.67555556
1152.00000000 4.43555556 4.47555556
1216.00000000 4.34222222 4.31555556
1280.00000000 4.16888889 4.21333333
1344.00000000 4.02222222 4.01777778
1408.00000000 3.93777778 3.95555556
1472.00000000 3.81333333 3.84444444
1536.00000000 3.68000000 3.75111111
1600.00000000 3.56444444 3.59111111
1664.00000000 3.41777778 3.46666667
1728.00000000 3.36000000 3.41333333
1792.00000000 3.30222222 3.30222222
1856.00000000 3.22222222 3.32444444
1920.00000000 3.14222222 3.23555556
1984.00000000 3.14666667 3.19111111
2048.00000000 3.08888889 3.07111111
2112.00000000 3.05777778 3.05777778
2176.00000000 3.02222222 3.00444444
2240.00000000 2.92444444 2.94222222
2304.00000000 2.91555556 2.86666667
2368.00000000 2.81777778 2.78222222
2432.00000000 2.77777778 2.79555556
2496.00000000 2.71111111 2.75555556
2560.00000000 2.70666667 2.73777778
2624.00000000 2.68000000 2.69777778
2688.00000000 2.58666667 2.62222222
2752.00000000 2.52000000 2.62222222
2816.00000000 2.56000000 2.52888889
2880.00000000 2.48444444 2.51111111
2944.00000000 2.45777778 2.45333333
3008.00000000 2.44888889 2.48000000
3072.00000000 2.41333333 2.44000000
3136.00000000 2.40444444 2.36444444
3200.00000000 2.41333333 2.38666667
3264.00000000 2.43111111 2.39111111
3328.00000000 2.34222222 2.34222222
3392.00000000 2.24000000 2.37777778
3456.00000000 2.24444444 2.30666667
3520.00000000 2.26666667 2.22222222
3584.00000000 2.22222222 2.22666667
3648.00000000 2.24444444 2.25333333
3712.00000000 2.24444444 2.21777778
3776.00000000 2.17777778 2.17777778
3840.00000000 2.15555556 2.12888889
3904.00000000 2.15111111 2.08888889
3968.00000000 2.07555556 2.13333333
4032.00000000 2.05777778 2.07555556
4096.00000000 2.02222222 2.01777778
4160.00000000 2.05333333 2.00000000
4224.00000000 2.00000000 2.02666667
4288.00000000 2.00000000 2.00000000
4352.00000000 1.97333333 1.96888889
4416.00000000 1.96000000 1.94666667
4480.00000000 1.94666667 1.95111111
4544.00000000 1.89777778 1.87555556
4608.00000000 1.84444444 1.90222222
4672.00000000 1.85777778 1.85777778
4736.00000000 1.89333333 1.89777778
4800.00000000 1.83111111 1.87111111
4864.00000000 1.83555556 1.84888889
4928.00000000 1.84444444 1.81333333
4992.00000000 1.80000000 1.86222222
5056.00000000 1.84000000 1.88000000
5120.00000000 1.79555556 1.83555556
5184.00000000 1.80000000 1.78666667
5248.00000000 1.79111111 1.78666667
5312.00000000 1.76000000 1.79111111
5376.00000000 1.76444444 1.77777778
5440.00000000 1.72888889 1.71111111
5504.00000000 1.75111111 1.72000000
5568.00000000 1.70666667 1.72888889
5632.00000000 1.72000000 1.71111111
5696.00000000 1.64888889 1.65777778
5760.00000000 1.70222222 1.68888889
5824.00000000 1.64888889 1.65333333
5888.00000000 1.68888889 1.65777778
5952.00000000 1.64888889 1.68000000
6016.00000000 1.66222222 1.65777778
6080.00000000 1.64000000 1.66222222
6144.00000000 1.60444444 1.57777778
6208.00000000 1.61333333 1.62666667
6272.00000000 1.56444444 1.59111111
6336.00000000 1.53777778 1.64444444
6400.00000000 1.59555556 1.57777778
6464.00000000 1.56444444 1.59111111
6528.00000000 1.54666667 1.57777778
6592.00000000 1.58666667 1.56888889
6656.00000000 1.57777778 1.54222222
6720.00000000 1.56000000 1.60000000
6784.00000000 1.55555556 1.59555556
6848.00000000 1.56000000 1.58666667
6912.00000000 1.57333333 1.56000000
6976.00000000 1.55111111 1.55111111
7040.00000000 1.50222222 1.56000000
7104.00000000 1.51555556 1.53333333
7168.00000000 1.49777778 1.49333333
7232.00000000 1.52000000 1.51555556
7296.00000000 1.52888889 1.55111111
7360.00000000 1.53777778 1.50666667
7424.00000000 1.50666667 1.52888889
7488.00000000 1.49777778 1.52444444
7552.00000000 1.49777778 1.49333333
7616.00000000 1.51111111 1.51555556
7680.00000000 1.48444444 1.48000000
7744.00000000 1.44444444 1.45333333
7808.00000000 1.45333333 1.50222222
7872.00000000 1.47111111 1.45777778
7936.00000000 1.44888889 1.47555556
8000.00000000 1.46666667 1.45333333
8064.00000000 1.45777778 1.44444444
8128.00000000 1.43555556 1.43555556
8192.00000000 1.44000000 1.45777778
8256.00000000 1.44888889 1.44000000
8320.00000000 1.42222222 1.42222222
8384.00000000 1.39555556 1.41333333
8448.00000000 1.39555556 1.41777778
8512.00000000 1.38666667 1.46222222
8576.00000000 1.44000000 1.42222222
8640.00000000 1.39555556 1.38666667
8704.00000000 1.40444444 1.39111111
8768.00000000 1.39111111 1.42666667
8832.00000000 1.38666667 1.40000000
8896.00000000 1.38666667 1.39111111
8960.00000000 1.40444444 1.36888889
9024.00000000 1.37777778 1.37333333
9088.00000000 1.40000000 1.39555556
9152.00000000 1.37777778 1.34222222
9216.00000000 1.36000000 1.40000000
9280.00000000 1.32444444 1.34666667
9344.00000000 1.36000000 1.35111111
9408.00000000 1.32888889 1.36000000
9472.00000000 1.34666667 1.34666667
9536.00000000 1.36888889 1.34222222
9600.00000000 1.30222222 1.32444444
9664.00000000 1.33777778 1.34222222
9728.00000000 1.31555556 1.31111111
9792.00000000 1.32444444 1.31555556
9856.00000000 1.34222222 1.32000000
9920.00000000 1.31555556 1.30666667
9984.00000000 1.28000000 1.30666667
10048.00000000 1.29333333 1.29333333
10112.00000000 1.29777778 1.28444444
10176.00000000 1.32000000 1.30222222
10240.00000000 1.27555556 1.30222222
10304.00000000 1.29333333 1.29333333
10368.00000000 1.28888889 1.29333333
10432.00000000 1.28444444 1.30222222
10496.00000000 1.30666667 1.26666667
10560.00000000 1.32444444 1.23555556
10624.00000000 1.29777778 1.29777778
10688.00000000 1.24444444 1.27111111
10752.00000000 1.27111111 1.28888889
10816.00000000 1.29333333 1.29333333
10880.00000000 1.28000000 1.29777778
10944.00000000 1.28444444 1.30666667
11008.00000000 1.28444444 1.28000000
11072.00000000 1.29333333 1.26666667
11136.00000000 1.27555556 1.29777778
11200.00000000 1.25333333 1.24444444
11264.00000000 1.28888889 1.28000000
11328.00000000 1.26666667 1.28000000
11392.00000000 1.26222222 1.26222222
11456.00000000 1.26666667 1.22666667
11520.00000000 1.25777778 1.26222222
11584.00000000 1.24444444 1.25777778
11648.00000000 1.20000000 1.24888889
11712.00000000 1.24888889 1.26222222
11776.00000000 1.22666667 1.26222222
11840.00000000 1.22222222 1.24888889
11904.00000000 1.21777778 1.24444444
11968.00000000 1.24444444 1.21777778
12032.00000000 1.23111111 1.24888889
12096.00000000 1.23111111 1.22222222
12160.00000000 1.22666667 1.22666667
12224.00000000 1.22222222 1.21777778
12288.00000000 1.20000000 1.20888889
12352.00000000 1.18666667 1.21333333
12416.00000000 1.20888889 1.21777778
12480.00000000 1.18666667 1.21777778
12544.00000000 1.17333333 1.19111111
12608.00000000 1.18666667 1.17777778
12672.00000000 1.18222222 1.20444444
12736.00000000 1.18222222 1.18666667
12800.00000000 1.16888889 1.20000000
