0 1.81553e-08
84.5 0.000933929
169 0.0010065
253.5 0.00120552
338 0.00119324
422.5 0.00121337
507 0.000994886
591.5 0.000813781
676 0.000979275
760.5 0.000885933
845 0.000957954
929.5 0.000976041
1014 0.00102835
1098.5 0.00119837
1183 0.000972725
1267.5 0.000687429
1352 0.000652507
1436.5 0.000783361
1521 0.00070979
1605.5 0.000794833
1690 0.000733166
1774.5 0.00078291
1859 0.000925453
1943.5 0.000946559
2028 0.000924287
2112.5 0.000794117
2197 0.000759667
2281.5 0.000688411
2366 0.000680073
2450.5 0.000949796
2535 0.000883897
2619.5 0.000868747
2704 0.00083306
2788.5 0.000770972
2873 0.000750263
2957.5 0.000650436
3042 0.000562401
3126.5 0.000616922
3211 0.00075555
3295.5 0.000810496
3380 0.000764786
3464.5 0.000871854
3549 0.000686512
3633.5 0.000632682
3718 0.000756019
3802.5 0.000830169
3887 0.000871139
3971.5 0.000949514
4056 0.000822363
4140.5 0.000703346
4225 0.000750901
4309.5 0.000797393
4394 0.000702467
4478.5 0.000717484
4563 0.000697449
4647.5 0.000690537
4732 0.000784055
4816.5 0.000937802
4901 0.000770109
4985.5 0.000719913
5070 0.0010216
5154.5 0.000954322
5239 0.000849263
5323.5 0.000791571
5408 0.0008731
5492.5 0.000762882
5577 0.000643698
5661.5 0.000675383
5746 0.000892808
5830.5 0.000840138
5915 0.000835285
5999.5 0.000797038
6084 0.000787417
6168.5 0.000819597
6253 0.00080841
6337.5 0.000872001
6422 0.00100723
6506.5 0.000876871
6591 0.000871383
6675.5 0.000857004
6760 0.000791547
6844.5 0.000750418
6929 0.00076544
7013.5 0.000802966
7098 0.00108823
7182.5 0.000930803
7267 0.000831994
7351.5 0.000664805
7436 0.000739812
7520.5 0.000725884
7605 0.000857576
7689.5 0.000849131
7774 0.000783862
7858.5 0.000648819
7943 0.000696143
8027.5 0.000733303
8112 0.000748906
8196.5 0.000986038
8281 0.000948376
8365.5 0.000875634
8450 0.000713967
