0 9.5329e-05
84.5 0.0223633
169 0.0234801
253.5 0.0242209
338 0.0242457
422.5 0.0253126
507 0.0242402
591.5 0.0223604
676 0.0238117
760.5 0.0217983
845 0.0220176
929.5 0.0218436
1014 0.0220154
1098.5 0.0222241
1183 0.0200555
1267.5 0.0182163
1352 0.0187146
1436.5 0.0205986
1521 0.0208868
1605.5 0.021909
1690 0.0204705
1774.5 0.0215207
1859 0.0244808
1943.5 0.0228788
2028 0.0211436
2112.5 0.0187019
2197 0.0196193
2281.5 0.0189192
2366 0.0187721
2450.5 0.0211436
2535 0.020575
2619.5 0.0200433
2704 0.0206924
2788.5 0.0203139
2873 0.0195754
2957.5 0.0185766
3042 0.0175893
3126.5 0.0189374
3211 0.0205563
3295.5 0.0200598
3380 0.0195051
3464.5 0.0204987
3549 0.0188461
3633.5 0.018852
3718 0.0195107
3802.5 0.0200177
3887 0.0214632
3971.5 0.0214308
4056 0.0210158
4140.5 0.0201249
4225 0.0203313
4309.5 0.0205254
4394 0.0202043
4478.5 0.0201563
4563 0.0194676
4647.5 0.0198174
4732 0.0211831
4816.5 0.0218911
4901 0.0214372
4985.5 0.021234
5070 0.0243899
5154.5 0.0236268
5239 0.0218666
5323.5 0.0210712
5408 0.0208156
5492.5 0.020621
5577 0.0191485
5661.5 0.0196889
5746 0.0211152
5830.5 0.0208071
5915 0.020964
5999.5 0.0202455
6084 0.0205345
6168.5 0.0212608
6253 0.0205312
6337.5 0.0203352
6422 0.0214995
6506.5 0.0206817
6591 0.0216498
6675.5 0.0218894
6760 0.0208768
6844.5 0.0202661
6929 0.0204151
7013.5 0.0213852
7098 0.0234437
7182.5 0.0223807
7267 0.0211868
7351.5 0.0182817
7436 0.0187059
7520.5 0.0194645
7605 0.0203561
7689.5 0.0207119
7774 0.0211474
7858.5 0.0193492
7943 0.0192043
8027.5 0.0198951
8112 0.0197753
8196.5 0.0217184
8281 0.0220519
8365.5 0.0218108
8450 0.0201887
