0 0.00219163
84.5 0.132572
169 0.174371
253.5 -0.05492
338 -0.0298237
422.5 0.106262
507 0.306823
591.5 0.372405
676 0.27288
760.5 0.135522
845 0.0239255
929.5 -0.0455941
1014 -0.121716
1098.5 -0.426292
1183 -0.418368
1267.5 -0.071607
1352 0.136945
1436.5 0.153773
1521 0.373008
1605.5 0.344105
1690 0.250375
1774.5 0.309566
1859 0.455804
1943.5 0.191655
2028 -0.0675198
2112.5 -0.270454
2197 0.0264152
2281.5 0.07673
2366 0.0701203
2450.5 -0.124586
2535 -0.0879495
2619.5 -0.162483
2704 0.0543875
2788.5 0.13167
2873 0.04209
2957.5 0.115174
3042 0.182188
3126.5 0.279756
3211 0.21198
3295.5 -0.0141758
3380 -0.010227
3464.5 -0.0748698
3549 0.0671143
3633.5 0.219801
3718 0.0139752
3802.5 -0.0717646
3887 0.108964
3971.5 -0.0674026
4056 0.138034
4140.5 0.263397
4225 0.183435
4309.5 0.107268
4394 0.279166
4478.5 0.234008
4563 0.159704
4647.5 0.241694
4732 0.252698
4816.5 0.0430682
4901 0.324222
4985.5 0.403326
5070 0.282634
5154.5 0.290436
5239 0.223854
5323.5 0.217162
5408 -0.0150594
5492.5 0.205943
5577 0.24446
5661.5 0.25777
5746 -0.00247442
5830.5 0.0594292
5915 0.0994173
5999.5 0.0554452
6084 0.132603
6168.5 0.186816
6253 0.0822103
6337.5 -0.108726
6422 -0.179071
6506.5 -0.0500521
6591 0.140906
6675.5 0.211393
6760 0.183869
6844.5 0.172894
6929 0.163427
7013.5 0.244221
7098 0.0199895
7182.5 0.141726
7267 0.146517
7351.5 0.0108807
7436 -0.114294
7520.5 0.0840664
7605 -0.0695873
7689.5 0.0205863
7774 0.247231
7858.5 0.267003
7943 0.112443
8027.5 0.147352
8112 0.0849442
8196.5 -0.0904445
8281 0.0497655
8365.5 0.159316
8450 0.248292
