0 647.79379157 649.38580931
16.00000000 18.57555556 18.57777778
32.00000000 10.44000000 10.47777778
48.00000000 7.38888889 7.39555556
64.00000000 5.74666667 5.74888889
80.00000000 4.64888889 4.65333333
96.00000000 3.94888889 3.93333333
112.00000000 3.48222222 3.52444444
128.00000000 3.12666667 3.09333333
144.00000000 2.88888889 2.88888889
160.00000000 2.62666667 2.64888889
176.00000000 2.44000000 2.46888889
192.00000000 2.27777778 2.23777778
208.00000000 2.10444444 2.11555556
224.00000000 1.96666667 1.96444444
240.00000000 1.86222222 1.84666667
256.00000000 1.76000000 1.76888889
272.00000000 1.63111111 1.63777778
288.00000000 1.56222222 1.56888889
304.00000000 1.46444444 1.46888889
320.00000000 1.40444444 1.42222222
336.00000000 1.37333333 1.34444444
352.00000000 1.26222222 1.27111111
368.00000000 1.17333333 1.20222222
384.00000000 1.13555556 1.14444444
400.00000000 1.04000000 1.08222222
416.00000000 1.01777778 1.01333333
432.00000000 0.95555556 0.96000000
448.00000000 0.92444444 0.90666667
464.00000000 0.87333333 0.86888889
480.00000000 0.83777778 0.84444444
496.00000000 0.79777778 0.78888889
512.00000000 0.76222222 0.74888889
528.00000000 0.71111111 0.70888889
544.00000000 0.67777778 0.65777778
560.00000000 0.64444444 0.65111111
576.00000000 0.60444444 0.61333333
592.00000000 0.57333333 0.58222222
608.00000000 0.54000000 0.53111111
624.00000000 0.52444444 0.52444444
640.00000000 0.48666667 0.50222222
656.00000000 0.46666667 0.47777778
672.00000000 0.44888889 0.45111111
688.00000000 0.41111111 0.42000000
704.00000000 0.39111111 0.41333333
720.00000000 0.38888889 0.36888889
736.00000000 0.35555556 0.36888889
752.00000000 0.34000000 0.34000000
768.00000000 0.31333333 0.32666667
784.00000000 0.28666667 0.29333333
800.00000000 0.27777778 0.28666667
816.00000000 0.26666667 0.25555556
832.00000000 0.25111111 0.25555556
848.00000000 0.24444444 0.24000000
864.00000000 0.23111111 0.22888889
880.00000000 0.20888889 0.20666667
896.00000000 0.19333333 0.18888889
912.00000000 0.19111111 0.18000000
928.00000000 0.17555556 0.18222222
944.00000000 0.17111111 0.16666667
960.00000000 0.16444444 0.16222222
976.00000000 0.16000000 0.15777778
992.00000000 0.14444444 0.14888889
1008.00000000 0.14000000 0.14000000
1024.00000000 0.13111111 0.13111111
1040.00000000 0.11555556 0.13333333
1056.00000000 0.12888889 0.12888889
1072.00000000 0.11777778 0.11777778
1088.00000000 0.10444444 0.10888889
1104.00000000 0.11111111 0.10222222
1120.00000000 0.10666667 0.10666667
1136.00000000 0.10444444 0.10222222
1152.00000000 0.09555556 0.09555556
1168.00000000 0.08666667 0.08666667
1184.00000000 0.07777778 0.08222222
1200.00000000 0.07555556 0.07777778
1216.00000000 0.07333333 0.07111111
1232.00000000 0.07555556 0.07333333
1248.00000000 0.06888889 0.06444444
1264.00000000 0.05777778 0.06000000
1280.00000000 0.06000000 0.06222222
1296.00000000 0.04888889 0.06000000
1312.00000000 0.05333333 0.05777778
1328.00000000 0.05555556 0.05333333
1344.00000000 0.05111111 0.05555556
1360.00000000 0.05333333 0.05555556
1376.00000000 0.05111111 0.04666667
1392.00000000 0.04444444 0.04444444
1408.00000000 0.03555556 0.04000000
1424.00000000 0.03777778 0.04000000
1440.00000000 0.03777778 0.03333333
1456.00000000 0.03333333 0.04000000
1472.00000000 0.03333333 0.03777778
1488.00000000 0.03777778 0.03555556
1504.00000000 0.03111111 0.03111111
1520.00000000 0.03111111 0.02888889
1536.00000000 0.02666667 0.02444444
1552.00000000 0.02444444 0.02444444
1568.00000000 0.02222222 0.02000000
1584.00000000 0.02000000 0.02000000
1600.00000000 0.02000000 0.02000000
1616.00000000 0.01333333 0.01555556
1632.00000000 0.01333333 0.01333333
1648.00000000 0.01555556 0.01333333
1664.00000000 0.01555556 0.01555556
1680.00000000 0.01333333 0.01111111
1696.00000000 0.01111111 0.01333333
1712.00000000 0.01111111 0.01333333
1728.00000000 0.01333333 0.01333333
1744.00000000 0.01111111 0.01111111
1760.00000000 0.01333333 0.01111111
1776.00000000 0.01333333 0.01333333
1792.00000000 0.00888889 0.00888889
1808.00000000 0.00888889 0.00444444
1824.00000000 0.00666667 0.00666667
1840.00000000 0.00666667 0.00666667
1856.00000000 0.00666667 0.00666667
1872.00000000 0.00666667 0.00666667
1888.00000000 0.00444444 0.00444444
1904.00000000 0.00222222 0.00222222
1920.00000000 0.00222222 0.00222222
1936.00000000 0.00222222 0.00222222
1952.00000000 0.00000000 0.00000000
1968.00000000 0.00000000 0.00000000
1984.00000000 0.00000000 0.00000000
2000.00000000 0.00000000 0.00000000
2016.00000000 0.00000000 0.00000000
2032.00000000 0.00000000 0.00000000
2048.00000000 0.00000000 0.00000000
2064.00000000 0.00000000 0.00000000
2080.00000000 0.00000000 0.00000000
2096.00000000 0.00000000 0.00000000
2112.00000000 0.00000000 0.00000000
2128.00000000 0.00000000 0.00000000
2144.00000000 0.00000000 0.00000000
2160.00000000 0.00000000 0.00000000
2176.00000000 0.00000000 0.00000000
2192.00000000 0.00000000 0.00000000
2208.00000000 0.00000000 0.00000000
2224.00000000 0.00000000 0.00000000
2240.00000000 0.00000000 0.00000000
2256.00000000 0.00000000 0.00000000
2272.00000000 0.00000000 0.00000000
2288.00000000 0.00000000 0.00000000
2304.00000000 0.00000000 0.00000000
2320.00000000 0.00000000 0.00000000
2336.00000000 0.00000000 0.00000000
2352.00000000 0.00000000 0.00000000
2368.00000000 0.00000000 0.00000000
2384.00000000 0.00000000 0.00000000
2400.00000000 0.00000000 0.00000000
2416.00000000 0.00000000 0.00000000
2432.00000000 0.00000000 0.00000000
2448.00000000 0.00000000 0.00000000
2464.00000000 0.00000000 0.00000000
2480.00000000 0.00000000 0.00000000
2496.00000000 0.00000000 0.00000000
2512.00000000 0.00000000 0.00000000
2528.00000000 0.00000000 0.00000000
2544.00000000 0.00000000 0.00000000
2560.00000000 0.00000000 0.00000000
2576.00000000 0.00000000 0.00000000
2592.00000000 0.00000000 0.00000000
2608.00000000 0.00000000 0.00000000
2624.00000000 0.00000000 0.00000000
2640.00000000 0.00000000 0.00000000
2656.00000000 0.00000000 0.00000000
2672.00000000 0.00000000 0.00000000
2688.00000000 0.00000000 0.00000000
2704.00000000 0.00000000 0.00000000
2720.00000000 0.00000000 0.00000000
2736.00000000 0.00000000 0.00000000
2752.00000000 0.00000000 0.00000000
2768.00000000 0.00000000 0.00000000
2784.00000000 0.00000000 0.00000000
2800.00000000 0.00000000 0.00000000
2816.00000000 0.00000000 0.00000000
2832.00000000 0.00000000 0.00000000
2848.00000000 0.00000000 0.00000000
2864.00000000 0.00000000 0.00000000
2880.00000000 0.00000000 0.00000000
2896.00000000 0.00000000 0.00000000
2912.00000000 0.00000000 0.00000000
2928.00000000 0.00000000 0.00000000
2944.00000000 0.00000000 0.00000000
2960.00000000 0.00000000 0.00000000
2976.00000000 0.00000000 0.00000000
2992.00000000 0.00000000 0.00000000
3008.00000000 0.00000000 0.00000000
3024.00000000 0.00000000 0.00000000
3040.00000000 0.00000000 0.00000000
3056.00000000 0.00000000 0.00000000
3072.00000000 0.00000000 0.00000000
3088.00000000 0.00000000 0.00000000
3104.00000000 0.00000000 0.00000000
3120.00000000 0.00000000 0.00000000
3136.00000000 0.00000000 0.00000000
3152.00000000 0.00000000 0.00000000
3168.00000000 0.00000000 0.00000000
3184.00000000 0.00000000 0.00000000
3200.00000000 0.00000000 0.00000000
