0 647.17000000 648.69333333
16.00000000 18.55333333 18.55333333
32.00000000 10.41333333 10.42333333
48.00000000 7.35333333 7.35333333
64.00000000 5.72666667 5.73666667
80.00000000 4.61333333 4.65333333
96.00000000 3.93666667 3.90000000
112.00000000 3.46666667 3.48666667
128.00000000 3.11000000 3.08333333
144.00000000 2.90666667 2.92666667
160.00000000 2.64666667 2.68000000
176.00000000 2.51000000 2.52000000
192.00000000 2.33333333 2.26333333
208.00000000 2.16666667 2.15666667
224.00000000 1.99666667 2.00666667
240.00000000 1.90666667 1.88666667
256.00000000 1.77333333 1.81333333
272.00000000 1.67333333 1.68000000
288.00000000 1.58666667 1.59333333
304.00000000 1.54000000 1.50333333
320.00000000 1.42666667 1.44333333
336.00000000 1.41333333 1.38000000
352.00000000 1.28000000 1.30000000
368.00000000 1.20666667 1.23000000
384.00000000 1.16000000 1.17333333
400.00000000 1.05333333 1.10333333
416.00000000 1.04000000 1.02333333
432.00000000 0.96333333 0.96000000
448.00000000 0.90333333 0.90000000
464.00000000 0.88000000 0.85666667
480.00000000 0.82666667 0.83666667
496.00000000 0.77666667 0.78333333
512.00000000 0.75666667 0.74666667
528.00000000 0.69666667 0.70000000
544.00000000 0.67666667 0.65666667
560.00000000 0.64333333 0.64666667
576.00000000 0.59000000 0.58000000
592.00000000 0.55000000 0.57333333
608.00000000 0.54000000 0.52000000
624.00000000 0.52000000 0.52333333
640.00000000 0.48000000 0.49000000
656.00000000 0.46333333 0.47666667
672.00000000 0.44666667 0.45333333
688.00000000 0.41333333 0.41666667
704.00000000 0.39333333 0.41000000
720.00000000 0.39000000 0.37333333
736.00000000 0.35333333 0.36666667
752.00000000 0.34000000 0.35000000
768.00000000 0.32333333 0.33333333
784.00000000 0.28000000 0.29333333
800.00000000 0.28333333 0.28333333
816.00000000 0.25666667 0.25666667
832.00000000 0.25666667 0.25333333
848.00000000 0.24666667 0.24000000
864.00000000 0.23666667 0.23666667
880.00000000 0.21000000 0.21333333
896.00000000 0.20000000 0.19666667
912.00000000 0.20000000 0.18333333
928.00000000 0.18333333 0.18666667
944.00000000 0.18333333 0.17666667
960.00000000 0.18333333 0.18000000
976.00000000 0.17666667 0.17333333
992.00000000 0.16333333 0.16666667
1008.00000000 0.16000000 0.15666667
1024.00000000 0.15000000 0.15000000
1040.00000000 0.13333333 0.15000000
1056.00000000 0.14333333 0.14666667
1072.00000000 0.12666667 0.13000000
1088.00000000 0.11000000 0.12000000
1104.00000000 0.12000000 0.11333333
1120.00000000 0.11666667 0.11666667
1136.00000000 0.11666667 0.11333333
1152.00000000 0.10000000 0.10666667
1168.00000000 0.10000000 0.09333333
1184.00000000 0.08333333 0.09000000
1200.00000000 0.08666667 0.09000000
1216.00000000 0.08000000 0.08333333
1232.00000000 0.08333333 0.08000000
1248.00000000 0.07666667 0.07000000
1264.00000000 0.06333333 0.07000000
1280.00000000 0.07000000 0.07000000
1296.00000000 0.05666667 0.07000000
1312.00000000 0.06666667 0.07000000
1328.00000000 0.06000000 0.05666667
1344.00000000 0.05666667 0.06000000
1360.00000000 0.06333333 0.06333333
1376.00000000 0.05333333 0.05333333
1392.00000000 0.04333333 0.04333333
1408.00000000 0.03000000 0.03666667
1424.00000000 0.03666667 0.03666667
1440.00000000 0.03666667 0.03000000
1456.00000000 0.03333333 0.03666667
1472.00000000 0.03000000 0.03333333
1488.00000000 0.03333333 0.03333333
1504.00000000 0.02333333 0.02333333
1520.00000000 0.02333333 0.02333333
1536.00000000 0.02333333 0.02333333
1552.00000000 0.01666667 0.02000000
1568.00000000 0.01666667 0.01333333
1584.00000000 0.01333333 0.01333333
1600.00000000 0.01333333 0.01333333
1616.00000000 0.00666667 0.01000000
1632.00000000 0.01000000 0.01000000
1648.00000000 0.01000000 0.00666667
1664.00000000 0.01000000 0.01000000
1680.00000000 0.00666667 0.00666667
1696.00000000 0.00666667 0.00666667
1712.00000000 0.00333333 0.00666667
1728.00000000 0.00666667 0.00666667
1744.00000000 0.00666667 0.00666667
1760.00000000 0.00666667 0.00666667
1776.00000000 0.00666667 0.00666667
1792.00000000 0.00666667 0.00666667
1808.00000000 0.00666667 0.00333333
1824.00000000 0.00666667 0.00666667
1840.00000000 0.00666667 0.00666667
1856.00000000 0.00666667 0.00666667
1872.00000000 0.00666667 0.00666667
1888.00000000 0.00333333 0.00333333
1904.00000000 0.00333333 0.00333333
1920.00000000 0.00333333 0.00333333
1936.00000000 0.00333333 0.00333333
1952.00000000 0.00000000 0.00000000
1968.00000000 0.00000000 0.00000000
1984.00000000 0.00000000 0.00000000
2000.00000000 0.00000000 0.00000000
2016.00000000 0.00000000 0.00000000
2032.00000000 0.00000000 0.00000000
2048.00000000 0.00000000 0.00000000
2064.00000000 0.00000000 0.00000000
2080.00000000 0.00000000 0.00000000
2096.00000000 0.00000000 0.00000000
2112.00000000 0.00000000 0.00000000
2128.00000000 0.00000000 0.00000000
2144.00000000 0.00000000 0.00000000
2160.00000000 0.00000000 0.00000000
2176.00000000 0.00000000 0.00000000
2192.00000000 0.00000000 0.00000000
2208.00000000 0.00000000 0.00000000
2224.00000000 0.00000000 0.00000000
2240.00000000 0.00000000 0.00000000
2256.00000000 0.00000000 0.00000000
2272.00000000 0.00000000 0.00000000
2288.00000000 0.00000000 0.00000000
2304.00000000 0.00000000 0.00000000
2320.00000000 0.00000000 0.00000000
2336.00000000 0.00000000 0.00000000
2352.00000000 0.00000000 0.00000000
2368.00000000 0.00000000 0.00000000
2384.00000000 0.00000000 0.00000000
2400.00000000 0.00000000 0.00000000
2416.00000000 0.00000000 0.00000000
2432.00000000 0.00000000 0.00000000
2448.00000000 0.00000000 0.00000000
2464.00000000 0.00000000 0.00000000
2480.00000000 0.00000000 0.00000000
2496.00000000 0.00000000 0.00000000
2512.00000000 0.00000000 0.00000000
2528.00000000 0.00000000 0.00000000
2544.00000000 0.00000000 0.00000000
2560.00000000 0.00000000 0.00000000
2576.00000000 0.00000000 0.00000000
2592.00000000 0.00000000 0.00000000
2608.00000000 0.00000000 0.00000000
2624.00000000 0.00000000 0.00000000
2640.00000000 0.00000000 0.00000000
2656.00000000 0.00000000 0.00000000
2672.00000000 0.00000000 0.00000000
2688.00000000 0.00000000 0.00000000
2704.00000000 0.00000000 0.00000000
2720.00000000 0.00000000 0.00000000
2736.00000000 0.00000000 0.00000000
2752.00000000 0.00000000 0.00000000
2768.00000000 0.00000000 0.00000000
2784.00000000 0.00000000 0.00000000
2800.00000000 0.00000000 0.00000000
2816.00000000 0.00000000 0.00000000
2832.00000000 0.00000000 0.00000000
2848.00000000 0.00000000 0.00000000
2864.00000000 0.00000000 0.00000000
2880.00000000 0.00000000 0.00000000
2896.00000000 0.00000000 0.00000000
2912.00000000 0.00000000 0.00000000
2928.00000000 0.00000000 0.00000000
2944.00000000 0.00000000 0.00000000
2960.00000000 0.00000000 0.00000000
2976.00000000 0.00000000 0.00000000
2992.00000000 0.00000000 0.00000000
3008.00000000 0.00000000 0.00000000
3024.00000000 0.00000000 0.00000000
3040.00000000 0.00000000 0.00000000
3056.00000000 0.00000000 0.00000000
3072.00000000 0.00000000 0.00000000
3088.00000000 0.00000000 0.00000000
3104.00000000 0.00000000 0.00000000
3120.00000000 0.00000000 0.00000000
3136.00000000 0.00000000 0.00000000
3152.00000000 0.00000000 0.00000000
3168.00000000 0.00000000 0.00000000
3184.00000000 0.00000000 0.00000000
3200.00000000 0.00000000 0.00000000
