0 7.8027e-08
20.25 0.00119722
40.5 0.00243816
60.75 0.00338362
81 0.00375986
101.25 0.00433598
121.5 0.00484921
141.75 0.00503085
162 0.00513289
182.25 0.005015
202.5 0.00466999
222.75 0.00476064
243 0.00452457
263.25 0.00426455
283.5 0.00432243
303.75 0.00451484
324 0.0047034
344.25 0.00478454
364.5 0.00480511
384.75 0.00459835
405 0.00438994
425.25 0.00422952
445.5 0.00427954
465.75 0.00431146
486 0.0039978
506.25 0.00389569
526.5 0.00411392
546.75 0.00450781
567 0.00452899
587.25 0.00425653
607.5 0.00415955
627.75 0.00414368
648 0.00445771
668.25 0.00451882
688.5 0.00457431
708.75 0.00434123
729 0.00392524
749.25 0.00379903
769.5 0.00364798
789.75 0.00324433
810 0.00288773
830.25 0.00300145
850.5 0.00321464
870.75 0.00344674
891 0.00356921
911.25 0.00392451
931.5 0.0041429
951.75 0.00462948
972 0.0057807
992.25 0.00676319
1012.5 0.00739865
1032.75 0.00777812
1053 0.00784605
1073.25 0.00808108
1093.5 0.00843782
1113.75 0.00853755
1134 0.00875104
1154.25 0.00890531
1174.5 0.00907163
1194.75 0.00878979
1215 0.00854573
1235.25 0.00869477
1255.5 0.00877273
1275.75 0.00862866
1296 0.00882757
1316.25 0.00908167
1336.5 0.00901043
1356.75 0.0086977
1377 0.00875481
1397.25 0.00884378
1417.5 0.00900155
1437.75 0.00910429
1458 0.00909343
1478.25 0.00940179
1498.5 0.00922237
1518.75 0.00919436
1539 0.00920624
1559.25 0.00902108
1579.5 0.00904007
1599.75 0.00894536
1620 0.00881475
1640.25 0.00862892
1660.5 0.00839898
1680.75 0.00805357
1701 0.00800654
1721.25 0.00816213
1741.5 0.00828075
1761.75 0.00819458
1782 0.00821617
1802.25 0.0082299
1822.5 0.00834889
1842.75 0.00853341
1863 0.00859699
1883.25 0.00843338
1903.5 0.00823135
1923.75 0.00825587
1944 0.00819552
1964.25 0.00801947
1984.5 0.0080879
2004.75 0.00816725
2025 0.00840407
2045.25 0.00846646
2065.5 0.00831278
2085.75 0.00818636
2106 0.00834213
2126.25 0.00857851
2146.5 0.00853239
2166.75 0.0087252
2187 0.00882153
2207.25 0.00891725
2227.5 0.00866234
2247.75 0.0085844
2268 0.00852726
2288.25 0.0083949
2308.5 0.00838914
2328.75 0.00836152
2349 0.0085524
2369.25 0.00871175
2389.5 0.0088018
2409.75 0.00890482
2430 0.00904261
2450.25 0.00922326
2470.5 0.00963902
2490.75 0.00962382
2511 0.0096362
2531.25 0.0100225
2551.5 0.0106015
2571.75 0.010919
2592 0.0112647
2612.25 0.011935
2632.5 0.0121581
2652.75 0.0123119
2673 0.0124731
2693.25 0.0124077
2713.5 0.0125839
2733.75 0.012587
2754 0.0127563
2774.25 0.0130279
2794.5 0.0139015
2814.75 0.014363
2835 0.0151923
2855.25 0.0157266
2875.5 0.0163899
2895.75 0.0167587
2916 0.0168976
2936.25 0.0170528
2956.5 0.0170177
2976.75 0.0172366
2997 0.0173592
3017.25 0.0174963
3037.5 0.0173903
3057.75 0.0176411
3078 0.0177209
3098.25 0.0178609
3118.5 0.0177902
3138.75 0.0176549
3159 0.0173995
3179.25 0.0172093
3199.5 0.0170808
3219.75 0.0169392
3240 0.0170612
3260.25 0.0172655
3280.5 0.0172137
3300.75 0.0171356
3321 0.0169395
3341.25 0.0169965
3361.5 0.0171715
3381.75 0.017186
3402 0.0172949
3422.25 0.0175314
3442.5 0.0175862
3462.75 0.0175738
3483 0.0173421
3503.25 0.0170801
3523.5 0.0171757
3543.75 0.0176374
3564 0.0183479
3584.25 0.0189254
3604.5 0.0194979
3624.75 0.0203984
3645 0.0210611
3665.25 0.0217354
3685.5 0.0224528
3705.75 0.0232565
3726 0.0239977
3746.25 0.0243964
3766.5 0.025059
3786.75 0.0251878
3807 0.0255964
3827.25 0.0261476
3847.5 0.0262801
3867.75 0.0267376
3888 0.026754
3908.25 0.0267747
3928.5 0.0268761
3948.75 0.02674
3969 0.0266918
3989.25 0.0268416
4009.5 0.0268665
4029.75 0.0273046
4050 0.0277026
