0 0.000199668
20.25 0.0239977
40.5 0.0331017
60.75 0.0400136
81 0.0446401
101.25 0.0477784
121.5 0.0509724
141.75 0.0525033
162 0.0528335
182.25 0.0516915
202.5 0.0505293
222.75 0.0504042
243 0.0499256
263.25 0.0494153
283.5 0.0502799
303.75 0.0514173
324 0.0520906
344.25 0.0523366
364.5 0.0523785
384.75 0.0517696
405 0.0515396
425.25 0.0506824
445.5 0.0504768
465.75 0.0502257
486 0.048874
506.25 0.0487855
526.5 0.0498395
546.75 0.0513534
567 0.0512906
587.25 0.0495834
607.5 0.0480039
627.75 0.0481225
648 0.0496047
668.25 0.0493469
688.5 0.0496202
708.75 0.0485928
729 0.0468182
749.25 0.0461128
769.5 0.0450796
789.75 0.0427195
810 0.04084
830.25 0.0409949
850.5 0.041901
870.75 0.0433869
891 0.0444258
911.25 0.0468264
931.5 0.0482605
951.75 0.0500053
972 0.0531646
992.25 0.0547842
1012.5 0.0557436
1032.75 0.0558269
1053 0.0552162
1073.25 0.0560674
1093.5 0.0551216
1113.75 0.0556002
1134 0.0559325
1154.25 0.0560601
1174.5 0.0566733
1194.75 0.0556019
1215 0.0550136
1235.25 0.0552571
1255.5 0.0543538
1275.75 0.0537026
1296 0.0547143
1316.25 0.0555789
1336.5 0.0553738
1356.75 0.0539917
1377 0.0540575
1397.25 0.0545448
1417.5 0.0550724
1437.75 0.0558283
1458 0.0561546
1478.25 0.0578844
1498.5 0.0570122
1518.75 0.0563321
1539 0.0561431
1559.25 0.055551
1579.5 0.0555929
1599.75 0.0549679
1620 0.0541837
1640.25 0.0538141
1660.5 0.0524394
1680.75 0.050834
1701 0.0510042
1721.25 0.0516272
1741.5 0.0517635
1761.75 0.051414
1782 0.0524084
1802.25 0.0526609
1822.5 0.0539647
1842.75 0.0553832
1863 0.0555384
1883.25 0.0546633
1903.5 0.0531135
1923.75 0.052713
1944 0.051865
1964.25 0.0506282
1984.5 0.0511668
2004.75 0.0520501
2025 0.052645
2045.25 0.0529589
2065.5 0.0528614
2085.75 0.0531098
2106 0.0531992
2126.25 0.0541027
2146.5 0.0533676
2166.75 0.0541963
2187 0.0552426
2207.25 0.0561415
2227.5 0.0553637
2247.75 0.0559185
2268 0.0557564
2288.25 0.0550767
2308.5 0.0547481
2328.75 0.0545795
2349 0.0562109
2369.25 0.0569974
2389.5 0.0575252
2409.75 0.0577657
2430 0.0582494
2450.25 0.0582834
2470.5 0.0597222
2490.75 0.0583224
2511 0.0582226
2531.25 0.0581118
2551.5 0.0583211
2571.75 0.0587288
2592 0.0579804
2612.25 0.0590643
2632.5 0.059008
2652.75 0.0587072
2673 0.058346
2693.25 0.058163
2713.5 0.0584229
2733.75 0.058106
2754 0.0583864
2774.25 0.0584165
2794.5 0.0602408
2814.75 0.0608235
2835 0.0624125
2855.25 0.0625953
2875.5 0.0635203
2895.75 0.0639969
2916 0.0644122
2936.25 0.0649242
2956.5 0.0635558
2976.75 0.0641884
2997 0.0642157
3017.25 0.0645642
3037.5 0.0643869
3057.75 0.0647432
3078 0.0650949
3098.25 0.0647867
3118.5 0.0636041
3138.75 0.0620852
3159 0.0605448
3179.25 0.0603498
3199.5 0.059705
3219.75 0.0595349
3240 0.0597543
3260.25 0.0608609
3280.5 0.0608114
3300.75 0.0608812
3321 0.0601643
3341.25 0.0603478
3361.5 0.0610608
3381.75 0.0613361
3402 0.0619139
3422.25 0.0634119
3442.5 0.0634529
3462.75 0.0632178
3483 0.0617525
3503.25 0.0613376
3523.5 0.0619725
3543.75 0.0630528
3564 0.0638147
3584.25 0.0642105
3604.5 0.0656673
3624.75 0.0667947
3645 0.0679635
3665.25 0.0682999
3685.5 0.0700391
3705.75 0.0710539
3726 0.0712553
3746.25 0.0715914
3766.5 0.0724031
3786.75 0.0724978
3807 0.0728447
3827.25 0.074552
3847.5 0.0753931
3867.75 0.0759257
3888 0.0756141
3908.25 0.0753369
3928.5 0.0752475
3948.75 0.0755738
3969 0.075488
3989.25 0.0754095
4009.5 0.07557
4029.75 0.0772004
4050 0.0787679
