0 3.47556e-11
40 9.33092e-09
80 1.56024e-08
120 1.08996e-08
160 1.02122e-08
200 6.76416e-09
240 6.59896e-09
280 2.918e-09
320 4.69886e-09
360 4.94131e-09
400 5.63654e-09
440 7.24041e-09
480 4.51647e-09
520 5.61157e-09
560 4.95346e-09
600 5.92351e-09
640 1.135e-08
680 4.81777e-09
720 3.16211e-09
760 3.10329e-09
800 4.5742e-09
840 2.31865e-09
880 3.49124e-09
920 4.50031e-09
960 4.17128e-09
1000 5.25653e-09
1040 2.46853e-09
1080 5.79284e-09
1120 2.74349e-09
1160 2.96678e-09
1200 7.24571e-09
1240 3.09068e-09
1280 3.03657e-09
1320 1.52849e-09
1360 4.37774e-09
1400 2.58452e-09
1440 3.14944e-09
1480 3.92361e-09
1520 3.0379e-09
1560 2.82516e-09
1600 2.72915e-09
1640 2.28673e-09
1680 1.514e-09
1720 1.89976e-09
1760 2.35263e-09
1800 2.8945e-09
1840 6.14625e-09
1880 5.03928e-09
1920 2.32517e-09
1960 2.40235e-09
2000 1.7597e-09
2040 6.58369e-09
2080 3.28403e-09
2120 2.64311e-09
2160 1.48925e-09
2200 1.8768e-09
2240 1.7825e-09
2280 3.68516e-09
2320 2.68033e-09
2360 2.78004e-09
2400 4.58138e-09
2440 2.90466e-09
2480 1.59417e-09
2520 1.23666e-09
2560 2.82628e-09
2600 1.84016e-09
2640 1.79026e-09
2680 2.03125e-09
2720 8.21292e-10
2760 2.63098e-09
2800 1.48084e-09
2840 2.80451e-09
2880 3.30846e-09
2920 3.83492e-09
2960 2.22391e-09
3000 2.46158e-09
3040 2.35525e-09
3080 2.99318e-09
3120 2.01434e-09
3160 2.11469e-09
3200 1.5736e-09
3240 1.67923e-09
3280 1.65178e-09
3320 1.42339e-09
3360 2.6711e-09
3400 2.47426e-09
3440 1.65527e-09
3480 1.24128e-09
3520 2.6389e-09
3560 1.52235e-09
3600 1.73535e-09
3640 3.1418e-09
3680 1.21049e-09
3720 1.37844e-09
3760 1.71427e-09
3800 1.53883e-09
3840 1.93771e-09
3880 2.34802e-09
3920 1.68935e-09
3960 1.11973e-09
4000 1.94804e-09
