0 4.22374e-11
40 1.20271e-08
80 1.67102e-08
120 1.37964e-08
160 3.83911e-09
200 7.14193e-09
240 6.91494e-09
280 2.21772e-09
320 4.44953e-09
360 3.87614e-09
400 3.63366e-09
440 6.95072e-09
480 4.55924e-09
520 8.4807e-09
560 6.68189e-09
600 7.42896e-09
640 9.33422e-09
680 2.27925e-09
720 3.61381e-09
760 3.98984e-09
800 4.54403e-09
840 2.10664e-09
880 4.48743e-09
920 4.07516e-09
960 2.7124e-09
1000 7.35126e-09
1040 3.39155e-09
1080 5.17906e-09
1120 2.85788e-09
1160 1.54886e-09
1200 1.0463e-08
1240 1.44464e-09
1280 3.89288e-09
1320 1.70795e-09
1360 5.05735e-09
1400 1.75904e-09
1440 2.3428e-09
1480 3.18328e-09
1520 2.46259e-09
1560 3.0847e-09
1600 2.34658e-09
1640 2.18195e-09
1680 1.49101e-09
1720 1.22737e-09
1760 2.08162e-09
1800 2.98469e-09
1840 4.16284e-09
1880 6.1686e-09
1920 3.60709e-09
1960 1.70843e-09
2000 2.7343e-09
2040 1.0063e-08
2080 3.56426e-09
2120 3.97962e-09
2160 1.91108e-09
2200 2.42336e-09
2240 1.64395e-09
2280 3.56985e-09
2320 3.24295e-09
2360 4.41932e-09
2400 1.55959e-09
2440 3.03715e-09
2480 1.00301e-09
2520 9.65796e-10
2560 3.16387e-09
2600 2.92589e-09
2640 1.00857e-09
2680 1.60601e-09
2720 4.35675e-10
2760 1.90397e-09
2800 1.54081e-09
2840 2.91075e-09
2880 1.54085e-09
2920 5.38142e-09
2960 2.49043e-09
3000 2.29816e-09
3040 2.05014e-09
3080 3.31188e-09
3120 2.51575e-09
3160 2.48208e-09
3200 2.70574e-09
3240 2.07024e-09
3280 1.61824e-09
3320 8.87491e-10
3360 1.98999e-09
3400 2.7446e-09
3440 1.03861e-09
3480 1.26072e-09
3520 1.49795e-09
3560 1.73152e-09
3600 1.09348e-09
3640 4.09369e-09
3680 1.42895e-09
3720 1.80901e-09
3760 2.25275e-09
3800 1.60526e-09
3840 1.4369e-09
3880 3.04873e-09
3920 1.99734e-09
3960 1.3921e-09
4000 1.86607e-09
