0 4.04712e-06
40 6.9968e-05
80 0.000100168
120 7.83426e-05
160 7.08778e-05
200 5.75398e-05
240 5.92557e-05
280 4.09225e-05
320 5.21926e-05
360 5.81688e-05
400 5.04334e-05
440 6.91483e-05
480 4.85717e-05
520 5.15744e-05
560 5.19907e-05
600 5.09828e-05
640 7.55707e-05
680 5.579e-05
720 4.36656e-05
760 4.2213e-05
800 5.05062e-05
840 3.4893e-05
880 3.76567e-05
920 4.98465e-05
960 4.32367e-05
1000 5.30889e-05
1040 3.67961e-05
1080 5.54694e-05
1120 3.92928e-05
1160 3.98444e-05
1200 5.71457e-05
1240 4.1291e-05
1280 4.05901e-05
1320 2.74782e-05
1360 5.38343e-05
1400 3.51393e-05
1440 3.68826e-05
1480 4.13987e-05
1520 4.23581e-05
1560 3.86138e-05
1600 4.06858e-05
1640 3.57963e-05
1680 2.86456e-05
1720 3.21711e-05
1760 3.49132e-05
1800 3.78944e-05
1840 5.06854e-05
1880 5.62257e-05
1920 3.06166e-05
1960 3.82239e-05
2000 2.91441e-05
2040 5.78239e-05
2080 3.75814e-05
2120 3.77386e-05
2160 3.14807e-05
2200 3.20572e-05
2240 3.20914e-05
2280 3.99362e-05
2320 3.72574e-05
2360 3.47391e-05
2400 4.26733e-05
2440 4.20415e-05
2480 2.86021e-05
2520 2.52429e-05
2560 3.6627e-05
2600 3.00434e-05
2640 2.83012e-05
2680 3.29607e-05
2720 2.23002e-05
2760 3.70222e-05
2800 2.83236e-05
2840 3.75475e-05
2880 4.05857e-05
2920 3.72888e-05
2960 3.27802e-05
3000 3.50282e-05
3040 3.71899e-05
3080 4.02714e-05
3120 3.25277e-05
3160 3.55441e-05
3200 2.88616e-05
3240 3.09942e-05
3280 3.08331e-05
3320 2.67863e-05
3360 3.76444e-05
3400 3.84798e-05
3440 2.85683e-05
3480 2.76835e-05
3520 3.48158e-05
3560 2.76329e-05
3600 2.80151e-05
3640 3.59287e-05
3680 2.52163e-05
3720 2.78348e-05
3760 3.01932e-05
3800 3.04208e-05
3840 3.30105e-05
3880 3.52716e-05
3920 3.01987e-05
3960 2.43588e-05
4000 3.32992e-05
