0 4.41663e-06
40 7.71123e-05
80 0.00010274
120 8.29112e-05
160 4.49414e-05
200 6.57727e-05
240 6.45086e-05
280 3.72139e-05
320 5.29119e-05
360 5.28327e-05
400 4.03727e-05
440 6.92782e-05
480 4.60612e-05
520 6.49767e-05
560 6.39769e-05
600 5.38668e-05
640 6.37312e-05
680 3.78917e-05
720 4.60949e-05
760 4.73007e-05
800 5.2767e-05
840 3.31789e-05
880 3.9151e-05
920 4.17009e-05
960 3.76902e-05
1000 6.71738e-05
1040 4.43506e-05
1080 5.36514e-05
1120 4.10613e-05
1160 3.08316e-05
1200 6.77713e-05
1240 3.1047e-05
1280 4.71769e-05
1320 2.74321e-05
1360 5.66172e-05
1400 2.85474e-05
1440 3.67506e-05
1480 3.63236e-05
1520 3.82946e-05
1560 3.9754e-05
1600 3.60976e-05
1640 3.20077e-05
1680 3.24268e-05
1720 2.82207e-05
1760 2.99131e-05
1800 4.15681e-05
1840 3.79682e-05
1880 6.14212e-05
1920 3.61289e-05
1960 3.47843e-05
2000 3.67161e-05
2040 7.78074e-05
2080 3.71054e-05
2120 4.94343e-05
2160 3.56709e-05
2200 3.53139e-05
2240 3.16454e-05
2280 3.74015e-05
2320 4.4722e-05
2360 4.38152e-05
2400 2.93558e-05
2440 4.05805e-05
2480 2.52145e-05
2520 2.08344e-05
2560 3.90682e-05
2600 3.99935e-05
2640 2.59656e-05
2680 3.01064e-05
2720 1.7073e-05
2760 3.19265e-05
2800 2.96652e-05
2840 3.97599e-05
2880 3.03059e-05
2920 4.75686e-05
2960 3.41905e-05
3000 3.45584e-05
3040 3.64733e-05
3080 3.97702e-05
3120 3.45409e-05
3160 3.83868e-05
3200 4.05497e-05
3240 3.53187e-05
3280 2.73987e-05
3320 1.85762e-05
3360 3.46754e-05
3400 4.2727e-05
3440 2.37128e-05
3480 2.80384e-05
3520 2.59918e-05
3560 2.37282e-05
3600 2.5833e-05
3640 3.70212e-05
3680 2.53158e-05
3720 3.14217e-05
3760 3.47108e-05
3800 3.15766e-05
3840 3.08925e-05
3880 4.20467e-05
3920 3.08896e-05
3960 2.73936e-05
4000 3.39873e-05
