0 -0.121938
40 0.0939911
80 0.444997
120 0.224117
160 -0.0328107
200 -0.0430379
240 0.120622
280 0.257555
320 0.275056
360 0.539635
400 -0.216032
440 0.485741
480 0.0855986
520 -0.109681
560 0.167444
600 -0.27893
640 0.012584
680 0.452131
720 0.341573
760 0.258474
800 0.206814
840 0.0955941
880 -0.46204
920 0.188774
960 -0.23133
1000 0.134939
1040 0.176793
1080 0.117285
1120 0.223033
1160 0.131249
1200 -0.218782
1240 0.187229
1280 0.156932
1320 -0.024366
1360 0.489464
1400 -0.0931279
1440 -0.315212
1480 -0.289354
1520 0.306829
1560 0.10522
1600 0.351304
1640 0.215413
1680 0.154948
1720 0.164458
1760 0.0699285
1800 -0.0156941
1840 -0.392452
1880 0.405965
1920 -0.480517
1960 0.355756
2000 -0.0717558
2040 0.0309597
2080 -0.325195
2120 0.144142
2160 0.497267
2200 0.173717
2240 0.269184
2280 -0.310596
2320 0.0690797
2360 -0.303636
2400 -0.515851
2440 0.356619
2480 0.0513278
2520 0.0592355
2560 -0.106742
2600 -0.0387299
2640 -0.235134
2680 0.1303
2720 0.348486
2760 0.0804743
2800 0.154087
2840 0.0107209
2880 -0.00853686
2920 -0.758033
2960 -0.0696378
3000 -0.00622461
3040 0.297108
3080 0.154394
3120 0.0961792
3160 0.326164
3200 0.110911
3240 0.251973
3280 0.262533
3320 0.0162037
3360 0.115104
3400 0.328987
3440 -0.0281631
3480 0.38032
3520 -0.177065
3560 0.0062781
3600 -0.211085
3640 -0.433853
3680 0.0963006
3720 0.220866
3760 0.119553
3800 0.33717
3840 0.221774
3880 0.112658
3920 0.14757
3960 0.112875
4000 0.243168
