0 -0.165285
40 -0.0226234
80 0.416932
120 -0.00696018
160 0.0991959
200 0.349087
240 0.338299
280 0.398615
320 0.410697
360 0.611348
400 -0.229301
440 0.551774
480 -0.148926
520 -0.00870673
560 0.367501
600 -0.560268
640 -0.298125
680 0.41254
720 0.299173
760 0.216717
800 0.368013
840 0.0863375
880 -0.927601
920 -0.343436
960 0.090604
1000 0.370848
1040 0.275755
1080 0.20076
1120 0.304968
1160 0.370626
1200 -0.278063
1240 0.501277
1280 0.250912
1320 -0.269652
1360 0.422295
1400 -0.158449
1440 0.26537
1480 -0.412672
1520 0.320742
1560 0.0481277
1600 0.199142
1640 -0.129793
1680 0.582014
1720 0.458871
1760 -0.326362
1800 0.272657
1840 -0.887688
1880 0.364879
1920 -0.763426
1960 0.588009
2000 -0.0283083
2040 0.337789
2080 -0.588778
2120 0.371508
2160 0.498066
2200 0.0567592
2240 0.358407
2280 -0.551945
2320 0.378567
2360 -0.302001
2400 0.190233
2440 0.155701
2480 0.422375
2520 -0.224959
2560 -0.072867
2600 0.170723
2640 0.504076
2680 0.228128
2720 0.505342
2760 0.132089
2800 0.249129
2840 0.158746
2880 0.322328
2920 -0.378243
2960 -0.130407
3000 0.0757027
3040 0.458895
3080 -0.093917
3120 -0.108632
3160 0.315573
3200 0.354453
3240 0.340372
3280 -0.155675
3320 -0.571864
3360 0.344961
3400 0.496599
3440 0.152918
3480 0.396336
3520 -0.217301
3560 -1.07538
3600 0.361442
3640 -0.986849
3680 -0.229624
3720 0.167759
3760 0.130254
3800 0.390046
3840 0.494357
3880 0.275528
3920 -0.0932874
3960 0.144879
4000 0.384541
