0 -0.016574
40 0.318967
80 0.478276
120 0.529601
160 0.230533
200 -0.626862
240 -0.154425
280 0.183545
320 0.132401
360 0.510621
400 -0.0875401
440 0.419224
480 0.285534
520 0.117881
560 -0.0151909
600 0.0903185
640 0.250676
680 0.645238
720 0.406055
760 0.391675
800 0.0218556
840 0.111556
880 0.0920542
920 0.535437
960 -0.365807
1000 -0.078355
1040 0.192523
1080 0.0478591
1120 0.132823
1160 0.163104
1200 0.138531
1240 0.216505
1280 0.114356
1320 0.219291
1360 0.581054
1400 0.0418978
1440 -0.887493
1480 -0.159424
1520 0.32331
1560 0.172977
1600 0.481897
1640 0.473802
1680 -0.486058
1720 0.0286657
1760 0.353097
1800 -0.394696
1840 -0.0223492
1880 0.49853
1920 0.344628
1960 0.21628
2000 0.312887
2040 -0.168014
2080 -0.0739073
2120 0.0735064
2160 0.566763
2200 0.396266
2240 0.185448
2280 -0.106959
2320 -0.385858
2360 0.26787
2400 -0.42529
2440 0.53516
2480 -0.135487
2520 0.285345
2560 -0.129494
2600 0.131356
2640 -0.740127
2680 0.0849132
2720 0.407252
2760 0.107016
2800 0.0483341
2840 -0.161094
2880 0.0380849
2920 -1.13702
2960 0.0109189
3000 -0.0831668
3040 0.148547
3080 0.391199
3120 0.375182
3160 0.366056
3200 0.503198
3240 0.188872
3280 0.564789
3320 0.400254
3360 -0.0323017
3400 0.119314
3440 -0.033708
3480 0.364005
3520 0.0152303
3560 0.679703
3600 -0.606995
3640 0.195475
3680 0.427484
3720 0.387898
3760 0.216444
3800 0.280802
3840 0.0238916
3880 -0.0285648
3920 0.413539
3960 0.136498
4000 0.0911667
