0 0.000156946
25 0.0331059
50 0.0614547
75 0.087838
100 0.112131
125 0.136973
150 0.161655
175 0.185626
200 0.209069
225 0.231476
250 0.25397
275 0.277749
300 0.300471
325 0.322912
350 0.344284
375 0.364972
400 0.385681
425 0.408408
450 0.4284
475 0.45005
500 0.470003
525 0.489769
550 0.509559
575 0.528935
600 0.546531
625 0.563147
650 0.581036
675 0.597831
700 0.614114
725 0.630471
750 0.644927
775 0.658874
800 0.672291
825 0.683611
850 0.696055
875 0.70895
900 0.721642
925 0.733189
950 0.745448
975 0.757024
1000 0.767951
1025 0.778588
1050 0.788855
1075 0.798105
1100 0.805815
1125 0.814315
1150 0.820994
1175 0.82829
1200 0.834894
1225 0.840962
1250 0.846808
1275 0.85158
1300 0.856051
1325 0.8615
1350 0.865041
1375 0.870431
1400 0.874592
1425 0.878096
1450 0.880628
1475 0.884014
1500 0.887337
1525 0.89075
1550 0.893132
1575 0.896028
1600 0.899277
1625 0.901055
1650 0.90256
1675 0.904498
1700 0.906649
1725 0.908092
1750 0.910092
1775 0.910927
1800 0.912452
1825 0.914236
1850 0.915634
1875 0.916947
1900 0.917507
1925 0.918684
1950 0.91974
1975 0.920543
2000 0.921707
2025 0.922853
2050 0.924017
2075 0.925015
2100 0.926562
2125 0.928036
2150 0.928537
2175 0.928525
2200 0.928996
2225 0.92944
2250 0.929797
2275 0.930817
2300 0.931243
2325 0.932074
2350 0.932856
2375 0.932712
2400 0.933249
2425 0.934043
2450 0.934608
2475 0.934922
2500 0.935118
2525 0.935586
2550 0.935419
2575 0.936038
2600 0.936441
2625 0.935983
2650 0.936512
2675 0.937051
2700 0.937842
2725 0.937721
2750 0.938107
2775 0.939064
2800 0.938686
2825 0.93892
2850 0.939274
2875 0.939933
2900 0.939792
2925 0.939971
2950 0.940045
2975 0.94029
3000 0.940103
3025 0.940499
3050 0.940497
3075 0.940659
3100 0.941165
3125 0.941256
3150 0.941027
3175 0.940621
3200 0.940992
3225 0.940651
3250 0.941388
3275 0.941574
3300 0.941273
3325 0.941594
3350 0.941584
3375 0.941623
3400 0.94145
3425 0.94212
3450 0.942055
3475 0.941647
3500 0.941254
3525 0.941104
3550 0.94161
3575 0.941475
3600 0.941451
3625 0.94152
3650 0.94196
3675 0.941803
3700 0.940932
3725 0.941187
3750 0.94151
3775 0.941547
3800 0.941815
3825 0.941133
3850 0.941332
3875 0.940795
3900 0.940945
3925 0.941425
3950 0.940992
3975 0.941698
4000 0.942401
4025 0.942826
4050 0.942431
4075 0.941948
4100 0.942057
4125 0.942202
4150 0.942007
4175 0.942209
4200 0.941451
4225 0.941876
4250 0.941607
4275 0.942135
4300 0.942026
4325 0.942168
4350 0.942341
4375 0.94326
4400 0.942651
4425 0.942442
4450 0.942468
4475 0.942233
4500 0.942485
4525 0.942353
4550 0.94276
4575 0.942514
4600 0.942544
4625 0.942762
4650 0.942887
4675 0.942983
4700 0.94315
4725 0.943747
4750 0.943635
4775 0.944052
4800 0.944438
4825 0.944076
4850 0.944873
4875 0.944851
4900 0.944941
4925 0.945151
4950 0.945336
4975 0.945618
5000 0.945361
