0 4.76484e-08
25 0.00226024
50 0.00773005
75 0.0154124
100 0.0245227
125 0.0353409
150 0.0473374
175 0.060627
200 0.0756673
225 0.090913
250 0.107332
275 0.124368
300 0.141742
325 0.160302
350 0.179925
375 0.199756
400 0.218869
425 0.24017
450 0.260712
475 0.282692
500 0.30377
525 0.325216
550 0.346804
575 0.368512
600 0.38914
625 0.409281
650 0.430479
675 0.451343
700 0.472061
725 0.492761
750 0.511292
775 0.528366
800 0.546309
825 0.560426
850 0.576021
875 0.592868
900 0.609062
925 0.623971
950 0.638978
975 0.653214
1000 0.667211
1025 0.681209
1050 0.693924
1075 0.706296
1100 0.716636
1125 0.727918
1150 0.736294
1175 0.745985
1200 0.754795
1225 0.762552
1250 0.770155
1275 0.777042
1300 0.78297
1325 0.790159
1350 0.794882
1375 0.802319
1400 0.807675
1425 0.812037
1450 0.815698
1475 0.820117
1500 0.824566
1525 0.829032
1550 0.831752
1575 0.835619
1600 0.839972
1625 0.842814
1650 0.84472
1675 0.84704
1700 0.850012
1725 0.851982
1750 0.854741
1775 0.855851
1800 0.857948
1825 0.860634
1850 0.862422
1875 0.863942
1900 0.864555
1925 0.866249
1950 0.867393
1975 0.868419
2000 0.869695
2025 0.871114
2050 0.87267
2075 0.873791
2100 0.876272
2125 0.878519
2150 0.879097
2175 0.878608
2200 0.87924
2225 0.879678
2250 0.879947
2275 0.881686
2300 0.882201
2325 0.88316
2350 0.884346
2375 0.883801
2400 0.884334
2425 0.88527
2450 0.886145
2475 0.886375
2500 0.886505
2525 0.887142
2550 0.886701
2575 0.887531
2600 0.88822
2625 0.887335
2650 0.887861
2675 0.888584
2700 0.88988
2725 0.889483
2750 0.889954
2775 0.891522
2800 0.890671
2825 0.890957
2850 0.891552
2875 0.892639
2900 0.892307
2925 0.892554
2950 0.892639
2975 0.892959
3000 0.892559
3025 0.893315
3050 0.893308
3075 0.893588
3100 0.894519
3125 0.894687
3150 0.894253
3175 0.893521
3200 0.894269
3225 0.89362
3250 0.895011
3275 0.895365
3300 0.894748
3325 0.895409
3350 0.895398
3375 0.895465
3400 0.895114
3425 0.896381
3450 0.89629
3475 0.895498
3500 0.894774
3525 0.894527
3550 0.895419
3575 0.895119
3600 0.895041
3625 0.895177
3650 0.895899
3675 0.895544
3700 0.893833
3725 0.894372
3750 0.895074
3775 0.895071
3800 0.895555
3825 0.894227
3850 0.894722
3875 0.893616
3900 0.893948
3925 0.894788
3950 0.893988
3975 0.89522
4000 0.896495
4025 0.89726
4050 0.896407
4075 0.895447
4100 0.895535
4125 0.895668
4150 0.895403
4175 0.895833
4200 0.894343
4225 0.895067
4250 0.894413
4275 0.895323
4300 0.895085
4325 0.895237
4350 0.895525
4375 0.897103
4400 0.895969
4425 0.895488
4450 0.895488
4475 0.894829
4500 0.895245
4525 0.894821
4550 0.895491
4575 0.894834
4600 0.894793
4625 0.895017
4650 0.895102
4675 0.895177
4700 0.895328
4725 0.896132
4750 0.895824
4775 0.896573
4800 0.897079
4825 0.896281
4850 0.897635
4875 0.8975
4900 0.897613
4925 0.897972
4950 0.8983
4975 0.898766
5000 0.898225
