0 0.0655899
25 -0.0622649
50 -0.0467834
75 0.00241797
100 0.0496156
125 0.116312
150 0.188547
175 0.240506
200 0.268872
225 0.303268
250 0.335956
275 0.387858
300 0.430026
325 0.462653
350 0.482049
375 0.500387
400 0.528608
425 0.560106
450 0.579429
475 0.604301
500 0.624872
525 0.644218
550 0.664345
575 0.682812
600 0.697206
625 0.709441
650 0.724892
675 0.737158
700 0.7483
725 0.76033
750 0.770729
775 0.78289
800 0.791285
825 0.800777
850 0.811085
875 0.820421
900 0.830452
925 0.839267
950 0.850124
975 0.86018
1000 0.868654
1025 0.876264
1050 0.884892
1075 0.891164
1100 0.896358
1125 0.902266
1150 0.907625
1175 0.91266
1200 0.917154
1225 0.921758
1250 0.925992
1275 0.928497
1300 0.931569
1325 0.935358
1350 0.937743
1375 0.941043
1400 0.944092
1425 0.946847
1450 0.948173
1475 0.950561
1500 0.952756
1525 0.955135
1550 0.957291
1575 0.959204
1600 0.961329
1625 0.961925
1650 0.963043
1675 0.964646
1700 0.965939
1725 0.966831
1750 0.968039
1775 0.968591
1800 0.969516
1825 0.970321
1850 0.971331
1875 0.972467
1900 0.972993
1925 0.973615
1950 0.974619
1975 0.975196
2000 0.97628
2025 0.977155
2050 0.977908
2075 0.978803
2100 0.97932
2125 0.979951
2150 0.980381
2175 0.980921
2200 0.981222
2225 0.981688
2250 0.982158
2275 0.98238
2300 0.982719
2325 0.983428
2350 0.983768
2375 0.984081
2400 0.984637
2425 0.985289
2450 0.985513
2475 0.985933
2500 0.98621
2525 0.986495
2550 0.986637
2575 0.98703
2600 0.987116
2625 0.987134
2650 0.987678
2675 0.988018
2700 0.988253
2725 0.988443
2750 0.988739
2775 0.989022
2800 0.989173
2825 0.989352
2850 0.989441
2875 0.989626
2900 0.9897
2925 0.989804
2950 0.989866
2975 0.990031
3000 0.990082
3025 0.990079
3050 0.990082
3075 0.990112
3100 0.990147
3125 0.990154
3150 0.990151
3175 0.990107
3200 0.990058
3225 0.990059
3250 0.990071
3275 0.990069
3300 0.990122
3325 0.990064
3350 0.990055
3375 0.990062
3400 0.990087
3425 0.990096
3450 0.990058
3475 0.990077
3500 0.990052
3525 0.990007
3550 0.990086
3575 0.990135
3600 0.990171
3625 0.990166
3650 0.990296
3675 0.99036
3700 0.990422
3725 0.990362
3750 0.990261
3775 0.990344
3800 0.990373
3825 0.990408
3850 0.990276
3875 0.990374
3900 0.99032
3925 0.990402
3950 0.990374
3975 0.990499
4000 0.99057
4025 0.990619
4050 0.990733
4075 0.99078
4100 0.990914
4125 0.991074
4150 0.990955
4175 0.990905
4200 0.99096
4225 0.991053
4250 0.991215
4275 0.991321
4300 0.991354
4325 0.991487
4350 0.991533
4375 0.991724
4400 0.991697
4425 0.991791
4450 0.991846
4475 0.992086
4500 0.992156
4525 0.992353
4550 0.992467
4575 0.992682
4600 0.992792
4625 0.993005
4650 0.993177
4675 0.993298
4700 0.993484
4725 0.993855
4750 0.993962
4775 0.994009
4800 0.994264
4825 0.994387
4850 0.994568
4875 0.994672
4900 0.994737
4925 0.994782
4950 0.994807
4975 0.994885
5000 0.994945
