0 0.000609796
6.25 0.0352956
12.5 0.067739
18.75 0.0989902
25 0.129898
31.25 0.161475
37.5 0.19166
43.75 0.222191
50 0.250942
56.25 0.279318
62.5 0.309277
68.75 0.337505
75 0.365004
81.25 0.393396
87.5 0.420494
93.75 0.448404
100 0.474705
106.25 0.499957
112.5 0.524626
118.75 0.54952
125 0.573937
131.25 0.597357
137.5 0.619956
143.75 0.640974
150 0.661573
156.25 0.680225
162.5 0.697615
168.75 0.715152
175 0.731414
181.25 0.746708
187.5 0.761734
193.75 0.775212
200 0.788761
206.25 0.800729
212.5 0.811507
218.75 0.821431
225 0.832107
231.25 0.841479
237.5 0.849262
243.75 0.857348
250 0.865091
256.25 0.871614
262.5 0.87836
268.75 0.884386
275 0.889528
281.25 0.894649
287.5 0.899239
293.75 0.903653
300 0.908044
306.25 0.911678
312.5 0.914811
318.75 0.918013
325 0.920894
331.25 0.923639
337.5 0.925792
343.75 0.927767
350 0.929992
356.25 0.932055
362.5 0.933806
368.75 0.935655
375 0.937334
381.25 0.938482
387.5 0.939998
393.75 0.940976
400 0.942323
406.25 0.943573
412.5 0.944865
418.75 0.945796
425 0.946585
431.25 0.947694
437.5 0.948834
443.75 0.949736
450 0.950605
456.25 0.950983
462.5 0.951497
468.75 0.951897
475 0.952456
481.25 0.952794
487.5 0.953072
493.75 0.953506
500 0.953585
506.25 0.954078
512.5 0.954579
518.75 0.954783
525 0.954998
531.25 0.95547
537.5 0.955548
543.75 0.955812
550 0.955874
556.25 0.956096
562.5 0.955875
568.75 0.955909
575 0.956298
581.25 0.95625
587.5 0.956801
593.75 0.956637
600 0.956789
606.25 0.956667
612.5 0.956824
618.75 0.956881
625 0.956381
631.25 0.95666
637.5 0.95682
643.75 0.957064
650 0.957035
656.25 0.957188
662.5 0.957353
668.75 0.957311
675 0.957051
681.25 0.957216
687.5 0.957528
693.75 0.957343
700 0.957273
706.25 0.957803
712.5 0.957634
718.75 0.957669
725 0.957876
731.25 0.957664
737.5 0.957743
743.75 0.957931
750 0.957775
756.25 0.95792
762.5 0.957865
768.75 0.958295
775 0.95801
781.25 0.95786
787.5 0.957717
793.75 0.957905
800 0.957835
806.25 0.95787
812.5 0.957752
818.75 0.958076
825 0.958021
831.25 0.957949
837.5 0.957885
843.75 0.957986
850 0.95827
856.25 0.958056
862.5 0.958193
868.75 0.958005
875 0.957862
881.25 0.957808
887.5 0.958001
893.75 0.957977
900 0.958175
906.25 0.958195
912.5 0.958512
918.75 0.958139
925 0.957921
931.25 0.957915
937.5 0.957955
943.75 0.958189
950 0.958072
956.25 0.958264
962.5 0.958005
968.75 0.957936
975 0.958326
981.25 0.95833
987.5 0.958202
993.75 0.958144
1000 0.95777
1006.25 0.957762
1012.5 0.957797
1018.75 0.958192
1025 0.957723
1031.25 0.957847
1037.5 0.958292
1043.75 0.958378
1050 0.958187
1056.25 0.95833
1062.5 0.958175
1068.75 0.958112
1075 0.957895
1081.25 0.957947
1087.5 0.957823
1093.75 0.958007
1100 0.95779
1106.25 0.958147
1112.5 0.958189
1118.75 0.958126
1125 0.958293
1131.25 0.958036
1137.5 0.957894
1143.75 0.95782
1150 0.95771
1156.25 0.958261
1162.5 0.958002
1168.75 0.958061
1175 0.958122
1181.25 0.957766
1187.5 0.957382
1193.75 0.957533
1200 0.957721
1206.25 0.957888
1212.5 0.957918
1218.75 0.957622
1225 0.957944
1231.25 0.958123
1237.5 0.958057
1243.75 0.958301
1250 0.958218
