0 8.15774e-07
6.25 0.00272348
12.5 0.00964713
18.75 0.0199757
25 0.0337154
31.25 0.0505177
37.5 0.0691579
43.75 0.0906043
50 0.113321
56.25 0.136473
62.5 0.162582
68.75 0.189128
75 0.215538
81.25 0.243239
87.5 0.271801
93.75 0.301729
100 0.329863
106.25 0.357299
112.5 0.385189
118.75 0.412526
125 0.440077
131.25 0.467827
137.5 0.494779
143.75 0.520386
150 0.5455
156.25 0.568627
162.5 0.59076
168.75 0.612612
175 0.632931
181.25 0.651726
187.5 0.670522
193.75 0.68739
200 0.703645
206.25 0.718436
212.5 0.731689
218.75 0.744263
225 0.757642
231.25 0.769547
237.5 0.77979
243.75 0.789917
250 0.799507
256.25 0.808184
262.5 0.816764
268.75 0.824299
275 0.831303
281.25 0.838372
287.5 0.844476
293.75 0.85001
300 0.855831
306.25 0.860595
312.5 0.864634
318.75 0.869054
325 0.872957
331.25 0.8769
337.5 0.879924
343.75 0.88256
350 0.884923
356.25 0.887228
362.5 0.889432
368.75 0.891809
375 0.894065
381.25 0.895528
387.5 0.896867
393.75 0.898126
400 0.899213
406.25 0.900494
412.5 0.902008
418.75 0.903114
425 0.903355
431.25 0.904688
437.5 0.905832
443.75 0.906606
450 0.907552
456.25 0.9078
462.5 0.908342
468.75 0.909064
475 0.909665
481.25 0.910178
487.5 0.910863
493.75 0.911285
500 0.911831
506.25 0.912697
512.5 0.91322
518.75 0.913712
525 0.913865
531.25 0.914606
537.5 0.914796
543.75 0.915386
550 0.915459
556.25 0.916146
562.5 0.915661
568.75 0.915961
575 0.916183
581.25 0.915952
587.5 0.916729
593.75 0.916625
600 0.917022
606.25 0.916647
612.5 0.916289
618.75 0.91695
625 0.915985
631.25 0.916257
637.5 0.916569
643.75 0.916668
650 0.917003
656.25 0.91727
662.5 0.917037
668.75 0.916991
675 0.91681
681.25 0.916836
687.5 0.917361
693.75 0.916925
700 0.916837
706.25 0.917738
712.5 0.917447
718.75 0.917527
725 0.91769
731.25 0.917536
737.5 0.917449
743.75 0.917506
750 0.917513
756.25 0.918031
762.5 0.917949
768.75 0.918372
775 0.917718
781.25 0.917486
787.5 0.917431
793.75 0.917362
800 0.917551
806.25 0.917393
812.5 0.917514
818.75 0.917753
825 0.917577
831.25 0.917741
837.5 0.917966
843.75 0.917849
850 0.918479
856.25 0.917855
862.5 0.918004
868.75 0.917642
875 0.917427
881.25 0.917212
887.5 0.917501
893.75 0.917452
900 0.917578
906.25 0.91771
912.5 0.918311
918.75 0.917987
925 0.917491
931.25 0.917924
937.5 0.917982
943.75 0.918278
950 0.918097
956.25 0.918703
962.5 0.918413
968.75 0.917849
975 0.918179
981.25 0.918174
987.5 0.917898
993.75 0.917712
1000 0.917115
1006.25 0.917251
1012.5 0.917243
1018.75 0.917993
1025 0.917339
1031.25 0.917436
1037.5 0.918132
1043.75 0.918009
1050 0.917824
1056.25 0.917975
1062.5 0.917809
1068.75 0.917822
1075 0.917214
1081.25 0.917633
1087.5 0.917535
1093.75 0.91761
1100 0.917345
1106.25 0.917979
1112.5 0.917831
1118.75 0.917962
1125 0.918039
1131.25 0.917671
1137.5 0.917695
1143.75 0.917451
1150 0.917311
1156.25 0.918043
1162.5 0.917626
1168.75 0.917837
1175 0.917985
1181.25 0.917396
1187.5 0.916789
1193.75 0.917069
1200 0.917159
1206.25 0.917496
1212.5 0.917303
1218.75 0.917069
1225 0.917471
1231.25 0.917842
1237.5 0.917859
1243.75 0.918438
1250 0.918384
