0 7.52876e-07
6.25 0.00241001
12.5 0.00866775
18.75 0.0181356
25 0.0305067
31.25 0.0460897
37.5 0.0638052
43.75 0.0841314
50 0.105219
56.25 0.127386
62.5 0.152515
68.75 0.177403
75 0.202831
81.25 0.229911
87.5 0.25714
93.75 0.28631
100 0.314493
106.25 0.341571
112.5 0.368821
118.75 0.396855
125 0.425207
131.25 0.452956
137.5 0.480486
143.75 0.506516
150 0.532269
156.25 0.555656
162.5 0.577399
168.75 0.599522
175 0.620072
181.25 0.639271
187.5 0.658873
193.75 0.675874
200 0.69336
206.25 0.708925
212.5 0.722892
218.75 0.736325
225 0.750825
231.25 0.763258
237.5 0.773581
243.75 0.78394
250 0.79425
256.25 0.802786
262.5 0.812004
268.75 0.819871
275 0.826924
281.25 0.833664
287.5 0.839662
293.75 0.845685
300 0.851771
306.25 0.856657
312.5 0.860827
318.75 0.865101
325 0.869049
331.25 0.872709
337.5 0.875506
343.75 0.878095
350 0.88103
356.25 0.88379
362.5 0.885944
368.75 0.88829
375 0.890516
381.25 0.89202
387.5 0.893791
393.75 0.89498
400 0.896626
406.25 0.898313
412.5 0.899876
418.75 0.900909
425 0.901844
431.25 0.903377
437.5 0.904905
443.75 0.906116
450 0.907457
456.25 0.907929
462.5 0.908556
468.75 0.909032
475 0.909825
481.25 0.910286
487.5 0.910718
493.75 0.911432
500 0.911343
506.25 0.912111
512.5 0.912903
518.75 0.913174
525 0.913484
531.25 0.914291
537.5 0.914306
543.75 0.914781
550 0.914803
556.25 0.915288
562.5 0.91485
568.75 0.914854
575 0.91552
581.25 0.915368
587.5 0.916433
593.75 0.916102
600 0.916381
606.25 0.916037
612.5 0.916281
618.75 0.916361
625 0.915377
631.25 0.915877
637.5 0.916096
643.75 0.916428
650 0.916298
656.25 0.916519
662.5 0.916797
668.75 0.916661
675 0.916136
681.25 0.916394
687.5 0.916965
693.75 0.916595
700 0.916432
706.25 0.917432
712.5 0.917101
718.75 0.917165
725 0.917557
731.25 0.917153
737.5 0.917307
743.75 0.917668
750 0.917366
756.25 0.917644
762.5 0.917539
768.75 0.918359
775 0.917815
781.25 0.917529
787.5 0.917253
793.75 0.917617
800 0.917485
806.25 0.917549
812.5 0.917326
818.75 0.91794
825 0.917839
831.25 0.917703
837.5 0.917578
843.75 0.917769
850 0.918313
856.25 0.917901
862.5 0.918164
868.75 0.917803
875 0.917531
881.25 0.917435
887.5 0.9178
893.75 0.917754
900 0.918131
906.25 0.918171
912.5 0.918775
918.75 0.918059
925 0.917643
931.25 0.91763
937.5 0.917712
943.75 0.918155
950 0.917933
956.25 0.9183
962.5 0.9178
968.75 0.917669
975 0.918416
981.25 0.918424
987.5 0.91818
993.75 0.91807
1000 0.91736
1006.25 0.917344
1012.5 0.917409
1018.75 0.918163
1025 0.917265
1031.25 0.917503
1037.5 0.918352
1043.75 0.918519
1050 0.918154
1056.25 0.918427
1062.5 0.918129
1068.75 0.91801
1075 0.917595
1081.25 0.917695
1087.5 0.917458
1093.75 0.917809
1100 0.917394
1106.25 0.918081
1112.5 0.918156
1118.75 0.918037
1125 0.918354
1131.25 0.917866
1137.5 0.917594
1143.75 0.917452
1150 0.917241
1156.25 0.918293
1162.5 0.917799
1168.75 0.917913
1175 0.918027
1181.25 0.917346
1187.5 0.916612
1193.75 0.916903
1200 0.91726
1206.25 0.917582
1212.5 0.917644
1218.75 0.917076
1225 0.917692
1231.25 0.918032
1237.5 0.917902
1243.75 0.918372
1250 0.918212
