0 -0.0246726
6.25 0.0654663
12.5 0.111015
18.75 0.149251
25 0.192032
31.25 0.232351
37.5 0.263033
43.75 0.295867
50 0.329119
56.25 0.367223
62.5 0.405527
68.75 0.442602
75 0.477565
81.25 0.514413
87.5 0.545717
93.75 0.576038
100 0.604394
106.25 0.633483
112.5 0.659966
118.75 0.685791
125 0.709162
131.25 0.730632
137.5 0.749859
143.75 0.767144
150 0.783882
156.25 0.799116
162.5 0.813564
168.75 0.827782
175 0.840913
181.25 0.853475
187.5 0.86448
193.75 0.875331
200 0.885531
206.25 0.894323
212.5 0.902289
218.75 0.908742
225 0.915623
231.25 0.922083
237.5 0.927438
243.75 0.933482
250 0.93871
256.25 0.9433
262.5 0.947523
268.75 0.951758
275 0.954929
281.25 0.958437
287.5 0.961625
293.75 0.964369
300 0.96698
306.25 0.969321
312.5 0.971385
318.75 0.973475
325 0.975234
331.25 0.977025
337.5 0.978515
343.75 0.979851
350 0.981332
356.25 0.98266
362.5 0.984003
368.75 0.985333
375 0.986432
381.25 0.987202
387.5 0.988461
393.75 0.989221
400 0.990256
406.25 0.991034
412.5 0.992042
418.75 0.99287
425 0.993504
431.25 0.994151
437.5 0.994868
443.75 0.995434
450 0.995786
456.25 0.996062
462.5 0.996455
468.75 0.996772
475 0.997075
481.25 0.99728
487.5 0.99739
493.75 0.997516
500 0.99778
506.25 0.997972
512.5 0.998154
518.75 0.998284
525 0.998396
531.25 0.998501
537.5 0.998648
543.75 0.998681
550 0.998787
556.25 0.998722
562.5 0.998738
568.75 0.998804
575 0.998891
581.25 0.998956
587.5 0.998946
593.75 0.998965
600 0.998978
606.25 0.999099
612.5 0.999161
618.75 0.999192
625 0.999221
631.25 0.999259
637.5 0.999354
643.75 0.999502
650 0.999583
656.25 0.999662
662.5 0.999703
668.75 0.999763
675 0.999793
681.25 0.999855
687.5 0.999886
693.75 0.999903
700 0.999934
706.25 0.999952
712.5 0.999958
718.75 0.99996
725 0.999966
731.25 0.999964
737.5 0.999962
743.75 0.999961
750 0.999963
756.25 0.999964
762.5 0.999964
768.75 0.999967
775 0.999964
781.25 0.999963
787.5 0.999965
793.75 0.999962
800 0.999961
806.25 0.999962
812.5 0.99996
818.75 0.999967
825 0.999963
831.25 0.99996
837.5 0.999962
843.75 0.999965
850 0.999965
856.25 0.999967
862.5 0.999967
868.75 0.999968
875 0.999966
881.25 0.999958
887.5 0.999963
893.75 0.999962
900 0.999966
906.25 0.999964
912.5 0.999968
918.75 0.99997
925 0.999967
931.25 0.999969
937.5 0.999964
943.75 0.999968
950 0.999966
956.25 0.999967
962.5 0.99997
968.75 0.999969
975 0.999969
981.25 0.999971
987.5 0.999969
993.75 0.999968
1000 0.99996
1006.25 0.999961
1012.5 0.999964
1018.75 0.999966
1025 0.999966
1031.25 0.999965
1037.5 0.999969
1043.75 0.999968
1050 0.999965
1056.25 0.999968
1062.5 0.999967
1068.75 0.999965
1075 0.999965
1081.25 0.999964
1087.5 0.999963
1093.75 0.999964
1100 0.999965
1106.25 0.999963
1112.5 0.999967
1118.75 0.999966
1125 0.999968
1131.25 0.999965
1137.5 0.999963
1143.75 0.999964
1150 0.999965
1156.25 0.999967
1162.5 0.999966
1168.75 0.999965
1175 0.999968
1181.25 0.999967
1187.5 0.999966
1193.75 0.999963
1200 0.999968
1206.25 0.999966
1212.5 0.99996
1218.75 0.999961
1225 0.999961
1231.25 0.999965
1237.5 0.999968
1243.75 0.999966
1250 0.999967
