0 2597.41176471 2600.93529412
128.00000000 23.01764706 23.38235294
256.00000000 15.80000000 16.11176471
384.00000000 12.78235294 12.90000000
512.00000000 11.04117647 11.03529412
640.00000000 9.75294118 9.94705882
768.00000000 9.19411765 9.20000000
896.00000000 8.65294118 8.80000000
1024.00000000 8.24705882 8.22352941
1152.00000000 7.93529412 7.97058824
1280.00000000 7.62941176 7.65882353
1408.00000000 7.42352941 7.40588235
1536.00000000 7.25882353 7.14705882
1664.00000000 7.00000000 7.04705882
1792.00000000 6.85882353 6.91764706
1920.00000000 6.66470588 6.76470588
2048.00000000 6.62352941 6.61176471
2176.00000000 6.47058824 6.53529412
2304.00000000 6.41176471 6.44705882
2432.00000000 6.35882353 6.38823529
2560.00000000 6.27058824 6.28823529
2688.00000000 6.20588235 6.16470588
2816.00000000 6.10588235 6.18823529
2944.00000000 6.08823529 6.11764706
3072.00000000 6.01176471 6.04117647
3200.00000000 5.90000000 5.95294118
3328.00000000 5.91764706 5.95882353
3456.00000000 5.85882353 5.89411765
3584.00000000 5.82941176 5.84705882
3712.00000000 5.76470588 5.81764706
3840.00000000 5.66470588 5.86470588
3968.00000000 5.71764706 5.85882353
4096.00000000 5.77058824 5.68823529
4224.00000000 5.68823529 5.77058824
4352.00000000 5.67647059 5.65294118
4480.00000000 5.60000000 5.74705882
4608.00000000 5.64117647 5.64117647
4736.00000000 5.58823529 5.61176471
4864.00000000 5.56470588 5.56470588
4992.00000000 5.48235294 5.53529412
5120.00000000 5.51764706 5.60000000
5248.00000000 5.42941176 5.38823529
5376.00000000 5.51764706 5.51176471
5504.00000000 5.44117647 5.40588235
5632.00000000 5.47647059 5.55294118
5760.00000000 5.42352941 5.45882353
5888.00000000 5.42941176 5.33529412
6016.00000000 5.31176471 5.40000000
6144.00000000 5.33529412 5.40000000
6272.00000000 5.28235294 5.37058824
6400.00000000 5.30588235 5.35294118
6528.00000000 5.27647059 5.37647059
6656.00000000 5.20000000 5.32352941
6784.00000000 5.24705882 5.25882353
6912.00000000 5.24705882 5.21764706
7040.00000000 5.17058824 5.30000000
7168.00000000 5.20588235 5.19411765
7296.00000000 5.27647059 5.25294118
7424.00000000 5.19411765 5.22352941
7552.00000000 5.18823529 5.20588235
7680.00000000 5.17647059 5.20588235
7808.00000000 5.21176471 5.16470588
7936.00000000 5.10588235 5.22941176
8064.00000000 5.09411765 5.20000000
8192.00000000 5.08235294 5.17647059
8320.00000000 5.10000000 5.13529412
8448.00000000 5.07647059 5.14117647
8576.00000000 5.08823529 5.09411765
8704.00000000 5.05882353 5.14117647
8832.00000000 5.02941176 5.10588235
8960.00000000 4.98235294 5.05294118
9088.00000000 4.99411765 5.04117647
9216.00000000 4.98235294 4.94117647
9344.00000000 4.92352941 4.96470588
9472.00000000 4.91764706 4.98235294
9600.00000000 4.97647059 4.94117647
9728.00000000 4.92352941 4.89411765
9856.00000000 4.94705882 4.98235294
9984.00000000 4.85882353 4.94117647
10112.00000000 4.89411765 4.89411765
10240.00000000 4.92941176 4.93529412
10368.00000000 4.79411765 4.91176471
10496.00000000 4.87058824 4.90588235
10624.00000000 4.87058824 4.89411765
10752.00000000 4.83529412 4.92941176
10880.00000000 4.85294118 4.85882353
11008.00000000 4.78235294 4.85294118
11136.00000000 4.80588235 4.80588235
11264.00000000 4.79411765 4.80588235
11392.00000000 4.72941176 4.82352941
11520.00000000 4.78823529 4.84705882
11648.00000000 4.72352941 4.72941176
11776.00000000 4.77058824 4.85882353
11904.00000000 4.79411765 4.70588235
12032.00000000 4.67058824 4.79411765
12160.00000000 4.75882353 4.75294118
12288.00000000 4.80000000 4.77647059
12416.00000000 4.80588235 4.74117647
12544.00000000 4.76470588 4.74705882
12672.00000000 4.76470588 4.72352941
12800.00000000 4.68235294 4.73529412
