0 2597.21333333 2600.23333333
128.00000000 23.06000000 23.38666667
256.00000000 15.81333333 16.20000000
384.00000000 12.82666667 12.92666667
512.00000000 11.06666667 11.06000000
640.00000000 9.76666667 9.99333333
768.00000000 9.25333333 9.24666667
896.00000000 8.74000000 8.88000000
1024.00000000 8.32666667 8.32000000
1152.00000000 8.00000000 8.04000000
1280.00000000 7.72000000 7.70666667
1408.00000000 7.46666667 7.44000000
1536.00000000 7.31333333 7.18666667
1664.00000000 7.04000000 7.09333333
1792.00000000 6.90666667 6.96000000
1920.00000000 6.69333333 6.80000000
2048.00000000 6.64666667 6.66000000
2176.00000000 6.48666667 6.52000000
2304.00000000 6.42666667 6.48000000
2432.00000000 6.36666667 6.42000000
2560.00000000 6.28666667 6.28666667
2688.00000000 6.23333333 6.21333333
2816.00000000 6.11333333 6.20000000
2944.00000000 6.10000000 6.17333333
3072.00000000 6.04666667 6.04666667
3200.00000000 5.92000000 5.98000000
3328.00000000 5.96000000 6.00000000
3456.00000000 5.90000000 5.92000000
3584.00000000 5.86000000 5.86000000
3712.00000000 5.80000000 5.87333333
3840.00000000 5.72666667 5.90000000
3968.00000000 5.75333333 5.90666667
4096.00000000 5.78666667 5.74000000
4224.00000000 5.72000000 5.80000000
4352.00000000 5.71333333 5.66000000
4480.00000000 5.65333333 5.79333333
4608.00000000 5.68666667 5.70000000
4736.00000000 5.66000000 5.68000000
4864.00000000 5.64666667 5.64000000
4992.00000000 5.55333333 5.60666667
5120.00000000 5.57333333 5.64666667
5248.00000000 5.48000000 5.44666667
5376.00000000 5.56666667 5.58000000
5504.00000000 5.50666667 5.46666667
5632.00000000 5.52666667 5.60000000
5760.00000000 5.48000000 5.52000000
5888.00000000 5.47333333 5.35333333
6016.00000000 5.36666667 5.44000000
6144.00000000 5.39333333 5.43333333
6272.00000000 5.35333333 5.43333333
6400.00000000 5.34666667 5.40000000
6528.00000000 5.35333333 5.44000000
6656.00000000 5.24000000 5.38000000
6784.00000000 5.30666667 5.32000000
6912.00000000 5.27333333 5.26666667
7040.00000000 5.22666667 5.33333333
7168.00000000 5.22666667 5.26666667
7296.00000000 5.30666667 5.32000000
7424.00000000 5.22000000 5.30666667
7552.00000000 5.23333333 5.27333333
7680.00000000 5.22000000 5.27333333
7808.00000000 5.25333333 5.20666667
7936.00000000 5.11333333 5.28000000
8064.00000000 5.13333333 5.23333333
8192.00000000 5.12000000 5.23333333
8320.00000000 5.14000000 5.17333333
8448.00000000 5.10666667 5.18000000
8576.00000000 5.12666667 5.14666667
8704.00000000 5.11333333 5.16666667
8832.00000000 5.04666667 5.14000000
8960.00000000 5.04000000 5.10666667
9088.00000000 5.03333333 5.07333333
9216.00000000 5.00000000 4.96666667
9344.00000000 4.92000000 5.00000000
9472.00000000 4.96000000 5.00000000
9600.00000000 4.99333333 4.94666667
9728.00000000 4.93333333 4.94666667
9856.00000000 4.98000000 5.04666667
9984.00000000 4.87333333 4.97333333
10112.00000000 4.91333333 4.91333333
10240.00000000 4.98000000 4.96666667
10368.00000000 4.81333333 4.94000000
10496.00000000 4.86000000 4.92000000
10624.00000000 4.90000000 4.90000000
10752.00000000 4.86666667 4.95333333
10880.00000000 4.86666667 4.86666667
11008.00000000 4.78666667 4.88000000
11136.00000000 4.84000000 4.82666667
11264.00000000 4.81333333 4.81333333
11392.00000000 4.74666667 4.83333333
11520.00000000 4.82666667 4.91333333
11648.00000000 4.78000000 4.74000000
11776.00000000 4.83333333 4.88000000
11904.00000000 4.80666667 4.75333333
12032.00000000 4.69333333 4.82666667
12160.00000000 4.78000000 4.75333333
12288.00000000 4.82666667 4.80000000
12416.00000000 4.82666667 4.76666667
12544.00000000 4.80000000 4.81333333
12672.00000000 4.79333333 4.72666667
12800.00000000 4.70666667 4.79333333
