0 0.135741
2 0.152506
4 0.225669
6 0.254189
8 0.266611
10 0.262859
12 0.277002
14 0.3068
16 0.33323
18 0.370816
20 0.378164
22 0.378849
24 0.385824
26 0.380586
28 0.38106
30 0.38707
32 0.400304
34 0.407286
36 0.416429
38 0.417804
40 0.430488
42 0.438832
44 0.449869
46 0.454821
48 0.467998
50 0.484831
52 0.494347
54 0.508806
56 0.520769
58 0.52995
60 0.543064
62 0.55199
64 0.562104
66 0.568764
68 0.576217
70 0.580009
72 0.589989
74 0.601045
76 0.612375
78 0.620787
80 0.629876
82 0.640544
84 0.647879
86 0.656058
88 0.663821
90 0.674596
92 0.681011
94 0.688166
96 0.69347
98 0.69956
100 0.703553
102 0.708046
104 0.713991
106 0.71816
108 0.724839
110 0.730787
112 0.735261
114 0.740134
116 0.745505
118 0.748495
120 0.751064
122 0.752963
124 0.757563
126 0.761229
128 0.766825
130 0.770297
132 0.773411
134 0.776966
136 0.783134
138 0.786545
140 0.790722
142 0.793013
144 0.797397
146 0.799951
148 0.804618
150 0.807121
152 0.811018
154 0.813019
156 0.817791
158 0.820679
160 0.825345
162 0.827551
164 0.828848
166 0.83047
168 0.83484
170 0.838731
172 0.840836
174 0.843828
176 0.846457
178 0.848638
180 0.851103
182 0.854875
184 0.858547
186 0.860784
188 0.862604
190 0.865082
192 0.866832
194 0.866471
196 0.869908
198 0.871469
200 0.875189
202 0.876797
204 0.878805
206 0.881645
208 0.884047
210 0.886698
212 0.88789
214 0.889033
216 0.890383
218 0.892534
220 0.893822
222 0.8956
224 0.897501
226 0.899533
228 0.901265
230 0.902255
232 0.902829
234 0.903496
236 0.905362
238 0.906888
240 0.907297
242 0.90872
244 0.911478
246 0.91327
248 0.916478
250 0.917502
252 0.919653
254 0.921582
256 0.922185
258 0.922816
260 0.923832
262 0.925469
264 0.9269
266 0.927816
268 0.92974
270 0.930572
272 0.931169
274 0.932409
276 0.933006
278 0.934154
280 0.934185
282 0.93448
284 0.936284
286 0.938155
288 0.938489
290 0.940041
292 0.941396
294 0.942619
296 0.94347
298 0.944531
300 0.945865
302 0.946474
304 0.947075
306 0.948228
308 0.948136
310 0.948306
312 0.948616
314 0.949218
316 0.950291
318 0.95147
320 0.952282
322 0.953224
324 0.953547
326 0.953345
328 0.953663
330 0.954252
332 0.955209
334 0.955618
336 0.956318
338 0.956265
340 0.956904
342 0.957767
344 0.95859
346 0.959265
348 0.959889
350 0.960193
352 0.960756
354 0.96156
356 0.961527
358 0.961705
360 0.961619
362 0.961421
364 0.961452
366 0.961824
368 0.962519
370 0.963032
372 0.963475
374 0.963678
376 0.963738
378 0.964038
380 0.964165
382 0.963896
384 0.963888
386 0.964558
388 0.964374
390 0.96429
392 0.964367
394 0.964626
396 0.964235
398 0.964293
400 0.964375
402 0.964867
404 0.964977
406 0.965267
408 0.965844
410 0.966219
412 0.966689
414 0.967025
416 0.96716
418 0.967197
420 0.967561
422 0.967597
424 0.967823
426 0.968116
428 0.968286
430 0.968697
432 0.969483
434 0.969476
436 0.969767
438 0.97017
440 0.97051
442 0.970791
444 0.970874
446 0.970875
448 0.971022
450 0.971632
452 0.972087
454 0.972566
456 0.972807
458 0.972853
460 0.973056
462 0.972985
464 0.973424
466 0.973508
468 0.973918
470 0.974505
472 0.974379
474 0.975069
476 0.975693
478 0.976208
480 0.976659
482 0.976975
484 0.977741
486 0.977546
488 0.978227
490 0.979012
492 0.979136
494 0.979358
496 0.979687
498 0.979599
500 0.97974
502 0.980181
504 0.980526
506 0.980895
508 0.980982
510 0.981286
512 0.981568
514 0.982222
516 0.9828
518 0.98312
520 0.983215
522 0.983374
524 0.983843
526 0.984169
528 0.984443
530 0.984593
532 0.984974
534 0.985226
536 0.985393
538 0.985299
540 0.98524
542 0.985425
544 0.985638
546 0.985655
548 0.985544
550 0.985557
552 0.985906
554 0.986108
556 0.986219
558 0.986353
560 0.986476
562 0.986633
564 0.986842
566 0.987065
568 0.987149
570 0.987094
572 0.986974
574 0.98696
576 0.987254
578 0.987234
580 0.987208
582 0.987263
584 0.987296
586 0.987294
588 0.98737
590 0.987364
592 0.987478
594 0.987472
596 0.987518
598 0.987471
600 0.987368
602 0.987606
604 0.987626
606 0.987819
608 0.987933
610 0.987906
612 0.987973
614 0.987975
616 0.988017
618 0.988214
620 0.9883
622 0.988348
624 0.988378
626 0.988455
628 0.988577
630 0.988662
632 0.988732
634 0.988806
636 0.988875
638 0.988868
640 0.98882
642 0.988791
644 0.988785
646 0.988757
648 0.98875
650 0.988751
652 0.988766
654 0.988765
656 0.988784
658 0.988782
660 0.988781
662 0.988804
664 0.988787
666 0.988755
668 0.988766
670 0.988775
672 0.988799
674 0.988837
676 0.988812
678 0.988807
680 0.988807
682 0.988798
684 0.988782
686 0.988747
688 0.98876
690 0.988748
692 0.988732
694 0.988743
696 0.988737
698 0.988739
700 0.988739
702 0.988741
704 0.988745
706 0.988748
708 0.988741
710 0.988732
712 0.988736
714 0.988736
716 0.988735
718 0.988736
720 0.988747
722 0.988744
724 0.988749
726 0.988766
728 0.988769
730 0.988748
732 0.988741
734 0.988735
736 0.988731
738 0.988759
740 0.988766
742 0.988777
744 0.988766
746 0.988787
748 0.988751
750 0.988747
752 0.988777
754 0.988761
756 0.988779
758 0.988767
760 0.988767
762 0.988768
764 0.988756
766 0.988759
768 0.988759
770 0.98878
772 0.988809
774 0.988787
776 0.98885
778 0.988817
780 0.988771
782 0.988759
784 0.988763
786 0.988777
788 0.988805
790 0.988803
792 0.988852
794 0.988988
796 0.989051
798 0.989075
800 0.989034
802 0.989018
804 0.988979
806 0.988906
808 0.988849
810 0.988795
812 0.988842
814 0.988827
816 0.98882
818 0.988769
820 0.988751
822 0.988736
824 0.988742
826 0.988728
828 0.988728
830 0.988744
832 0.988753
834 0.988744
836 0.988732
838 0.988743
840 0.988737
842 0.988741
844 0.988738
846 0.988736
848 0.988743
850 0.98874
852 0.98874
854 0.988729
856 0.988729
858 0.988727
860 0.988738
862 0.988748
864 0.988762
866 0.98877
868 0.988776
870 0.988772
872 0.988772
874 0.988757
876 0.988735
878 0.988735
880 0.988728
882 0.988725
884 0.988726
886 0.988741
888 0.988737
890 0.988757
892 0.988743
894 0.988749
896 0.988741
898 0.988744
900 0.98874
902 0.988742
904 0.988733
906 0.988753
908 0.988777
910 0.988759
912 0.988708
914 0.988728
916 0.988717
918 0.988744
920 0.988747
922 0.988735
924 0.988761
926 0.988752
928 0.988756
930 0.988777
932 0.988797
934 0.988771
936 0.988775
938 0.988744
940 0.988741
942 0.988745
944 0.988754
946 0.988773
948 0.988776
950 0.988754
952 0.988736
954 0.988738
956 0.988754
958 0.988768
960 0.988742
962 0.988738
964 0.988747
966 0.988748
968 0.988736
970 0.988761
972 0.988758
974 0.988768
976 0.98876
978 0.988761
980 0.98876
982 0.988745
984 0.988765
986 0.98876
988 0.988766
990 0.988737
992 0.988735
994 0.98873
996 0.988729
998 0.988738
1000 0.988722
1002 0.988745
1004 0.988756
1006 0.988776
1008 0.988751
1010 0.988769
1012 0.988741
1014 0.988755
1016 0.98874
1018 0.988735
1020 0.98874
1022 0.988737
1024 0.988732
1026 0.988746
1028 0.988741
1030 0.988753
1032 0.988771
1034 0.988795
1036 0.988836
1038 0.988797
1040 0.988809
1042 0.988776
1044 0.988759
1046 0.988779
1048 0.988759
1050 0.988746
1052 0.988744
1054 0.98876
1056 0.988737
1058 0.98873
1060 0.988731
1062 0.988732
1064 0.988759
1066 0.988759
1068 0.98874
1070 0.988802
1072 0.988863
1074 0.988841
1076 0.988865
1078 0.988855
1080 0.988793
1082 0.988765
1084 0.988744
1086 0.988746
1088 0.988749
1090 0.988741
1092 0.988739
1094 0.988735
1096 0.988733
1098 0.988742
1100 0.988751
1102 0.988758
1104 0.988737
1106 0.988743
1108 0.988752
1110 0.98876
1112 0.988764
1114 0.988739
1116 0.988753
1118 0.988746
1120 0.988752
1122 0.988762
1124 0.988729
1126 0.98872
1128 0.988736
1130 0.988747
1132 0.988741
1134 0.988797
1136 0.988799
1138 0.988777
1140 0.988768
1142 0.988746
1144 0.988755
1146 0.988758
1148 0.988769
1150 0.988785
1152 0.9888
1154 0.988817
1156 0.988793
1158 0.988773
1160 0.988754
1162 0.988756
1164 0.98875
1166 0.988746
1168 0.988743
1170 0.988737
1172 0.988741
1174 0.988747
1176 0.988745
1178 0.988741
1180 0.98874
1182 0.988736
1184 0.988745
1186 0.988748
1188 0.988739
1190 0.988753
1192 0.988745
1194 0.988757
1196 0.988752
1198 0.98876
1200 0.988753
1202 0.988769
1204 0.988773
1206 0.988744
1208 0.988761
1210 0.988744
1212 0.988738
1214 0.988738
1216 0.988756
1218 0.988743
1220 0.988739
1222 0.988752
1224 0.988792
1226 0.988755
1228 0.988777
