0 0.10345
2 0.124487
4 0.255191
6 0.295033
8 0.309888
10 0.314564
12 0.321393
14 0.327346
16 0.337767
18 0.357505
20 0.360319
22 0.358263
24 0.362736
26 0.357663
28 0.357846
30 0.363669
32 0.37283
34 0.378782
36 0.385214
38 0.386894
40 0.394687
42 0.399312
44 0.404938
46 0.40634
48 0.414052
50 0.423076
52 0.429097
54 0.43875
56 0.446701
58 0.453805
60 0.461809
62 0.467443
64 0.474055
66 0.478822
68 0.483768
70 0.487154
72 0.493618
74 0.500291
76 0.507184
78 0.513139
80 0.519235
82 0.526674
84 0.531522
86 0.536374
88 0.541332
90 0.547778
92 0.55165
94 0.556135
96 0.559715
98 0.563272
100 0.565379
102 0.567624
104 0.571373
106 0.57395
108 0.578829
110 0.583551
112 0.587089
114 0.590631
116 0.594296
118 0.59662
120 0.598784
122 0.600642
124 0.603396
126 0.606363
128 0.604318
130 0.606981
132 0.609774
134 0.612695
136 0.616857
138 0.619726
140 0.622688
142 0.624451
144 0.628055
146 0.630834
148 0.634628
150 0.636774
152 0.640424
154 0.643161
156 0.647584
158 0.65045
160 0.654427
162 0.657026
164 0.65929
166 0.661292
168 0.665529
170 0.6689
172 0.671024
174 0.673888
176 0.676591
178 0.67859
180 0.680906
182 0.684132
184 0.687199
186 0.689059
188 0.690506
190 0.692716
192 0.694587
194 0.694984
196 0.697757
198 0.699072
200 0.701705
202 0.703099
204 0.704938
206 0.707051
208 0.708973
210 0.711212
212 0.712247
214 0.713538
216 0.714675
218 0.71649
220 0.717565
222 0.719249
224 0.720529
226 0.721752
228 0.723227
230 0.723804
232 0.724102
234 0.724584
236 0.726009
238 0.726889
240 0.727154
242 0.728222
244 0.729774
246 0.731155
248 0.733293
250 0.733763
252 0.735085
254 0.736237
256 0.73684
258 0.737405
260 0.738276
262 0.739284
264 0.740634
266 0.741674
268 0.743135
270 0.743728
272 0.744325
274 0.745352
276 0.745823
278 0.746661
280 0.74689
282 0.747349
284 0.748668
286 0.749925
288 0.75034
290 0.751611
292 0.752641
294 0.75333
296 0.75397
298 0.754653
300 0.755715
302 0.756139
304 0.75649
306 0.757293
308 0.757466
310 0.757891
312 0.758358
314 0.758792
316 0.759621
318 0.760591
320 0.761155
322 0.761752
324 0.761859
326 0.762056
328 0.762267
330 0.762836
332 0.763958
334 0.764416
336 0.76508
338 0.765358
340 0.765912
342 0.766668
344 0.767155
346 0.767438
348 0.767524
350 0.767741
352 0.768114
354 0.768865
356 0.768961
358 0.769288
360 0.769586
362 0.76975
364 0.770053
366 0.770665
368 0.771424
370 0.772073
372 0.772597
374 0.773044
376 0.773423
378 0.773633
380 0.773945
382 0.77402
384 0.77425
386 0.774831
388 0.774813
390 0.774734
392 0.775324
394 0.775817
396 0.775653
398 0.775865
400 0.775956
402 0.776715
404 0.776975
406 0.777335
408 0.777876
410 0.778254
412 0.77874
414 0.779019
416 0.779212
418 0.779417
420 0.77974
422 0.779857
424 0.78037
426 0.780559
428 0.780814
430 0.781165
432 0.781714
434 0.781642
436 0.781843
438 0.782284
440 0.782558
442 0.782714
444 0.782858
446 0.782982
448 0.782969
450 0.783237
452 0.783536
454 0.78383
456 0.784078
458 0.784301
460 0.784398
462 0.784603
464 0.785027
466 0.785351
468 0.785753
470 0.78634
472 0.786339
474 0.78667
476 0.787052
478 0.78758
480 0.788138
482 0.788493
484 0.78896
486 0.789019
488 0.789484
490 0.789975
492 0.790095
494 0.79043
496 0.79076
498 0.790618
500 0.790877
502 0.791292
504 0.791592
506 0.79189
508 0.791992
510 0.792126
512 0.792605
514 0.79301
516 0.793319
518 0.793385
520 0.79348
522 0.793431
524 0.793767
526 0.794146
528 0.79446
530 0.794433
532 0.79482
534 0.795014
536 0.795331
538 0.795257
540 0.795283
542 0.795343
544 0.79538
546 0.795507
548 0.795382
550 0.795516
552 0.795718
554 0.795826
556 0.795698
558 0.795811
560 0.795943
562 0.796023
564 0.796219
566 0.796546
568 0.79663
570 0.796843
572 0.796912
574 0.796902
576 0.797065
578 0.79704
580 0.797003
582 0.797176
584 0.797368
586 0.797483
588 0.79741
590 0.797449
592 0.797611
594 0.797478
596 0.79753
598 0.797503
600 0.797478
602 0.797834
604 0.797797
606 0.798017
608 0.798084
610 0.798291
612 0.798336
614 0.798435
616 0.798346
618 0.798476
620 0.798751
622 0.798772
624 0.798938
626 0.798984
628 0.799053
630 0.799126
632 0.799185
634 0.799326
636 0.799344
638 0.799284
640 0.799272
642 0.799253
644 0.799286
646 0.799286
648 0.799188
650 0.799094
652 0.799281
654 0.799282
656 0.799247
658 0.799301
660 0.799308
662 0.799373
664 0.799395
666 0.799526
668 0.799416
670 0.799367
672 0.799572
674 0.799713
676 0.799906
678 0.799909
680 0.799789
682 0.799798
684 0.799914
686 0.799658
688 0.799592
690 0.799665
692 0.799719
694 0.799852
696 0.799671
698 0.799797
700 0.799979
702 0.800205
704 0.800274
706 0.800142
708 0.800179
710 0.800288
712 0.800321
714 0.800319
716 0.800541
718 0.800498
720 0.800287
722 0.800172
724 0.800155
726 0.800072
728 0.800222
730 0.800097
732 0.800009
734 0.800126
736 0.800098
738 0.800251
740 0.800382
742 0.800363
744 0.800295
746 0.800507
748 0.800459
750 0.800441
752 0.800511
754 0.800476
756 0.800558
758 0.800731
760 0.800755
762 0.800718
764 0.800785
766 0.800853
768 0.800839
770 0.80099
772 0.801062
774 0.801054
776 0.800982
778 0.801012
780 0.801043
782 0.800997
784 0.80109
786 0.801071
788 0.801236
790 0.80132
792 0.801261
794 0.801311
796 0.801397
798 0.801401
800 0.801377
802 0.801523
804 0.801562
806 0.801516
808 0.801481
810 0.801544
812 0.801497
814 0.801591
816 0.80148
818 0.801492
820 0.801401
822 0.801483
824 0.801529
826 0.801443
828 0.801499
830 0.801475
832 0.80145
834 0.80148
836 0.801499
838 0.801728
840 0.80182
842 0.801899
844 0.801828
846 0.801958
848 0.801911
850 0.80213
852 0.80189
854 0.801903
856 0.801911
858 0.801944
860 0.801821
862 0.801701
864 0.801599
866 0.801472
868 0.801445
870 0.801621
872 0.801751
874 0.801733
876 0.801774
878 0.801655
880 0.8015
882 0.801526
884 0.801624
886 0.801493
888 0.801478
890 0.801622
892 0.801674
894 0.801729
896 0.801841
898 0.801954
900 0.801913
902 0.801867
904 0.8018
906 0.801862
908 0.801913
910 0.801845
912 0.801941
914 0.802062
916 0.802178
918 0.802227
920 0.802186
922 0.802246
924 0.802149
926 0.802019
928 0.802083
930 0.802122
932 0.802117
934 0.802157
936 0.802163
938 0.802107
940 0.802191
942 0.802297
944 0.802342
946 0.802414
948 0.802547
950 0.802502
952 0.802405
954 0.802491
956 0.802509
958 0.802472
960 0.802394
962 0.802543
964 0.802629
966 0.802599
968 0.802653
970 0.802787
972 0.802793
974 0.802744
976 0.80267
978 0.802616
980 0.802794
982 0.802923
984 0.802851
986 0.802821
988 0.802639
990 0.802569
992 0.802595
994 0.802614
996 0.802659
998 0.802717
1000 0.802872
1002 0.802823
1004 0.802821
1006 0.802924
1008 0.802919
1010 0.803
1012 0.803026
1014 0.803133
1016 0.803212
1018 0.803358
1020 0.803299
1022 0.803223
1024 0.803344
1026 0.803255
1028 0.803185
1030 0.803023
1032 0.802988
1034 0.803035
1036 0.803202
1038 0.803353
1040 0.803447
1042 0.803523
1044 0.80345
1046 0.803573
1048 0.803457
1050 0.803395
1052 0.803337
1054 0.803359
1056 0.803202
1058 0.803254
1060 0.803314
1062 0.803429
1064 0.803615
1066 0.803507
1068 0.80346
1070 0.803581
1072 0.803748
1074 0.803886
1076 0.803944
1078 0.80397
1080 0.803909
1082 0.803863
1084 0.804035
1086 0.804048
1088 0.804088
1090 0.804032
1092 0.804105
1094 0.804384
1096 0.804408
1098 0.804274
1100 0.804115
1102 0.804207
1104 0.80439
1106 0.804506
1108 0.804414
1110 0.804386
1112 0.804308
1114 0.804109
1116 0.804042
1118 0.804016
1120 0.804236
1122 0.804179
1124 0.804141
1126 0.804238
1128 0.80423
1130 0.804192
1132 0.804103
1134 0.804022
1136 0.804069
1138 0.804108
1140 0.804211
1142 0.804377
1144 0.804412
1146 0.804448
1148 0.804462
1150 0.804552
1152 0.804698
1154 0.804733
1156 0.804659
1158 0.804683
1160 0.804575
1162 0.804739
1164 0.804745
1166 0.804893
1168 0.804948
1170 0.804906
1172 0.804973
1174 0.805002
1176 0.805124
1178 0.805193
1180 0.805068
1182 0.805027
1184 0.80496
1186 0.805044
1188 0.805167
1190 0.805136
1192 0.804967
1194 0.804964
1196 0.805071
1198 0.805039
1200 0.805274
1202 0.805303
1204 0.805232
1206 0.805224
1208 0.805392
1210 0.80543
1212 0.805415
1214 0.805404
1216 0.805428
1218 0.80541
1220 0.805372
1222 0.805246
1224 0.805157
1226 0.805287
1228 0.805371
