0 820.44000000 821.45666667
20.25000000 26.35000000 26.42666667
40.50000000 19.81000000 19.82333333
60.75000000 16.98333333 16.96000000
81.00000000 15.37000000 15.42333333
101.25000000 14.18000000 14.16666667
121.50000000 13.29000000 13.38333333
141.75000000 12.60000000 12.59333333
162.00000000 12.04666667 12.03000000
182.25000000 11.56000000 11.64000000
202.50000000 11.04000000 11.14333333
222.75000000 10.65666667 10.65333333
243.00000000 10.29333333 10.22333333
263.25000000 9.95666667 10.03333333
283.50000000 9.75666667 9.71000000
303.75000000 9.35333333 9.34000000
324.00000000 9.18666667 9.13666667
344.25000000 9.05666667 8.98666667
364.50000000 8.74000000 8.68666667
384.75000000 8.56000000 8.63666667
405.00000000 8.31333333 8.36666667
425.25000000 8.14000000 8.16666667
445.50000000 8.02000000 8.03000000
465.75000000 7.84000000 7.86000000
486.00000000 7.74333333 7.80333333
506.25000000 7.54333333 7.58666667
526.50000000 7.40666667 7.52333333
546.75000000 7.26000000 7.29666667
567.00000000 7.23333333 7.25666667
587.25000000 7.11666667 7.08666667
607.50000000 6.99000000 6.92666667
627.75000000 6.98666667 6.99000000
648.00000000 6.72000000 6.78333333
668.25000000 6.67000000 6.66000000
688.50000000 6.50666667 6.57666667
708.75000000 6.42000000 6.43666667
729.00000000 6.39333333 6.42000000
749.25000000 6.26333333 6.27666667
769.50000000 6.19666667 6.15000000
789.75000000 6.13666667 6.16666667
810.00000000 6.03333333 6.06000000
830.25000000 6.01333333 5.96333333
850.50000000 5.89333333 5.90666667
870.75000000 5.83333333 5.90333333
891.00000000 5.82333333 5.85000000
911.25000000 5.76000000 5.83333333
931.50000000 5.74333333 5.70333333
951.75000000 5.69666667 5.65000000
972.00000000 5.59000000 5.55000000
992.25000000 5.59666667 5.63333333
1012.50000000 5.40666667 5.44666667
1032.75000000 5.31666667 5.36666667
1053.00000000 5.28666667 5.28666667
1073.25000000 5.30333333 5.35000000
1093.50000000 5.28000000 5.26666667
1113.75000000 5.22666667 5.25000000
1134.00000000 5.07000000 5.11333333
1154.25000000 5.11000000 5.09333333
1174.50000000 5.14333333 5.12333333
1194.75000000 4.97666667 5.03333333
1215.00000000 4.96666667 4.92333333
1235.25000000 4.92666667 4.94666667
1255.50000000 4.89666667 4.92000000
1275.75000000 4.88000000 4.87000000
1296.00000000 4.82666667 4.82666667
1316.25000000 4.72666667 4.82666667
1336.50000000 4.74000000 4.77333333
1356.75000000 4.77333333 4.72333333
1377.00000000 4.71333333 4.74000000
1397.25000000 4.67000000 4.66666667
1417.50000000 4.63000000 4.59666667
1437.75000000 4.57666667 4.61333333
1458.00000000 4.48666667 4.58333333
1478.25000000 4.52666667 4.59000000
1498.50000000 4.46333333 4.48666667
1518.75000000 4.49333333 4.59000000
1539.00000000 4.43666667 4.46333333
1559.25000000 4.35666667 4.44000000
1579.50000000 4.41333333 4.43333333
1599.75000000 4.35000000 4.35666667
1620.00000000 4.32333333 4.32666667
1640.25000000 4.31666667 4.37666667
1660.50000000 4.31333333 4.29666667
1680.75000000 4.22666667 4.26666667
1701.00000000 4.13000000 4.16666667
1721.25000000 4.22000000 4.15000000
1741.50000000 4.08666667 4.06333333
1761.75000000 4.14000000 4.13000000
1782.00000000 4.07000000 4.09000000
1802.25000000 4.11333333 4.07000000
1822.50000000 4.04333333 4.07333333
1842.75000000 4.00000000 3.98666667
1863.00000000 3.96666667 3.99333333
1883.25000000 3.99000000 4.02666667
1903.50000000 4.03000000 4.04666667
1923.75000000 3.98333333 4.01000000
1944.00000000 3.86333333 3.94000000
1964.25000000 3.92666667 3.96333333
1984.50000000 3.85333333 3.84666667
2004.75000000 3.92666667 3.95333333
2025.00000000 3.83333333 3.90000000
2045.25000000 3.81666667 3.82666667
2065.50000000 3.85666667 3.86333333
2085.75000000 3.77666667 3.82333333
2106.00000000 3.75333333 3.81666667
2126.25000000 3.67666667 3.74666667
2146.50000000 3.73333333 3.72333333
2166.75000000 3.69666667 3.72333333
2187.00000000 3.72333333 3.72000000
2207.25000000 3.64666667 3.69333333
2227.50000000 3.66666667 3.68000000
2247.75000000 3.69000000 3.63000000
2268.00000000 3.62000000 3.59000000
2288.25000000 3.62666667 3.58666667
2308.50000000 3.61000000 3.58333333
2328.75000000 3.57666667 3.57666667
2349.00000000 3.57666667 3.60666667
2369.25000000 3.55000000 3.61000000
2389.50000000 3.55666667 3.56000000
2409.75000000 3.50666667 3.51333333
2430.00000000 3.58666667 3.61666667
2450.25000000 3.57000000 3.51333333
2470.50000000 3.52000000 3.51333333
2490.75000000 3.45666667 3.54666667
2511.00000000 3.47000000 3.45333333
2531.25000000 3.42000000 3.47333333
2551.50000000 3.40666667 3.42666667
2571.75000000 3.42333333 3.43000000
2592.00000000 3.47000000 3.45666667
2612.25000000 3.45333333 3.44333333
2632.50000000 3.35333333 3.40000000
2652.75000000 3.44000000 3.38333333
2673.00000000 3.36666667 3.36000000
2693.25000000 3.32000000 3.30000000
2713.50000000 3.28333333 3.34666667
2733.75000000 3.37333333 3.40000000
2754.00000000 3.31333333 3.34666667
2774.25000000 3.27666667 3.26333333
2794.50000000 3.26000000 3.37000000
2814.75000000 3.22000000 3.24333333
2835.00000000 3.29666667 3.21666667
2855.25000000 3.19666667 3.22666667
2875.50000000 3.29000000 3.33333333
2895.75000000 3.28333333 3.30000000
2916.00000000 3.25666667 3.23666667
2936.25000000 3.22000000 3.19666667
2956.50000000 3.18333333 3.22666667
2976.75000000 3.20000000 3.18000000
2997.00000000 3.15000000 3.19000000
3017.25000000 3.19333333 3.24333333
3037.50000000 3.16333333 3.19666667
3057.75000000 3.16000000 3.18666667
3078.00000000 3.12000000 3.10333333
3098.25000000 3.16333333 3.20666667
3118.50000000 3.12000000 3.11333333
3138.75000000 3.11333333 3.12333333
3159.00000000 3.13333333 3.13666667
3179.25000000 3.13666667 3.15666667
3199.50000000 3.14333333 3.13000000
3219.75000000 3.09666667 3.11000000
3240.00000000 3.11333333 3.11333333
3260.25000000 3.10666667 3.06000000
3280.50000000 3.11333333 3.11666667
3300.75000000 3.05666667 3.07666667
3321.00000000 3.05333333 3.06666667
3341.25000000 3.02000000 3.07000000
3361.50000000 3.00000000 3.04666667
3381.75000000 2.99000000 3.09333333
3402.00000000 3.02333333 3.07000000
3422.25000000 2.97666667 2.98333333
3442.50000000 2.96333333 3.02333333
3462.75000000 2.92666667 2.95333333
3483.00000000 2.97666667 3.00666667
3503.25000000 2.91666667 2.89666667
3523.50000000 2.89333333 2.87666667
3543.75000000 2.89000000 2.91333333
3564.00000000 2.85333333 2.89000000
3584.25000000 2.89333333 2.90666667
3604.50000000 2.83333333 2.85000000
3624.75000000 2.86666667 2.86666667
3645.00000000 2.89333333 2.86333333
3665.25000000 2.81000000 2.84000000
3685.50000000 2.78333333 2.84666667
3705.75000000 2.83333333 2.75333333
3726.00000000 2.80666667 2.83000000
3746.25000000 2.81333333 2.80000000
3766.50000000 2.80000000 2.79666667
3786.75000000 2.75000000 2.77000000
3807.00000000 2.73333333 2.76666667
3827.25000000 2.79333333 2.77666667
3847.50000000 2.70333333 2.74666667
3867.75000000 2.74333333 2.77666667
3888.00000000 2.78333333 2.81000000
3908.25000000 2.74000000 2.75666667
3928.50000000 2.73666667 2.74333333
3948.75000000 2.73000000 2.71333333
3969.00000000 2.71000000 2.70000000
3989.25000000 2.71666667 2.68000000
4009.50000000 2.68000000 2.69666667
4029.75000000 2.65000000 2.67333333
4050.00000000 2.63666667 2.64333333
