0 2594.54154728 2601.65042980
64.00000000 28.23495702 28.46131805
128.00000000 16.98853868 17.08309456
192.00000000 12.55014327 12.58739255
256.00000000 10.00286533 10.08309456
320.00000000 8.55873926 8.59598854
384.00000000 7.59598854 7.65042980
448.00000000 6.73352436 6.78223496
512.00000000 6.05157593 6.09742120
576.00000000 5.49570201 5.53581662
640.00000000 5.19484241 5.18911175
704.00000000 4.72206304 4.77077364
768.00000000 4.31518625 4.38968481
832.00000000 4.09742120 4.21489971
896.00000000 3.89398281 3.89684814
960.00000000 3.65902579 3.67335244
1024.00000000 3.47277937 3.50143266
1088.00000000 3.34957020 3.32378223
1152.00000000 3.13467049 3.14899713
1216.00000000 3.06017192 3.07163324
1280.00000000 2.88252149 2.90830946
1344.00000000 2.73065903 2.77363897
1408.00000000 2.63610315 2.65616046
1472.00000000 2.56446991 2.54727794
1536.00000000 2.44412607 2.44985673
1600.00000000 2.45272206 2.37535817
1664.00000000 2.30945559 2.34670487
1728.00000000 2.26934097 2.27793696
1792.00000000 2.17478510 2.21776504
1856.00000000 2.14040115 2.14613181
1920.00000000 2.08022923 2.04584527
1984.00000000 1.99140401 1.99713467
2048.00000000 1.94842407 1.93123209
2112.00000000 1.91117479 1.95128940
2176.00000000 1.85100287 1.89111748
2240.00000000 1.77936963 1.80515759
2304.00000000 1.77936963 1.75358166
2368.00000000 1.72779370 1.73352436
2432.00000000 1.72779370 1.70773639
2496.00000000 1.67908309 1.68481375
2560.00000000 1.62750716 1.67621777
2624.00000000 1.61604585 1.62750716
2688.00000000 1.55014327 1.57020057
2752.00000000 1.49570201 1.55873926
2816.00000000 1.47564470 1.49283668
2880.00000000 1.47277937 1.46704871
2944.00000000 1.45272206 1.42693410
3008.00000000 1.41547278 1.41833811
3072.00000000 1.37822350 1.39828080
3136.00000000 1.30945559 1.36389685
3200.00000000 1.28080229 1.31232092
3264.00000000 1.27507163 1.30372493
3328.00000000 1.25214900 1.24928367
3392.00000000 1.21489971 1.24355301
3456.00000000 1.19484241 1.24355301
3520.00000000 1.16905444 1.18051576
3584.00000000 1.15472779 1.17191977
3648.00000000 1.15759312 1.12320917
3712.00000000 1.15472779 1.15472779
3776.00000000 1.08595989 1.12607450
3840.00000000 1.10028653 1.10888252
3904.00000000 1.08595989 1.06017192
3968.00000000 1.06876791 1.08022923
4032.00000000 1.03724928 1.06017192
4096.00000000 1.01719198 1.01719198
4160.00000000 0.99713467 1.01432665
4224.00000000 0.97134670 0.97707736
4288.00000000 0.97134670 0.94269341
4352.00000000 0.91977077 0.93409742
4416.00000000 0.91690544 0.92550143
4480.00000000 0.90544413 0.89971347
4544.00000000 0.87106017 0.89398281
4608.00000000 0.85386819 0.86819484
4672.00000000 0.86532951 0.87392550
4736.00000000 0.81948424 0.84813754
4800.00000000 0.79656160 0.83667622
4864.00000000 0.83667622 0.84527221
4928.00000000 0.80802292 0.81375358
4992.00000000 0.82234957 0.81661891
5056.00000000 0.79083095 0.77936963
5120.00000000 0.77936963 0.78796562
5184.00000000 0.74785100 0.75931232
5248.00000000 0.74212034 0.74785100
5312.00000000 0.73065903 0.73638968
5376.00000000 0.71919771 0.75071633
5440.00000000 0.72492837 0.73925501
5504.00000000 0.71633238 0.72779370
5568.00000000 0.71346705 0.70773639
5632.00000000 0.70773639 0.71346705
5696.00000000 0.68767908 0.67908309
5760.00000000 0.63323782 0.67908309
5824.00000000 0.65042980 0.66762178
5888.00000000 0.65042980 0.63610315
5952.00000000 0.63323782 0.65042980
6016.00000000 0.58739255 0.61891117
6080.00000000 0.59885387 0.59885387
6144.00000000 0.59312321 0.58452722
6208.00000000 0.59885387 0.60171920
6272.00000000 0.59312321 0.58166189
6336.00000000 0.57593123 0.55873926
6400.00000000 0.53868195 0.57306590
6464.00000000 0.57306590 0.53868195
6528.00000000 0.55014327 0.55014327
6592.00000000 0.53008596 0.53868195
6656.00000000 0.51862464 0.53008596
6720.00000000 0.48424069 0.51862464
6784.00000000 0.49283668 0.51002865
6848.00000000 0.50716332 0.51289398
6912.00000000 0.48997135 0.48710602
6976.00000000 0.48710602 0.49570201
7040.00000000 0.47851003 0.48997135
7104.00000000 0.48137536 0.45272206
7168.00000000 0.45272206 0.44985673
7232.00000000 0.46704871 0.46418338
7296.00000000 0.45558739 0.44126074
7360.00000000 0.44126074 0.44126074
7424.00000000 0.42979943 0.44412607
7488.00000000 0.43553009 0.43266476
7552.00000000 0.43839542 0.41833811
7616.00000000 0.41260745 0.42120344
7680.00000000 0.39541547 0.40974212
7744.00000000 0.39255014 0.40114613
7808.00000000 0.39828080 0.40401146
7872.00000000 0.38681948 0.40401146
7936.00000000 0.39541547 0.37249284
8000.00000000 0.37535817 0.38395415
8064.00000000 0.37822350 0.36676218
8128.00000000 0.36389685 0.35816619
8192.00000000 0.37535817 0.36962751
8256.00000000 0.36103152 0.36103152
8320.00000000 0.32664756 0.35243553
8384.00000000 0.33524355 0.34957020
8448.00000000 0.34670487 0.34670487
8512.00000000 0.34670487 0.35816619
8576.00000000 0.35243553 0.34957020
8640.00000000 0.32664756 0.34383954
8704.00000000 0.32091691 0.33237822
8768.00000000 0.32664756 0.33810888
8832.00000000 0.32378223 0.33237822
8896.00000000 0.32951289 0.31805158
8960.00000000 0.32378223 0.31518625
9024.00000000 0.31805158 0.31232092
9088.00000000 0.30945559 0.31518625
9152.00000000 0.30372493 0.30945559
9216.00000000 0.28939828 0.29799427
9280.00000000 0.29512894 0.28653295
9344.00000000 0.29226361 0.29226361
9408.00000000 0.29512894 0.29512894
9472.00000000 0.29799427 0.29226361
9536.00000000 0.28366762 0.27793696
9600.00000000 0.29512894 0.29226361
9664.00000000 0.28366762 0.27220630
9728.00000000 0.27507163 0.28939828
9792.00000000 0.28366762 0.27220630
9856.00000000 0.28080229 0.27507163
9920.00000000 0.27507163 0.26647564
9984.00000000 0.26934097 0.27507163
10048.00000000 0.26074499 0.26934097
10112.00000000 0.24928367 0.23782235
10176.00000000 0.25501433 0.24928367
10240.00000000 0.26074499 0.24928367
10304.00000000 0.24641834 0.24068768
10368.00000000 0.23782235 0.24068768
10432.00000000 0.23495702 0.23209169
10496.00000000 0.23209169 0.24641834
10560.00000000 0.23782235 0.22636103
10624.00000000 0.23782235 0.23782235
10688.00000000 0.23782235 0.23782235
10752.00000000 0.22922636 0.22063037
10816.00000000 0.22636103 0.22922636
10880.00000000 0.22349570 0.22063037
10944.00000000 0.22063037 0.22636103
11008.00000000 0.22063037 0.22063037
11072.00000000 0.22349570 0.22349570
11136.00000000 0.22349570 0.22636103
11200.00000000 0.22349570 0.21776504
11264.00000000 0.21203438 0.20916905
11328.00000000 0.20630372 0.22063037
11392.00000000 0.21489971 0.22063037
11456.00000000 0.22063037 0.21489971
11520.00000000 0.21203438 0.21489971
11584.00000000 0.21203438 0.21489971
11648.00000000 0.20916905 0.20916905
11712.00000000 0.22063037 0.20916905
11776.00000000 0.20630372 0.21203438
11840.00000000 0.21203438 0.19484241
11904.00000000 0.20343840 0.20343840
11968.00000000 0.19484241 0.20343840
12032.00000000 0.19770774 0.19484241
12096.00000000 0.19197708 0.20630372
12160.00000000 0.20057307 0.20057307
12224.00000000 0.20057307 0.19484241
12288.00000000 0.18624642 0.20343840
12352.00000000 0.19197708 0.19770774
12416.00000000 0.18911175 0.20057307
12480.00000000 0.19484241 0.19770774
12544.00000000 0.18051576 0.19770774
12608.00000000 0.18911175 0.18051576
12672.00000000 0.16905444 0.17478510
12736.00000000 0.16618911 0.17478510
12800.00000000 0.17191977 0.17478510
