0 2594.81333333 2601.97000000
64.00000000 28.25666667 28.52333333
128.00000000 16.90333333 17.05000000
192.00000000 12.46333333 12.47000000
256.00000000 9.97333333 10.07333333
320.00000000 8.53666667 8.57666667
384.00000000 7.56333333 7.65666667
448.00000000 6.71666667 6.75666667
512.00000000 6.03000000 6.06000000
576.00000000 5.46333333 5.46666667
640.00000000 5.15333333 5.15333333
704.00000000 4.69333333 4.70666667
768.00000000 4.28000000 4.35666667
832.00000000 4.10000000 4.21666667
896.00000000 3.88333333 3.91000000
960.00000000 3.63666667 3.67000000
1024.00000000 3.45000000 3.50333333
1088.00000000 3.34000000 3.30666667
1152.00000000 3.12000000 3.14333333
1216.00000000 3.05000000 3.06333333
1280.00000000 2.88333333 2.90666667
1344.00000000 2.74666667 2.78666667
1408.00000000 2.62333333 2.64333333
1472.00000000 2.55333333 2.52000000
1536.00000000 2.43666667 2.44666667
1600.00000000 2.42666667 2.36000000
1664.00000000 2.30333333 2.33000000
1728.00000000 2.26000000 2.28000000
1792.00000000 2.17000000 2.22000000
1856.00000000 2.12666667 2.14333333
1920.00000000 2.09000000 2.04666667
1984.00000000 1.99666667 2.00000000
2048.00000000 1.96000000 1.94666667
2112.00000000 1.91666667 1.95666667
2176.00000000 1.83666667 1.89000000
2240.00000000 1.78666667 1.80333333
2304.00000000 1.78666667 1.76000000
2368.00000000 1.72666667 1.74333333
2432.00000000 1.73666667 1.70333333
2496.00000000 1.67666667 1.68333333
2560.00000000 1.63333333 1.67000000
2624.00000000 1.61666667 1.63000000
2688.00000000 1.53666667 1.55666667
2752.00000000 1.48000000 1.55333333
2816.00000000 1.46000000 1.48000000
2880.00000000 1.47000000 1.46000000
2944.00000000 1.44333333 1.42333333
3008.00000000 1.41666667 1.40666667
3072.00000000 1.38000000 1.39666667
3136.00000000 1.30666667 1.35666667
3200.00000000 1.27000000 1.30333333
3264.00000000 1.26666667 1.29000000
3328.00000000 1.24000000 1.23666667
3392.00000000 1.19666667 1.22666667
3456.00000000 1.18666667 1.23333333
3520.00000000 1.17333333 1.16000000
3584.00000000 1.14333333 1.15666667
3648.00000000 1.14333333 1.10666667
3712.00000000 1.14333333 1.15000000
3776.00000000 1.06666667 1.11000000
3840.00000000 1.09000000 1.10333333
3904.00000000 1.08333333 1.05000000
3968.00000000 1.05333333 1.07666667
4032.00000000 1.03333333 1.05333333
4096.00000000 1.02333333 1.01666667
4160.00000000 1.00000000 1.00666667
4224.00000000 0.97333333 0.97333333
4288.00000000 0.97666667 0.94666667
4352.00000000 0.92000000 0.93333333
4416.00000000 0.91666667 0.92666667
4480.00000000 0.91000000 0.89666667
4544.00000000 0.87000000 0.90333333
4608.00000000 0.85333333 0.87000000
4672.00000000 0.86333333 0.87333333
4736.00000000 0.81000000 0.85000000
4800.00000000 0.79666667 0.83333333
4864.00000000 0.84333333 0.84333333
4928.00000000 0.81333333 0.81000000
4992.00000000 0.81666667 0.81666667
5056.00000000 0.78333333 0.77000000
5120.00000000 0.77666667 0.79333333
5184.00000000 0.74333333 0.75333333
5248.00000000 0.74000000 0.75000000
5312.00000000 0.72666667 0.74333333
5376.00000000 0.73000000 0.74333333
5440.00000000 0.71333333 0.73000000
5504.00000000 0.71333333 0.72000000
5568.00000000 0.70666667 0.70000000
5632.00000000 0.70000000 0.71000000
5696.00000000 0.67666667 0.67000000
5760.00000000 0.61666667 0.68000000
5824.00000000 0.63666667 0.65333333
5888.00000000 0.64000000 0.61666667
5952.00000000 0.61333333 0.64000000
6016.00000000 0.57333333 0.59666667
6080.00000000 0.57666667 0.57333333
6144.00000000 0.58333333 0.56333333
6208.00000000 0.57333333 0.58000000
6272.00000000 0.56333333 0.55666667
6336.00000000 0.55000000 0.52333333
6400.00000000 0.51666667 0.54666667
6464.00000000 0.55000000 0.51666667
6528.00000000 0.53000000 0.52666667
6592.00000000 0.51666667 0.52666667
6656.00000000 0.49666667 0.51666667
6720.00000000 0.47666667 0.50000000
6784.00000000 0.48000000 0.49333333
6848.00000000 0.49000000 0.50666667
6912.00000000 0.48000000 0.48000000
6976.00000000 0.47333333 0.48333333
7040.00000000 0.46333333 0.47666667
7104.00000000 0.47000000 0.45666667
7168.00000000 0.44333333 0.44000000
7232.00000000 0.45666667 0.46000000
7296.00000000 0.45000000 0.43666667
7360.00000000 0.43000000 0.43000000
7424.00000000 0.41666667 0.43333333
7488.00000000 0.43333333 0.42333333
7552.00000000 0.43000000 0.40666667
7616.00000000 0.40000000 0.40666667
7680.00000000 0.38333333 0.39333333
7744.00000000 0.37333333 0.39000000
7808.00000000 0.39000000 0.39333333
7872.00000000 0.37666667 0.38666667
7936.00000000 0.38000000 0.35666667
8000.00000000 0.36000000 0.36666667
8064.00000000 0.36000000 0.35333333
8128.00000000 0.34666667 0.34333333
8192.00000000 0.35333333 0.35000000
8256.00000000 0.34333333 0.34333333
8320.00000000 0.30333333 0.33666667
8384.00000000 0.31666667 0.32666667
8448.00000000 0.32333333 0.32666667
8512.00000000 0.32333333 0.34333333
8576.00000000 0.33666667 0.33333333
8640.00000000 0.31333333 0.33000000
8704.00000000 0.30000000 0.31333333
8768.00000000 0.31000000 0.32000000
8832.00000000 0.30333333 0.31000000
8896.00000000 0.32000000 0.30000000
8960.00000000 0.30666667 0.30333333
9024.00000000 0.30333333 0.30333333
9088.00000000 0.29333333 0.29666667
9152.00000000 0.28333333 0.28666667
9216.00000000 0.27333333 0.27666667
9280.00000000 0.27666667 0.27666667
9344.00000000 0.27666667 0.27333333
9408.00000000 0.28000000 0.28333333
9472.00000000 0.28666667 0.27666667
9536.00000000 0.27666667 0.26666667
9600.00000000 0.28333333 0.28333333
9664.00000000 0.27333333 0.26000000
9728.00000000 0.25666667 0.27333333
9792.00000000 0.26666667 0.25666667
9856.00000000 0.27000000 0.26000000
9920.00000000 0.25666667 0.24666667
9984.00000000 0.25333333 0.26333333
10048.00000000 0.25000000 0.25666667
10112.00000000 0.23333333 0.22666667
10176.00000000 0.23666667 0.23333333
10240.00000000 0.24666667 0.23333333
10304.00000000 0.22666667 0.22333333
10368.00000000 0.22333333 0.22333333
10432.00000000 0.22333333 0.21000000
10496.00000000 0.21000000 0.22666667
10560.00000000 0.22000000 0.21000000
10624.00000000 0.22000000 0.22333333
10688.00000000 0.23000000 0.22333333
10752.00000000 0.21000000 0.19666667
10816.00000000 0.20666667 0.21000000
10880.00000000 0.20666667 0.20666667
10944.00000000 0.20666667 0.22000000
11008.00000000 0.20666667 0.20666667
11072.00000000 0.21000000 0.21000000
11136.00000000 0.21000000 0.21000000
11200.00000000 0.21000000 0.20000000
11264.00000000 0.19666667 0.19666667
11328.00000000 0.19000000 0.20333333
11392.00000000 0.20333333 0.20666667
11456.00000000 0.20666667 0.19666667
11520.00000000 0.19333333 0.20000000
11584.00000000 0.20000000 0.19666667
11648.00000000 0.19333333 0.19666667
11712.00000000 0.20333333 0.19333333
11776.00000000 0.19000000 0.19666667
11840.00000000 0.20000000 0.18333333
11904.00000000 0.19000000 0.19333333
11968.00000000 0.18000000 0.19000000
12032.00000000 0.19333333 0.18000000
12096.00000000 0.17666667 0.19000000
12160.00000000 0.18333333 0.18333333
12224.00000000 0.19000000 0.18000000
12288.00000000 0.17000000 0.19000000
12352.00000000 0.18000000 0.18333333
12416.00000000 0.18000000 0.18666667
12480.00000000 0.18000000 0.18000000
12544.00000000 0.16666667 0.18000000
12608.00000000 0.17666667 0.17000000
12672.00000000 0.15333333 0.15666667
12736.00000000 0.15666667 0.15666667
12800.00000000 0.15666667 0.16333333
