0 2585.44615385 2592.03076923
64.00000000 23.36923077 23.75384615
128.00000000 12.81538462 12.84615385
192.00000000 9.29230769 9.12307692
256.00000000 7.23076923 7.21538462
320.00000000 5.76923077 5.73846154
384.00000000 5.18461538 5.04615385
448.00000000 4.46153846 4.29230769
512.00000000 3.83076923 3.81538462
576.00000000 3.49230769 3.43076923
640.00000000 3.03076923 3.16923077
704.00000000 2.67692308 2.73846154
768.00000000 2.38461538 2.46153846
832.00000000 2.36923077 2.35384615
896.00000000 2.24615385 2.07692308
960.00000000 2.09230769 2.04615385
1024.00000000 1.93846154 2.00000000
1088.00000000 1.76923077 1.83076923
1152.00000000 1.72307692 1.75384615
1216.00000000 1.55384615 1.55384615
1280.00000000 1.55384615 1.47692308
1344.00000000 1.50769231 1.49230769
1408.00000000 1.49230769 1.40000000
1472.00000000 1.32307692 1.41538462
1536.00000000 1.21538462 1.27692308
1600.00000000 1.16923077 1.23076923
1664.00000000 1.16923077 1.16923077
1728.00000000 1.06153846 1.07692308
1792.00000000 1.04615385 1.10769231
1856.00000000 1.04615385 1.01538462
1920.00000000 0.95384615 0.95384615
1984.00000000 0.89230769 0.90769231
2048.00000000 0.80000000 0.86153846
2112.00000000 0.84615385 0.87692308
2176.00000000 0.80000000 0.86153846
2240.00000000 0.75384615 0.78461538
2304.00000000 0.78461538 0.78461538
2368.00000000 0.76923077 0.72307692
2432.00000000 0.69230769 0.70769231
2496.00000000 0.70769231 0.70769231
2560.00000000 0.66153846 0.64615385
2624.00000000 0.63076923 0.58461538
2688.00000000 0.67692308 0.67692308
2752.00000000 0.60000000 0.63076923
2816.00000000 0.56923077 0.60000000
2880.00000000 0.58461538 0.56923077
2944.00000000 0.55384615 0.56923077
3008.00000000 0.58461538 0.55384615
3072.00000000 0.55384615 0.50769231
3136.00000000 0.50769231 0.52307692
3200.00000000 0.53846154 0.53846154
3264.00000000 0.46153846 0.46153846
3328.00000000 0.41538462 0.41538462
3392.00000000 0.38461538 0.40000000
3456.00000000 0.33846154 0.40000000
3520.00000000 0.38461538 0.38461538
3584.00000000 0.32307692 0.32307692
3648.00000000 0.29230769 0.27692308
3712.00000000 0.29230769 0.27692308
3776.00000000 0.27692308 0.27692308
3840.00000000 0.24615385 0.24615385
3904.00000000 0.24615385 0.26153846
3968.00000000 0.24615385 0.23076923
4032.00000000 0.16923077 0.20000000
4096.00000000 0.20000000 0.20000000
4160.00000000 0.20000000 0.20000000
4224.00000000 0.15384615 0.16923077
4288.00000000 0.16923077 0.18461538
4352.00000000 0.16923077 0.18461538
4416.00000000 0.18461538 0.18461538
4480.00000000 0.15384615 0.16923077
4544.00000000 0.16923077 0.16923077
4608.00000000 0.18461538 0.18461538
4672.00000000 0.15384615 0.18461538
4736.00000000 0.13846154 0.18461538
4800.00000000 0.16923077 0.18461538
4864.00000000 0.13846154 0.15384615
4928.00000000 0.16923077 0.16923077
4992.00000000 0.12307692 0.16923077
5056.00000000 0.12307692 0.10769231
5120.00000000 0.12307692 0.13846154
5184.00000000 0.13846154 0.13846154
5248.00000000 0.13846154 0.12307692
5312.00000000 0.13846154 0.13846154
5376.00000000 0.13846154 0.13846154
5440.00000000 0.13846154 0.13846154
5504.00000000 0.13846154 0.13846154
5568.00000000 0.12307692 0.12307692
5632.00000000 0.13846154 0.12307692
5696.00000000 0.13846154 0.12307692
5760.00000000 0.13846154 0.13846154
5824.00000000 0.10769231 0.10769231
5888.00000000 0.09230769 0.10769231
5952.00000000 0.07692308 0.09230769
6016.00000000 0.09230769 0.09230769
6080.00000000 0.09230769 0.09230769
6144.00000000 0.09230769 0.09230769
6208.00000000 0.09375000 0.09375000
6272.00000000 0.09375000 0.07812500
6336.00000000 0.07936508 0.09523810
6400.00000000 0.08064516 0.09677419
6464.00000000 0.09677419 0.09677419
6528.00000000 0.10000000 0.10000000
6592.00000000 0.10000000 0.08333333
6656.00000000 0.05000000 0.10000000
6720.00000000 0.10000000 0.10000000
6784.00000000 0.10000000 0.08333333
6848.00000000 0.08333333 0.10000000
6912.00000000 0.08333333 0.08333333
6976.00000000 0.10000000 0.10000000
7040.00000000 0.08333333 0.10000000
7104.00000000 0.10000000 0.08333333
7168.00000000 0.10000000 0.10000000
7232.00000000 0.08333333 0.10000000
7296.00000000 0.10000000 0.10000000
7360.00000000 0.10000000 0.10000000
7424.00000000 0.08333333 0.10000000
7488.00000000 0.08333333 0.10000000
7552.00000000 0.06666667 0.06666667
7616.00000000 0.05000000 0.06666667
7680.00000000 0.06666667 0.06666667
7744.00000000 0.06666667 0.06666667
7808.00000000 0.06666667 0.06666667
7872.00000000 0.05000000 0.06666667
7936.00000000 0.06666667 0.06666667
8000.00000000 0.06666667 0.06666667
8064.00000000 0.06666667 0.06666667
8128.00000000 0.05000000 0.05000000
8192.00000000 0.05000000 0.05000000
8256.00000000 0.05000000 0.05000000
8320.00000000 0.05000000 0.05000000
8384.00000000 0.03333333 0.03333333
8448.00000000 0.03333333 0.03333333
8512.00000000 0.03333333 0.03333333
8576.00000000 0.03333333 0.03333333
8640.00000000 0.03333333 0.03333333
8704.00000000 0.01666667 0.03333333
8768.00000000 0.03333333 0.03333333
8832.00000000 0.03333333 0.03333333
8896.00000000 0.01666667 0.03333333
8960.00000000 0.03333333 0.03333333
9024.00000000 0.03333333 0.01666667
9088.00000000 0.03333333 0.03333333
9152.00000000 0.03333333 0.03333333
9216.00000000 0.03333333 0.03333333
9280.00000000 0.03333333 0.03333333
9344.00000000 0.03333333 0.03333333
9408.00000000 0.03333333 0.03333333
9472.00000000 0.03333333 0.03333333
9536.00000000 0.03333333 0.03333333
9600.00000000 0.01666667 0.03333333
9664.00000000 0.03333333 0.03333333
9728.00000000 0.03333333 0.03333333
9792.00000000 0.03333333 0.03333333
9856.00000000 0.03333333 0.03333333
9920.00000000 0.03333333 0.03333333
9984.00000000 0.03333333 0.01666667
10048.00000000 0.03333333 0.01666667
10112.00000000 0.03333333 0.03333333
10176.00000000 0.03333333 0.03333333
10240.00000000 0.03333333 0.03333333
10304.00000000 0.03333333 0.03333333
10368.00000000 0.03333333 0.03333333
10432.00000000 0.03333333 0.03333333
10496.00000000 0.03333333 0.03333333
10560.00000000 0.03333333 0.03333333
10624.00000000 0.03333333 0.03333333
10688.00000000 0.03333333 0.03333333
10752.00000000 0.03333333 0.03333333
10816.00000000 0.03333333 0.03333333
10880.00000000 0.03333333 0.03333333
10944.00000000 0.03333333 0.03333333
11008.00000000 0.03333333 0.03333333
11072.00000000 0.03333333 0.03333333
11136.00000000 0.03333333 0.03333333
11200.00000000 0.03333333 0.03333333
11264.00000000 0.03333333 0.03333333
11328.00000000 0.03333333 0.03333333
11392.00000000 0.01666667 0.01666667
11456.00000000 0.01666667 0.01666667
11520.00000000 0.01666667 0.01666667
11584.00000000 0.01666667 0.01666667
11648.00000000 0.01666667 0.01666667
11712.00000000 0.01666667 0.01666667
11776.00000000 0.00000000 0.01666667
11840.00000000 0.01666667 0.01666667
11904.00000000 0.01666667 0.01666667
11968.00000000 0.01666667 0.01666667
12032.00000000 0.00000000 0.00000000
12096.00000000 0.00000000 0.00000000
12160.00000000 0.00000000 0.00000000
12224.00000000 0.00000000 0.00000000
12288.00000000 0.00000000 0.00000000
12352.00000000 0.00000000 0.00000000
12416.00000000 0.00000000 0.00000000
12480.00000000 0.00000000 0.00000000
12544.00000000 0.00000000 0.00000000
12608.00000000 0.00000000 0.00000000
12672.00000000 0.00000000 0.00000000
12736.00000000 0.00000000 0.00000000
12800.00000000 0.00000000 0.00000000
