0 2592.82666667 2600.81333333
64.00000000 28.52666667 28.78666667
128.00000000 17.12666667 17.18666667
192.00000000 12.70000000 12.72000000
256.00000000 10.11333333 10.13333333
320.00000000 8.58666667 8.64666667
384.00000000 7.68666667 7.78000000
448.00000000 6.75333333 6.84000000
512.00000000 6.04666667 6.02666667
576.00000000 5.40000000 5.52000000
640.00000000 5.02666667 5.04000000
704.00000000 4.61333333 4.68666667
768.00000000 4.24666667 4.37333333
832.00000000 4.12000000 4.26000000
896.00000000 3.90000000 3.92666667
960.00000000 3.69333333 3.70666667
1024.00000000 3.49333333 3.54000000
1088.00000000 3.30666667 3.28666667
1152.00000000 3.04666667 3.10666667
1216.00000000 2.95333333 2.96666667
1280.00000000 2.82000000 2.85333333
1344.00000000 2.68000000 2.78000000
1408.00000000 2.58666667 2.57333333
1472.00000000 2.50666667 2.44000000
1536.00000000 2.40666667 2.41333333
1600.00000000 2.38000000 2.33333333
1664.00000000 2.25333333 2.31333333
1728.00000000 2.20666667 2.21333333
1792.00000000 2.12666667 2.18666667
1856.00000000 2.12000000 2.12666667
1920.00000000 2.10666667 2.05333333
1984.00000000 2.00000000 1.98666667
2048.00000000 1.96000000 1.94666667
2112.00000000 1.97333333 1.98666667
2176.00000000 1.87333333 1.92000000
2240.00000000 1.78000000 1.84666667
2304.00000000 1.85333333 1.78666667
2368.00000000 1.76000000 1.74666667
2432.00000000 1.76666667 1.76666667
2496.00000000 1.74666667 1.68666667
2560.00000000 1.62666667 1.70000000
2624.00000000 1.68000000 1.66000000
2688.00000000 1.52666667 1.54666667
2752.00000000 1.50000000 1.58000000
2816.00000000 1.47333333 1.50666667
2880.00000000 1.46666667 1.45333333
2944.00000000 1.45333333 1.39333333
3008.00000000 1.39333333 1.37333333
3072.00000000 1.37333333 1.40000000
3136.00000000 1.29333333 1.32666667
3200.00000000 1.28000000 1.27333333
3264.00000000 1.28666667 1.29333333
3328.00000000 1.25333333 1.26666667
3392.00000000 1.22000000 1.23333333
3456.00000000 1.19333333 1.24000000
3520.00000000 1.16666667 1.17333333
3584.00000000 1.12666667 1.12000000
3648.00000000 1.12000000 1.07333333
3712.00000000 1.11333333 1.14000000
3776.00000000 1.02666667 1.08000000
3840.00000000 1.05333333 1.07333333
3904.00000000 1.05333333 1.00666667
3968.00000000 1.06666667 1.10000000
4032.00000000 1.00000000 1.03333333
4096.00000000 1.01333333 0.99333333
4160.00000000 0.98666667 1.01333333
4224.00000000 1.00000000 0.98666667
4288.00000000 0.98000000 0.94666667
4352.00000000 0.90666667 0.94000000
4416.00000000 0.94000000 0.96666667
4480.00000000 0.93333333 0.87333333
4544.00000000 0.88000000 0.92666667
4608.00000000 0.86000000 0.88000000
4672.00000000 0.84666667 0.88000000
4736.00000000 0.78000000 0.88666667
4800.00000000 0.77333333 0.82666667
4864.00000000 0.85333333 0.84666667
4928.00000000 0.82666667 0.79333333
4992.00000000 0.82000000 0.80666667
5056.00000000 0.78666667 0.76000000
5120.00000000 0.75333333 0.80000000
5184.00000000 0.74000000 0.74666667
5248.00000000 0.76666667 0.74000000
5312.00000000 0.71333333 0.72000000
5376.00000000 0.70666667 0.71333333
5440.00000000 0.71333333 0.72000000
5504.00000000 0.71333333 0.72000000
5568.00000000 0.70000000 0.69333333
5632.00000000 0.70000000 0.74000000
5696.00000000 0.68000000 0.67333333
5760.00000000 0.59333333 0.68666667
5824.00000000 0.62666667 0.66666667
5888.00000000 0.64666667 0.60666667
5952.00000000 0.60666667 0.63333333
6016.00000000 0.56000000 0.61333333
6080.00000000 0.58666667 0.59333333
6144.00000000 0.58666667 0.58000000
6208.00000000 0.57333333 0.57333333
6272.00000000 0.57333333 0.54000000
6336.00000000 0.55333333 0.52000000
6400.00000000 0.48666667 0.54666667
6464.00000000 0.56000000 0.51333333
6528.00000000 0.52666667 0.53333333
6592.00000000 0.51333333 0.53333333
6656.00000000 0.50666667 0.52666667
6720.00000000 0.48666667 0.50666667
6784.00000000 0.48666667 0.49333333
6848.00000000 0.51333333 0.52000000
6912.00000000 0.49333333 0.49333333
6976.00000000 0.46666667 0.50000000
7040.00000000 0.46666667 0.48666667
7104.00000000 0.48000000 0.46666667
7168.00000000 0.44000000 0.44666667
7232.00000000 0.47333333 0.48000000
7296.00000000 0.46666667 0.44666667
7360.00000000 0.44666667 0.44666667
7424.00000000 0.41333333 0.44000000
7488.00000000 0.44666667 0.42666667
7552.00000000 0.43333333 0.42000000
7616.00000000 0.42000000 0.42666667
7680.00000000 0.40666667 0.42000000
7744.00000000 0.40666667 0.40666667
7808.00000000 0.42000000 0.41333333
7872.00000000 0.40666667 0.40666667
7936.00000000 0.39333333 0.38000000
8000.00000000 0.38000000 0.38666667
8064.00000000 0.38000000 0.37333333
8128.00000000 0.38666667 0.37333333
8192.00000000 0.39333333 0.40000000
8256.00000000 0.38000000 0.38000000
8320.00000000 0.34666667 0.38000000
8384.00000000 0.34666667 0.37333333
8448.00000000 0.38666667 0.37333333
8512.00000000 0.36000000 0.39333333
8576.00000000 0.38000000 0.38666667
8640.00000000 0.35333333 0.38666667
8704.00000000 0.33333333 0.37333333
8768.00000000 0.35333333 0.36000000
8832.00000000 0.34000000 0.35333333
8896.00000000 0.36000000 0.34666667
8960.00000000 0.34666667 0.34666667
9024.00000000 0.34666667 0.33333333
9088.00000000 0.31333333 0.33333333
9152.00000000 0.32000000 0.31333333
9216.00000000 0.30666667 0.30000000
9280.00000000 0.31333333 0.30000000
9344.00000000 0.31333333 0.31333333
9408.00000000 0.31333333 0.31333333
9472.00000000 0.32000000 0.31333333
9536.00000000 0.31333333 0.28666667
9600.00000000 0.32666667 0.31333333
9664.00000000 0.31333333 0.31333333
9728.00000000 0.29333333 0.30666667
9792.00000000 0.30666667 0.29333333
9856.00000000 0.32000000 0.30666667
9920.00000000 0.28666667 0.28666667
9984.00000000 0.30000000 0.30666667
10048.00000000 0.31333333 0.30000000
10112.00000000 0.29333333 0.26666667
10176.00000000 0.28000000 0.27333333
10240.00000000 0.30000000 0.28666667
10304.00000000 0.28000000 0.28000000
10368.00000000 0.27333333 0.28666667
10432.00000000 0.28000000 0.26666667
10496.00000000 0.26000000 0.28000000
10560.00000000 0.27333333 0.26666667
10624.00000000 0.28000000 0.28000000
10688.00000000 0.30000000 0.28666667
10752.00000000 0.28000000 0.27333333
10816.00000000 0.27333333 0.28000000
10880.00000000 0.27333333 0.28000000
10944.00000000 0.27333333 0.29333333
11008.00000000 0.28000000 0.29333333
11072.00000000 0.28000000 0.28666667
11136.00000000 0.27333333 0.27333333
11200.00000000 0.27333333 0.26666667
11264.00000000 0.26000000 0.25333333
11328.00000000 0.25333333 0.27333333
11392.00000000 0.26666667 0.27333333
11456.00000000 0.27333333 0.26000000
11520.00000000 0.25333333 0.26000000
11584.00000000 0.26666667 0.25333333
11648.00000000 0.26000000 0.26000000
11712.00000000 0.26666667 0.25333333
11776.00000000 0.25333333 0.28000000
11840.00000000 0.26666667 0.24000000
11904.00000000 0.26000000 0.26666667
11968.00000000 0.26000000 0.26000000
12032.00000000 0.26666667 0.24000000
12096.00000000 0.23333333 0.26000000
12160.00000000 0.24666667 0.25333333
12224.00000000 0.26666667 0.25333333
12288.00000000 0.23333333 0.26666667
12352.00000000 0.24666667 0.26000000
12416.00000000 0.26000000 0.26000000
12480.00000000 0.25333333 0.25333333
12544.00000000 0.24000000 0.25333333
12608.00000000 0.25333333 0.24000000
12672.00000000 0.21333333 0.22666667
12736.00000000 0.24000000 0.22666667
12800.00000000 0.24000000 0.24000000
