0 2594.64500000 2602.64500000
64.00000000 28.46000000 28.73000000
128.00000000 16.90000000 17.01000000
192.00000000 12.45000000 12.44500000
256.00000000 9.97500000 10.05000000
320.00000000 8.47000000 8.51000000
384.00000000 7.59500000 7.67000000
448.00000000 6.69000000 6.77500000
512.00000000 6.08000000 6.05000000
576.00000000 5.45500000 5.52000000
640.00000000 5.12500000 5.09500000
704.00000000 4.67500000 4.74000000
768.00000000 4.26000000 4.38500000
832.00000000 4.07000000 4.21500000
896.00000000 3.90500000 3.91500000
960.00000000 3.67000000 3.63000000
1024.00000000 3.47500000 3.51000000
1088.00000000 3.31000000 3.28500000
1152.00000000 3.05500000 3.11500000
1216.00000000 2.97000000 2.99000000
1280.00000000 2.83000000 2.85500000
1344.00000000 2.67000000 2.76000000
1408.00000000 2.55500000 2.56000000
1472.00000000 2.49500000 2.43000000
1536.00000000 2.38500000 2.40500000
1600.00000000 2.40000000 2.35000000
1664.00000000 2.29500000 2.32500000
1728.00000000 2.22500000 2.24000000
1792.00000000 2.15500000 2.20500000
1856.00000000 2.15000000 2.16500000
1920.00000000 2.11500000 2.08000000
1984.00000000 2.01500000 2.00000000
2048.00000000 1.95000000 1.93500000
2112.00000000 1.93000000 1.95000000
2176.00000000 1.85000000 1.90500000
2240.00000000 1.76000000 1.81000000
2304.00000000 1.79000000 1.75500000
2368.00000000 1.71500000 1.71500000
2432.00000000 1.74000000 1.75000000
2496.00000000 1.70500000 1.67500000
2560.00000000 1.62500000 1.66000000
2624.00000000 1.61000000 1.62000000
2688.00000000 1.49000000 1.54000000
2752.00000000 1.46500000 1.55500000
2816.00000000 1.45000000 1.48000000
2880.00000000 1.44500000 1.44500000
2944.00000000 1.43500000 1.38000000
3008.00000000 1.37500000 1.36500000
3072.00000000 1.35500000 1.38000000
3136.00000000 1.27500000 1.32000000
3200.00000000 1.26500000 1.27500000
3264.00000000 1.25500000 1.27500000
3328.00000000 1.23500000 1.23000000
3392.00000000 1.20000000 1.22500000
3456.00000000 1.16000000 1.23000000
3520.00000000 1.16000000 1.15500000
3584.00000000 1.12000000 1.13000000
3648.00000000 1.12500000 1.08000000
3712.00000000 1.10500000 1.12500000
3776.00000000 1.03000000 1.06000000
3840.00000000 1.04500000 1.07500000
3904.00000000 1.03000000 0.99000000
3968.00000000 1.01500000 1.06500000
4032.00000000 0.98000000 0.99500000
4096.00000000 0.99500000 0.97000000
4160.00000000 0.97500000 0.98500000
4224.00000000 0.95500000 0.96000000
4288.00000000 0.95000000 0.93000000
4352.00000000 0.89000000 0.92000000
4416.00000000 0.92000000 0.92000000
4480.00000000 0.90500000 0.87000000
4544.00000000 0.85500000 0.90500000
4608.00000000 0.85000000 0.85500000
4672.00000000 0.83500000 0.86000000
4736.00000000 0.78000000 0.86000000
4800.00000000 0.75500000 0.83000000
4864.00000000 0.82500000 0.83500000
4928.00000000 0.81500000 0.78500000
4992.00000000 0.79500000 0.79500000
5056.00000000 0.77000000 0.75000000
5120.00000000 0.76500000 0.79000000
5184.00000000 0.73500000 0.75500000
5248.00000000 0.76500000 0.74000000
5312.00000000 0.71500000 0.72500000
5376.00000000 0.71500000 0.72500000
5440.00000000 0.71500000 0.71500000
5504.00000000 0.71000000 0.72500000
5568.00000000 0.69500000 0.70000000
5632.00000000 0.69000000 0.71500000
5696.00000000 0.68000000 0.66500000
5760.00000000 0.60000000 0.68000000
5824.00000000 0.62500000 0.65500000
5888.00000000 0.64500000 0.61500000
5952.00000000 0.61500000 0.63500000
6016.00000000 0.57000000 0.59500000
6080.00000000 0.59000000 0.59000000
6144.00000000 0.58500000 0.56500000
6208.00000000 0.58000000 0.57500000
6272.00000000 0.57500000 0.55500000
6336.00000000 0.57000000 0.53500000
6400.00000000 0.50000000 0.55000000
6464.00000000 0.55500000 0.51500000
6528.00000000 0.52500000 0.52500000
6592.00000000 0.51000000 0.53000000
6656.00000000 0.51000000 0.53000000
6720.00000000 0.49500000 0.50500000
6784.00000000 0.48000000 0.49000000
6848.00000000 0.50500000 0.51500000
6912.00000000 0.49000000 0.49000000
6976.00000000 0.47500000 0.50000000
7040.00000000 0.46500000 0.48000000
7104.00000000 0.48000000 0.46000000
7168.00000000 0.44000000 0.44000000
7232.00000000 0.46500000 0.48000000
7296.00000000 0.45000000 0.44000000
7360.00000000 0.43000000 0.42500000
7424.00000000 0.41000000 0.42500000
7488.00000000 0.43500000 0.42000000
7552.00000000 0.42500000 0.40000000
7616.00000000 0.40500000 0.42000000
7680.00000000 0.39000000 0.39500000
7744.00000000 0.38000000 0.39000000
7808.00000000 0.39000000 0.40500000
7872.00000000 0.38500000 0.39000000
7936.00000000 0.38000000 0.35500000
8000.00000000 0.37000000 0.37000000
8064.00000000 0.36500000 0.35500000
8128.00000000 0.36500000 0.35500000
8192.00000000 0.37500000 0.37000000
8256.00000000 0.35000000 0.35500000
8320.00000000 0.32500000 0.35500000
8384.00000000 0.33000000 0.34500000
8448.00000000 0.35000000 0.35000000
8512.00000000 0.33500000 0.36500000
8576.00000000 0.35500000 0.36000000
8640.00000000 0.33500000 0.36000000
8704.00000000 0.31500000 0.33000000
8768.00000000 0.33500000 0.33500000
8832.00000000 0.32000000 0.33000000
8896.00000000 0.34000000 0.32500000
8960.00000000 0.33000000 0.32500000
9024.00000000 0.32500000 0.32000000
9088.00000000 0.30500000 0.32000000
9152.00000000 0.31000000 0.30500000
9216.00000000 0.29000000 0.28500000
9280.00000000 0.30500000 0.29000000
9344.00000000 0.29500000 0.28500000
9408.00000000 0.29500000 0.30000000
9472.00000000 0.30500000 0.30500000
9536.00000000 0.30000000 0.28500000
9600.00000000 0.31000000 0.30500000
9664.00000000 0.30500000 0.29500000
9728.00000000 0.28500000 0.30000000
9792.00000000 0.29500000 0.28500000
9856.00000000 0.30000000 0.29500000
9920.00000000 0.27500000 0.27000000
9984.00000000 0.27500000 0.29500000
10048.00000000 0.29000000 0.28500000
10112.00000000 0.26000000 0.25000000
10176.00000000 0.26000000 0.25500000
10240.00000000 0.27500000 0.26000000
10304.00000000 0.25000000 0.25000000
10368.00000000 0.24500000 0.25500000
10432.00000000 0.25000000 0.23500000
10496.00000000 0.23500000 0.25000000
10560.00000000 0.24500000 0.24000000
10624.00000000 0.24000000 0.24500000
10688.00000000 0.26000000 0.25000000
10752.00000000 0.24500000 0.24000000
10816.00000000 0.23500000 0.24500000
10880.00000000 0.24000000 0.24500000
10944.00000000 0.24000000 0.25500000
11008.00000000 0.24000000 0.25000000
11072.00000000 0.24500000 0.24500000
11136.00000000 0.24000000 0.24000000
11200.00000000 0.24000000 0.23000000
11264.00000000 0.22500000 0.22000000
11328.00000000 0.22000000 0.24000000
11392.00000000 0.23500000 0.24000000
11456.00000000 0.24000000 0.23000000
11520.00000000 0.22500000 0.23000000
11584.00000000 0.23500000 0.22500000
11648.00000000 0.23000000 0.22500000
11712.00000000 0.23500000 0.22500000
11776.00000000 0.22500000 0.24500000
11840.00000000 0.23500000 0.21000000
11904.00000000 0.22500000 0.23000000
11968.00000000 0.21500000 0.22500000
12032.00000000 0.23000000 0.21000000
12096.00000000 0.20500000 0.22500000
12160.00000000 0.21500000 0.22000000
12224.00000000 0.23000000 0.22000000
12288.00000000 0.20500000 0.23000000
12352.00000000 0.21500000 0.22000000
12416.00000000 0.22500000 0.22500000
12480.00000000 0.21500000 0.21500000
12544.00000000 0.20500000 0.22000000
12608.00000000 0.22000000 0.20500000
12672.00000000 0.19000000 0.19500000
12736.00000000 0.20500000 0.20000000
12800.00000000 0.20000000 0.20500000
