0 1714.21600000 1718.47200000
84.50000000 16.76000000 16.69600000
169.00000000 10.28800000 10.34400000
253.50000000 7.99200000 8.05600000
338.00000000 6.34400000 6.43200000
422.50000000 5.61600000 5.70400000
507.00000000 5.12800000 5.09600000
591.50000000 4.52000000 4.55200000
676.00000000 4.16800000 4.22400000
760.50000000 3.83200000 3.90400000
845.00000000 3.64000000 3.68800000
929.50000000 3.48800000 3.49600000
1014.00000000 3.23200000 3.22400000
1098.50000000 3.00800000 3.07200000
1183.00000000 2.96800000 2.91200000
1267.50000000 2.80000000 2.84000000
1352.00000000 2.62400000 2.60000000
1436.50000000 2.53600000 2.53600000
1521.00000000 2.36000000 2.48800000
1605.50000000 2.45600000 2.39200000
1690.00000000 2.31200000 2.32800000
1774.50000000 2.23200000 2.24800000
1859.00000000 2.22400000 2.15200000
1943.50000000 2.07200000 2.18400000
2028.00000000 2.08800000 2.02400000
2112.50000000 1.97600000 2.07200000
2197.00000000 1.99200000 1.96800000
2281.50000000 1.96000000 1.95200000
2366.00000000 1.95200000 1.87200000
2450.50000000 1.80000000 1.83200000
2535.00000000 1.81600000 1.84000000
2619.50000000 1.78400000 1.82400000
2704.00000000 1.75200000 1.68800000
2788.50000000 1.67200000 1.74400000
2873.00000000 1.65600000 1.64000000
2957.50000000 1.65600000 1.67200000
3042.00000000 1.64800000 1.60000000
3126.50000000 1.53600000 1.53600000
3211.00000000 1.54400000 1.53600000
3295.50000000 1.49600000 1.48000000
3380.00000000 1.42400000 1.47200000
3464.50000000 1.47200000 1.44800000
3549.00000000 1.45600000 1.43200000
3633.50000000 1.43200000 1.44800000
3718.00000000 1.44800000 1.42400000
3802.50000000 1.40000000 1.37600000
3887.00000000 1.34400000 1.41600000
3971.50000000 1.34400000 1.27200000
4056.00000000 1.30400000 1.34400000
4140.50000000 1.28800000 1.34400000
4225.00000000 1.30400000 1.28000000
4309.50000000 1.22400000 1.28000000
4394.00000000 1.20000000 1.21600000
4478.50000000 1.21600000 1.24800000
4563.00000000 1.18400000 1.22400000
4647.50000000 1.19200000 1.24800000
4732.00000000 1.22400000 1.22400000
4816.50000000 1.17600000 1.20000000
4901.00000000 1.20000000 1.20800000
4985.50000000 1.16000000 1.19200000
5070.00000000 1.15200000 1.17600000
5154.50000000 1.18400000 1.13600000
5239.00000000 1.16800000 1.15200000
5323.50000000 1.20800000 1.18400000
5408.00000000 1.12800000 1.16800000
5492.50000000 1.13600000 1.18400000
5577.00000000 1.13600000 1.15200000
5661.50000000 1.12800000 1.12000000
5746.00000000 1.14400000 1.16800000
5830.50000000 1.14400000 1.15200000
5915.00000000 1.12800000 1.12000000
5999.50000000 1.10400000 1.13600000
6084.00000000 1.09600000 1.07200000
6168.50000000 1.08800000 1.13600000
6253.00000000 1.12800000 1.13600000
6337.50000000 1.12000000 1.12000000
6422.00000000 1.08000000 1.12000000
6506.50000000 1.09600000 1.12800000
6591.00000000 1.07200000 1.09600000
6675.50000000 1.08800000 1.04800000
6760.00000000 1.08000000 1.04800000
6844.50000000 1.05600000 1.06400000
6929.00000000 1.04000000 1.08800000
7013.50000000 0.98400000 1.06400000
7098.00000000 1.08000000 1.02400000
7182.50000000 1.05600000 1.07200000
7267.00000000 1.01600000 1.07200000
7351.50000000 1.01600000 1.04000000
7436.00000000 0.99200000 1.02400000
7520.50000000 1.06400000 1.01600000
7605.00000000 0.97600000 1.00000000
7689.50000000 1.01600000 1.00000000
7774.00000000 1.03200000 1.01600000
7858.50000000 1.02400000 1.00800000
7943.00000000 0.99200000 1.01600000
8027.50000000 1.02400000 1.01600000
8112.00000000 0.92000000 0.99200000
8196.50000000 0.96000000 0.98400000
8281.00000000 0.97600000 0.97600000
8365.50000000 0.96800000 0.94400000
8450.00000000 1.00000000 0.97600000
