0 0.000157019
25 0.025639
50 0.0472904
75 0.0663697
100 0.0836062
125 0.101012
150 0.117759
175 0.134225
200 0.151141
225 0.167626
250 0.182291
275 0.197843
300 0.214177
325 0.229625
350 0.245084
375 0.261589
400 0.27708
425 0.291619
450 0.304223
475 0.31688
500 0.331134
525 0.341676
550 0.35343
575 0.363128
600 0.375042
625 0.385539
650 0.394605
675 0.405354
700 0.415513
725 0.424288
750 0.432766
775 0.44175
800 0.448527
825 0.456122
850 0.464269
875 0.474102
900 0.484503
925 0.491207
950 0.500022
975 0.508208
1000 0.515067
1025 0.522375
1050 0.530873
1075 0.539657
1100 0.545783
1125 0.553271
1150 0.560185
1175 0.568611
1200 0.576183
1225 0.582242
1250 0.589099
1275 0.594923
1300 0.601437
1325 0.608496
1350 0.616553
1375 0.623299
1400 0.629291
1425 0.636609
1450 0.643203
1475 0.651513
1500 0.658381
1525 0.664366
1550 0.670435
1575 0.675809
1600 0.681881
1625 0.687696
1650 0.692409
1675 0.698332
1700 0.702187
1725 0.706826
1750 0.712273
1775 0.717314
1800 0.721802
1825 0.725948
1850 0.731241
1875 0.736164
1900 0.739209
1925 0.743562
1950 0.74775
1975 0.751229
2000 0.753745
2025 0.758116
2050 0.761758
2075 0.766263
2100 0.769196
2125 0.772602
2150 0.776799
2175 0.780268
2200 0.783969
2225 0.786438
2250 0.789311
2275 0.792645
2300 0.796278
2325 0.799139
2350 0.80152
2375 0.804201
2400 0.806474
2425 0.808713
2450 0.811169
2475 0.814274
2500 0.816875
2525 0.819374
2550 0.821593
2575 0.82412
2600 0.826069
2625 0.828984
2650 0.831866
2675 0.83355
2700 0.835664
2725 0.837996
2750 0.839737
2775 0.841615
2800 0.843556
2825 0.84628
2850 0.84849
2875 0.850407
2900 0.852228
2925 0.853783
2950 0.855918
2975 0.857841
3000 0.859934
3025 0.861036
3050 0.863095
3075 0.864892
3100 0.86716
3125 0.868886
3150 0.870951
3175 0.872938
3200 0.875491
3225 0.877684
3250 0.878952
3275 0.881109
3300 0.88247
3325 0.88304
3350 0.88538
3375 0.887411
3400 0.888778
3425 0.889916
3450 0.890881
3475 0.891451
3500 0.892722
3525 0.894665
3550 0.896354
3575 0.897321
3600 0.898303
3625 0.899265
3650 0.9009
3675 0.902294
3700 0.903123
3725 0.903121
3750 0.903897
3775 0.905748
3800 0.906464
3825 0.906418
3850 0.907761
3875 0.908362
3900 0.908839
3925 0.909324
3950 0.910074
3975 0.910402
4000 0.911333
4025 0.911525
4050 0.91259
4075 0.912353
4100 0.913564
4125 0.914437
4150 0.914884
4175 0.916142
4200 0.91652
4225 0.916612
4250 0.916803
4275 0.916996
4300 0.918061
4325 0.918588
4350 0.919284
4375 0.919071
4400 0.919628
4425 0.92021
4450 0.920186
4475 0.92101
4500 0.921201
4525 0.921281
4550 0.921524
4575 0.922314
4600 0.92241
4625 0.923002
4650 0.922816
4675 0.923647
4700 0.923942
4725 0.923847
4750 0.924311
4775 0.92426
4800 0.924483
4825 0.923994
4850 0.924733
4875 0.925043
4900 0.925669
4925 0.925478
4950 0.925719
4975 0.925733
5000 0.926098
