0 5.98099e-08
25 0.00124798
50 0.00357268
75 0.00714533
100 0.011464
125 0.016864
150 0.0233897
175 0.0309075
200 0.039063
225 0.0467471
250 0.0550062
275 0.0657537
300 0.0764834
325 0.0864323
350 0.0957126
375 0.105067
400 0.11371
425 0.123324
450 0.132979
475 0.144413
500 0.155381
525 0.164526
550 0.175135
575 0.186875
600 0.19714
625 0.207986
650 0.218061
675 0.228352
700 0.237989
725 0.250901
750 0.26398
775 0.276556
800 0.288437
825 0.299053
850 0.310408
875 0.320927
900 0.332003
925 0.340846
950 0.348629
975 0.360222
1000 0.368045
1025 0.376824
1050 0.38859
1075 0.399412
1100 0.409743
1125 0.418284
1150 0.427476
1175 0.437803
1200 0.443925
1225 0.451759
1250 0.461617
1275 0.470504
1300 0.479382
1325 0.489059
1350 0.49653
1375 0.500396
1400 0.505856
1425 0.513194
1450 0.521797
1475 0.528736
1500 0.533896
1525 0.539711
1550 0.545001
1575 0.54962
1600 0.553529
1625 0.558965
1650 0.566212
1675 0.571837
1700 0.576755
1725 0.583749
1750 0.587766
1775 0.593428
1800 0.600477
1825 0.604178
1850 0.61284
1875 0.618346
1900 0.624128
1925 0.632714
1950 0.639728
1975 0.646237
2000 0.652957
2025 0.659812
2050 0.66454
2075 0.669741
2100 0.675071
2125 0.679446
2150 0.685196
2175 0.688042
2200 0.694175
2225 0.698347
2250 0.702393
2275 0.706986
2300 0.710769
2325 0.712752
2350 0.714758
2375 0.718071
2400 0.720499
2425 0.722666
2450 0.724913
2475 0.725735
2500 0.72758
2525 0.731091
2550 0.734915
2575 0.735446
2600 0.738041
2625 0.74236
2650 0.751692
2675 0.746807
2700 0.750321
2725 0.752739
2750 0.756122
2775 0.764857
2800 0.760023
2825 0.770935
2850 0.772899
2875 0.777418
2900 0.780777
2925 0.781592
2950 0.784077
2975 0.785322
3000 0.7868
3025 0.788989
3050 0.793903
3075 0.797268
3100 0.80003
3125 0.801349
3150 0.805721
3175 0.808968
3200 0.811069
3225 0.814496
3250 0.816587
3275 0.818588
3300 0.820188
3325 0.821061
3350 0.823769
3375 0.824683
3400 0.827606
3425 0.828855
3450 0.830789
3475 0.833449
3500 0.833578
3525 0.835777
3550 0.837952
3575 0.839386
3600 0.842286
3625 0.840915
3650 0.842326
3675 0.843498
3700 0.843447
3725 0.844635
3750 0.845285
3775 0.846421
3800 0.847589
3825 0.848106
3850 0.848693
3875 0.850101
3900 0.85108
3925 0.852984
3950 0.853074
3975 0.853439
4000 0.855919
4025 0.855348
4050 0.855509
4075 0.855737
4100 0.857028
4125 0.85723
4150 0.857898
4175 0.858581
4200 0.859574
4225 0.860051
4250 0.860981
4275 0.862111
4300 0.863903
4325 0.863522
4350 0.863908
4375 0.862634
4400 0.863406
4425 0.864464
4450 0.864419
4475 0.865822
4500 0.866524
4525 0.867169
4550 0.868372
4575 0.869224
4600 0.868837
4625 0.869079
4650 0.870896
4675 0.871379
4700 0.871746
4725 0.873523
4750 0.874795
4775 0.875429
4800 0.876116
4825 0.877381
4850 0.877879
4875 0.877834
4900 0.878603
4925 0.878354
4950 0.881509
4975 0.88216
5000 0.881854
