0 5.2214e-08
25 0.00125796
50 0.00435674
75 0.00848879
100 0.013523
125 0.0193884
150 0.0262454
175 0.0338147
200 0.0426703
225 0.0521559
250 0.0606117
275 0.0707799
300 0.0817545
325 0.092601
350 0.1042
375 0.117454
400 0.129848
425 0.142799
450 0.153629
475 0.165708
500 0.178461
525 0.18909
550 0.199898
575 0.209779
600 0.221573
625 0.232457
650 0.240959
675 0.251915
700 0.261577
725 0.270367
750 0.278288
775 0.287229
800 0.294379
825 0.301787
850 0.309453
875 0.319208
900 0.329714
925 0.337016
950 0.346691
975 0.356184
1000 0.363554
1025 0.371287
1050 0.380546
1075 0.390672
1100 0.397597
1125 0.406096
1150 0.41394
1175 0.422735
1200 0.431439
1225 0.438946
1250 0.44731
1275 0.453762
1300 0.461592
1325 0.469952
1350 0.47977
1375 0.4879
1400 0.495886
1425 0.504971
1450 0.513072
1475 0.522543
1500 0.531207
1525 0.538679
1550 0.545813
1575 0.55236
1600 0.560199
1625 0.567328
1650 0.573624
1675 0.580964
1700 0.585797
1725 0.591606
1750 0.598631
1775 0.60518
1800 0.610925
1825 0.616328
1850 0.622911
1875 0.629411
1900 0.632964
1925 0.638856
1950 0.643782
1975 0.64863
2000 0.651157
2025 0.65671
2050 0.661466
2075 0.667051
2100 0.670652
2125 0.674927
2150 0.680138
2175 0.684246
2200 0.688725
2225 0.691809
2250 0.69497
2275 0.699015
2300 0.703884
2325 0.70708
2350 0.710343
2375 0.714312
2400 0.717168
2425 0.720347
2450 0.72376
2475 0.727658
2500 0.730868
2525 0.734268
2550 0.737296
2575 0.740554
2600 0.743175
2625 0.747336
2650 0.751433
2675 0.753543
2700 0.756039
2725 0.75926
2750 0.76125
2775 0.763644
2800 0.766127
2825 0.769979
2850 0.772642
2875 0.775042
2900 0.777397
2925 0.779678
2950 0.782627
2975 0.78503
3000 0.787654
3025 0.789124
3050 0.791831
3075 0.793827
3100 0.79699
3125 0.79936
3150 0.802353
3175 0.805253
3200 0.808751
3225 0.812134
3250 0.813833
3275 0.816602
3300 0.818081
3325 0.818602
3350 0.822055
3375 0.825024
3400 0.826809
3425 0.828408
3450 0.829552
3475 0.830432
3500 0.832268
3525 0.835271
3550 0.837593
3575 0.839095
3600 0.840275
3625 0.841449
3650 0.843735
3675 0.845553
3700 0.846817
3725 0.84658
3750 0.847347
3775 0.850027
3800 0.850865
3825 0.850819
3850 0.852566
3875 0.853572
3900 0.85407
3925 0.854766
3950 0.855652
3975 0.856095
4000 0.857328
4025 0.85756
4050 0.859147
4075 0.858625
4100 0.860616
4125 0.861669
4150 0.862527
4175 0.864459
4200 0.864981
4225 0.865148
4250 0.865139
4275 0.865192
4300 0.86705
4325 0.867498
4350 0.868509
4375 0.867886
4400 0.868633
4425 0.869655
4450 0.869567
4475 0.870824
4500 0.871304
4525 0.871213
4550 0.871655
4575 0.872589
4600 0.872521
4625 0.873443
4650 0.872549
4675 0.874147
4700 0.874606
4725 0.874149
4750 0.87491
4775 0.874749
4800 0.874989
4825 0.874092
4850 0.875186
4875 0.87558
4900 0.876762
4925 0.876336
4950 0.876733
4975 0.876571
5000 0.877426
