0 0.000178099
25 0.0264695
50 0.0463348
75 0.0659971
100 0.0831959
125 0.100022
150 0.116953
175 0.134094
200 0.150542
225 0.164633
250 0.177739
275 0.194808
300 0.210444
325 0.225435
350 0.238533
375 0.251731
400 0.264093
425 0.276063
450 0.287508
475 0.301486
500 0.313908
525 0.32445
550 0.336562
575 0.349447
600 0.360887
625 0.372443
650 0.383159
675 0.394514
700 0.403804
725 0.416426
750 0.428532
775 0.440451
800 0.451065
825 0.461401
850 0.470968
875 0.480382
900 0.49014
925 0.498321
950 0.505886
975 0.516457
1000 0.522748
1025 0.531553
1050 0.541765
1075 0.55126
1100 0.559547
1125 0.566802
1150 0.575075
1175 0.584311
1200 0.589518
1225 0.595798
1250 0.603724
1275 0.610398
1300 0.617691
1325 0.625268
1350 0.631428
1375 0.633741
1400 0.638674
1425 0.64451
1450 0.651245
1475 0.65669
1500 0.661613
1525 0.666194
1550 0.671259
1575 0.675809
1600 0.679378
1625 0.684045
1650 0.689528
1675 0.694288
1700 0.697884
1725 0.703596
1750 0.70748
1775 0.711765
1800 0.717195
1825 0.720389
1850 0.727168
1875 0.731027
1900 0.735399
1925 0.741844
1950 0.747315
1975 0.752421
2000 0.757401
2025 0.762009
2050 0.765963
2075 0.769963
2100 0.773192
2125 0.776345
2150 0.78087
2175 0.78324
2200 0.787636
2225 0.790953
2250 0.79398
2275 0.79739
2300 0.800824
2325 0.801975
2350 0.803386
2375 0.805567
2400 0.808024
2425 0.810006
2450 0.812143
2475 0.812997
2500 0.814894
2525 0.818467
2550 0.821451
2575 0.822167
2600 0.824313
2625 0.828061
2650 0.835619
2675 0.831727
2700 0.83411
2725 0.836384
2750 0.838916
2775 0.845655
2800 0.841855
2825 0.850404
2850 0.8519
2875 0.855104
2900 0.857321
2925 0.858
2950 0.859497
2975 0.860666
3000 0.862017
3025 0.863545
3050 0.86674
3075 0.86911
3100 0.871164
3125 0.872322
3150 0.875334
3175 0.877665
3200 0.879031
3225 0.88111
3250 0.882854
3275 0.884164
3300 0.88585
3325 0.886651
3350 0.888411
3375 0.888803
3400 0.890868
3425 0.891767
3450 0.893133
3475 0.894887
3500 0.895196
3525 0.896593
3550 0.89816
3575 0.899534
3600 0.901511
3625 0.9007
3650 0.902126
3675 0.903121
3700 0.903302
3725 0.903791
3750 0.904438
3775 0.905643
3800 0.906538
3825 0.906952
3850 0.907442
3875 0.908462
3900 0.909032
3925 0.910253
3950 0.910032
3975 0.91011
4000 0.911747
4025 0.911522
4050 0.912022
4075 0.912369
4100 0.913384
4125 0.913539
4150 0.914313
4175 0.914823
4200 0.915298
4225 0.915914
4250 0.916706
4275 0.917586
4300 0.918622
4325 0.918579
4350 0.91889
4375 0.918626
4400 0.919142
4425 0.919873
4450 0.920043
4475 0.921118
4500 0.921757
4525 0.922308
4550 0.923327
4575 0.924177
4600 0.924074
4625 0.924412
4650 0.925548
4675 0.926005
4700 0.926383
4725 0.927611
4750 0.928608
4775 0.929091
4800 0.929594
4825 0.930576
4850 0.930911
4875 0.930846
4900 0.931532
4925 0.931503
4950 0.933366
4975 0.933742
5000 0.933705
