0 5.5046e-08
25 0.00134589
50 0.00411818
75 0.00797074
100 0.0128318
125 0.0185831
150 0.025025
175 0.0320926
200 0.0399387
225 0.0482045
250 0.0565057
275 0.0660776
300 0.0766812
325 0.0870131
350 0.0971341
375 0.108099
400 0.118861
425 0.130528
450 0.140773
475 0.151786
500 0.163019
525 0.1729
550 0.183543
575 0.194018
600 0.204806
625 0.215258
650 0.224663
675 0.235353
700 0.245343
725 0.255866
750 0.265003
775 0.274787
800 0.283217
825 0.291742
850 0.300949
875 0.310853
900 0.320797
925 0.329754
950 0.338692
975 0.348589
1000 0.356333
1025 0.365262
1050 0.375262
1075 0.385184
1100 0.393238
1125 0.401503
1150 0.40992
1175 0.419064
1200 0.427479
1225 0.435237
1250 0.44366
1275 0.451326
1300 0.459522
1325 0.467923
1350 0.477117
1375 0.484444
1400 0.491299
1425 0.499583
1450 0.50752
1475 0.515951
1500 0.523423
1525 0.530292
1550 0.53729
1575 0.544253
1600 0.551638
1625 0.55852
1650 0.565723
1675 0.572985
1700 0.578529
1725 0.584564
1750 0.591347
1775 0.598056
1800 0.604317
1825 0.609281
1850 0.616028
1875 0.621949
1900 0.626925
1925 0.633174
1950 0.638719
1975 0.643728
2000 0.647649
2025 0.652968
2050 0.656885
2075 0.662105
2100 0.666297
2125 0.670572
2150 0.675223
2175 0.678902
2200 0.683499
2225 0.687223
2250 0.690956
2275 0.695131
2300 0.699654
2325 0.702704
2350 0.705589
2375 0.708715
2400 0.711729
2425 0.714949
2450 0.718483
2475 0.72163
2500 0.724335
2525 0.728242
2550 0.732084
2575 0.735297
2600 0.737858
2625 0.741889
2650 0.747035
2675 0.747673
2700 0.750437
2725 0.75282
2750 0.755327
2775 0.759482
2800 0.760423
2825 0.765575
2850 0.768259
2875 0.771123
2900 0.773854
2925 0.775327
2950 0.778156
2975 0.78044
3000 0.783232
3025 0.784741
3050 0.78791
3075 0.79085
3100 0.79369
3125 0.795737
3150 0.798906
3175 0.801671
3200 0.804894
3225 0.807826
3250 0.810227
3275 0.812601
3300 0.814036
3325 0.815392
3350 0.81786
3375 0.82001
3400 0.8219
3425 0.823448
3450 0.825189
3475 0.826947
3500 0.828391
3525 0.830641
3550 0.833209
3575 0.834952
3600 0.836468
3625 0.837439
3650 0.83919
3675 0.840663
3700 0.841363
3725 0.842205
3750 0.842883
3775 0.844552
3800 0.84574
3825 0.846526
3850 0.848003
3875 0.849146
3900 0.84986
3925 0.851196
3950 0.852066
3975 0.852748
4000 0.854133
4025 0.85471
4050 0.855788
4075 0.855843
4100 0.857288
4125 0.858372
4150 0.85915
4175 0.86022
4200 0.861383
4225 0.861203
4250 0.861775
4275 0.862722
4300 0.863812
4325 0.864442
4350 0.865243
4375 0.865154
4400 0.865776
4425 0.866711
4450 0.867083
4475 0.868226
4500 0.868128
4525 0.868781
4550 0.870156
4575 0.870616
4600 0.870609
4625 0.871185
4650 0.871576
4675 0.872794
4700 0.873181
4725 0.873894
4750 0.874911
4775 0.875415
4800 0.87552
4825 0.876057
4850 0.876996
4875 0.877146
4900 0.877754
4925 0.877858
4950 0.878651
4975 0.878566
5000 0.879072
