0 0.000164246
25 0.0259237
50 0.0469628
75 0.066242
100 0.0834655
125 0.100673
150 0.117483
175 0.13418
200 0.150936
225 0.1666
250 0.18073
275 0.196802
300 0.212897
325 0.228188
350 0.242838
375 0.258209
400 0.272627
425 0.286286
450 0.298492
475 0.311602
500 0.325228
525 0.33577
550 0.347647
575 0.358437
600 0.370189
625 0.381049
650 0.390681
675 0.401637
700 0.411498
725 0.421592
750 0.431314
775 0.441305
800 0.449397
825 0.457932
850 0.466566
875 0.476255
900 0.486436
925 0.493646
950 0.502033
975 0.511036
1000 0.5177
1025 0.525522
1050 0.534607
1075 0.543635
1100 0.550502
1125 0.55791
1150 0.56529
1175 0.573994
1200 0.580755
1225 0.58689
1250 0.594113
1275 0.600229
1300 0.60701
1325 0.614246
1350 0.621653
1375 0.626879
1400 0.632508
1425 0.639318
1450 0.64596
1475 0.653288
1500 0.659489
1525 0.664993
1550 0.670718
1575 0.675809
1600 0.681023
1625 0.686444
1650 0.691421
1675 0.696945
1700 0.700712
1725 0.705719
1750 0.71063
1775 0.715411
1800 0.720222
1825 0.724042
1850 0.729845
1875 0.734403
1900 0.737903
1925 0.742973
1950 0.747601
1975 0.751638
2000 0.754998
2025 0.759451
2050 0.7632
2075 0.767532
2100 0.770566
2125 0.773885
2150 0.778195
2175 0.781287
2200 0.785226
2225 0.787986
2250 0.790912
2275 0.794272
2300 0.797837
2325 0.800111
2350 0.80216
2375 0.804669
2400 0.807005
2425 0.809156
2450 0.811503
2475 0.813836
2500 0.816196
2525 0.819063
2550 0.821544
2575 0.82345
2600 0.825467
2625 0.828668
2650 0.833153
2675 0.832925
2700 0.835131
2725 0.837443
2750 0.839456
2775 0.843
2800 0.842973
2825 0.847694
2850 0.849659
2875 0.852017
2900 0.853974
2925 0.855229
2950 0.857145
2975 0.85881
3000 0.860648
3025 0.861896
3050 0.864345
3075 0.866338
3100 0.868533
3125 0.870064
3150 0.872454
3175 0.874559
3200 0.876705
3225 0.878859
3250 0.88029
3275 0.882156
3300 0.883629
3325 0.884278
3350 0.886419
3375 0.887888
3400 0.889495
3425 0.890551
3450 0.891653
3475 0.892629
3500 0.89357
3525 0.895326
3550 0.896973
3575 0.89808
3600 0.899403
3625 0.899757
3650 0.90132
3675 0.902578
3700 0.903184
3725 0.903351
3750 0.904082
3775 0.905712
3800 0.906489
3825 0.906601
3850 0.907652
3875 0.908396
3900 0.908905
3925 0.909643
3950 0.91006
3975 0.910302
4000 0.911475
4025 0.911524
4050 0.912395
4075 0.912358
4100 0.913502
4125 0.914129
4150 0.914688
4175 0.91569
4200 0.916101
4225 0.916373
4250 0.91677
4275 0.917198
4300 0.918253
4325 0.918585
4350 0.919149
4375 0.918918
4400 0.919461
4425 0.920094
4450 0.920137
4475 0.921047
4500 0.921392
4525 0.921633
4550 0.922142
4575 0.922953
4600 0.922981
4625 0.923485
4650 0.923753
4675 0.924455
4700 0.924779
4725 0.925138
4750 0.925784
4775 0.925916
4800 0.926235
4825 0.926251
4850 0.926851
4875 0.927033
4900 0.927679
4925 0.927544
4950 0.928341
4975 0.928479
5000 0.928706
