0 5.48183e-08
25 0.00125454
50 0.00408792
75 0.00802818
100 0.0128171
125 0.0185229
150 0.0252663
175 0.0328179
200 0.0414335
225 0.0503015
250 0.0586898
275 0.0690566
300 0.0799473
325 0.090486
350 0.10129
375 0.113207
400 0.124315
425 0.136122
450 0.146549
475 0.158407
500 0.170548
525 0.180668
550 0.191408
575 0.201926
600 0.213196
625 0.224067
650 0.233108
675 0.243836
700 0.25349
725 0.263693
750 0.273382
775 0.28357
800 0.292342
825 0.30085
850 0.30978
875 0.319797
900 0.330499
925 0.338329
950 0.347355
975 0.357568
1000 0.365094
1025 0.373185
1050 0.383304
1075 0.393669
1100 0.401761
1125 0.410275
1150 0.418581
1175 0.427901
1200 0.43572
1225 0.443339
1250 0.452215
1275 0.459502
1300 0.467691
1325 0.476503
1350 0.485516
1375 0.492184
1400 0.499304
1425 0.50779
1450 0.516063
1475 0.524666
1500 0.532129
1525 0.539033
1550 0.545535
1575 0.551421
1600 0.557912
1625 0.564461
1650 0.571083
1675 0.577835
1700 0.582697
1725 0.588912
1750 0.594906
1775 0.601151
1800 0.607343
1825 0.612162
1850 0.619458
1875 0.625617
1900 0.629935
1925 0.63675
1950 0.642392
1975 0.64781
2000 0.651774
2025 0.657774
2050 0.66252
2075 0.667973
2100 0.672167
2125 0.676476
2150 0.681872
2175 0.685547
2200 0.690594
2225 0.694051
2250 0.697515
2275 0.701748
2300 0.706245
2325 0.709025
2350 0.711857
2375 0.715601
2400 0.71831
2425 0.721142
2450 0.724155
2475 0.726999
2500 0.729741
2525 0.733179
2550 0.73648
2575 0.738803
2600 0.741415
2625 0.74563
2650 0.751522
2675 0.751234
2700 0.754079
2725 0.757024
2750 0.759492
2775 0.76406
2800 0.764034
2825 0.770307
2850 0.77273
2875 0.775857
2900 0.778556
2925 0.780334
2950 0.783124
2975 0.78513
3000 0.787361
3025 0.789078
3050 0.792541
3075 0.795007
3100 0.798032
3125 0.800042
3150 0.803508
3175 0.806527
3200 0.809546
3225 0.812944
3250 0.814777
3275 0.817283
3300 0.818803
3325 0.819445
3350 0.822643
3375 0.824907
3400 0.827082
3425 0.828561
3450 0.829976
3475 0.831466
3500 0.832717
3525 0.835444
3550 0.837716
3575 0.839195
3600 0.840964
3625 0.841266
3650 0.843252
3675 0.844848
3700 0.845662
3725 0.845913
3750 0.84664
3775 0.848791
3800 0.849742
3825 0.849889
3850 0.851238
3875 0.852382
3900 0.853045
3925 0.854155
3950 0.854768
3975 0.855184
4000 0.856845
4025 0.856802
4050 0.8579
4075 0.857635
4100 0.859386
4125 0.860147
4150 0.86094
4175 0.862444
4200 0.863127
4225 0.8634
4250 0.863713
4275 0.864136
4300 0.865971
4325 0.866135
4350 0.866932
4375 0.866085
4400 0.866841
4425 0.867875
4450 0.867802
4475 0.869109
4500 0.869665
4525 0.869826
4550 0.870529
4575 0.871435
4600 0.871258
4625 0.871947
4650 0.871982
4675 0.873198
4700 0.873625
4725 0.873934
4750 0.874871
4775 0.874982
4800 0.875375
4825 0.87522
4850 0.876109
4875 0.876353
4900 0.877393
4925 0.877028
4950 0.87837
4975 0.878487
5000 0.878944
