0 -0.00925546
25 0.0790113
50 0.106166
75 0.123998
100 0.119281
125 0.135502
150 0.144167
175 0.159935
200 0.179637
225 0.190268
250 0.20745
275 0.218915
300 0.231695
325 0.252871
350 0.269857
375 0.287992
400 0.309634
425 0.320811
450 0.337309
475 0.352167
500 0.373876
525 0.388879
550 0.405769
575 0.41818
600 0.432897
625 0.444573
650 0.459779
675 0.474947
700 0.490497
725 0.505775
750 0.518946
775 0.5311
800 0.540113
825 0.553356
850 0.56447
875 0.577325
900 0.589911
925 0.598355
950 0.607843
975 0.616693
1000 0.62372
1025 0.636001
1050 0.644818
1075 0.652999
1100 0.660128
1125 0.666989
1150 0.675815
1175 0.685124
1200 0.692316
1225 0.698322
1250 0.704966
1275 0.710963
1300 0.71684
1325 0.723021
1350 0.729835
1375 0.734827
1400 0.738684
1425 0.744694
1450 0.750589
1475 0.757759
1500 0.763584
1525 0.768188
1550 0.77393
1575 0.77891
1600 0.783598
1625 0.788419
1650 0.792731
1675 0.796947
1700 0.80001
1725 0.804586
1750 0.809317
1775 0.813143
1800 0.816615
1825 0.819703
1850 0.82436
1875 0.827751
1900 0.831325
1925 0.834918
1950 0.838767
1975 0.841473
2000 0.844994
2025 0.848397
2050 0.851466
2075 0.855457
2100 0.857856
2125 0.860611
2150 0.863607
2175 0.866772
2200 0.870185
2225 0.872625
2250 0.875848
2275 0.878607
2300 0.88144
2325 0.883605
2350 0.88528
2375 0.886771
2400 0.889336
2425 0.891192
2450 0.893432
2475 0.895833
2500 0.898367
2525 0.900729
2550 0.902708
2575 0.904275
2600 0.905588
2625 0.907697
2650 0.910859
2675 0.91146
2700 0.913527
2725 0.915215
2750 0.917332
2775 0.919959
2800 0.920737
2825 0.923849
2850 0.92544
2875 0.927121
2900 0.92854
2925 0.929237
2950 0.930673
2975 0.932226
3000 0.933678
3025 0.934524
3050 0.935928
3075 0.937488
3100 0.939016
3125 0.9401
3150 0.941538
3175 0.942705
3200 0.944267
3225 0.945334
3250 0.946482
3275 0.94752
3300 0.948521
3325 0.949451
3350 0.950307
3375 0.951093
3400 0.952337
3425 0.953128
3450 0.953975
3475 0.954671
3500 0.955547
3525 0.956241
3550 0.957217
3575 0.957922
3600 0.958772
3625 0.959182
3650 0.960175
3675 0.960951
3700 0.961476
3725 0.961814
3750 0.962734
3775 0.96369
3800 0.964328
3825 0.964625
3850 0.965302
3875 0.965867
3900 0.966245
3925 0.966687
3950 0.967144
3975 0.967478
4000 0.967901
4025 0.968148
4050 0.968625
4075 0.968976
4100 0.969509
4125 0.969952
4150 0.970258
4175 0.970698
4200 0.970899
4225 0.97104
4250 0.971653
4275 0.972146
4300 0.972441
4325 0.973028
4350 0.973481
4375 0.974128
4400 0.974352
4425 0.974631
4450 0.974986
4475 0.975485
4500 0.975571
4525 0.975947
4550 0.976382
4575 0.976896
4600 0.976937
4625 0.977257
4650 0.97765
4675 0.977797
4700 0.978194
4725 0.978644
4750 0.978972
4775 0.979124
4800 0.979384
4825 0.979604
4850 0.980007
4875 0.980211
4900 0.980379
4925 0.980648
4950 0.980778
4975 0.980976
5000 0.980979
