0 -0.11779
25 0.086338
50 0.0518779
75 0.0728952
100 0.0653726
125 0.099822
150 0.107373
175 0.123098
200 0.13206
225 0.14381
250 0.176002
275 0.191716
300 0.217768
325 0.243786
350 0.265238
375 0.283566
400 0.308673
425 0.320835
450 0.340069
475 0.349737
500 0.372438
525 0.380283
550 0.399701
575 0.409102
600 0.424722
625 0.436111
650 0.452546
675 0.466849
700 0.484938
725 0.498127
750 0.514107
775 0.52811
800 0.536716
825 0.549431
850 0.564327
875 0.579864
900 0.595424
925 0.603241
950 0.613358
975 0.620914
1000 0.629621
1025 0.639356
1050 0.649714
1075 0.658544
1100 0.665241
1125 0.673361
1150 0.680909
1175 0.692509
1200 0.700433
1225 0.705197
1250 0.71106
1275 0.717945
1300 0.723918
1325 0.730777
1350 0.737903
1375 0.744152
1400 0.747786
1425 0.753991
1450 0.759826
1475 0.76895
1500 0.77451
1525 0.779564
1550 0.785687
1575 0.790588
1600 0.79517
1625 0.800387
1650 0.803529
1675 0.808688
1700 0.811932
1725 0.815848
1750 0.820042
1775 0.82384
1800 0.827394
1825 0.830499
1850 0.835057
1875 0.83859
1900 0.841637
1925 0.844504
1950 0.8486
1975 0.850651
2000 0.85386
2025 0.857377
2050 0.860084
2075 0.863933
2100 0.866495
2125 0.869308
2150 0.872854
2175 0.876107
2200 0.879406
2225 0.881445
2250 0.8845
2275 0.887427
2300 0.889876
2325 0.892805
2350 0.894294
2375 0.895519
2400 0.897345
2425 0.89858
2450 0.900052
2475 0.902547
2500 0.904713
2525 0.906319
2550 0.907734
2575 0.909626
2600 0.910925
2625 0.912515
2650 0.914117
2675 0.915462
2700 0.917368
2725 0.918797
2750 0.920455
2775 0.921887
2800 0.923354
2825 0.924895
2850 0.92679
2875 0.928305
2900 0.929636
2925 0.930402
2950 0.931707
2975 0.933225
3000 0.934864
3025 0.935606
3050 0.937044
3075 0.938788
3100 0.940126
3125 0.941192
3150 0.942261
3175 0.943267
3200 0.944856
3225 0.945733
3250 0.946571
3275 0.948157
3300 0.949499
3325 0.950187
3350 0.951324
3375 0.952347
3400 0.95331
3425 0.953964
3450 0.954789
3475 0.955018
3500 0.955688
3525 0.956466
3550 0.957505
3575 0.957886
3600 0.9587
3625 0.959475
3650 0.960431
3675 0.961409
3700 0.961765
3725 0.962051
3750 0.962894
3775 0.963862
3800 0.964478
3825 0.964429
3850 0.96537
3875 0.965519
3900 0.966002
3925 0.966262
3950 0.966896
3975 0.967107
4000 0.967731
4025 0.967886
4050 0.968388
4075 0.968479
4100 0.968827
4125 0.969537
4150 0.969517
4175 0.970044
4200 0.970271
4225 0.970279
4250 0.97072
4275 0.971089
4300 0.97127
4325 0.971921
4350 0.97228
4375 0.972541
4400 0.972903
4425 0.972994
4450 0.973043
4475 0.9734
4500 0.973259
4525 0.973545
4550 0.973566
4575 0.974225
4600 0.974519
4625 0.974752
4650 0.975387
4675 0.975356
4700 0.975473
4725 0.975799
4750 0.975936
4775 0.976011
4800 0.976225
4825 0.97619
4850 0.976548
4875 0.976772
4900 0.976776
4925 0.976851
4950 0.976922
4975 0.97714
5000 0.97695
