0 -0.0466314
25 0.0399949
50 0.0431229
75 0.0562505
100 0.0555209
125 0.085351
150 0.102772
175 0.124914
200 0.151668
225 0.166057
250 0.193087
275 0.205072
300 0.219934
325 0.239647
350 0.256263
375 0.272861
400 0.293076
425 0.304273
450 0.322799
475 0.336002
500 0.360468
525 0.375817
550 0.392647
575 0.403895
600 0.418052
625 0.428891
650 0.444337
675 0.458624
700 0.476501
725 0.492366
750 0.506463
775 0.518608
800 0.527896
825 0.54121
850 0.554064
875 0.568149
900 0.581889
925 0.590042
950 0.59927
975 0.607265
1000 0.615288
1025 0.627297
1050 0.635851
1075 0.643613
1100 0.651197
1125 0.658104
1150 0.666763
1175 0.675783
1200 0.68362
1225 0.690008
1250 0.696808
1275 0.703501
1300 0.709233
1325 0.715618
1350 0.722788
1375 0.729381
1400 0.732659
1425 0.73905
1450 0.745169
1475 0.753188
1500 0.75884
1525 0.763726
1550 0.769235
1575 0.773888
1600 0.778742
1625 0.783608
1650 0.7881
1675 0.792215
1700 0.795557
1725 0.800001
1750 0.804702
1775 0.808796
1800 0.812121
1825 0.815185
1850 0.819668
1875 0.823485
1900 0.827209
1925 0.830569
1950 0.834307
1975 0.836638
2000 0.840231
2025 0.844059
2050 0.846963
2075 0.851248
2100 0.854193
2125 0.857197
2150 0.860019
2175 0.863474
2200 0.867124
2225 0.869491
2250 0.873043
2275 0.875938
2300 0.878546
2325 0.881299
2350 0.883229
2375 0.884894
2400 0.887332
2425 0.889121
2450 0.89132
2475 0.894098
2500 0.896691
2525 0.898502
2550 0.900407
2575 0.902105
2600 0.903268
2625 0.90498
2650 0.907288
2675 0.908934
2700 0.911272
2725 0.912759
2750 0.914998
2775 0.916989
2800 0.918808
2825 0.92099
2850 0.92274
2875 0.924391
2900 0.925951
2925 0.926681
2950 0.928433
2975 0.930087
3000 0.931574
3025 0.932429
3050 0.933877
3075 0.935512
3100 0.937095
3125 0.938186
3150 0.939599
3175 0.940708
3200 0.942561
3225 0.943778
3250 0.944838
3275 0.946017
3300 0.946751
3325 0.947725
3350 0.948623
3375 0.9497
3400 0.950969
3425 0.951834
3450 0.952704
3475 0.953386
3500 0.95435
3525 0.955098
3550 0.956087
3575 0.956595
3600 0.95741
3625 0.957987
3650 0.958824
3675 0.959583
3700 0.960121
3725 0.960649
3750 0.961634
3775 0.962475
3800 0.96312
3825 0.963413
3850 0.964169
3875 0.964722
3900 0.965176
3925 0.96561
3950 0.966369
3975 0.96687
4000 0.967213
4025 0.967479
4050 0.967827
4075 0.968135
4100 0.96861
4125 0.969148
4150 0.969277
4175 0.96975
4200 0.97004
4225 0.969993
4250 0.97059
4275 0.971047
4300 0.971373
4325 0.972025
4350 0.972541
4375 0.973111
4400 0.973333
4425 0.973585
4450 0.973921
4475 0.974353
4500 0.974298
4525 0.974649
4550 0.97497
4575 0.975383
4600 0.975372
4625 0.975653
4650 0.97605
4675 0.976114
4700 0.97651
4725 0.97691
4750 0.977132
4775 0.977235
4800 0.977484
4825 0.977573
4850 0.978048
4875 0.978335
4900 0.978379
4925 0.978661
4950 0.978708
4975 0.978943
5000 0.97887
