0 -0.0320471
25 0.13324
50 0.14649
75 0.170423
100 0.160185
125 0.172378
150 0.169397
175 0.177216
200 0.18127
225 0.187694
250 0.203196
275 0.217028
300 0.23614
325 0.262222
350 0.282354
375 0.302029
400 0.327428
425 0.339155
450 0.355185
475 0.368552
500 0.387608
525 0.397501
550 0.416261
575 0.428313
600 0.444277
625 0.456821
650 0.472737
675 0.488424
700 0.502993
725 0.516414
750 0.530455
775 0.543928
800 0.552461
825 0.565345
850 0.576924
875 0.590077
900 0.603249
925 0.611621
950 0.621806
975 0.630835
1000 0.63778
1025 0.648726
1050 0.658862
1075 0.667965
1100 0.674285
1125 0.681907
1150 0.690105
1175 0.70124
1200 0.708122
1225 0.712869
1250 0.71883
1275 0.724578
1300 0.730689
1325 0.737067
1350 0.743658
1375 0.747551
1400 0.751946
1425 0.757631
1450 0.763223
1475 0.770655
1500 0.776507
1525 0.781063
1550 0.787329
1575 0.792645
1600 0.797064
1625 0.802093
1650 0.805424
1675 0.810386
1700 0.813237
1725 0.817537
1750 0.821956
1775 0.82545
1800 0.829152
1825 0.832279
1850 0.837076
1875 0.840048
1900 0.843096
1925 0.846486
1950 0.850628
1975 0.853352
2000 0.856582
2025 0.859548
2050 0.862576
2075 0.866121
2100 0.867971
2125 0.870466
2150 0.874031
2175 0.876905
2200 0.879962
2225 0.882226
2250 0.884942
2275 0.887647
2300 0.8905
2325 0.892457
2350 0.893705
2375 0.894813
2400 0.897042
2425 0.898572
2450 0.900357
2475 0.902361
2500 0.904582
2525 0.907113
2550 0.908814
2575 0.910434
2600 0.911917
2625 0.914168
2650 0.917339
2675 0.917163
2700 0.918797
2725 0.920559
2750 0.922226
2775 0.924842
2800 0.924809
2825 0.928023
2850 0.929619
2875 0.931229
2900 0.93242
2925 0.933119
2950 0.934087
2975 0.935495
3000 0.937026
3025 0.937791
3050 0.939165
3075 0.940756
3100 0.942092
3125 0.943157
3150 0.944386
3175 0.945514
3200 0.946742
3225 0.947499
3250 0.948553
3275 0.949778
3300 0.951328
3325 0.952046
3350 0.953033
3375 0.953622
3400 0.954649
3425 0.955262
3450 0.956064
3475 0.956475
3500 0.957106
3525 0.95779
3550 0.958791
3575 0.959522
3600 0.960393
3625 0.960839
3650 0.961996
3675 0.962926
3700 0.963322
3725 0.963396
3750 0.964184
3775 0.965286
3800 0.965902
3825 0.965978
3850 0.966733
3875 0.96704
3900 0.967394
3925 0.967725
3950 0.967931
3975 0.967978
4000 0.968634
4025 0.968797
4050 0.969447
4075 0.969682
4100 0.970162
4125 0.970663
4150 0.970973
4175 0.97143
4200 0.971538
4225 0.971823
4250 0.972341
4275 0.972799
4300 0.972981
4325 0.973529
4350 0.973845
4375 0.974332
4400 0.974649
4425 0.974838
4450 0.975019
4475 0.975503
4500 0.975614
4525 0.975961
4550 0.976265
4575 0.976999
4600 0.977268
4625 0.977579
4650 0.978129
4675 0.978259
4700 0.978474
4725 0.978905
4750 0.979239
4775 0.9794
4800 0.979644
4825 0.97986
4850 0.980145
4875 0.980261
4900 0.980473
4925 0.9806
4950 0.980792
4975 0.98096
5000 0.980928
