0 8.83529e-09
128 0.00285558
256 0.0105429
384 0.0211424
512 0.0325129
640 0.0491849
768 0.0658432
896 0.0852849
1024 0.103217
1152 0.126833
1280 0.147218
1408 0.168891
1536 0.189472
1664 0.214607
1792 0.234051
1920 0.25739
2048 0.274271
2176 0.290801
2304 0.301959
2432 0.317138
2560 0.33685
2688 0.357534
2816 0.375471
2944 0.390124
3072 0.406988
3200 0.420799
3328 0.430663
3456 0.448511
3584 0.463474
3712 0.477062
3840 0.488336
3968 0.500736
4096 0.513666
4224 0.530792
4352 0.540351
4480 0.55441
4608 0.564871
4736 0.578023
4864 0.588823
4992 0.599652
5120 0.61161
5248 0.62286
5376 0.635167
5504 0.644659
5632 0.651979
5760 0.659251
5888 0.665164
6016 0.675796
6144 0.686893
6272 0.700881
6400 0.708879
6528 0.719617
6656 0.727936
6784 0.732275
6912 0.739909
7040 0.748352
7168 0.755552
7296 0.760232
7424 0.763831
7552 0.766795
7680 0.769574
7808 0.778951
7936 0.783274
8064 0.788917
8192 0.796628
8320 0.800318
8448 0.799403
8576 0.803843
8704 0.807154
8832 0.811683
8960 0.814599
9088 0.816749
9216 0.820558
9344 0.82686
9472 0.827896
9600 0.826449
9728 0.828115
9856 0.826111
9984 0.827857
10112 0.828529
10240 0.827943
10368 0.829569
10496 0.830953
10624 0.831898
10752 0.833271
10880 0.8334
11008 0.833926
11136 0.836002
11264 0.839148
11392 0.840098
11520 0.842822
11648 0.844985
11776 0.844971
11904 0.847102
12032 0.850149
12160 0.850567
12288 0.850657
12416 0.851771
12544 0.852222
12672 0.854576
12800 0.856411
