0 7.13948e-09
128 0.00308735
256 0.00988043
384 0.0196215
512 0.0311564
640 0.046398
768 0.0635874
896 0.0827426
1024 0.101285
1152 0.122752
1280 0.143746
1408 0.164681
1536 0.183974
1664 0.206848
1792 0.226069
1920 0.247568
2048 0.267744
2176 0.287762
2304 0.305734
2432 0.324157
2560 0.342961
2688 0.361268
2816 0.378618
2944 0.394482
3072 0.411687
3200 0.42728
3328 0.442886
3456 0.459115
3584 0.474368
3712 0.48869
3840 0.50144
3968 0.515661
4096 0.529843
4224 0.545979
4352 0.55962
4480 0.572996
4608 0.585347
4736 0.596848
4864 0.60831
4992 0.619092
5120 0.629204
5248 0.639748
5376 0.651115
5504 0.662057
5632 0.67102
5760 0.678737
5888 0.687226
6016 0.695498
6144 0.702496
6272 0.711136
6400 0.717588
6528 0.724502
6656 0.731083
6784 0.737852
6912 0.743835
7040 0.750299
7168 0.757425
7296 0.763455
7424 0.768541
7552 0.773911
7680 0.777877
7808 0.78282
7936 0.786416
8064 0.790786
8192 0.795713
8320 0.799788
8448 0.803724
8576 0.808037
8704 0.811114
8832 0.815073
8960 0.817512
9088 0.82006
9216 0.823706
9344 0.826556
9472 0.828001
9600 0.829797
9728 0.831844
9856 0.833247
9984 0.835659
10112 0.836293
10240 0.837691
10368 0.838815
10496 0.839133
10624 0.840042
10752 0.842446
10880 0.843252
11008 0.844134
11136 0.844925
11264 0.846508
11392 0.848301
11520 0.849644
11648 0.85089
11776 0.852936
11904 0.852813
12032 0.854163
12160 0.854264
12288 0.855673
12416 0.856798
12544 0.858329
12672 0.860017
12800 0.861621
