0 5.79708e-05
128 0.0413051
256 0.074011
384 0.105397
512 0.13454
640 0.166545
768 0.196572
896 0.225128
1024 0.249477
1152 0.275888
1280 0.300334
1408 0.324166
1536 0.345139
1664 0.367943
1792 0.387144
1920 0.408364
2048 0.429856
2176 0.449935
2304 0.468337
2432 0.48698
2560 0.502586
2688 0.518739
2816 0.534801
2944 0.549598
3072 0.5649
3200 0.578268
3328 0.593538
3456 0.606151
3584 0.619682
3712 0.632141
3840 0.641863
3968 0.655147
4096 0.667367
4224 0.681181
4352 0.692508
4480 0.702832
4608 0.713315
4736 0.721291
4864 0.730473
4992 0.739184
5120 0.746814
5248 0.755378
5376 0.763952
5504 0.772493
5632 0.779501
5760 0.785015
5888 0.792072
6016 0.796836
6144 0.80105
6272 0.80564
6400 0.810619
6528 0.814271
6656 0.81916
6784 0.82511
6912 0.828694
7040 0.83261
7168 0.837603
7296 0.841294
7424 0.844846
7552 0.848677
7680 0.851569
7808 0.854835
7936 0.857623
8064 0.860137
8192 0.86366
8320 0.867413
8448 0.870865
8576 0.873579
8704 0.876173
8832 0.879405
8960 0.881782
9088 0.883183
9216 0.885969
9344 0.887257
9472 0.888633
9600 0.890346
9728 0.891805
9856 0.893197
9984 0.895353
10112 0.895735
10240 0.897377
10368 0.898444
10496 0.898579
10624 0.899984
10752 0.90164
10880 0.902597
11008 0.903824
11136 0.904749
11264 0.905193
11392 0.906776
11520 0.908153
11648 0.908889
11776 0.910899
11904 0.91093
12032 0.911597
12160 0.912099
12288 0.913467
12416 0.914421
12544 0.91586
12672 0.917091
12800 0.918413
