0 5.93781e-05
64 0.0238599
128 0.0429071
192 0.0599158
256 0.0754591
320 0.0904038
384 0.105986
448 0.121587
512 0.134959
576 0.150421
640 0.166845
704 0.18315
768 0.197911
832 0.213556
896 0.227639
960 0.238823
1024 0.251945
1088 0.266946
1152 0.280281
1216 0.292868
1280 0.305156
1344 0.316905
1408 0.329083
1472 0.339169
1536 0.350179
1600 0.361833
1664 0.373254
1728 0.382802
1792 0.392761
1856 0.403107
1920 0.414261
1984 0.42502
2048 0.436803
2112 0.446146
2176 0.455767
2240 0.465227
2304 0.47471
2368 0.484583
2432 0.49315
2496 0.499928
2560 0.508938
2624 0.516754
2688 0.525422
2752 0.531613
2816 0.540053
2880 0.546769
2944 0.553984
3008 0.561295
3072 0.568646
3136 0.574254
3200 0.581226
3264 0.588973
3328 0.595896
3392 0.603108
3456 0.607525
3520 0.614935
3584 0.621032
3648 0.628258
3712 0.634205
3776 0.639289
3840 0.64292
3904 0.64906
3968 0.655588
4032 0.662541
4096 0.667288
4160 0.674243
4224 0.680238
4288 0.685048
4352 0.691284
4416 0.695722
4480 0.70095
4544 0.705994
4608 0.711429
4672 0.714909
4736 0.720074
4800 0.723385
4864 0.72892
4928 0.73289
4992 0.737263
5056 0.741677
5120 0.745057
5184 0.749059
5248 0.754393
5312 0.759077
5376 0.763782
5440 0.768061
5504 0.771711
5568 0.775772
5632 0.779376
5696 0.78313
5760 0.784323
5824 0.787661
5888 0.791047
5952 0.79347
6016 0.795751
6080 0.797777
6144 0.799758
6208 0.801639
6272 0.804731
6336 0.808041
6400 0.809578
6464 0.811326
6528 0.812823
6592 0.81469
6656 0.817396
6720 0.82069
6784 0.823469
6848 0.824875
6912 0.826368
6976 0.827105
7040 0.82998
7104 0.832366
7168 0.834668
7232 0.836257
7296 0.838135
7360 0.838943
7424 0.841421
7488 0.843256
7552 0.845949
7616 0.847612
7680 0.849565
7744 0.851227
7808 0.853283
7872 0.855553
7936 0.856377
8000 0.85808
8064 0.859712
8128 0.861663
8192 0.863337
8256 0.864725
8320 0.866705
8384 0.868563
8448 0.870858
8512 0.872825
8576 0.873986
8640 0.875109
8704 0.876618
8768 0.878029
8832 0.880094
8896 0.881471
8960 0.882424
9024 0.883465
9088 0.884316
9152 0.886252
9216 0.88733
9280 0.887661
9344 0.888159
9408 0.888804
9472 0.889792
9536 0.890386
9600 0.891001
9664 0.89147
9728 0.892365
9792 0.892799
9856 0.893551
9920 0.894243
9984 0.895422
10048 0.895956
10112 0.896141
10176 0.896832
10240 0.897603
10304 0.897336
10368 0.898412
10432 0.899199
10496 0.898657
10560 0.899393
10624 0.900065
10688 0.901147
10752 0.901852
10816 0.902526
10880 0.902597
10944 0.902958
11008 0.903587
11072 0.904102
11136 0.90432
11200 0.904125
11264 0.904765
11328 0.905327
11392 0.906125
11456 0.907162
11520 0.90756
11584 0.90864
11648 0.908576
11712 0.91003
11776 0.910608
11840 0.91154
11904 0.910924
11968 0.91108
12032 0.91116
12096 0.911208
12160 0.911378
12224 0.912348
12288 0.913225
12352 0.91377
12416 0.913861
12480 0.915142
12544 0.915709
12608 0.915401
12672 0.917313
12736 0.918268
12800 0.918513
