0 6.62913e-09
64 0.00102273
128 0.00347803
192 0.0066345
256 0.0101298
320 0.01438
384 0.0196797
448 0.0260448
512 0.0315593
576 0.038752
640 0.0469848
704 0.0562655
768 0.0653454
832 0.0758025
896 0.0857652
960 0.0942114
1024 0.103946
1088 0.115809
1152 0.12656
1216 0.137453
1280 0.147629
1344 0.157742
1408 0.168786
1472 0.178244
1536 0.188061
1600 0.199308
1664 0.210967
1728 0.220547
1792 0.231018
1856 0.241981
1920 0.25358
1984 0.265333
2048 0.277675
2112 0.287794
2176 0.298304
2240 0.308725
2304 0.320043
2368 0.330244
2432 0.340016
2496 0.347699
2560 0.35818
2624 0.366292
2688 0.375294
2752 0.382535
2816 0.391928
2880 0.40004
2944 0.407996
3008 0.416916
3072 0.425631
3136 0.432826
3200 0.441089
3264 0.449412
3328 0.457071
3392 0.465232
3456 0.471313
3520 0.47888
3584 0.485967
3648 0.494201
3712 0.501152
3776 0.507013
3840 0.511546
3904 0.518461
3968 0.525806
4032 0.534317
4096 0.539727
4160 0.54809
4224 0.555645
4288 0.562045
4352 0.570563
4416 0.576614
4480 0.583938
4544 0.589912
4608 0.596912
4672 0.601911
4736 0.608552
4800 0.61222
4864 0.619689
4928 0.624309
4992 0.629384
5056 0.635218
5120 0.639109
5184 0.644536
5248 0.651182
5312 0.657743
5376 0.663862
5440 0.669989
5504 0.674546
5568 0.679322
5632 0.684663
5696 0.689876
5760 0.690943
5824 0.695575
5888 0.700034
5952 0.703563
6016 0.706517
6080 0.709006
6144 0.711402
6208 0.713966
6272 0.717888
6336 0.721792
6400 0.723754
6464 0.726173
6528 0.728379
6592 0.730877
6656 0.734441
6720 0.738767
6784 0.742227
6848 0.7441
6912 0.746143
6976 0.746931
7040 0.750808
7104 0.753768
7168 0.756417
7232 0.758514
7296 0.760512
7360 0.76174
7424 0.764808
7488 0.767601
7552 0.771442
7616 0.773169
7680 0.775759
7744 0.777927
7808 0.780738
7872 0.783396
7936 0.78459
8000 0.787124
8064 0.789578
8128 0.791926
8192 0.794241
8256 0.795413
8320 0.797984
8384 0.800459
8448 0.804165
8512 0.806925
8576 0.808254
8640 0.809811
8704 0.812219
8768 0.813804
8832 0.816751
8896 0.818186
8960 0.819548
9024 0.821117
9088 0.821802
9152 0.824397
9216 0.825747
9280 0.825844
9344 0.826902
9408 0.827754
9472 0.829028
9536 0.829967
9600 0.830752
9664 0.831556
9728 0.833083
9792 0.833438
9856 0.834359
9920 0.834926
9984 0.836827
10048 0.837638
10112 0.837751
10176 0.838483
10240 0.840061
10304 0.839441
10368 0.840461
10432 0.84158
10496 0.840406
10560 0.841529
10624 0.841717
10688 0.843456
10752 0.844724
10816 0.845247
10880 0.845373
10944 0.846124
11008 0.846834
11072 0.846904
11136 0.846798
11200 0.84631
11264 0.847654
11328 0.848425
11392 0.849121
11456 0.850616
11520 0.8509
11584 0.852684
11648 0.852043
11712 0.854378
11776 0.854771
11840 0.855772
11904 0.854251
11968 0.854511
12032 0.854603
12096 0.854326
12160 0.854077
12224 0.855257
12288 0.856524
12352 0.857289
12416 0.856978
12480 0.858926
12544 0.859729
12608 0.858997
12672 0.862104
12736 0.863484
12800 0.863689
