0 7.84447e-09
64 0.00102598
128 0.00350876
192 0.0066395
256 0.0102337
320 0.0146943
384 0.0202558
448 0.0265267
512 0.0318325
576 0.0391533
640 0.0481741
704 0.0586848
768 0.0687093
832 0.0803029
896 0.0908913
960 0.100553
1024 0.111624
1088 0.124917
1152 0.137697
1216 0.14906
1280 0.160298
1344 0.171638
1408 0.182366
1472 0.19234
1536 0.202959
1600 0.214959
1664 0.226907
1728 0.236615
1792 0.247781
1856 0.258649
1920 0.27014
1984 0.281878
2048 0.294795
2112 0.306531
2176 0.317389
2240 0.329487
2304 0.340609
2368 0.35192
2432 0.361361
2496 0.370169
2560 0.380465
2624 0.388072
2688 0.396869
2752 0.40636
2816 0.416642
2880 0.425354
2944 0.434177
3008 0.443395
3072 0.452935
3136 0.460184
3200 0.4673
3264 0.474691
3328 0.484009
3392 0.492713
3456 0.50002
3520 0.506825
3584 0.514996
3648 0.522966
3712 0.530565
3776 0.536316
3840 0.539471
3904 0.545814
3968 0.553521
4032 0.560788
4096 0.565516
4160 0.572169
4224 0.578117
4288 0.584448
4352 0.591442
4416 0.596901
4480 0.604058
4544 0.60884
4608 0.614823
4672 0.61851
4736 0.62512
4800 0.626239
4864 0.629419
4928 0.632981
4992 0.638502
5056 0.644595
5120 0.647737
5184 0.652324
5248 0.656896
5312 0.662031
5376 0.667035
5440 0.674038
5504 0.677079
5568 0.680846
5632 0.686229
5696 0.691584
5760 0.692171
5824 0.695168
5888 0.700788
5952 0.702665
6016 0.705173
6080 0.706494
6144 0.708879
6208 0.710915
6272 0.714353
6336 0.718612
6400 0.71888
6464 0.72152
6528 0.722878
6592 0.724925
6656 0.727927
6720 0.732506
6784 0.734953
6848 0.737926
6912 0.739944
6976 0.741123
7040 0.744525
7104 0.746817
7168 0.7498
7232 0.751211
7296 0.752923
7360 0.755167
7424 0.757754
7488 0.760903
7552 0.765022
7616 0.767847
7680 0.768798
7744 0.771845
7808 0.774502
7872 0.776752
7936 0.778936
8000 0.780734
8064 0.783114
8128 0.786403
8192 0.788147
8256 0.789355
8320 0.791633
8384 0.792832
8448 0.796811
8512 0.798576
8576 0.798735
8640 0.800763
8704 0.803055
8768 0.803884
8832 0.806385
8896 0.807634
8960 0.808451
9024 0.80946
9088 0.81039
9152 0.81255
9216 0.812211
9280 0.812307
9344 0.812488
9408 0.814678
9472 0.815368
9536 0.817296
9600 0.817196
9664 0.819285
9728 0.820176
9792 0.819958
9856 0.820776
9920 0.822323
9984 0.821966
10048 0.82289
10112 0.822792
10176 0.822376
10240 0.823967
10304 0.822905
10368 0.824221
10432 0.824771
10496 0.82312
10560 0.824564
10624 0.824952
10688 0.826221
10752 0.827481
10816 0.828137
10880 0.828395
10944 0.829359
11008 0.830833
11072 0.830218
11136 0.830295
11200 0.829576
11264 0.831326
11328 0.832133
11392 0.832617
11456 0.834852
11520 0.835253
11584 0.8371
11648 0.836445
11712 0.839362
11776 0.839383
11840 0.840322
11904 0.839152
11968 0.839812
12032 0.840571
12096 0.8398
12160 0.839666
12224 0.841014
12288 0.842983
12352 0.842592
12416 0.842962
12480 0.844525
12544 0.845432
12608 0.844606
12672 0.848263
12736 0.849922
12800 0.850197
