0 6.59307e-05
128 0.0381205
256 0.0744361
384 0.104162
512 0.132706
640 0.16474
768 0.191498
896 0.218261
1024 0.242013
1152 0.268705
1280 0.291542
1408 0.317695
1536 0.339812
1664 0.364187
1792 0.384382
1920 0.409064
2048 0.424839
2176 0.440308
2304 0.451368
2432 0.467605
2560 0.485471
2688 0.502295
2816 0.518198
2944 0.532794
3072 0.546206
3200 0.557388
3328 0.567938
3456 0.584605
3584 0.596518
3712 0.608536
3840 0.618709
3968 0.630008
4096 0.641429
4224 0.656463
4352 0.66493
4480 0.677534
4608 0.686874
4736 0.697479
4864 0.70628
4992 0.715136
5120 0.724744
5248 0.734488
5376 0.744074
5504 0.750459
5632 0.75582
5760 0.762396
5888 0.768062
6016 0.776419
6144 0.784291
6272 0.794391
6400 0.799585
6528 0.80748
6656 0.81289
6784 0.815875
6912 0.821637
7040 0.827352
7168 0.832793
7296 0.83644
7424 0.839185
7552 0.841243
7680 0.843765
7808 0.849455
7936 0.852817
8064 0.856762
8192 0.862699
8320 0.864652
8448 0.864467
8576 0.867587
8704 0.870717
8832 0.873656
8960 0.876489
9088 0.878752
9216 0.880787
9344 0.884914
9472 0.885459
9600 0.885304
9728 0.886862
9856 0.886374
9984 0.887661
10112 0.888454
10240 0.888784
10368 0.889635
10496 0.89114
10624 0.891943
10752 0.893503
10880 0.894015
11008 0.89512
11136 0.896947
11264 0.899232
11392 0.899708
11520 0.901947
11648 0.903489
11776 0.903843
11904 0.9053
12032 0.907536
12160 0.907961
12288 0.908387
12416 0.908975
12544 0.909378
12672 0.911061
12800 0.912088
