0 6.07455e-05
128 0.0409006
256 0.0744491
384 0.104667
512 0.132977
640 0.163825
768 0.192196
896 0.220003
1024 0.244407
1152 0.271176
1280 0.295548
1408 0.319516
1536 0.340865
1664 0.364342
1792 0.383902
1920 0.405402
2048 0.424829
2176 0.443841
2304 0.460614
2432 0.478264
2560 0.494731
2688 0.511955
2816 0.52765
2944 0.541975
3072 0.5567
3200 0.570231
3328 0.584661
3456 0.598624
3584 0.612033
3712 0.624242
3840 0.634911
3968 0.647384
4096 0.659208
4224 0.672354
4352 0.682899
4480 0.693223
4608 0.703488
4736 0.712382
4864 0.721686
4992 0.730531
5120 0.7385
5248 0.747105
5376 0.756049
5504 0.764457
5632 0.771132
5760 0.777393
5888 0.784017
6016 0.790017
6144 0.795521
6272 0.80174
6400 0.806791
6528 0.812071
6656 0.816675
6784 0.821874
6912 0.826347
7040 0.830872
7168 0.836279
7296 0.840661
7424 0.844254
7552 0.848054
7680 0.85116
7808 0.854683
7936 0.857427
8064 0.860504
8192 0.864437
8320 0.867552
8448 0.870332
8576 0.873481
8704 0.875937
8832 0.8789
8960 0.880977
9088 0.88282
9216 0.885417
9344 0.887407
9472 0.888424
9600 0.889883
9728 0.891377
9856 0.892622
9984 0.894418
10112 0.894902
10240 0.895924
10368 0.89678
10496 0.897341
10624 0.898345
10752 0.899905
10880 0.900726
11008 0.901466
11136 0.902656
11264 0.903738
11392 0.905173
11520 0.90645
11648 0.907473
11776 0.90911
11904 0.909591
12032 0.910445
12160 0.910788
12288 0.911933
12416 0.912863
12544 0.914022
12672 0.915242
12800 0.916475
