0 6.73248e-09
128 0.00314298
256 0.00972144
384 0.0192565
512 0.0308309
640 0.0457291
768 0.063046
896 0.0821325
1024 0.100821
1152 0.121772
1280 0.142913
1408 0.16367
1536 0.182655
1664 0.204986
1792 0.224153
1920 0.245211
2048 0.266177
2176 0.287033
2304 0.30664
2432 0.325841
2560 0.344428
2688 0.362164
2816 0.379373
2944 0.395528
3072 0.412815
3200 0.428836
3328 0.44582
3456 0.46166
3584 0.476982
3712 0.491481
3840 0.504585
3968 0.519243
4096 0.533726
4224 0.549624
4352 0.564245
4480 0.577457
4608 0.590261
4736 0.601366
4864 0.612987
4992 0.623757
5120 0.633426
5248 0.643801
5376 0.654942
5504 0.666232
5632 0.67559
5760 0.683414
5888 0.692521
6016 0.700226
6144 0.706241
6272 0.713597
6400 0.719678
6528 0.725675
6656 0.731838
6784 0.73919
6912 0.744777
7040 0.750766
7168 0.757874
7296 0.764229
7424 0.769671
7552 0.775619
7680 0.77987
7808 0.783749
7936 0.78717
8064 0.791234
8192 0.795493
8320 0.799661
8448 0.804761
8576 0.809044
8704 0.812065
8832 0.815887
8960 0.818211
9088 0.820855
9216 0.824461
9344 0.826483
9472 0.828026
9600 0.8306
9728 0.832739
9856 0.83496
9984 0.837531
10112 0.838156
10240 0.84003
10368 0.841034
10496 0.841096
10624 0.841997
10752 0.844648
10880 0.845617
11008 0.846584
11136 0.847066
11264 0.848275
11392 0.85027
11520 0.851281
11648 0.852307
11776 0.854848
11904 0.854184
12032 0.855126
12160 0.855151
12288 0.856877
12416 0.858005
12544 0.859795
12672 0.861323
12800 0.862871
