0 8.0262e-09
128 0.00285402
256 0.0092201
384 0.0176029
512 0.0270504
640 0.0393857
768 0.0548573
896 0.0721545
1024 0.0925107
1152 0.115614
1280 0.139564
1408 0.160014
1536 0.180339
1664 0.204202
1792 0.222874
1920 0.240429
2048 0.254955
2176 0.274795
2304 0.289678
2432 0.305772
2560 0.327227
2688 0.347627
2816 0.362912
2944 0.376611
3072 0.391493
3200 0.408205
3328 0.424874
3456 0.443573
3584 0.4608
3712 0.474987
3840 0.492353
3968 0.504286
4096 0.515904
4224 0.52689
4352 0.537169
4480 0.546412
4608 0.558398
4736 0.569452
4864 0.581172
4992 0.591745
5120 0.600552
5248 0.609084
5376 0.619224
5504 0.632114
5632 0.642231
5760 0.653628
5888 0.660923
6016 0.672917
6144 0.682245
6272 0.694627
6400 0.700829
6528 0.710885
6656 0.715389
6784 0.722236
6912 0.730977
7040 0.740101
7168 0.751006
7296 0.763351
7424 0.770936
7552 0.778665
7680 0.785656
7808 0.788147
7936 0.79124
8064 0.796927
8192 0.800422
8320 0.803124
8448 0.808746
8576 0.816327
8704 0.817274
8832 0.818801
8960 0.819346
9088 0.825174
9216 0.829147
9344 0.83264
9472 0.832767
9600 0.836121
9728 0.837719
9856 0.8422
9984 0.843162
10112 0.844514
10240 0.843412
10368 0.844032
10496 0.84527
10624 0.843998
10752 0.846596
10880 0.846716
11008 0.844028
11136 0.845115
11264 0.847393
11392 0.850129
11520 0.848731
11648 0.850445
11776 0.852522
11904 0.853702
12032 0.854334
12160 0.853501
12288 0.854699
12416 0.856961
12544 0.858649
12672 0.858828
12800 0.859223
