0 0.092895
128 0.115466
256 0.202365
384 0.229299
512 0.24452
640 0.294183
768 0.315411
896 0.330258
1024 0.346725
1152 0.379912
1280 0.40633
1408 0.433773
1536 0.461786
1664 0.484422
1792 0.502326
1920 0.522402
2048 0.544281
2176 0.567033
2304 0.58265
2432 0.604856
2560 0.619407
2688 0.640611
2816 0.659192
2944 0.674899
3072 0.689659
3200 0.702146
3328 0.719637
3456 0.731196
3584 0.747344
3712 0.759754
3840 0.767821
3968 0.781547
4096 0.79163
4224 0.803235
4352 0.809315
4480 0.815282
4608 0.824283
4736 0.82877
4864 0.836299
4992 0.843764
5120 0.849545
5248 0.856494
5376 0.862496
5504 0.869264
5632 0.874416
5760 0.878925
5888 0.883575
6016 0.886439
6144 0.890042
6272 0.893254
6400 0.897601
6528 0.899951
6656 0.903241
6784 0.908018
6912 0.910455
7040 0.913171
7168 0.917313
7296 0.91993
7424 0.922117
7552 0.924186
7680 0.926565
7808 0.928969
7936 0.931156
8064 0.932451
8192 0.935176
8320 0.938344
8448 0.940191
8576 0.942235
8704 0.943877
8832 0.945943
8960 0.948056
9088 0.949025
9216 0.951145
9344 0.952085
9472 0.952926
9600 0.95395
9728 0.954512
9856 0.955692
9984 0.957007
10112 0.957344
10240 0.957904
10368 0.959014
10496 0.959616
10624 0.961077
10752 0.961615
10880 0.962365
11008 0.962877
11136 0.964593
11264 0.964461
11392 0.965872
11520 0.967047
11648 0.967687
11776 0.969035
11904 0.970461
12032 0.970741
12160 0.971586
12288 0.972436
12416 0.97357
12544 0.974629
12672 0.975161
12800 0.975933
