0 0.0651935
128 0.154443
256 0.217386
384 0.208923
512 0.238044
640 0.271235
768 0.278605
896 0.290487
1024 0.304431
1152 0.330738
1280 0.354344
1408 0.386916
1536 0.416595
1664 0.441763
1792 0.466092
1920 0.493659
2048 0.516491
2176 0.53924
2304 0.558982
2432 0.582838
2560 0.598776
2688 0.621633
2816 0.640095
2944 0.657021
3072 0.67161
3200 0.68595
3328 0.704363
3456 0.718812
3584 0.733614
3712 0.745912
3840 0.756076
3968 0.769616
4096 0.780722
4224 0.792242
4352 0.800003
4480 0.807643
4608 0.81723
4736 0.823918
4864 0.832038
4992 0.839948
5120 0.846309
5248 0.853839
5376 0.860911
5504 0.867108
5632 0.871561
5760 0.876894
5888 0.881982
6016 0.885648
6144 0.889954
6272 0.893669
6400 0.897566
6528 0.901369
6656 0.903856
6784 0.907659
6912 0.910691
7040 0.913159
7168 0.916979
7296 0.919706
7424 0.921746
7552 0.923922
7680 0.926286
7808 0.928353
7936 0.930309
8064 0.932045
8192 0.935147
8320 0.937365
8448 0.938948
8576 0.940931
8704 0.942851
8832 0.944842
8960 0.946669
9088 0.947792
9216 0.949306
9344 0.950393
9472 0.950963
9600 0.952134
9728 0.953065
9856 0.954225
9984 0.955406
10112 0.955744
10240 0.956382
10368 0.956976
10496 0.957884
10624 0.959085
10752 0.959723
10880 0.960626
11008 0.961246
11136 0.963012
11264 0.963556
11392 0.964651
11520 0.965932
11648 0.966749
11776 0.96799
11904 0.969231
12032 0.969535
12160 0.970188
12288 0.971079
12416 0.971824
12544 0.972598
12672 0.973319
12800 0.974171
