0 -0.0325685
128 0.0349292
256 0.097203
384 0.0513296
512 0.153817
640 0.187689
768 0.204506
896 0.209718
1024 0.237713
1152 0.243364
1280 0.267953
1408 0.326655
1536 0.35915
1664 0.381941
1792 0.415893
1920 0.461808
2048 0.480391
2176 0.50003
2304 0.517867
2432 0.549591
2560 0.570747
2688 0.582901
2816 0.601748
2944 0.625695
3072 0.635831
3200 0.645559
3328 0.664832
3456 0.687655
3584 0.697498
3712 0.711744
3840 0.724308
3968 0.738414
4096 0.751517
4224 0.768302
4352 0.777851
4480 0.792273
4608 0.802722
4736 0.811817
4864 0.819596
4992 0.827474
5120 0.835589
5248 0.84543
5376 0.852758
5504 0.855341
5632 0.858706
5760 0.8658
5888 0.872451
6016 0.878954
6144 0.883303
6272 0.889355
6400 0.891227
6528 0.896333
6656 0.898385
6784 0.899913
6912 0.903979
7040 0.906735
7168 0.910593
7296 0.913384
7424 0.915368
7552 0.916482
7680 0.919045
7808 0.920484
7936 0.923035
8064 0.925242
8192 0.929622
8320 0.929516
8448 0.930282
8576 0.932064
8704 0.935362
8832 0.936579
8960 0.939646
9088 0.942317
9216 0.942287
9344 0.944082
9472 0.94406
9600 0.945537
9728 0.947122
9856 0.948513
9984 0.949343
10112 0.950366
10240 0.951888
10368 0.951838
10496 0.953632
10624 0.954326
10752 0.956255
10880 0.957289
11008 0.959206
11136 0.960861
11264 0.962245
11392 0.962168
11520 0.963968
11648 0.96485
11776 0.965677
11904 0.966404
12032 0.967791
12160 0.96825
12288 0.969109
12416 0.969094
12544 0.969463
12672 0.97043
12800 0.970541
