0 0.0982764
64 0.203364
128 0.106743
192 0.183138
256 0.241635
320 0.25257
384 0.260688
448 0.272446
512 0.29499
576 0.306971
640 0.331364
704 0.339628
768 0.347403
832 0.340919
896 0.343335
960 0.358276
1024 0.381525
1088 0.394463
1152 0.400036
1216 0.410117
1280 0.436968
1344 0.453484
1408 0.471139
1472 0.485934
1536 0.502211
1600 0.51078
1664 0.516964
1728 0.521419
1792 0.527712
1856 0.535936
1920 0.550042
1984 0.559465
2048 0.572249
2112 0.57985
2176 0.587492
2240 0.599802
2304 0.601478
2368 0.610486
2432 0.616184
2496 0.62145
2560 0.626397
2624 0.633165
2688 0.641287
2752 0.646989
2816 0.654058
2880 0.656987
2944 0.663563
3008 0.670001
3072 0.678538
3136 0.681795
3200 0.687762
3264 0.696455
3328 0.704165
3392 0.715469
3456 0.716812
3520 0.72523
3584 0.732233
3648 0.740168
3712 0.746318
3776 0.752213
3840 0.756415
3904 0.76314
3968 0.7699
4032 0.776074
4096 0.781923
4160 0.788099
4224 0.792301
4288 0.795982
4352 0.799913
4416 0.803707
4480 0.807582
4544 0.812578
4608 0.815837
4672 0.817493
4736 0.822146
4800 0.823941
4864 0.825763
4928 0.829204
4992 0.833733
5056 0.836424
5120 0.838797
5184 0.841844
5248 0.845297
5312 0.847319
5376 0.850571
5440 0.854207
5504 0.856935
5568 0.86016
5632 0.861667
5696 0.863412
5760 0.865268
5824 0.867595
5888 0.870382
5952 0.87145
6016 0.871795
6080 0.873387
6144 0.875709
6208 0.876419
6272 0.878836
6336 0.88204
6400 0.882422
6464 0.883841
6528 0.884209
6592 0.885256
6656 0.887107
6720 0.889802
6784 0.892064
6848 0.893554
6912 0.894248
6976 0.894815
7040 0.89565
7104 0.896881
7168 0.898659
7232 0.899268
7296 0.901935
7360 0.902405
7424 0.904183
7488 0.904277
7552 0.905354
7616 0.907938
7680 0.908645
7744 0.909474
7808 0.910693
7872 0.912589
7936 0.912951
8000 0.913232
8064 0.913776
8128 0.916166
8192 0.917088
8256 0.919096
8320 0.920345
8384 0.921562
8448 0.921841
8512 0.923026
8576 0.923978
8640 0.924969
8704 0.925595
8768 0.926882
8832 0.928144
8896 0.929638
8960 0.930147
9024 0.930803
9088 0.932073
9152 0.933473
9216 0.933964
9280 0.934972
9344 0.934568
9408 0.934843
9472 0.935621
9536 0.936226
9600 0.936897
9664 0.937011
9728 0.937063
9792 0.937815
9856 0.938444
9920 0.939804
9984 0.940078
10048 0.940418
10112 0.94026
10176 0.940794
10240 0.940351
10304 0.940372
10368 0.941621
10432 0.942413
10496 0.942772
10560 0.943442
10624 0.944988
10688 0.945467
10752 0.945544
10816 0.946579
10880 0.946529
10944 0.946301
11008 0.946907
11072 0.948192
11136 0.949426
11200 0.949349
11264 0.948972
11328 0.94946
11392 0.950898
11456 0.951727
11520 0.952721
11584 0.952674
11648 0.953438
11712 0.954266
11776 0.955306
11840 0.956392
11904 0.956776
11968 0.956917
12032 0.956863
12096 0.957396
12160 0.958446
12224 0.959565
12288 0.960175
12352 0.960489
12416 0.96149
12480 0.962089
12544 0.962499
12608 0.962646
12672 0.963467
12736 0.964059
12800 0.9645
