0 0.119802
64 0.203521
128 0.11082
192 0.1519
256 0.220987
320 0.240518
384 0.248048
448 0.238229
512 0.267305
576 0.287316
640 0.312153
704 0.322635
768 0.331698
832 0.337897
896 0.344923
960 0.348223
1024 0.362435
1088 0.374834
1152 0.388949
1216 0.397451
1280 0.414634
1344 0.429319
1408 0.441434
1472 0.450534
1536 0.46638
1600 0.477668
1664 0.485729
1728 0.494944
1792 0.502424
1856 0.510844
1920 0.522371
1984 0.531164
2048 0.544657
2112 0.554137
2176 0.563937
2240 0.573599
2304 0.579792
2368 0.593629
2432 0.601894
2496 0.608803
2560 0.617161
2624 0.628296
2688 0.640575
2752 0.646435
2816 0.656202
2880 0.661877
2944 0.670582
3008 0.676676
3072 0.683719
3136 0.687483
3200 0.694321
3264 0.704453
3328 0.712808
3392 0.720972
3456 0.723028
3520 0.733606
3584 0.739978
3648 0.747933
3712 0.754023
3776 0.75942
3840 0.762425
3904 0.769316
3968 0.776617
4032 0.782768
4096 0.787877
4160 0.794356
4224 0.799185
4288 0.80235
4352 0.806038
4416 0.808721
4480 0.81152
4544 0.816455
4608 0.820639
4672 0.822311
4736 0.826337
4800 0.830046
4864 0.833689
4928 0.83769
4992 0.842099
5056 0.845235
5120 0.848679
5184 0.851278
5248 0.855787
5312 0.858477
5376 0.862009
5440 0.864267
5504 0.867334
5568 0.871226
5632 0.872847
5696 0.875127
5760 0.876813
5824 0.878845
5888 0.881297
5952 0.882514
6016 0.884246
6080 0.885996
6144 0.887763
6208 0.888984
6272 0.89145
6336 0.894535
6400 0.895735
6464 0.896814
6528 0.897533
6592 0.898819
6656 0.900761
6720 0.903143
6784 0.905433
6848 0.90641
6912 0.907365
6976 0.90816
7040 0.910083
7104 0.91205
7168 0.91424
7232 0.915365
7296 0.917376
7360 0.917713
7424 0.919745
7488 0.920516
7552 0.922011
7616 0.923832
7680 0.925186
7744 0.926385
7808 0.927693
7872 0.929744
7936 0.930174
8000 0.930976
8064 0.93171
8128 0.93338
8192 0.934406
8256 0.936258
8320 0.93769
8384 0.938948
8448 0.939646
8512 0.940797
8576 0.94187
8640 0.942552
8704 0.943054
8768 0.944393
8832 0.945536
8896 0.946983
8960 0.947506
9024 0.947975
9088 0.949122
9152 0.950405
9216 0.951238
9280 0.951897
9344 0.951732
9408 0.952175
9472 0.952891
9536 0.953103
9600 0.95356
9664 0.953647
9728 0.953828
9792 0.954399
9856 0.955005
9920 0.955914
9984 0.95629
10048 0.956524
10112 0.956812
10176 0.957509
10240 0.957342
10304 0.957491
10368 0.958723
10432 0.959159
10496 0.959357
10560 0.959674
10624 0.960993
10688 0.961344
10752 0.96141
10816 0.962319
10880 0.962327
10944 0.962234
11008 0.96281
11072 0.963906
11136 0.964536
11200 0.964684
11264 0.964506
11328 0.964852
11392 0.965827
11456 0.966372
11520 0.966934
11584 0.967227
11648 0.96786
11712 0.968334
11776 0.969169
11840 0.970071
11904 0.970511
11968 0.970552
12032 0.970622
12096 0.971064
12160 0.971747
12224 0.972515
12288 0.972968
12352 0.973277
12416 0.973854
12480 0.974398
12544 0.97471
12608 0.974895
12672 0.975471
12736 0.975964
12800 0.976266
