0 0.0983728
128 0.181025
256 0.246217
384 0.246298
512 0.258154
640 0.291575
768 0.296233
896 0.309527
1024 0.320113
1152 0.351272
1280 0.374477
1408 0.401187
1536 0.430281
1664 0.456109
1792 0.478173
1920 0.501514
2048 0.525152
2176 0.548493
2304 0.568537
2432 0.590591
2560 0.605344
2688 0.630645
2816 0.649023
2944 0.664345
3072 0.679944
3200 0.695308
3328 0.713504
3456 0.726072
3584 0.741986
3712 0.753842
3840 0.763467
3968 0.776878
4096 0.787533
4224 0.797857
4352 0.805226
4480 0.81131
4608 0.820707
4736 0.826826
4864 0.835025
4992 0.842939
5120 0.848883
5248 0.855872
5376 0.862876
5504 0.869918
5632 0.874628
5760 0.879556
5888 0.884293
6016 0.887284
6144 0.89156
6272 0.894709
6400 0.89908
6528 0.902571
6656 0.905162
6784 0.909503
6912 0.91229
7040 0.914691
7168 0.918501
7296 0.921214
7424 0.923266
7552 0.925692
7680 0.928012
7808 0.930227
7936 0.93204
8064 0.933665
8192 0.936468
8320 0.939238
8448 0.941006
8576 0.943039
8704 0.944632
8832 0.946809
8960 0.948342
9088 0.949099
9216 0.950976
9344 0.951899
9472 0.952609
9600 0.953704
9728 0.954483
9856 0.955587
9984 0.956851
10112 0.957029
10240 0.957459
10368 0.958206
10496 0.958902
10624 0.960222
10752 0.960556
10880 0.96143
11008 0.961741
11136 0.963532
11264 0.963875
11392 0.965251
11520 0.966406
11648 0.967205
11776 0.968547
11904 0.969908
12032 0.969953
12160 0.970652
12288 0.971552
12416 0.972478
12544 0.973349
12672 0.974011
12800 0.97504
