0 2599.39166667 2605.80833333
128.00000000 9.97500000 9.75833333
256.00000000 5.07500000 5.07500000
384.00000000 3.65000000 3.51666667
512.00000000 2.73333333 2.74166667
640.00000000 2.21666667 2.18333333
768.00000000 1.82500000 1.80833333
896.00000000 1.57500000 1.55833333
1024.00000000 1.34166667 1.36666667
1152.00000000 1.19166667 1.18333333
1280.00000000 1.07500000 1.05833333
1408.00000000 0.99166667 0.96666667
1536.00000000 0.81666667 0.80833333
1664.00000000 0.75833333 0.73333333
1792.00000000 0.65833333 0.66666667
1920.00000000 0.58333333 0.55833333
2048.00000000 0.48333333 0.42500000
2176.00000000 0.45000000 0.46666667
2304.00000000 0.35833333 0.35000000
2432.00000000 0.33333333 0.33333333
2560.00000000 0.29166667 0.29166667
2688.00000000 0.28333333 0.28333333
2816.00000000 0.22500000 0.25000000
2944.00000000 0.20833333 0.20000000
3072.00000000 0.15833333 0.20000000
3200.00000000 0.15833333 0.15000000
3328.00000000 0.12500000 0.11666667
3456.00000000 0.10000000 0.10000000
3584.00000000 0.09166667 0.10000000
3712.00000000 0.07500000 0.07500000
3840.00000000 0.03333333 0.03333333
3968.00000000 0.01666667 0.02500000
4096.00000000 0.01666667 0.01666667
4224.00000000 0.01666667 0.01666667
4352.00000000 0.01666667 0.01666667
4480.00000000 0.00833333 0.00833333
4608.00000000 0.00000000 0.00000000
4736.00000000 0.00000000 0.00000000
4864.00000000 0.00000000 0.00000000
4992.00000000 0.00000000 0.00000000
5120.00000000 0.00000000 0.00000000
5248.00000000 0.00000000 0.00000000
5376.00000000 0.00000000 0.00000000
5504.00000000 0.00000000 0.00000000
5632.00000000 0.00000000 0.00000000
5760.00000000 0.00000000 0.00000000
5888.00000000 0.00000000 0.00000000
6016.00000000 0.00000000 0.00000000
6144.00000000 0.00000000 0.00000000
6272.00000000 0.00000000 0.00000000
6400.00000000 0.00000000 0.00000000
6528.00000000 0.00000000 0.00000000
6656.00000000 0.00000000 0.00000000
6784.00000000 0.00000000 0.00000000
6912.00000000 0.00000000 0.00000000
7040.00000000 0.00000000 0.00000000
7168.00000000 0.00000000 0.00000000
7296.00000000 0.00000000 0.00000000
7424.00000000 0.00000000 0.00000000
7552.00000000 0.00000000 0.00000000
7680.00000000 0.00000000 0.00000000
7808.00000000 0.00000000 0.00000000
7936.00000000 0.00000000 0.00000000
8064.00000000 0.00000000 0.00000000
8192.00000000 0.00000000 0.00000000
8320.00000000 0.00000000 0.00000000
8448.00000000 0.00000000 0.00000000
8576.00000000 0.00000000 0.00000000
8704.00000000 0.00000000 0.00000000
8832.00000000 0.00000000 0.00000000
8960.00000000 0.00000000 0.00000000
9088.00000000 0.00000000 0.00000000
9216.00000000 0.00000000 0.00000000
9344.00000000 0.00000000 0.00000000
9472.00000000 0.00000000 0.00000000
9600.00000000 0.00000000 0.00000000
9728.00000000 0.00000000 0.00000000
9856.00000000 0.00000000 0.00000000
9984.00000000 0.00000000 0.00000000
10112.00000000 0.00000000 0.00000000
10240.00000000 0.00000000 0.00000000
10368.00000000 0.00000000 0.00000000
10496.00000000 0.00000000 0.00000000
10624.00000000 0.00000000 0.00000000
10752.00000000 0.00000000 0.00000000
10880.00000000 0.00000000 0.00000000
11008.00000000 0.00000000 0.00000000
11136.00000000 0.00000000 0.00000000
11264.00000000 0.00000000 0.00000000
11392.00000000 0.00000000 0.00000000
11520.00000000 0.00000000 0.00000000
11648.00000000 0.00000000 0.00000000
11776.00000000 0.00000000 0.00000000
11904.00000000 0.00000000 0.00000000
12032.00000000 0.00000000 0.00000000
12160.00000000 0.00000000 0.00000000
12288.00000000 0.00000000 0.00000000
12416.00000000 0.00000000 0.00000000
12544.00000000 0.00000000 0.00000000
12672.00000000 0.00000000 0.00000000
12800.00000000 0.00000000 0.00000000
