0 364.08400000 364.62000000
9.00000000 15.74200000 15.67600000
18.00000000 8.65800000 8.58400000
27.00000000 5.95400000 5.94400000
36.00000000 4.66200000 4.62200000
45.00000000 3.73600000 3.79200000
54.00000000 3.13800000 3.14400000
63.00000000 2.74400000 2.74000000
72.00000000 2.44200000 2.44600000
81.00000000 2.19000000 2.18800000
90.00000000 1.95200000 1.96000000
99.00000000 1.76600000 1.76400000
108.00000000 1.61200000 1.62400000
117.00000000 1.47400000 1.47200000
126.00000000 1.39000000 1.39800000
135.00000000 1.27800000 1.28600000
144.00000000 1.17400000 1.17000000
153.00000000 1.06800000 1.05400000
162.00000000 0.99800000 0.98400000
171.00000000 0.91400000 0.88200000
180.00000000 0.82800000 0.85600000
189.00000000 0.80600000 0.78200000
198.00000000 0.73000000 0.73400000
207.00000000 0.69600000 0.69600000
216.00000000 0.65800000 0.65000000
225.00000000 0.59200000 0.60600000
234.00000000 0.57000000 0.55600000
243.00000000 0.52800000 0.52400000
252.00000000 0.49600000 0.49200000
261.00000000 0.47600000 0.45400000
270.00000000 0.43800000 0.42600000
279.00000000 0.38600000 0.37800000
288.00000000 0.38000000 0.36800000
297.00000000 0.34400000 0.34800000
306.00000000 0.31400000 0.31600000
315.00000000 0.30000000 0.30600000
324.00000000 0.28400000 0.28000000
333.00000000 0.25800000 0.24800000
342.00000000 0.22400000 0.22600000
351.00000000 0.21000000 0.20200000
360.00000000 0.20600000 0.21600000
369.00000000 0.18400000 0.19200000
378.00000000 0.17200000 0.16400000
387.00000000 0.16800000 0.16000000
396.00000000 0.14800000 0.15400000
405.00000000 0.13600000 0.14200000
414.00000000 0.13400000 0.13200000
423.00000000 0.13400000 0.13200000
432.00000000 0.12600000 0.12200000
441.00000000 0.11800000 0.12000000
450.00000000 0.10600000 0.11400000
459.00000000 0.11000000 0.10600000
468.00000000 0.09800000 0.09600000
477.00000000 0.10200000 0.09400000
486.00000000 0.08200000 0.08400000
495.00000000 0.08600000 0.08800000
504.00000000 0.07600000 0.07200000
513.00000000 0.06800000 0.06800000
522.00000000 0.06200000 0.07200000
531.00000000 0.06200000 0.06200000
540.00000000 0.05600000 0.05800000
549.00000000 0.04800000 0.05200000
558.00000000 0.04800000 0.05000000
567.00000000 0.04400000 0.04600000
576.00000000 0.03800000 0.03400000
585.00000000 0.03800000 0.03800000
594.00000000 0.03400000 0.03200000
603.00000000 0.03000000 0.03200000
612.00000000 0.03200000 0.02400000
621.00000000 0.02400000 0.02800000
630.00000000 0.02400000 0.02400000
639.00000000 0.02200000 0.02200000
648.00000000 0.01800000 0.02000000
657.00000000 0.02200000 0.02000000
666.00000000 0.01800000 0.01600000
675.00000000 0.01800000 0.01800000
684.00000000 0.01600000 0.01600000
693.00000000 0.01400000 0.01200000
702.00000000 0.01200000 0.01200000
711.00000000 0.01000000 0.01000000
720.00000000 0.01000000 0.01000000
729.00000000 0.01000000 0.00800000
738.00000000 0.00800000 0.01000000
747.00000000 0.00400000 0.00600000
756.00000000 0.00600000 0.00400000
765.00000000 0.00600000 0.00400000
774.00000000 0.00600000 0.00600000
783.00000000 0.00600000 0.00600000
792.00000000 0.00600000 0.00600000
801.00000000 0.00400000 0.00400000
810.00000000 0.00400000 0.00200000
819.00000000 0.00400000 0.00400000
828.00000000 0.00400000 0.00400000
837.00000000 0.00400000 0.00400000
846.00000000 0.00400000 0.00400000
855.00000000 0.00400000 0.00400000
864.00000000 0.00200000 0.00400000
873.00000000 0.00400000 0.00400000
882.00000000 0.00200000 0.00400000
891.00000000 0.00400000 0.00400000
900.00000000 0.00200000 0.00400000
909.00000000 0.00400000 0.00400000
918.00000000 0.00400000 0.00200000
927.00000000 0.00400000 0.00400000
936.00000000 0.00400000 0.00400000
945.00000000 0.00400000 0.00400000
954.00000000 0.00400000 0.00400000
963.00000000 0.00400000 0.00400000
972.00000000 0.00400000 0.00400000
981.00000000 0.00400000 0.00400000
990.00000000 0.00400000 0.00400000
999.00000000 0.00400000 0.00400000
1008.00000000 0.00400000 0.00400000
1017.00000000 0.00400000 0.00400000
1026.00000000 0.00400000 0.00400000
1035.00000000 0.00400000 0.00400000
1044.00000000 0.00400000 0.00400000
1053.00000000 0.00400000 0.00400000
1062.00000000 0.00400000 0.00400000
1071.00000000 0.00400000 0.00400000
1080.00000000 0.00400000 0.00400000
1089.00000000 0.00400000 0.00400000
1098.00000000 0.00200000 0.00200000
1107.00000000 0.00400000 0.00200000
1116.00000000 0.00400000 0.00400000
1125.00000000 0.00400000 0.00400000
1134.00000000 0.00400000 0.00400000
1143.00000000 0.00400000 0.00400000
1152.00000000 0.00400000 0.00400000
1161.00000000 0.00400000 0.00400000
1170.00000000 0.00400000 0.00400000
1179.00000000 0.00400000 0.00400000
1188.00000000 0.00200000 0.00200000
1197.00000000 0.00400000 0.00400000
1206.00000000 0.00400000 0.00200000
1215.00000000 0.00400000 0.00400000
1224.00000000 0.00400000 0.00200000
1233.00000000 0.00200000 0.00400000
1242.00000000 0.00200000 0.00000000
1251.00000000 0.00200000 0.00200000
1260.00000000 0.00200000 0.00200000
1269.00000000 0.00200000 0.00200000
1278.00000000 0.00200000 0.00200000
1287.00000000 0.00200000 0.00000000
1296.00000000 0.00200000 0.00200000
1305.00000000 0.00200000 0.00000000
1314.00000000 0.00000000 0.00000000
1323.00000000 0.00000000 0.00000000
1332.00000000 0.00000000 0.00000000
1341.00000000 0.00000000 0.00000000
1350.00000000 0.00000000 0.00000000
1359.00000000 0.00000000 0.00000000
1368.00000000 0.00000000 0.00000000
1377.00000000 0.00000000 0.00000000
1386.00000000 0.00000000 0.00000000
1395.00000000 0.00000000 0.00000000
1404.00000000 0.00000000 0.00000000
1413.00000000 0.00000000 0.00000000
1422.00000000 0.00000000 0.00000000
1431.00000000 0.00000000 0.00000000
1440.00000000 0.00000000 0.00000000
1449.00000000 0.00000000 0.00000000
1458.00000000 0.00000000 0.00000000
1467.00000000 0.00000000 0.00000000
1476.00000000 0.00000000 0.00000000
1485.00000000 0.00000000 0.00000000
1494.00000000 0.00000000 0.00000000
1503.00000000 0.00000000 0.00000000
1512.00000000 0.00000000 0.00000000
1521.00000000 0.00000000 0.00000000
1530.00000000 0.00000000 0.00000000
1539.00000000 0.00000000 0.00000000
1548.00000000 0.00000000 0.00000000
1557.00000000 0.00000000 0.00000000
1566.00000000 0.00000000 0.00000000
1575.00000000 0.00000000 0.00000000
1584.00000000 0.00000000 0.00000000
1593.00000000 0.00000000 0.00000000
1602.00000000 0.00000000 0.00000000
1611.00000000 0.00000000 0.00000000
1620.00000000 0.00000000 0.00000000
1629.00000000 0.00000000 0.00000000
1638.00000000 0.00000000 0.00000000
1647.00000000 0.00000000 0.00000000
1656.00000000 0.00000000 0.00000000
1665.00000000 0.00000000 0.00000000
1674.00000000 0.00000000 0.00000000
1683.00000000 0.00000000 0.00000000
1692.00000000 0.00000000 0.00000000
1701.00000000 0.00000000 0.00000000
1710.00000000 0.00000000 0.00000000
1719.00000000 0.00000000 0.00000000
1728.00000000 0.00000000 0.00000000
1737.00000000 0.00000000 0.00000000
1746.00000000 0.00000000 0.00000000
1755.00000000 0.00000000 0.00000000
1764.00000000 0.00000000 0.00000000
1773.00000000 0.00000000 0.00000000
1782.00000000 0.00000000 0.00000000
1791.00000000 0.00000000 0.00000000
1800.00000000 0.00000000 0.00000000
