0 0.180276
4 0.195396
8 0.272717
12 0.296006
16 0.330653
20 0.371798
24 0.355308
28 0.289855
32 0.282434
36 0.25617
40 0.248436
44 0.237073
48 0.240832
52 0.229431
56 0.22232
60 0.196944
64 0.190717
68 0.192299
72 0.20029
76 0.206277
80 0.193056
84 0.184039
88 0.166761
92 0.171115
96 0.174275
100 0.16782
104 0.162224
108 0.155653
112 0.153574
116 0.169282
120 0.185488
124 0.189848
128 0.207124
132 0.221049
136 0.245444
140 0.251186
144 0.248042
148 0.256409
152 0.261273
156 0.266985
160 0.274443
164 0.291727
168 0.301709
172 0.30509
176 0.315048
180 0.331007
184 0.355171
188 0.369533
192 0.377234
196 0.382582
200 0.393756
204 0.394829
208 0.405059
212 0.413268
216 0.426565
220 0.429289
224 0.443745
228 0.450062
232 0.459912
236 0.463783
240 0.46984
244 0.476896
248 0.483118
252 0.497387
256 0.506543
260 0.51257
264 0.513754
268 0.518488
272 0.523872
276 0.533886
280 0.539571
284 0.544933
288 0.544166
292 0.547832
296 0.558381
300 0.568783
304 0.573284
308 0.577284
312 0.581262
316 0.580034
320 0.577159
324 0.580727
328 0.582187
332 0.593045
336 0.601569
340 0.608837
344 0.615794
348 0.618649
352 0.624807
356 0.632778
360 0.64111
364 0.648698
368 0.660418
372 0.664468
376 0.66946
380 0.671996
384 0.672056
388 0.673403
392 0.674285
396 0.674497
400 0.676734
404 0.680521
408 0.684559
412 0.689334
416 0.693923
420 0.70018
424 0.703818
428 0.711706
432 0.714531
436 0.714947
440 0.717604
444 0.719822
448 0.72252
452 0.729495
456 0.73783
460 0.742747
464 0.746079
468 0.752647
472 0.756973
476 0.757387
480 0.757712
484 0.7593
488 0.759878
492 0.758232
496 0.755651
500 0.755267
504 0.757655
508 0.760412
512 0.76277
516 0.765866
520 0.766852
524 0.769559
528 0.770747
532 0.773935
536 0.777404
540 0.775426
544 0.780597
548 0.786994
552 0.789201
556 0.790736
560 0.79103
564 0.793977
568 0.796199
572 0.79629
576 0.798925
580 0.79761
584 0.798795
588 0.795084
592 0.794171
596 0.795394
600 0.79771
604 0.799727
608 0.804321
612 0.804926
616 0.80361
620 0.804851
624 0.805355
628 0.806011
632 0.805241
636 0.805258
640 0.804389
644 0.803609
648 0.803963
652 0.803678
656 0.804134
660 0.809343
664 0.812688
668 0.814916
672 0.819753
676 0.822172
680 0.823473
684 0.825015
688 0.827685
692 0.828491
696 0.830627
700 0.832057
704 0.833844
708 0.83604
712 0.83459
716 0.835167
720 0.836095
724 0.837845
728 0.839493
732 0.839724
736 0.840303
740 0.838513
744 0.837395
748 0.836841
752 0.839297
756 0.842499
760 0.845023
764 0.845056
768 0.848369
772 0.84866
776 0.850179
780 0.849378
784 0.851479
788 0.853224
792 0.852972
796 0.852146
800 0.852177
