0 0.103595
8 0.279465
16 0.291071
24 0.237889
32 0.213409
40 0.204149
48 0.216471
56 0.146739
64 0.105788
72 0.0927084
80 0.118114
88 0.132521
96 0.135796
104 0.131962
112 0.136928
120 0.139345
128 0.157841
136 0.210977
144 0.213908
152 0.208341
160 0.219622
168 0.215055
176 0.221329
184 0.241517
192 0.262625
200 0.288083
208 0.30256
216 0.315926
224 0.344819
232 0.360862
240 0.37552
248 0.410091
256 0.423334
264 0.432746
272 0.449559
280 0.47392
288 0.493485
296 0.512074
304 0.521079
312 0.534013
320 0.544323
328 0.553838
336 0.561089
344 0.576715
352 0.587582
360 0.60079
368 0.61385
376 0.626829
384 0.630601
392 0.635753
400 0.646979
408 0.656508
416 0.653369
424 0.659294
432 0.671026
440 0.681218
448 0.692379
456 0.699358
464 0.713697
472 0.731554
480 0.735455
488 0.742216
496 0.744069
504 0.746198
512 0.748449
520 0.753154
528 0.763423
536 0.769249
544 0.77314
552 0.779991
560 0.784217
568 0.784747
576 0.78924
584 0.795839
592 0.804998
600 0.814433
608 0.820322
616 0.824189
624 0.827181
632 0.828202
640 0.834284
648 0.840996
656 0.844225
664 0.849784
672 0.85486
680 0.858547
688 0.858766
696 0.859952
704 0.860585
712 0.863402
720 0.866141
728 0.870978
736 0.872229
744 0.872941
752 0.872378
760 0.873001
768 0.872712
776 0.877489
784 0.878008
792 0.880043
800 0.883082
808 0.886274
816 0.884351
824 0.886413
832 0.884707
840 0.888128
848 0.889493
856 0.88952
864 0.887665
872 0.88801
880 0.889138
888 0.890242
896 0.891902
904 0.893115
912 0.896645
920 0.897867
928 0.898318
936 0.896797
944 0.896444
952 0.899289
960 0.89801
968 0.901656
976 0.903667
984 0.904311
992 0.906651
1000 0.907203
1008 0.907729
1016 0.907278
1024 0.909366
1032 0.912409
1040 0.912782
1048 0.913103
1056 0.914148
1064 0.917737
1072 0.921227
1080 0.921305
1088 0.922763
1096 0.924363
1104 0.924441
1112 0.923672
1120 0.923116
1128 0.923905
1136 0.925337
1144 0.925746
1152 0.925233
1160 0.927695
1168 0.929705
1176 0.929445
1184 0.928471
1192 0.927893
1200 0.931233
1208 0.935162
1216 0.937452
1224 0.936705
1232 0.938382
1240 0.939154
1248 0.938935
1256 0.939244
1264 0.938537
1272 0.940564
1280 0.943019
1288 0.944305
1296 0.943323
1304 0.942686
1312 0.942408
1320 0.945007
1328 0.945837
1336 0.945958
1344 0.946189
1352 0.947819
1360 0.948291
1368 0.948366
1376 0.948168
1384 0.950673
1392 0.951682
1400 0.951589
1408 0.952285
1416 0.952525
1424 0.952722
1432 0.952834
1440 0.953136
1448 0.953833
1456 0.954084
1464 0.953769
1472 0.953144
1480 0.953742
1488 0.953477
1496 0.954678
1504 0.95526
1512 0.954982
1520 0.954429
1528 0.953807
1536 0.953163
1544 0.953953
1552 0.954161
1560 0.954192
1568 0.955691
1576 0.957477
1584 0.957791
1592 0.958224
1600 0.958171
