0 -0.193688
2.25 -0.156407
4.5 -0.0591906
6.75 0.0366139
9 0.106228
11.25 0.147093
13.5 0.17034
15.75 0.188984
18 0.19648
20.25 0.218568
22.5 0.234274
24.75 0.246538
27 0.236186
29.25 0.215143
31.5 0.213811
33.75 0.199146
36 0.18643
38.25 0.185216
40.5 0.178579
42.75 0.179993
45 0.18011
47.25 0.184385
49.5 0.186463
51.75 0.182855
54 0.172552
56.25 0.154179
58.5 0.142227
60.75 0.133275
63 0.125934
65.25 0.120483
67.5 0.108724
69.75 0.108119
72 0.116001
74.25 0.119568
76.5 0.115088
78.75 0.112707
81 0.11541
83.25 0.11042
85.5 0.113019
87.75 0.114229
90 0.115992
92.25 0.122835
94.5 0.126706
96.75 0.130691
99 0.129884
101.25 0.132396
103.5 0.137731
105.75 0.142262
108 0.14408
110.25 0.144845
112.5 0.152367
114.75 0.159641
117 0.159631
119.25 0.158123
121.5 0.160982
123.75 0.164966
126 0.170228
128.25 0.169549
130.5 0.179958
132.75 0.184415
135 0.185031
137.25 0.189313
139.5 0.194335
141.75 0.204741
144 0.205348
146.25 0.207549
148.5 0.210505
150.75 0.209671
153 0.212601
155.25 0.220352
157.5 0.224985
159.75 0.225939
162 0.235669
164.25 0.241952
166.5 0.245683
168.75 0.249397
171 0.250682
173.25 0.252649
175.5 0.2566
177.75 0.259912
180 0.261647
182.25 0.266163
184.5 0.272889
186.75 0.275059
189 0.281363
191.25 0.283039
193.5 0.288751
195.75 0.296503
198 0.302695
200.25 0.307669
202.5 0.312115
204.75 0.321087
207 0.323402
209.25 0.327576
211.5 0.331649
213.75 0.337341
216 0.344422
218.25 0.353456
220.5 0.3601
222.75 0.363387
225 0.365977
227.25 0.36998
229.5 0.375514
231.75 0.380411
234 0.386618
236.25 0.394419
238.5 0.399662
240.75 0.403983
243 0.408489
245.25 0.408773
247.5 0.409902
249.75 0.414
252 0.417093
254.25 0.421139
256.5 0.424277
258.75 0.429814
261 0.435731
263.25 0.441427
265.5 0.451244
267.75 0.456135
270 0.463815
272.25 0.465189
274.5 0.465615
276.75 0.467153
279 0.46877
281.25 0.472928
283.5 0.478443
285.75 0.483434
288 0.489538
290.25 0.490013
292.5 0.491936
294.75 0.490328
297 0.493089
299.25 0.49663
301.5 0.496933
303.75 0.496873
306 0.499727
308.25 0.501687
310.5 0.506549
312.75 0.512213
315 0.513877
317.25 0.518966
319.5 0.528604
321.75 0.530122
324 0.531359
326.25 0.530481
328.5 0.532161
330.75 0.534246
333 0.535629
335.25 0.539428
337.5 0.542526
339.75 0.543972
342 0.548124
344.25 0.552488
346.5 0.552466
348.75 0.553951
351 0.560062
353.25 0.559213
355.5 0.560082
357.75 0.558658
360 0.558136
362.25 0.559731
364.5 0.559615
366.75 0.562484
369 0.565157
371.25 0.566405
373.5 0.567668
375.75 0.572197
378 0.576837
380.25 0.581521
382.5 0.58251
384.75 0.588383
387 0.59391
389.25 0.597729
391.5 0.600525
393.75 0.603125
396 0.607346
398.25 0.609418
400.5 0.612712
402.75 0.613806
405 0.617834
407.25 0.620095
409.5 0.62242
411.75 0.627688
414 0.627361
416.25 0.629133
418.5 0.633666
420.75 0.637509
423 0.642961
425.25 0.646214
427.5 0.646629
429.75 0.649729
432 0.652
434.25 0.653969
436.5 0.656144
438.75 0.656904
441 0.658306
443.25 0.658632
445.5 0.660735
447.75 0.664374
450 0.664901
