0 -0.162972
2.25 -0.0893237
4.5 -0.0360635
6.75 0.0700347
9 0.124327
11.25 0.186302
13.5 0.223761
15.75 0.246833
18 0.25702
20.25 0.259309
22.5 0.280417
24.75 0.295502
27 0.282118
29.25 0.256432
31.5 0.255297
33.75 0.236951
36 0.215873
38.25 0.218314
40.5 0.206853
42.75 0.196663
45 0.182158
47.25 0.178431
49.5 0.177624
51.75 0.170757
54 0.158214
56.25 0.134506
58.5 0.121518
60.75 0.127076
63 0.141584
65.25 0.154082
67.5 0.156337
69.75 0.162669
72 0.179861
74.25 0.186983
76.5 0.185336
78.75 0.186996
81 0.180755
83.25 0.172278
85.5 0.173038
87.75 0.158899
90 0.141361
92.25 0.145059
94.5 0.146961
96.75 0.146545
99 0.154377
101.25 0.16582
103.5 0.167588
105.75 0.171029
108 0.168639
110.25 0.164304
112.5 0.172493
114.75 0.176632
117 0.181662
119.25 0.177845
121.5 0.180063
123.75 0.191933
126 0.205307
128.25 0.208957
130.5 0.228269
132.75 0.235964
135 0.235331
137.25 0.241678
139.5 0.250358
141.75 0.262605
144 0.262873
146.25 0.256603
148.5 0.254427
150.75 0.260845
153 0.268854
155.25 0.281159
157.5 0.28415
159.75 0.284618
162 0.292537
164.25 0.292192
166.5 0.294292
168.75 0.292896
171 0.297851
173.25 0.301457
175.5 0.305862
177.75 0.310573
180 0.309099
182.25 0.310393
184.5 0.312788
186.75 0.308531
189 0.310982
191.25 0.310702
193.5 0.318728
195.75 0.325686
198 0.330049
200.25 0.333584
202.5 0.335441
204.75 0.347849
207 0.350187
209.25 0.357367
211.5 0.361908
213.75 0.374662
216 0.387335
218.25 0.390541
220.5 0.39528
222.75 0.399336
225 0.401305
227.25 0.402774
229.5 0.41035
231.75 0.418738
234 0.427699
236.25 0.437216
238.5 0.440428
240.75 0.44579
243 0.4482
245.25 0.451421
247.5 0.455061
249.75 0.454273
252 0.451785
254.25 0.449629
256.5 0.453681
258.75 0.458516
261 0.463675
263.25 0.465745
265.5 0.476947
267.75 0.48268
270 0.493189
272.25 0.498644
274.5 0.501385
276.75 0.50532
279 0.502239
281.25 0.504035
283.5 0.510011
285.75 0.518356
288 0.526837
290.25 0.531032
292.5 0.535758
294.75 0.536456
297 0.538318
299.25 0.545185
301.5 0.548886
303.75 0.552228
306 0.554059
308.25 0.552036
310.5 0.55562
312.75 0.56071
315 0.561672
317.25 0.570375
319.5 0.579868
321.75 0.58262
324 0.584602
326.25 0.585153
328.5 0.589432
330.75 0.592475
333 0.596975
335.25 0.602182
337.5 0.607385
339.75 0.612723
342 0.61813
344.25 0.623478
346.5 0.624057
348.75 0.62509
351 0.627859
353.25 0.623592
355.5 0.620492
357.75 0.616133
360 0.613571
362.25 0.611595
364.5 0.613131
366.75 0.617101
369 0.62015
371.25 0.624222
373.5 0.627129
375.75 0.631465
378 0.637015
380.25 0.640453
382.5 0.64102
384.75 0.648166
387 0.653717
389.25 0.65906
391.5 0.660723
393.75 0.664548
396 0.668706
398.25 0.667952
400.5 0.669066
402.75 0.668848
405 0.673447
407.25 0.680371
409.5 0.686173
411.75 0.693063
414 0.691402
416.25 0.690966
418.5 0.692874
420.75 0.692214
423 0.693518
425.25 0.69438
427.5 0.695214
429.75 0.697084
432 0.696991
434.25 0.696415
436.5 0.697395
438.75 0.697851
441 0.69932
443.25 0.700141
445.5 0.700529
447.75 0.702543
450 0.703245
