0 3.74929e-07
9 0.000667662
18 0.000585793
27 0.000321744
36 0.000316068
45 0.000344194
54 0.000252695
63 0.000198746
72 0.000206994
81 0.000191493
90 0.000180245
99 0.000209156
108 0.000184892
117 0.000164033
126 0.000141863
135 0.000138277
144 0.000147767
153 0.000170538
162 0.000162285
171 0.000183792
180 0.000186831
189 0.00015653
198 0.000143019
207 0.000153213
216 0.000174388
225 0.000170255
234 0.000156231
243 0.000124416
252 0.000140632
261 0.000118105
270 0.000100291
279 9.63907e-05
288 8.95678e-05
297 9.55753e-05
306 9.90298e-05
315 0.000129935
324 0.00014147
333 0.000129674
342 0.0001523
351 0.000113383
360 0.000119179
369 0.00013338
378 9.26897e-05
387 7.8803e-05
396 0.000105651
405 0.000104268
414 0.000105639
423 0.00013059
432 0.000112467
441 8.21271e-05
450 0.00010251
459 8.62947e-05
468 9.99183e-05
477 0.00011579
486 9.73408e-05
495 8.58102e-05
504 8.13457e-05
513 7.11504e-05
522 9.1032e-05
531 9.40677e-05
540 9.14182e-05
549 9.71031e-05
558 8.83222e-05
567 0.000156463
576 0.000195476
585 0.00012784
594 0.000111291
603 8.52231e-05
612 8.69726e-05
621 7.36938e-05
630 0.00010386
639 0.000128875
648 0.000113888
657 9.13771e-05
666 6.57963e-05
675 6.71435e-05
684 6.206e-05
693 7.70509e-05
702 7.03619e-05
711 7.12376e-05
720 6.68839e-05
729 8.39172e-05
738 8.48139e-05
747 7.02701e-05
756 6.58458e-05
765 6.45135e-05
774 6.53406e-05
783 5.73426e-05
792 7.5224e-05
801 0.000155769
810 0.000367054
819 0.000760565
828 0.00120694
837 0.00156973
846 0.00167851
855 0.00195671
864 0.00230542
873 0.00237922
882 0.00270457
891 0.00288519
900 0.00283628
909 0.00288066
918 0.0029045
927 0.00293594
936 0.00302375
945 0.00302128
954 0.00302797
963 0.00304572
972 0.00305756
981 0.00310955
990 0.00305052
999 0.0031014
1008 0.00309353
1017 0.00314032
1026 0.00315818
1035 0.00313062
1044 0.00315115
1053 0.00311634
1062 0.00316168
1071 0.00315925
1080 0.00318533
1089 0.00317253
1098 0.00320729
1107 0.0031708
1116 0.00315005
1125 0.0031774
1134 0.0031699
1143 0.00315115
1152 0.00312112
1161 0.00312234
1170 0.00308189
1179 0.00307088
1188 0.00296013
1197 0.00305437
1206 0.00309269
1215 0.00312162
1224 0.0031105
1233 0.00310897
1242 0.00314656
1251 0.00317721
1260 0.00316942
1269 0.00314301
1278 0.00309704
1287 0.00308991
1296 0.00302264
1305 0.00304842
1314 0.00313768
1323 0.00311563
1332 0.00307866
1341 0.0030945
1350 0.00306532
1359 0.00305843
1368 0.00307788
1377 0.00303575
1386 0.00300466
1395 0.00305903
1404 0.00305011
1413 0.00304507
1422 0.00305779
1431 0.00308275
1440 0.0030606
1449 0.00309985
1458 0.00311438
1467 0.00313217
1476 0.00310713
1485 0.00313621
1494 0.00308955
1503 0.00309921
1512 0.00309555
1521 0.00313148
1530 0.00306754
1539 0.00310393
1548 0.00308273
1557 0.00312503
1566 0.00307968
1575 0.00308204
1584 0.00310294
1593 0.00307443
1602 0.00309903
1611 0.00312999
1620 0.00316709
1629 0.00315205
1638 0.00317115
1647 0.00314102
1656 0.00314113
1665 0.00309323
1674 0.00313901
1683 0.00309931
1692 0.00310405
1701 0.00308192
1710 0.00307896
1719 0.00311513
1728 0.00310215
1737 0.00308708
1746 0.00312514
1755 0.00313947
1764 0.00313114
1773 0.00314317
1782 0.00312735
1791 0.00311981
1800 0.00310257
