0 0.000424028
9 0.0173727
18 0.0160208
27 0.0127671
36 0.0123892
45 0.0124572
54 0.0111224
63 0.00973038
72 0.00974214
81 0.00997326
90 0.00953569
99 0.00998024
108 0.00945094
117 0.00929855
126 0.00819003
135 0.00834167
144 0.00882746
153 0.00879374
162 0.00901815
171 0.00938523
180 0.00911611
189 0.00891987
198 0.0084565
207 0.00872227
216 0.00917151
225 0.00894451
234 0.00868705
243 0.00834436
252 0.00796008
261 0.00752931
270 0.00705817
279 0.00706841
288 0.00671892
297 0.00710014
306 0.00705736
315 0.00796243
324 0.00804185
333 0.0075461
342 0.00837552
351 0.00731375
360 0.00743962
369 0.00786173
378 0.00684463
387 0.00629912
396 0.00691822
405 0.00698726
414 0.00696592
423 0.00714446
432 0.00702078
441 0.00642775
450 0.00682652
459 0.0067077
468 0.00696795
477 0.00699875
486 0.00673265
495 0.0063288
504 0.00586582
513 0.0061013
522 0.00663567
531 0.00649901
540 0.00660603
549 0.00681681
558 0.00659803
567 0.00750593
576 0.00803379
585 0.0069842
594 0.00718453
603 0.00611294
612 0.00637567
621 0.0059085
630 0.00632412
639 0.00727846
648 0.00696477
657 0.00644571
666 0.00573364
675 0.00571549
684 0.00553099
693 0.00611885
702 0.00604921
711 0.00563869
720 0.00580306
729 0.0061556
738 0.00623592
747 0.00591176
756 0.00578682
765 0.00570703
774 0.00575948
783 0.00537082
792 0.00564863
801 0.00636857
810 0.00688647
819 0.00779492
828 0.00792415
837 0.00836002
846 0.00828577
855 0.00864877
864 0.00877711
873 0.00870876
882 0.00910003
891 0.00901376
900 0.00863467
909 0.00882527
918 0.00902389
927 0.00856486
936 0.00856206
945 0.00881083
954 0.00890396
963 0.00861762
972 0.00884179
981 0.00859093
990 0.00878893
999 0.00837174
1008 0.0085473
1017 0.00942906
1026 0.00983142
1035 0.00938551
1044 0.00869613
1053 0.00849112
1062 0.00929967
1071 0.00929953
1080 0.00900663
1089 0.00878581
1098 0.00913024
1107 0.00879257
1116 0.00878416
1125 0.00853837
1134 0.00870534
1143 0.00934227
1152 0.00896466
1161 0.00900722
1170 0.00878463
1179 0.00876212
1188 0.00874218
1197 0.00869144
1206 0.00864895
1215 0.00845877
1224 0.0079561
1233 0.00824373
1242 0.00854479
1251 0.00892014
1260 0.00876064
1269 0.00887977
1278 0.00864919
1287 0.00869585
1296 0.0082669
1305 0.00844347
1314 0.00864721
1323 0.00877422
1332 0.00864696
1341 0.00812824
1350 0.00773091
1359 0.00838694
1368 0.00837415
1377 0.0082984
1386 0.00835738
1395 0.00817071
1404 0.00882208
1413 0.00899702
1422 0.00826317
1431 0.0082369
1440 0.00780157
1449 0.00793535
1458 0.00806451
1467 0.0082415
1476 0.00794498
1485 0.00805271
1494 0.00828413
1503 0.00806956
1512 0.00796905
1521 0.00790778
1530 0.0081422
1539 0.00795954
1548 0.00804308
1557 0.00829338
1566 0.00788074
1575 0.00782877
1584 0.00795193
1593 0.0076841
1602 0.00811547
1611 0.00829069
1620 0.00837868
1629 0.00832195
1638 0.00859178
1647 0.00832913
1656 0.00859164
1665 0.00837257
1674 0.00850222
1683 0.00795703
1692 0.00787809
1701 0.00778433
1710 0.00798916
1719 0.00791662
1728 0.0081393
1737 0.00867269
1746 0.00858794
1755 0.00840399
1764 0.00831059
1773 0.0085341
1782 0.00805113
1791 0.00841628
1800 0.0083989
