0 -0.0852574
9 -0.212192
18 -0.282324
27 0.0260838
36 -0.0591774
45 -0.21802
54 -0.042689
63 -0.0991301
72 -0.180967
81 0.0747866
90 0.0177403
99 -0.0998527
108 -0.0699931
117 0.102856
126 -0.114934
135 0.0127907
144 0.103711
153 -0.205333
162 0.00454134
171 -0.086588
180 -0.248179
189 0.0326518
198 7.46698e-05
207 -0.013894
216 -0.0731735
225 -0.128071
234 -0.0702503
243 0.213139
252 -0.219467
261 -0.0833272
270 -0.0131513
279 0.0707384
288 0.0159496
297 0.104117
306 0.0116996
315 -0.0494376
324 -0.187522
333 -0.277234
342 -0.171086
351 -0.119667
360 -0.153278
369 -0.158012
378 0.0215201
387 0.0139805
396 -0.207426
405 -0.135678
414 -0.177043
423 -0.558415
432 -0.281685
441 0.012217
450 -0.199728
459 0.0820506
468 -0.0579515
477 -0.363908
486 -0.147449
495 -0.14238
504 -0.364158
513 0.0886862
522 -0.0674034
531 -0.227131
540 -0.0948422
549 -0.0896364
558 -0.0288109
567 -0.777173
576 -1.02867
585 -0.620803
594 -0.156077
603 -0.280641
612 -0.139588
621 -0.110945
630 -0.596861
639 -0.432706
648 -0.347813
657 -0.199358
666 -0.00143003
675 -0.0554065
684 -0.0286488
693 -0.0579626
702 0.0771712
711 -0.240536
720 0.0138693
729 -0.214677
738 -0.181051
747 -0.0106501
756 0.0337086
765 0.0192433
774 0.0302264
783 0.0120886
792 -0.357603
801 -1.84058
810 -5.73993
819 -10.5174
828 -17.2211
837 -20.46
846 -22.4489
855 -24.1588
864 -27.9258
873 -29.3705
882 -30.6596
891 -33.511
900 -36.0415
909 -34.9859
918 -33.6684
927 -38.0227
936 -39.2468
945 -36.9187
954 -36.1931
963 -39.0124
972 -37.1106
981 -40.1326
990 -37.4913
999 -42.2514
1008 -40.3444
1017 -33.3213
1026 -30.6742
1035 -33.5397
1044 -39.6695
1053 -41.223
1062 -34.558
1071 -34.531
1080 -37.2672
1089 -39.1
1098 -36.4746
1107 -39.0145
1116 -38.8241
1125 -41.5834
1134 -39.8286
1143 -34.1048
1152 -36.8368
1161 -36.4856
1170 -37.9365
1179 -37.9985
1188 -36.7321
1197 -38.4332
1206 -39.3437
1215 -41.6279
1224 -47.1394
1233 -43.7477
1242 -41.0956
1251 -37.9303
1260 -39.296
1269 -37.8605
1278 -39.3997
1287 -38.8623
1296 -42.2284
1305 -40.7595
1314 -39.962
1323 -38.4696
1332 -39.1752
1341 -44.8379
1350 -49.2879
1359 -41.4802
1368 -41.8905
1377 -42.0836
1386 -41.0185
1395 -43.8209
1404 -37.1898
1413 -35.6184
1422 -42.783
1431 -43.4372
1440 -48.2855
1449 -47.2276
1458 -45.8867
1467 -44.114
1476 -47.2237
1485 -46.3638
1494 -43.0196
1503 -45.5938
1512 -46.7445
1521 -48.0773
1530 -44.2709
1539 -46.9933
1548 -45.6531
1557 -43.435
1566 -47.5874
1575 -48.2864
1584 -47.0713
1593 -50.0688
1602 -45.0541
1611 -43.5368
1620 -43.1138
1629 -43.5138
1638 -40.9586
1647 -43.2763
1656 -40.5534
1665 -42.126
1674 -41.4238
1683 -46.9512
1692 -48.0136
1701 -48.8604
1710 -46.2394
1719 -47.7045
1728 -44.8262
1737 -39.0432
1746 -40.3732
1755 -42.4513
1764 -43.3356
1773 -41.1572
1782 -46.2461
1791 -42.044
1800 -41.9821
