0 0.000201158
20.25 0.0297723
40.5 0.0552041
60.75 0.0796088
81 0.1047
101.25 0.127751
121.5 0.150696
141.75 0.172837
162 0.193861
182.25 0.215888
202.5 0.237837
222.75 0.258312
243 0.279225
263.25 0.298447
283.5 0.317634
303.75 0.337546
324 0.355842
344.25 0.373028
364.5 0.388491
384.75 0.406775
405 0.424035
425.25 0.438434
445.5 0.454246
465.75 0.468478
486 0.482499
506.25 0.497635
526.5 0.510244
546.75 0.52347
567 0.536588
587.25 0.548166
607.5 0.560158
627.75 0.5725
648 0.583938
668.25 0.595394
688.5 0.607112
708.75 0.618542
729 0.62804
749.25 0.637329
769.5 0.646286
789.75 0.654569
810 0.663314
830.25 0.673112
850.5 0.680415
870.75 0.688066
891 0.696738
911.25 0.705822
931.5 0.712927
951.75 0.719865
972 0.72877
992.25 0.737162
1012.5 0.745965
1032.75 0.752549
1053 0.760342
1073.25 0.767766
1093.5 0.775615
1113.75 0.781947
1134 0.787785
1154.25 0.79467
1174.5 0.799322
1194.75 0.803847
1215 0.807827
1235.25 0.812348
1255.5 0.815985
1275.75 0.819789
1296 0.823625
1316.25 0.82786
1336.5 0.831077
1356.75 0.834267
1377 0.837314
1397.25 0.839049
1417.5 0.841966
1437.75 0.843689
1458 0.845509
1478.25 0.848058
1498.5 0.850913
1518.75 0.853818
1539 0.854968
1559.25 0.857103
1579.5 0.859477
1599.75 0.861088
1620 0.863242
1640.25 0.865254
1660.5 0.86781
1680.75 0.86922
1701 0.871309
1721.25 0.873371
1741.5 0.87523
1761.75 0.876796
1782 0.878694
1802.25 0.880242
1822.5 0.881937
1842.75 0.884443
1863 0.885913
1883.25 0.887352
1903.5 0.889083
1923.75 0.890652
1944 0.892036
1964.25 0.892987
1984.5 0.89403
2004.75 0.895425
2025 0.8967
2045.25 0.898116
2065.5 0.899123
2085.75 0.900664
2106 0.901471
2126.25 0.902456
2146.5 0.903697
2166.75 0.904818
2187 0.905862
2207.25 0.907662
2227.5 0.909329
2247.75 0.910596
2268 0.911496
2288.25 0.91248
2308.5 0.913738
2328.75 0.914744
2349 0.915372
2369.25 0.917068
2389.5 0.917621
2409.75 0.918184
2430 0.919367
2450.25 0.919504
2470.5 0.919879
2490.75 0.920139
2511 0.920996
2531.25 0.921774
2551.5 0.92265
2571.75 0.923213
2592 0.923633
2612.25 0.924039
2632.5 0.924159
2652.75 0.924861
2673 0.925308
2693.25 0.925292
2713.5 0.925401
2733.75 0.926523
2754 0.926645
2774.25 0.927336
2794.5 0.927345
2814.75 0.927689
2835 0.927999
2855.25 0.928151
2875.5 0.928953
2895.75 0.928671
2916 0.929476
2936.25 0.929582
2956.5 0.930075
2976.75 0.930536
2997 0.930232
3017.25 0.930394
3037.5 0.930555
3057.75 0.930382
3078 0.93118
3098.25 0.931322
3118.5 0.9316
3138.75 0.931246
3159 0.931431
3179.25 0.931334
3199.5 0.931926
3219.75 0.932575
3240 0.932575
3260.25 0.932452
3280.5 0.933279
3300.75 0.933385
3321 0.933284
3341.25 0.933083
3361.5 0.93372
3381.75 0.934228
3402 0.934804
3422.25 0.934845
3442.5 0.934737
3462.75 0.934759
3483 0.934543
3503.25 0.934644
3523.5 0.935283
3543.75 0.93549
3564 0.935327
3584.25 0.935405
3604.5 0.935581
3624.75 0.936056
3645 0.936172
3665.25 0.936411
3685.5 0.936517
3705.75 0.936686
3726 0.936813
3746.25 0.936889
3766.5 0.937003
3786.75 0.937218
3807 0.937291
3827.25 0.937152
3847.5 0.93701
3867.75 0.937359
3888 0.937406
3908.25 0.937831
3928.5 0.938235
3948.75 0.938072
3969 0.938122
3989.25 0.938162
4009.5 0.938235
4029.75 0.938745
4050 0.938723
