0 -0.186854
20.25 0.132308
40.5 0.162575
60.75 0.197108
81 0.235866
101.25 0.279814
121.5 0.298017
141.75 0.31481
162 0.344533
182.25 0.374754
202.5 0.403902
222.75 0.424039
243 0.445224
263.25 0.457405
283.5 0.468989
303.75 0.484332
324 0.495625
344.25 0.509603
364.5 0.519768
384.75 0.536561
405 0.551766
425.25 0.563001
445.5 0.581044
465.75 0.594552
486 0.607199
506.25 0.620672
526.5 0.633414
546.75 0.647475
567 0.658834
587.25 0.668674
607.5 0.680155
627.75 0.690719
648 0.703228
668.25 0.71481
688.5 0.72694
708.75 0.738991
729 0.747401
749.25 0.75617
769.5 0.762816
789.75 0.769951
810 0.77729
830.25 0.785995
850.5 0.792204
870.75 0.799228
891 0.807198
911.25 0.815515
931.5 0.821581
951.75 0.827724
972 0.833683
992.25 0.840647
1012.5 0.846199
1032.75 0.850473
1053 0.854982
1073.25 0.861598
1093.5 0.865866
1113.75 0.868868
1134 0.872951
1154.25 0.876986
1174.5 0.880571
1194.75 0.883104
1215 0.885755
1235.25 0.8889
1255.5 0.892046
1275.75 0.89407
1296 0.897141
1316.25 0.899316
1336.5 0.901622
1356.75 0.903738
1377 0.906416
1397.25 0.907505
1417.5 0.909156
1437.75 0.9116
1458 0.912921
1478.25 0.915172
1498.5 0.918111
1518.75 0.920705
1539 0.921765
1559.25 0.92337
1579.5 0.925443
1599.75 0.926672
1620 0.928549
1640.25 0.93037
1660.5 0.932725
1680.75 0.934082
1701 0.935314
1721.25 0.937086
1741.5 0.937927
1761.75 0.939463
1782 0.941283
1802.25 0.942195
1822.5 0.943804
1842.75 0.945219
1863 0.946538
1883.25 0.947607
1903.5 0.948727
1923.75 0.949629
1944 0.950932
1964.25 0.951861
1984.5 0.952959
2004.75 0.95402
2025 0.955359
2045.25 0.956321
2065.5 0.957595
2085.75 0.958484
2106 0.959245
2126.25 0.95994
2146.5 0.96119
2166.75 0.961892
2187 0.962799
2207.25 0.963821
2227.5 0.965214
2247.75 0.966117
2268 0.966662
2288.25 0.967094
2308.5 0.967666
2328.75 0.968198
2349 0.968968
2369.25 0.969458
2389.5 0.969911
2409.75 0.970407
2430 0.971041
2450.25 0.9714
2470.5 0.971655
2490.75 0.971921
2511 0.972623
2531.25 0.972885
2551.5 0.97351
2571.75 0.974034
2592 0.974368
2612.25 0.974577
2632.5 0.974778
2652.75 0.974913
2673 0.975251
2693.25 0.975363
2713.5 0.975519
2733.75 0.97599
2754 0.976456
2774.25 0.976972
2794.5 0.977214
2814.75 0.977418
2835 0.977651
2855.25 0.978015
2875.5 0.978365
2895.75 0.978607
2916 0.979103
2936.25 0.979201
2956.5 0.97914
2976.75 0.979234
2997 0.979286
3017.25 0.979536
3037.5 0.979507
3057.75 0.979632
3078 0.979898
3098.25 0.98015
3118.5 0.98034
3138.75 0.980536
3159 0.980771
3179.25 0.981042
3199.5 0.981283
3219.75 0.981317
3240 0.981347
3260.25 0.981316
3280.5 0.981677
3300.75 0.981771
3321 0.981909
3341.25 0.982005
3361.5 0.982164
3381.75 0.982284
3402 0.982328
3422.25 0.982581
3442.5 0.982871
3462.75 0.983132
3483 0.983301
3503.25 0.983567
3523.5 0.983643
3543.75 0.983739
3564 0.9838
3584.25 0.983738
3604.5 0.983861
3624.75 0.984039
3645 0.984327
3665.25 0.984577
3685.5 0.984867
3705.75 0.984801
3726 0.985074
3746.25 0.985246
3766.5 0.985475
3786.75 0.985632
3807 0.985697
3827.25 0.985756
3847.5 0.985611
3867.75 0.985706
3888 0.985866
3908.25 0.985928
3928.5 0.985981
3948.75 0.9862
3969 0.986338
3989.25 0.986415
4009.5 0.986567
4029.75 0.98665
4050 0.986708
