0 8.02908e-07
6.25 0.00260187
12.5 0.00941742
18.75 0.0193683
25 0.0308245
31.25 0.0445866
37.5 0.0605176
43.75 0.0790869
50 0.0996782
56.25 0.122324
62.5 0.146073
68.75 0.170227
75 0.195166
81.25 0.218588
87.5 0.243788
93.75 0.269014
100 0.29413
106.25 0.318273
112.5 0.343882
118.75 0.368277
125 0.391756
131.25 0.412505
137.5 0.434046
143.75 0.457617
150 0.478595
156.25 0.499768
162.5 0.520568
168.75 0.540328
175 0.557884
181.25 0.577153
187.5 0.593904
193.75 0.610493
200 0.627112
206.25 0.640661
212.5 0.654218
218.75 0.666753
225 0.67934
231.25 0.691266
237.5 0.703612
243.75 0.712729
250 0.721479
256.25 0.729217
262.5 0.73625
268.75 0.745489
275 0.753151
281.25 0.760945
287.5 0.768437
293.75 0.777407
300 0.785201
306.25 0.793576
312.5 0.801227
318.75 0.808446
325 0.814982
331.25 0.821748
337.5 0.82692
343.75 0.83378
350 0.83793
356.25 0.842569
362.5 0.847906
368.75 0.852078
375 0.856195
381.25 0.861862
387.5 0.865121
393.75 0.869064
400 0.872933
406.25 0.876956
412.5 0.880268
418.75 0.883316
425 0.886811
431.25 0.889768
437.5 0.892138
443.75 0.894132
450 0.896446
456.25 0.897329
462.5 0.899155
468.75 0.900705
475 0.903237
481.25 0.904814
487.5 0.905764
493.75 0.907077
500 0.908572
506.25 0.90904
512.5 0.910375
518.75 0.911191
525 0.910145
531.25 0.910627
537.5 0.911505
543.75 0.911399
550 0.912732
556.25 0.914602
562.5 0.914645
568.75 0.914923
575 0.914603
581.25 0.915682
587.5 0.914819
593.75 0.914606
600 0.914766
606.25 0.914612
612.5 0.914887
618.75 0.915015
625 0.914997
631.25 0.915578
637.5 0.915942
643.75 0.915464
650 0.915233
656.25 0.915645
662.5 0.915734
668.75 0.915827
675 0.915465
681.25 0.916612
687.5 0.915937
693.75 0.916857
700 0.916407
706.25 0.916134
712.5 0.916502
718.75 0.91623
725 0.916635
731.25 0.915725
737.5 0.916732
743.75 0.916851
750 0.917811
756.25 0.918553
762.5 0.917778
768.75 0.918021
775 0.917299
781.25 0.917341
787.5 0.917851
793.75 0.91796
800 0.917663
806.25 0.918148
812.5 0.917769
818.75 0.917891
825 0.918372
831.25 0.918451
837.5 0.918069
843.75 0.917967
850 0.918454
856.25 0.918164
862.5 0.918809
868.75 0.918141
875 0.918539
881.25 0.918497
887.5 0.917972
893.75 0.918208
900 0.917533
906.25 0.91722
912.5 0.917576
918.75 0.918077
925 0.916412
931.25 0.917091
937.5 0.918007
943.75 0.917663
950 0.917266
956.25 0.917667
962.5 0.917183
968.75 0.917694
975 0.917058
981.25 0.917576
987.5 0.918003
993.75 0.917384
1000 0.917602
1006.25 0.916711
1012.5 0.917006
1018.75 0.917911
1025 0.917609
1031.25 0.918044
1037.5 0.918799
1043.75 0.917406
1050 0.917311
1056.25 0.916882
1062.5 0.917291
1068.75 0.917079
1075 0.917326
1081.25 0.917668
1087.5 0.918217
1093.75 0.918545
1100 0.918789
1106.25 0.918395
1112.5 0.919541
1118.75 0.918245
1125 0.918234
1131.25 0.91836
1137.5 0.917386
1143.75 0.918274
1150 0.917489
1156.25 0.917574
1162.5 0.917399
1168.75 0.91754
1175 0.917661
1181.25 0.918152
1187.5 0.919167
1193.75 0.918125
1200 0.918447
1206.25 0.918328
1212.5 0.918044
1218.75 0.918127
1225 0.918016
1231.25 0.918862
1237.5 0.918679
1243.75 0.918192
1250 0.918792
