0 0.000620672
6.25 0.0373554
12.5 0.0722157
18.75 0.104599
25 0.133816
31.25 0.162525
37.5 0.191105
43.75 0.220884
50 0.249657
56.25 0.278548
62.5 0.305673
68.75 0.332244
75 0.358944
81.25 0.38349
87.5 0.408742
93.75 0.433689
100 0.457483
106.25 0.479556
112.5 0.502351
118.75 0.524514
125 0.544923
131.25 0.562364
137.5 0.580805
143.75 0.600615
150 0.618099
156.25 0.635391
162.5 0.651963
168.75 0.668035
175 0.681577
181.25 0.697398
187.5 0.709963
193.75 0.722719
200 0.735921
206.25 0.74659
212.5 0.75685
218.75 0.766754
225 0.776609
231.25 0.785896
237.5 0.795716
243.75 0.802854
250 0.809857
256.25 0.816383
262.5 0.822246
268.75 0.829481
275 0.83583
281.25 0.841935
287.5 0.848142
293.75 0.854819
300 0.860858
306.25 0.867102
312.5 0.873014
318.75 0.878632
325 0.883369
331.25 0.888461
337.5 0.892191
343.75 0.897339
350 0.90083
356.25 0.904354
362.5 0.90832
368.75 0.911502
375 0.914589
381.25 0.918566
387.5 0.92109
393.75 0.924186
400 0.926854
406.25 0.929628
412.5 0.931952
418.75 0.934031
425 0.936379
431.25 0.938549
437.5 0.940076
443.75 0.941541
450 0.943221
456.25 0.944059
462.5 0.945314
468.75 0.946422
475 0.948043
481.25 0.949097
487.5 0.949819
493.75 0.950757
500 0.951636
506.25 0.951988
512.5 0.952815
518.75 0.953372
525 0.952942
531.25 0.95334
537.5 0.95387
543.75 0.953822
550 0.954597
556.25 0.955671
562.5 0.955768
568.75 0.95597
575 0.955828
581.25 0.956384
587.5 0.955918
593.75 0.955863
600 0.955943
606.25 0.955884
612.5 0.956074
618.75 0.956112
625 0.956182
631.25 0.956516
637.5 0.956717
643.75 0.956458
650 0.956369
656.25 0.956615
662.5 0.956672
668.75 0.956728
675 0.956573
681.25 0.957201
687.5 0.95687
693.75 0.957376
700 0.957152
706.25 0.957019
712.5 0.957225
718.75 0.957114
725 0.957339
731.25 0.956874
737.5 0.957406
743.75 0.957473
750 0.958001
756.25 0.958396
762.5 0.957989
768.75 0.958119
775 0.95774
781.25 0.957764
787.5 0.95803
793.75 0.958087
800 0.957928
806.25 0.958184
812.5 0.957986
818.75 0.958051
825 0.958303
831.25 0.958344
837.5 0.958142
843.75 0.958089
850 0.958345
856.25 0.958193
862.5 0.958531
868.75 0.958181
875 0.95839
881.25 0.958367
887.5 0.958092
893.75 0.958215
900 0.957861
906.25 0.957697
912.5 0.957884
918.75 0.958146
925 0.957275
931.25 0.95763
937.5 0.958111
943.75 0.957928
950 0.957722
956.25 0.957933
962.5 0.957682
968.75 0.957949
975 0.957616
981.25 0.957884
987.5 0.958107
993.75 0.957782
1000 0.957896
1006.25 0.957431
1012.5 0.957589
1018.75 0.958061
1025 0.957902
1031.25 0.958128
1037.5 0.958524
1043.75 0.957794
1050 0.957743
1056.25 0.957519
1062.5 0.957734
1068.75 0.95762
1075 0.957753
1081.25 0.957933
1087.5 0.958221
1093.75 0.95839
1100 0.95852
1106.25 0.958313
1112.5 0.958912
1118.75 0.958234
1125 0.958229
1131.25 0.958295
1137.5 0.957787
1143.75 0.95825
1150 0.957841
1156.25 0.957884
1162.5 0.957794
1168.75 0.957866
1175 0.95793
1181.25 0.958188
1187.5 0.958718
1193.75 0.958174
1200 0.958341
1206.25 0.958281
1212.5 0.95813
1218.75 0.958174
1225 0.958116
1231.25 0.958559
1237.5 0.958465
1243.75 0.958208
1250 0.958521
