0 -0.0842112
6.25 0.135425
12.5 0.194206
18.75 0.229726
25 0.2786
31.25 0.312022
37.5 0.34294
43.75 0.379028
50 0.400763
56.25 0.423434
62.5 0.436642
68.75 0.45789
75 0.485217
81.25 0.51366
87.5 0.540804
93.75 0.569726
100 0.594636
106.25 0.616045
112.5 0.637317
118.75 0.661371
125 0.680694
131.25 0.695651
137.5 0.713309
143.75 0.731443
150 0.747286
156.25 0.762098
162.5 0.775295
168.75 0.789238
175 0.79908
181.25 0.813332
187.5 0.82173
193.75 0.831197
200 0.842067
206.25 0.850618
212.5 0.857904
218.75 0.865896
225 0.873626
231.25 0.880782
237.5 0.888738
243.75 0.894264
250 0.899964
256.25 0.90587
262.5 0.911015
268.75 0.9165
275 0.921933
281.25 0.926515
287.5 0.931756
293.75 0.936101
300 0.940458
306.25 0.944526
312.5 0.948733
318.75 0.952783
325 0.955608
331.25 0.958973
337.5 0.961161
343.75 0.964527
350 0.967425
356.25 0.969784
362.5 0.972291
368.75 0.974432
375 0.976423
381.25 0.978551
387.5 0.9803
393.75 0.982503
400 0.983849
406.25 0.98525
412.5 0.986491
418.75 0.987503
425 0.988588
431.25 0.989904
437.5 0.9905
443.75 0.991391
450 0.992378
456.25 0.993176
462.5 0.993803
468.75 0.99443
475 0.995048
481.25 0.995528
487.5 0.996
493.75 0.996529
500 0.996729
506.25 0.996956
512.5 0.997226
518.75 0.9975
525 0.997746
531.25 0.998054
537.5 0.998201
543.75 0.998216
550 0.99838
556.25 0.998584
562.5 0.998738
568.75 0.998857
575 0.998911
581.25 0.998893
587.5 0.998862
593.75 0.99898
600 0.998972
606.25 0.999018
612.5 0.999114
618.75 0.999055
625 0.999221
631.25 0.999285
637.5 0.999308
643.75 0.999286
650 0.999354
656.25 0.999417
662.5 0.999441
668.75 0.999455
675 0.999526
681.25 0.999587
687.5 0.999632
693.75 0.999685
700 0.999709
706.25 0.999729
712.5 0.999757
718.75 0.999822
725 0.999849
731.25 0.999872
737.5 0.999885
743.75 0.999895
750 0.999952
756.25 0.999967
762.5 0.999963
768.75 0.999968
775 0.999963
781.25 0.999969
787.5 0.999968
793.75 0.999968
800 0.999959
806.25 0.999965
812.5 0.999966
818.75 0.999969
825 0.999971
831.25 0.99997
837.5 0.999965
843.75 0.999966
850 0.999967
856.25 0.999967
862.5 0.99997
868.75 0.999968
875 0.99997
881.25 0.999968
887.5 0.999967
893.75 0.999966
900 0.999961
906.25 0.999961
912.5 0.999964
918.75 0.999965
925 0.99996
931.25 0.999961
937.5 0.999967
943.75 0.99996
950 0.999963
956.25 0.999965
962.5 0.99997
968.75 0.99997
975 0.999967
981.25 0.999963
987.5 0.999964
993.75 0.999958
1000 0.999959
1006.25 0.99996
1012.5 0.999967
1018.75 0.999966
1025 0.999965
1031.25 0.999962
1037.5 0.999967
1043.75 0.99996
1050 0.999958
1056.25 0.999958
1062.5 0.99996
1068.75 0.999954
1075 0.999962
1081.25 0.999965
1087.5 0.999968
1093.75 0.999964
1100 0.999969
1106.25 0.999966
1112.5 0.999969
1118.75 0.999964
1125 0.999966
1131.25 0.999967
1137.5 0.999967
1143.75 0.999966
1150 0.999967
1156.25 0.999964
1162.5 0.999968
1168.75 0.999965
1175 0.999966
1181.25 0.999969
1187.5 0.999971
1193.75 0.99997
1200 0.999969
1206.25 0.999971
1212.5 0.999966
1218.75 0.999969
1225 0.999968
1231.25 0.999971
1237.5 0.999973
1243.75 0.999967
1250 0.999968
