0 0.0583281
84.5 0.170274
169 0.21785
253.5 0.229724
338 0.225436
422.5 0.190342
507 0.190498
591.5 0.198182
676 0.194117
760.5 0.205518
845 0.216185
929.5 0.243581
1014 0.222282
1098.5 0.215093
1183 0.241407
1267.5 0.26147
1352 0.265937
1436.5 0.287417
1521 0.277652
1605.5 0.266466
1690 0.255043
1774.5 0.254673
1859 0.260241
1943.5 0.27679
2028 0.270435
2112.5 0.281965
2197 0.296335
2281.5 0.318065
2366 0.338054
2450.5 0.359359
2535 0.365919
2619.5 0.371969
2704 0.379534
2788.5 0.38181
2873 0.375447
2957.5 0.384196
3042 0.388569
3126.5 0.394148
3211 0.397302
3295.5 0.399149
3380 0.405589
3464.5 0.408278
3549 0.409763
3633.5 0.410695
3718 0.409782
3802.5 0.412628
3887 0.414291
3971.5 0.410362
4056 0.401902
4140.5 0.408632
4225 0.410198
4309.5 0.414191
4394 0.408122
4478.5 0.401933
4563 0.405665
4647.5 0.40243
4732 0.414315
4816.5 0.410005
4901 0.417117
4985.5 0.415395
5070 0.416086
5154.5 0.415218
5239 0.404732
5323.5 0.417877
5408 0.417284
5492.5 0.416162
5577 0.421861
5661.5 0.431657
5746 0.424281
5830.5 0.430105
5915 0.429237
5999.5 0.43084
6084 0.424392
6168.5 0.424865
6253 0.436407
6337.5 0.432145
6422 0.433423
6506.5 0.439001
6591 0.436735
6675.5 0.43863
6760 0.429427
6844.5 0.424689
6929 0.429779
7013.5 0.431802
7098 0.432673
7182.5 0.437263
7267 0.439943
7351.5 0.439056
7436 0.446645
7520.5 0.447584
7605 0.451838
7689.5 0.453389
7774 0.452476
7858.5 0.446473
7943 0.450551
8027.5 0.454634
8112 0.453422
8196.5 0.453747
8281 0.458232
8365.5 0.461749
8450 0.463022
