0 7.08705e-08
25 0.000683966
50 0.00143848
75 0.0022155
100 0.0028434
125 0.00291442
150 0.00319945
175 0.00340923
200 0.00339003
225 0.00351104
250 0.0034679
275 0.00366947
300 0.00368631
325 0.00385526
350 0.0037315
375 0.00346554
400 0.00337137
425 0.0030996
450 0.0031744
475 0.0029054
500 0.00293944
525 0.00312452
550 0.0029979
575 0.00302411
600 0.00300713
625 0.00269169
650 0.00288213
675 0.00283386
700 0.00293434
725 0.00319611
750 0.00307837
775 0.00296974
800 0.00298653
825 0.00293578
850 0.00268363
875 0.00274331
900 0.00270339
925 0.00261089
950 0.00254219
975 0.00239028
1000 0.0023094
1025 0.00214896
1050 0.00212928
1075 0.00210051
1100 0.0021787
1125 0.00227259
1150 0.00245605
1175 0.00252216
1200 0.00247745
1225 0.00239573
1250 0.00241657
1275 0.00233396
1300 0.00227586
1325 0.00236958
1350 0.002363
1375 0.00221807
1400 0.00238254
1425 0.00256306
1450 0.00275845
1475 0.00277113
1500 0.00285776
1525 0.00268877
1550 0.00247525
1575 0.00235349
1600 0.00223278
1625 0.00211105
1650 0.00211193
1675 0.00209032
1700 0.00211011
1725 0.00223888
1750 0.00233755
1775 0.00229052
1800 0.00228535
1825 0.0021446
1850 0.00201702
1875 0.00194513
1900 0.00197265
1925 0.00203853
1950 0.00218878
1975 0.00234313
2000 0.00240434
2025 0.0023743
2050 0.00260273
2075 0.00293805
2100 0.00362987
2125 0.00412069
2150 0.00451409
2175 0.00476984
2200 0.00484621
2225 0.00536614
2250 0.00554572
2275 0.0057937
2300 0.00597731
2325 0.00624365
2350 0.0063659
2375 0.00659337
2400 0.0068225
2425 0.0068837
2450 0.00693665
2475 0.00704006
2500 0.00710182
2525 0.00730267
2550 0.00792549
2575 0.00829336
2600 0.0089116
2625 0.00947992
2650 0.00986862
2675 0.01037
2700 0.0108439
2725 0.0110435
2750 0.0111152
2775 0.0112164
2800 0.0111831
2825 0.0114044
2850 0.0115037
2875 0.0116702
2900 0.0116764
2925 0.0116227
2950 0.0116568
2975 0.01186
3000 0.0119724
3025 0.0120467
3050 0.0123134
3075 0.0123276
3100 0.0120376
3125 0.011899
3150 0.0118735
3175 0.0118404
3200 0.0117938
3225 0.0114089
3250 0.0112337
3275 0.0111313
3300 0.0111096
3325 0.011283
3350 0.0111969
3375 0.0109686
3400 0.0110106
3425 0.0111576
3450 0.0113151
3475 0.0116004
3500 0.0117191
3525 0.0115187
3550 0.0114892
3575 0.0115576
3600 0.0115802
3625 0.0115126
3650 0.0120245
3675 0.0125557
3700 0.0130884
3725 0.0134908
3750 0.0139881
3775 0.0143263
3800 0.0147345
3825 0.0152021
3850 0.0154179
3875 0.0157278
3900 0.0158586
3925 0.0157448
3950 0.0159778
3975 0.0157587
4000 0.0157149
4025 0.0159284
4050 0.0160799
4075 0.0160181
4100 0.015721
4125 0.0156842
4150 0.015777
4175 0.0158434
4200 0.0158814
4225 0.0159481
4250 0.0158799
4275 0.0160106
4300 0.016072
4325 0.016045
4350 0.0160799
4375 0.0162458
4400 0.016131
4425 0.0160219
4450 0.0158778
4475 0.0159393
4500 0.0160379
4525 0.0161049
4550 0.0163851
4575 0.0163104
4600 0.015996
4625 0.0159778
4650 0.0157488
4675 0.0157954
4700 0.0157897
4725 0.015835
4750 0.0159784
4775 0.0165375
4800 0.0170646
4825 0.0178403
4850 0.0183085
4875 0.0186187
4900 0.0189499
4925 0.0195293
4950 0.0199249
4975 0.0200199
5000 0.0197716
