0 161.05333333 161.60666667
2.00000000 26.08666667 26.19333333
4.00000000 14.66000000 14.64666667
6.00000000 10.78000000 10.77333333
8.00000000 8.64000000 8.66000000
10.00000000 7.25333333 7.36666667
12.00000000 6.34000000 6.46000000
14.00000000 5.51333333 5.67333333
16.00000000 5.12666667 5.12000000
18.00000000 4.72000000 4.71333333
20.00000000 4.26000000 4.32000000
22.00000000 3.94666667 4.08666667
24.00000000 3.80666667 3.79333333
26.00000000 3.56666667 3.59333333
28.00000000 3.41333333 3.35333333
30.00000000 3.22000000 3.17333333
32.00000000 3.00000000 3.08000000
34.00000000 2.94666667 2.99333333
36.00000000 2.85333333 2.81333333
38.00000000 2.74000000 2.74000000
40.00000000 2.61333333 2.57333333
42.00000000 2.56000000 2.57333333
44.00000000 2.49333333 2.43333333
46.00000000 2.30000000 2.43333333
48.00000000 2.23333333 2.26000000
50.00000000 2.21333333 2.13333333
52.00000000 2.17333333 2.12666667
54.00000000 2.06666667 2.11333333
56.00000000 1.98000000 2.08666667
58.00000000 1.94666667 2.00000000
60.00000000 1.96000000 1.94666667
62.00000000 1.84000000 1.88666667
64.00000000 1.84000000 1.84666667
66.00000000 1.77333333 1.81333333
68.00000000 1.72000000 1.74000000
70.00000000 1.66000000 1.66666667
72.00000000 1.68000000 1.66666667
74.00000000 1.57333333 1.61333333
76.00000000 1.60666667 1.60666667
78.00000000 1.51333333 1.60666667
80.00000000 1.53333333 1.56666667
82.00000000 1.45333333 1.49333333
84.00000000 1.48000000 1.48666667
86.00000000 1.41333333 1.45333333
88.00000000 1.44666667 1.41333333
90.00000000 1.43333333 1.44000000
92.00000000 1.36666667 1.42666667
94.00000000 1.39333333 1.38666667
96.00000000 1.30000000 1.31333333
98.00000000 1.30666667 1.28666667
100.00000000 1.25333333 1.32666667
102.00000000 1.24000000 1.24666667
104.00000000 1.26000000 1.28000000
106.00000000 1.22000000 1.21333333
108.00000000 1.22666667 1.18666667
110.00000000 1.19333333 1.16666667
112.00000000 1.18000000 1.22666667
114.00000000 1.14666667 1.15333333
116.00000000 1.12000000 1.14666667
118.00000000 1.10666667 1.14000000
120.00000000 1.09333333 1.14000000
122.00000000 1.14666667 1.14000000
124.00000000 1.01333333 1.10000000
126.00000000 1.02666667 1.04666667
128.00000000 0.98000000 1.00666667
130.00000000 0.98000000 0.96000000
132.00000000 0.93333333 0.96000000
134.00000000 0.88666667 0.91333333
136.00000000 0.90666667 0.91333333
138.00000000 0.90000000 0.92666667
140.00000000 0.87333333 0.88666667
142.00000000 0.84666667 0.84000000
144.00000000 0.86666667 0.86666667
146.00000000 0.82666667 0.86000000
148.00000000 0.81333333 0.79333333
150.00000000 0.79333333 0.82666667
152.00000000 0.76000000 0.80666667
154.00000000 0.78000000 0.74000000
156.00000000 0.75333333 0.79333333
158.00000000 0.73333333 0.74000000
160.00000000 0.75333333 0.72666667
162.00000000 0.73333333 0.73333333
164.00000000 0.70666667 0.68666667
166.00000000 0.68666667 0.69333333
168.00000000 0.67333333 0.69333333
170.00000000 0.68000000 0.66666667
172.00000000 0.63333333 0.68000000
174.00000000 0.65333333 0.65333333
176.00000000 0.62666667 0.66000000
178.00000000 0.61333333 0.62666667
180.00000000 0.60000000 0.60666667
182.00000000 0.59333333 0.61333333
184.00000000 0.58000000 0.58000000
186.00000000 0.58666667 0.58666667
188.00000000 0.60666667 0.58666667
190.00000000 0.55333333 0.57333333
192.00000000 0.55333333 0.56666667
194.00000000 0.57333333 0.57333333
196.00000000 0.53333333 0.52666667
198.00000000 0.53333333 0.53333333
200.00000000 0.47333333 0.52000000
202.00000000 0.48666667 0.48666667
204.00000000 0.49333333 0.48000000
206.00000000 0.44666667 0.46666667
208.00000000 0.48000000 0.45333333
210.00000000 0.43333333 0.44666667
212.00000000 0.44666667 0.44666667
214.00000000 0.44000000 0.43333333
216.00000000 0.39333333 0.40000000
218.00000000 0.41333333 0.40000000
220.00000000 0.43333333 0.41333333
222.00000000 0.36666667 0.40000000
224.00000000 0.38000000 0.38666667
226.00000000 0.38666667 0.40000000
228.00000000 0.38000000 0.38000000
230.00000000 0.34666667 0.39333333
232.00000000 0.36666667 0.36666667
234.00000000 0.36666667 0.38666667
236.00000000 0.36666667 0.36000000
238.00000000 0.36000000 0.36000000
240.00000000 0.36000000 0.35333333
242.00000000 0.33333333 0.32000000
244.00000000 0.30666667 0.33333333
246.00000000 0.32000000 0.33333333
248.00000000 0.31333333 0.29333333
250.00000000 0.33333333 0.32666667
252.00000000 0.30666667 0.32000000
254.00000000 0.32000000 0.32000000
256.00000000 0.30000000 0.30000000
258.00000000 0.31333333 0.28000000
260.00000000 0.32000000 0.29333333
262.00000000 0.30000000 0.30666667
264.00000000 0.28000000 0.29333333
266.00000000 0.31333333 0.30666667
268.00000000 0.30000000 0.29333333
270.00000000 0.28666667 0.28666667
272.00000000 0.26000000 0.26000000
274.00000000 0.24666667 0.26666667
276.00000000 0.26000000 0.24666667
278.00000000 0.24666667 0.23333333
280.00000000 0.24666667 0.24666667
282.00000000 0.22000000 0.24000000
284.00000000 0.24666667 0.23333333
286.00000000 0.21333333 0.22666667
288.00000000 0.21333333 0.21333333
290.00000000 0.20666667 0.20666667
292.00000000 0.20666667 0.20666667
294.00000000 0.21333333 0.21333333
296.00000000 0.20000000 0.21333333
298.00000000 0.20000000 0.21333333
300.00000000 0.18000000 0.20000000
302.00000000 0.20000000 0.19333333
304.00000000 0.18666667 0.19333333
306.00000000 0.15333333 0.19333333
308.00000000 0.19333333 0.19333333
310.00000000 0.18000000 0.18666667
312.00000000 0.18666667 0.18666667
314.00000000 0.18000000 0.18666667
316.00000000 0.18000000 0.18666667
318.00000000 0.17333333 0.19333333
320.00000000 0.17333333 0.16666667
322.00000000 0.16666667 0.15333333
324.00000000 0.17333333 0.17333333
326.00000000 0.18000000 0.18000000
328.00000000 0.16000000 0.17333333
330.00000000 0.18000000 0.18666667
332.00000000 0.18000000 0.17333333
334.00000000 0.15333333 0.16000000
336.00000000 0.16666667 0.15333333
338.00000000 0.15333333 0.16000000
340.00000000 0.14000000 0.16000000
342.00000000 0.14666667 0.16000000
344.00000000 0.14666667 0.14666667
346.00000000 0.14000000 0.14666667
348.00000000 0.14666667 0.14000000
350.00000000 0.14000000 0.14000000
352.00000000 0.16000000 0.16000000
354.00000000 0.16000000 0.14666667
356.00000000 0.15333333 0.14666667
358.00000000 0.14000000 0.14000000
360.00000000 0.14000000 0.14000000
362.00000000 0.14666667 0.14000000
364.00000000 0.14000000 0.14666667
366.00000000 0.14000000 0.12666667
368.00000000 0.14666667 0.12000000
370.00000000 0.12666667 0.11333333
372.00000000 0.13333333 0.11333333
374.00000000 0.12000000 0.11333333
376.00000000 0.12000000 0.11333333
378.00000000 0.10000000 0.10666667
380.00000000 0.08666667 0.08666667
382.00000000 0.09333333 0.08666667
384.00000000 0.09333333 0.08000000
386.00000000 0.09333333 0.08000000
388.00000000 0.08666667 0.08666667
390.00000000 0.06666667 0.09333333
392.00000000 0.08000000 0.08000000
394.00000000 0.08666667 0.06666667
396.00000000 0.08666667 0.07333333
398.00000000 0.07333333 0.08666667
400.00000000 0.07333333 0.08000000
402.00000000 0.08000000 0.08000000
404.00000000 0.08000000 0.06666667
406.00000000 0.07333333 0.07333333
408.00000000 0.07333333 0.06666667
410.00000000 0.06000000 0.06000000
412.00000000 0.06000000 0.07333333
414.00000000 0.06666667 0.06000000
416.00000000 0.07333333 0.07333333
418.00000000 0.07333333 0.06000000
420.00000000 0.06666667 0.07333333
422.00000000 0.07333333 0.06000000
424.00000000 0.06666667 0.07333333
426.00000000 0.06666667 0.07333333
428.00000000 0.07333333 0.07333333
430.00000000 0.05333333 0.06000000
432.00000000 0.07333333 0.06666667
434.00000000 0.06666667 0.06666667
436.00000000 0.06666667 0.06666667
438.00000000 0.07333333 0.07333333
440.00000000 0.06666667 0.06000000
442.00000000 0.06666667 0.06666667
444.00000000 0.06666667 0.06666667
446.00000000 0.06666667 0.06666667
448.00000000 0.06000000 0.06666667
450.00000000 0.06666667 0.06666667
452.00000000 0.05333333 0.04666667
454.00000000 0.04666667 0.05333333
456.00000000 0.05333333 0.04666667
458.00000000 0.05333333 0.05333333
460.00000000 0.04666667 0.05333333
462.00000000 0.04666667 0.05333333
464.00000000 0.05333333 0.04000000
466.00000000 0.05333333 0.05333333
468.00000000 0.05333333 0.04666667
470.00000000 0.05333333 0.04666667
472.00000000 0.05333333 0.05333333
474.00000000 0.03333333 0.04666667
476.00000000 0.04666667 0.05333333
478.00000000 0.04000000 0.05333333
480.00000000 0.05333333 0.05333333
482.00000000 0.04000000 0.04666667
484.00000000 0.05333333 0.04000000
486.00000000 0.05333333 0.05333333
488.00000000 0.04000000 0.05333333
490.00000000 0.05333333 0.05333333
492.00000000 0.05333333 0.05333333
494.00000000 0.05333333 0.05333333
496.00000000 0.03333333 0.04666667
498.00000000 0.04666667 0.04000000
500.00000000 0.04666667 0.04666667
502.00000000 0.04666667 0.03333333
504.00000000 0.04666667 0.04000000
506.00000000 0.03333333 0.04666667
508.00000000 0.04000000 0.04000000
510.00000000 0.04666667 0.04666667
512.00000000 0.04000000 0.04666667
514.00000000 0.04666667 0.04000000
516.00000000 0.04000000 0.04000000
518.00000000 0.04000000 0.04000000
520.00000000 0.04000000 0.03333333
522.00000000 0.03333333 0.04000000
524.00000000 0.04000000 0.03333333
526.00000000 0.03333333 0.04000000
528.00000000 0.02666667 0.04000000
530.00000000 0.04000000 0.04000000
532.00000000 0.04000000 0.04000000
534.00000000 0.04000000 0.04000000
536.00000000 0.03333333 0.04000000
538.00000000 0.03333333 0.03333333
540.00000000 0.03333333 0.03333333
542.00000000 0.03333333 0.03333333
544.00000000 0.02000000 0.03333333
546.00000000 0.02000000 0.03333333
548.00000000 0.03333333 0.03333333
550.00000000 0.03333333 0.03333333
552.00000000 0.03333333 0.03333333
554.00000000 0.03333333 0.03333333
556.00000000 0.03333333 0.03333333
558.00000000 0.03333333 0.03333333
560.00000000 0.02666667 0.03333333
562.00000000 0.03333333 0.03333333
564.00000000 0.02666667 0.02666667
566.00000000 0.02666667 0.02666667
568.00000000 0.02000000 0.02666667
570.00000000 0.02000000 0.02000000
572.00000000 0.02000000 0.02000000
574.00000000 0.02000000 0.01333333
576.00000000 0.02000000 0.02000000
578.00000000 0.01333333 0.02000000
580.00000000 0.02000000 0.02000000
582.00000000 0.02000000 0.02000000
584.00000000 0.02000000 0.02000000
586.00000000 0.02000000 0.01333333
588.00000000 0.02000000 0.02000000
590.00000000 0.01333333 0.02000000
592.00000000 0.01333333 0.02000000
594.00000000 0.02000000 0.02000000
596.00000000 0.02000000 0.02000000
598.00000000 0.02000000 0.02000000
600.00000000 0.02000000 0.02000000
602.00000000 0.02000000 0.02000000
604.00000000 0.02000000 0.02000000
606.00000000 0.02000000 0.01333333
608.00000000 0.02000000 0.02000000
610.00000000 0.02000000 0.02000000
612.00000000 0.02000000 0.02000000
614.00000000 0.02000000 0.02000000
616.00000000 0.02000000 0.02000000
618.00000000 0.02000000 0.02000000
620.00000000 0.02000000 0.02000000
622.00000000 0.01333333 0.02000000
624.00000000 0.02000000 0.02000000
626.00000000 0.02000000 0.01333333
628.00000000 0.02000000 0.02000000
630.00000000 0.01333333 0.02000000
632.00000000 0.02000000 0.01333333
634.00000000 0.02000000 0.02000000
636.00000000 0.02000000 0.02000000
638.00000000 0.02000000 0.02000000
640.00000000 0.02000000 0.02000000
642.00000000 0.02000000 0.01333333
644.00000000 0.02000000 0.01333333
646.00000000 0.00666667 0.00666667
648.00000000 0.01333333 0.01333333
650.00000000 0.01333333 0.01333333
652.00000000 0.01333333 0.01333333
654.00000000 0.00666667 0.01333333
656.00000000 0.01333333 0.01333333
658.00000000 0.01333333 0.01333333
660.00000000 0.01333333 0.01333333
662.00000000 0.01333333 0.01333333
664.00000000 0.01333333 0.01333333
666.00000000 0.01333333 0.01333333
668.00000000 0.01333333 0.01333333
670.00000000 0.01333333 0.01333333
672.00000000 0.01333333 0.01333333
674.00000000 0.01333333 0.01333333
676.00000000 0.01333333 0.01333333
678.00000000 0.01333333 0.01333333
680.00000000 0.01333333 0.01333333
682.00000000 0.01333333 0.01333333
684.00000000 0.01333333 0.01333333
686.00000000 0.00666667 0.00666667
688.00000000 0.00666667 0.00666667
690.00000000 0.00666667 0.00666667
692.00000000 0.00000000 0.00666667
694.00000000 0.00666667 0.00666667
696.00000000 0.00666667 0.00666667
698.00000000 0.00666667 0.00666667
700.00000000 0.00666667 0.00666667
702.00000000 0.00000000 0.00666667
704.00000000 0.00666667 0.00666667
706.00000000 0.00666667 0.00666667
708.00000000 0.00666667 0.00666667
710.00000000 0.00666667 0.00666667
712.00000000 0.00666667 0.00666667
714.00000000 0.00666667 0.00666667
716.00000000 0.00666667 0.00666667
718.00000000 0.00666667 0.00666667
720.00000000 0.00666667 0.00666667
722.00000000 0.00666667 0.00000000
724.00000000 0.00666667 0.00666667
726.00000000 0.00666667 0.00666667
728.00000000 0.00666667 0.00666667
730.00000000 0.00666667 0.00666667
732.00000000 0.00000000 0.00000000
734.00000000 0.00000000 0.00000000
736.00000000 0.00000000 0.00000000
738.00000000 0.00000000 0.00000000
740.00000000 0.00000000 0.00000000
742.00000000 0.00000000 0.00000000
744.00000000 0.00000000 0.00000000
746.00000000 0.00000000 0.00000000
748.00000000 0.00000000 0.00000000
750.00000000 0.00000000 0.00000000
752.00000000 0.00000000 0.00000000
754.00000000 0.00000000 0.00000000
756.00000000 0.00000000 0.00000000
758.00000000 0.00000000 0.00000000
760.00000000 0.00000000 0.00000000
762.00000000 0.00000000 0.00000000
764.00000000 0.00000000 0.00000000
766.00000000 0.00000000 0.00000000
768.00000000 0.00000000 0.00000000
770.00000000 0.00000000 0.00000000
772.00000000 0.00000000 0.00000000
774.00000000 0.00000000 0.00000000
776.00000000 0.00000000 0.00000000
778.00000000 0.00000000 0.00000000
780.00000000 0.00000000 0.00000000
782.00000000 0.00000000 0.00000000
784.00000000 0.00000000 0.00000000
786.00000000 0.00000000 0.00000000
788.00000000 0.00000000 0.00000000
790.00000000 0.00000000 0.00000000
792.00000000 0.00000000 0.00000000
794.00000000 0.00000000 0.00000000
796.00000000 0.00000000 0.00000000
798.00000000 0.00000000 0.00000000
800.00000000 0.00000000 0.00000000
802.00000000 0.00000000 0.00000000
804.00000000 0.00000000 0.00000000
806.00000000 0.00000000 0.00000000
808.00000000 0.00000000 0.00000000
810.00000000 0.00000000 0.00000000
812.00000000 0.00000000 0.00000000
814.00000000 0.00000000 0.00000000
816.00000000 0.00000000 0.00000000
818.00000000 0.00000000 0.00000000
820.00000000 0.00000000 0.00000000
822.00000000 0.00000000 0.00000000
824.00000000 0.00000000 0.00000000
826.00000000 0.00000000 0.00000000
828.00000000 0.00000000 0.00000000
830.00000000 0.00000000 0.00000000
832.00000000 0.00000000 0.00000000
834.00000000 0.00000000 0.00000000
836.00000000 0.00000000 0.00000000
838.00000000 0.00000000 0.00000000
840.00000000 0.00000000 0.00000000
842.00000000 0.00000000 0.00000000
844.00000000 0.00000000 0.00000000
846.00000000 0.00000000 0.00000000
848.00000000 0.00000000 0.00000000
850.00000000 0.00000000 0.00000000
852.00000000 0.00000000 0.00000000
854.00000000 0.00000000 0.00000000
856.00000000 0.00000000 0.00000000
858.00000000 0.00000000 0.00000000
860.00000000 0.00000000 0.00000000
862.00000000 0.00000000 0.00000000
864.00000000 0.00000000 0.00000000
866.00000000 0.00000000 0.00000000
868.00000000 0.00000000 0.00000000
870.00000000 0.00000000 0.00000000
872.00000000 0.00000000 0.00000000
874.00000000 0.00000000 0.00000000
876.00000000 0.00000000 0.00000000
878.00000000 0.00000000 0.00000000
880.00000000 0.00000000 0.00000000
882.00000000 0.00000000 0.00000000
884.00000000 0.00000000 0.00000000
886.00000000 0.00000000 0.00000000
888.00000000 0.00000000 0.00000000
890.00000000 0.00000000 0.00000000
892.00000000 0.00000000 0.00000000
894.00000000 0.00000000 0.00000000
896.00000000 0.00000000 0.00000000
898.00000000 0.00000000 0.00000000
900.00000000 0.00000000 0.00000000
902.00000000 0.00000000 0.00000000
904.00000000 0.00000000 0.00000000
906.00000000 0.00000000 0.00000000
908.00000000 0.00000000 0.00000000
910.00000000 0.00000000 0.00000000
912.00000000 0.00000000 0.00000000
914.00000000 0.00000000 0.00000000
916.00000000 0.00000000 0.00000000
918.00000000 0.00000000 0.00000000
920.00000000 0.00000000 0.00000000
922.00000000 0.00000000 0.00000000
924.00000000 0.00000000 0.00000000
926.00000000 0.00000000 0.00000000
928.00000000 0.00000000 0.00000000
930.00000000 0.00000000 0.00000000
932.00000000 0.00000000 0.00000000
934.00000000 0.00000000 0.00000000
936.00000000 0.00000000 0.00000000
938.00000000 0.00000000 0.00000000
940.00000000 0.00000000 0.00000000
942.00000000 0.00000000 0.00000000
944.00000000 0.00000000 0.00000000
946.00000000 0.00000000 0.00000000
948.00000000 0.00000000 0.00000000
950.00000000 0.00000000 0.00000000
952.00000000 0.00000000 0.00000000
954.00000000 0.00000000 0.00000000
956.00000000 0.00000000 0.00000000
958.00000000 0.00000000 0.00000000
960.00000000 0.00000000 0.00000000
962.00000000 0.00000000 0.00000000
964.00000000 0.00000000 0.00000000
966.00000000 0.00000000 0.00000000
968.00000000 0.00000000 0.00000000
970.00000000 0.00000000 0.00000000
972.00000000 0.00000000 0.00000000
974.00000000 0.00000000 0.00000000
976.00000000 0.00000000 0.00000000
978.00000000 0.00000000 0.00000000
980.00000000 0.00000000 0.00000000
982.00000000 0.00000000 0.00000000
984.00000000 0.00000000 0.00000000
986.00000000 0.00000000 0.00000000
988.00000000 0.00000000 0.00000000
990.00000000 0.00000000 0.00000000
992.00000000 0.00000000 0.00000000
994.00000000 0.00000000 0.00000000
996.00000000 0.00000000 0.00000000
998.00000000 0.00000000 0.00000000
1000.00000000 0.00000000 0.00000000
1002.00000000 0.00000000 0.00000000
1004.00000000 0.00000000 0.00000000
1006.00000000 0.00000000 0.00000000
1008.00000000 0.00000000 0.00000000
1010.00000000 0.00000000 0.00000000
1012.00000000 0.00000000 0.00000000
1014.00000000 0.00000000 0.00000000
1016.00000000 0.00000000 0.00000000
1018.00000000 0.00000000 0.00000000
1020.00000000 0.00000000 0.00000000
1022.00000000 0.00000000 0.00000000
1024.00000000 0.00000000 0.00000000
1026.00000000 0.00000000 0.00000000
1028.00000000 0.00000000 0.00000000
1030.00000000 0.00000000 0.00000000
1032.00000000 0.00000000 0.00000000
1034.00000000 0.00000000 0.00000000
1036.00000000 0.00000000 0.00000000
1038.00000000 0.00000000 0.00000000
1040.00000000 0.00000000 0.00000000
1042.00000000 0.00000000 0.00000000
1044.00000000 0.00000000 0.00000000
1046.00000000 0.00000000 0.00000000
1048.00000000 0.00000000 0.00000000
1050.00000000 0.00000000 0.00000000
1052.00000000 0.00000000 0.00000000
1054.00000000 0.00000000 0.00000000
1056.00000000 0.00000000 0.00000000
1058.00000000 0.00000000 0.00000000
1060.00000000 0.00000000 0.00000000
1062.00000000 0.00000000 0.00000000
1064.00000000 0.00000000 0.00000000
1066.00000000 0.00000000 0.00000000
1068.00000000 0.00000000 0.00000000
1070.00000000 0.00000000 0.00000000
1072.00000000 0.00000000 0.00000000
1074.00000000 0.00000000 0.00000000
1076.00000000 0.00000000 0.00000000
1078.00000000 0.00000000 0.00000000
1080.00000000 0.00000000 0.00000000
1082.00000000 0.00000000 0.00000000
1084.00000000 0.00000000 0.00000000
1086.00000000 0.00000000 0.00000000
1088.00000000 0.00000000 0.00000000
1090.00000000 0.00000000 0.00000000
1092.00000000 0.00000000 0.00000000
1094.00000000 0.00000000 0.00000000
1096.00000000 0.00000000 0.00000000
1098.00000000 0.00000000 0.00000000
1100.00000000 0.00000000 0.00000000
1102.00000000 0.00000000 0.00000000
1104.00000000 0.00000000 0.00000000
1106.00000000 0.00000000 0.00000000
1108.00000000 0.00000000 0.00000000
1110.00000000 0.00000000 0.00000000
1112.00000000 0.00000000 0.00000000
1114.00000000 0.00000000 0.00000000
1116.00000000 0.00000000 0.00000000
1118.00000000 0.00000000 0.00000000
1120.00000000 0.00000000 0.00000000
1122.00000000 0.00000000 0.00000000
1124.00000000 0.00000000 0.00000000
1126.00000000 0.00000000 0.00000000
1128.00000000 0.00000000 0.00000000
1130.00000000 0.00000000 0.00000000
1132.00000000 0.00000000 0.00000000
1134.00000000 0.00000000 0.00000000
1136.00000000 0.00000000 0.00000000
1138.00000000 0.00000000 0.00000000
1140.00000000 0.00000000 0.00000000
1142.00000000 0.00000000 0.00000000
1144.00000000 0.00000000 0.00000000
1146.00000000 0.00000000 0.00000000
1148.00000000 0.00000000 0.00000000
1150.00000000 0.00000000 0.00000000
1152.00000000 0.00000000 0.00000000
1154.00000000 0.00000000 0.00000000
1156.00000000 0.00000000 0.00000000
1158.00000000 0.00000000 0.00000000
1160.00000000 0.00000000 0.00000000
1162.00000000 0.00000000 0.00000000
1164.00000000 0.00000000 0.00000000
1166.00000000 0.00000000 0.00000000
1168.00000000 0.00000000 0.00000000
1170.00000000 0.00000000 0.00000000
1172.00000000 0.00000000 0.00000000
1174.00000000 0.00000000 0.00000000
1176.00000000 0.00000000 0.00000000
1178.00000000 0.00000000 0.00000000
1180.00000000 0.00000000 0.00000000
1182.00000000 0.00000000 0.00000000
1184.00000000 0.00000000 0.00000000
1186.00000000 0.00000000 0.00000000
1188.00000000 0.00000000 0.00000000
1190.00000000 0.00000000 0.00000000
1192.00000000 0.00000000 0.00000000
1194.00000000 0.00000000 0.00000000
1196.00000000 0.00000000 0.00000000
1198.00000000 0.00000000 0.00000000
1200.00000000 0.00000000 0.00000000
1202.00000000 0.00000000 0.00000000
1204.00000000 0.00000000 0.00000000
1206.00000000 0.00000000 0.00000000
1208.00000000 0.00000000 0.00000000
1210.00000000 0.00000000 0.00000000
1212.00000000 0.00000000 0.00000000
1214.00000000 0.00000000 0.00000000
1216.00000000 0.00000000 0.00000000
1218.00000000 0.00000000 0.00000000
1220.00000000 0.00000000 0.00000000
1222.00000000 0.00000000 0.00000000
1224.00000000 0.00000000 0.00000000
1226.00000000 0.00000000 0.00000000
1228.00000000 0.00000000 0.00000000
