0 646.00000000 649.55000000
1.00000000 452.55000000 450.55000000
2.00000000 442.45000000 442.50000000
3.00000000 437.55000000 439.45000000
4.00000000 438.10000000 438.00000000
5.00000000 437.05000000 437.75000000
6.00000000 439.15000000 440.40000000
7.00000000 439.20000000 439.35000000
8.00000000 443.10000000 444.40000000
9.00000000 441.55000000 444.90000000
10.00000000 441.70000000 441.75000000
11.00000000 441.10000000 439.70000000
12.00000000 440.05000000 443.35000000
13.00000000 438.65000000 439.90000000
14.00000000 436.00000000 437.25000000
15.00000000 440.85000000 442.45000000
16.00000000 435.75000000 437.30000000
17.00000000 438.40000000 439.05000000
18.00000000 439.85000000 442.60000000
19.00000000 437.80000000 439.20000000
20.00000000 436.85000000 439.70000000
21.00000000 437.55000000 440.60000000
22.00000000 440.50000000 443.25000000
23.00000000 439.90000000 440.65000000
24.00000000 436.50000000 438.20000000
25.00000000 435.95000000 437.35000000
26.00000000 432.65000000 434.20000000
27.00000000 441.15000000 442.45000000
28.00000000 435.55000000 435.40000000
29.00000000 431.85000000 432.90000000
30.00000000 444.45000000 444.90000000
31.00000000 438.40000000 440.80000000
32.00000000 435.10000000 435.20000000
33.00000000 435.80000000 439.20000000
34.00000000 439.75000000 438.75000000
35.00000000 438.65000000 442.00000000
36.00000000 442.10000000 442.85000000
37.00000000 435.35000000 434.75000000
38.00000000 434.15000000 434.30000000
39.00000000 439.30000000 438.65000000
40.00000000 435.45000000 435.05000000
41.00000000 436.80000000 437.05000000
42.00000000 443.30000000 444.95000000
43.00000000 438.30000000 439.15000000
44.00000000 442.20000000 443.30000000
45.00000000 435.60000000 435.50000000
46.00000000 443.45000000 442.25000000
47.00000000 441.55000000 438.70000000
48.00000000 438.25000000 438.35000000
49.00000000 437.50000000 438.20000000
50.00000000 443.55000000 445.95000000
51.00000000 444.05000000 443.70000000
52.00000000 441.90000000 441.90000000
53.00000000 444.55000000 445.05000000
54.00000000 436.40000000 437.90000000
55.00000000 437.65000000 438.15000000
56.00000000 436.70000000 437.65000000
57.00000000 438.70000000 438.80000000
58.00000000 434.30000000 432.70000000
59.00000000 437.80000000 440.55000000
60.00000000 438.20000000 439.80000000
61.00000000 438.95000000 439.30000000
62.00000000 436.50000000 436.00000000
63.00000000 430.40000000 433.50000000
64.00000000 431.85000000 432.60000000
65.00000000 436.90000000 439.70000000
66.00000000 439.85000000 441.20000000
67.00000000 438.15000000 442.55000000
68.00000000 437.50000000 438.25000000
69.00000000 440.40000000 438.60000000
70.00000000 439.60000000 439.90000000
71.00000000 440.70000000 439.25000000
72.00000000 436.55000000 437.65000000
73.00000000 436.10000000 436.45000000
74.00000000 434.70000000 437.20000000
75.00000000 438.60000000 440.95000000
76.00000000 437.90000000 438.60000000
77.00000000 434.50000000 436.20000000
78.00000000 440.45000000 443.80000000
79.00000000 432.20000000 434.80000000
80.00000000 441.10000000 443.40000000
81.00000000 442.20000000 445.50000000
82.00000000 437.70000000 438.40000000
83.00000000 437.95000000 437.60000000
84.00000000 441.70000000 442.95000000
85.00000000 435.70000000 437.65000000
86.00000000 433.55000000 433.00000000
87.00000000 434.15000000 432.15000000
88.00000000 432.65000000 434.55000000
89.00000000 440.10000000 438.00000000
90.00000000 437.45000000 438.15000000
91.00000000 439.60000000 439.45000000
92.00000000 441.05000000 440.25000000
93.00000000 432.80000000 434.60000000
94.00000000 429.80000000 431.75000000
95.00000000 440.30000000 439.95000000
96.00000000 439.55000000 439.80000000
97.00000000 440.75000000 440.00000000
98.00000000 438.85000000 439.95000000
99.00000000 435.00000000 437.10000000
100.00000000 437.75000000 441.25000000
101.00000000 437.70000000 440.35000000
102.00000000 435.45000000 435.10000000
103.00000000 439.00000000 440.85000000
104.00000000 433.85000000 435.65000000
105.00000000 433.80000000 436.35000000
106.00000000 441.35000000 441.55000000
107.00000000 439.40000000 445.25000000
108.00000000 428.10000000 430.25000000
109.00000000 437.10000000 439.85000000
110.00000000 430.00000000 433.95000000
111.00000000 434.55000000 435.65000000
112.00000000 446.15000000 445.80000000
113.00000000 438.50000000 438.75000000
114.00000000 438.20000000 439.70000000
115.00000000 437.20000000 439.40000000
116.00000000 440.70000000 443.80000000
117.00000000 442.35000000 441.80000000
118.00000000 434.40000000 436.85000000
119.00000000 434.50000000 435.95000000
120.00000000 434.90000000 436.05000000
121.00000000 440.30000000 440.00000000
122.00000000 440.60000000 442.95000000
123.00000000 436.20000000 434.60000000
124.00000000 437.80000000 439.15000000
125.00000000 436.85000000 435.70000000
126.00000000 438.45000000 437.90000000
127.00000000 439.85000000 441.05000000
128.00000000 436.25000000 440.70000000
129.00000000 438.30000000 439.35000000
130.00000000 435.20000000 438.20000000
131.00000000 433.00000000 434.25000000
132.00000000 437.75000000 439.45000000
133.00000000 441.50000000 440.80000000
134.00000000 439.10000000 439.80000000
135.00000000 432.05000000 433.55000000
136.00000000 435.40000000 437.00000000
137.00000000 437.90000000 438.15000000
138.00000000 436.30000000 439.30000000
139.00000000 437.85000000 439.80000000
140.00000000 440.70000000 442.70000000
141.00000000 439.80000000 438.70000000
142.00000000 443.60000000 443.65000000
143.00000000 441.45000000 440.85000000
144.00000000 445.80000000 446.25000000
145.00000000 442.85000000 441.70000000
146.00000000 433.70000000 435.45000000
147.00000000 436.45000000 437.60000000
148.00000000 442.75000000 445.40000000
149.00000000 431.80000000 434.20000000
150.00000000 435.60000000 436.70000000
151.00000000 443.65000000 445.65000000
152.00000000 435.20000000 438.10000000
153.00000000 440.70000000 440.20000000
154.00000000 440.15000000 441.60000000
155.00000000 436.50000000 437.75000000
156.00000000 441.05000000 444.25000000
157.00000000 437.95000000 438.85000000
158.00000000 441.15000000 441.70000000
159.00000000 437.40000000 440.60000000
160.00000000 440.50000000 442.60000000
161.00000000 444.25000000 447.45000000
162.00000000 440.35000000 442.95000000
163.00000000 428.80000000 429.45000000
164.00000000 438.10000000 439.35000000
165.00000000 442.35000000 444.55000000
166.00000000 440.65000000 442.05000000
167.00000000 442.50000000 444.95000000
168.00000000 436.35000000 439.45000000
169.00000000 441.05000000 442.40000000
170.00000000 438.25000000 437.90000000
171.00000000 444.85000000 447.10000000
172.00000000 440.40000000 440.40000000
173.00000000 439.65000000 437.40000000
174.00000000 438.05000000 441.95000000
175.00000000 437.90000000 438.75000000
176.00000000 437.85000000 437.75000000
177.00000000 439.70000000 439.10000000
178.00000000 435.05000000 434.90000000
179.00000000 437.15000000 434.60000000
180.00000000 435.55000000 436.60000000
181.00000000 436.60000000 437.25000000
182.00000000 438.60000000 440.40000000
183.00000000 437.55000000 437.40000000
184.00000000 438.90000000 437.90000000
185.00000000 435.25000000 434.95000000
186.00000000 436.40000000 438.65000000
187.00000000 433.55000000 433.75000000
188.00000000 440.10000000 440.05000000
189.00000000 437.30000000 438.05000000
190.00000000 436.05000000 437.25000000
191.00000000 436.70000000 438.95000000
192.00000000 440.10000000 440.90000000
193.00000000 432.45000000 433.40000000
194.00000000 437.55000000 437.70000000
195.00000000 435.30000000 438.50000000
196.00000000 442.40000000 444.65000000
197.00000000 435.60000000 437.75000000
198.00000000 438.30000000 439.35000000
199.00000000 439.25000000 441.75000000
200.00000000 433.10000000 431.45000000
201.00000000 433.20000000 434.25000000
202.00000000 436.45000000 435.10000000
203.00000000 434.50000000 438.25000000
204.00000000 440.15000000 441.25000000
205.00000000 435.85000000 440.25000000
206.00000000 433.40000000 433.85000000
207.00000000 437.40000000 441.00000000
208.00000000 443.15000000 442.60000000
209.00000000 440.00000000 440.50000000
210.00000000 435.90000000 438.25000000
211.00000000 430.20000000 434.95000000
212.00000000 437.35000000 438.40000000
213.00000000 442.80000000 445.55000000
214.00000000 438.65000000 438.65000000
215.00000000 439.35000000 440.85000000
216.00000000 436.45000000 436.05000000
217.00000000 435.05000000 437.80000000
218.00000000 439.95000000 439.50000000
219.00000000 444.20000000 444.65000000
220.00000000 440.40000000 441.45000000
221.00000000 440.25000000 440.50000000
222.00000000 437.15000000 436.60000000
223.00000000 433.95000000 436.20000000
224.00000000 436.80000000 439.00000000
225.00000000 440.20000000 439.60000000
226.00000000 436.35000000 435.90000000
227.00000000 436.80000000 439.20000000
228.00000000 443.45000000 441.70000000
229.00000000 437.25000000 440.10000000
230.00000000 437.75000000 440.20000000
231.00000000 433.75000000 434.85000000
232.00000000 437.10000000 439.60000000
233.00000000 440.90000000 441.60000000
234.00000000 442.30000000 441.40000000
235.00000000 441.10000000 442.40000000
236.00000000 439.00000000 440.80000000
237.00000000 435.75000000 438.55000000
238.00000000 436.65000000 439.50000000
239.00000000 446.40000000 447.65000000
240.00000000 440.60000000 441.30000000
241.00000000 436.95000000 438.05000000
242.00000000 438.15000000 437.80000000
243.00000000 441.55000000 445.70000000
244.00000000 441.15000000 441.85000000
245.00000000 436.80000000 439.85000000
246.00000000 438.40000000 438.60000000
247.00000000 437.15000000 436.75000000
248.00000000 439.15000000 439.75000000
249.00000000 444.45000000 448.25000000
250.00000000 434.55000000 438.40000000
251.00000000 437.25000000 439.30000000
252.00000000 432.15000000 433.00000000
253.00000000 438.85000000 443.50000000
254.00000000 441.50000000 442.10000000
255.00000000 435.25000000 437.50000000
256.00000000 436.70000000 439.30000000
257.00000000 435.85000000 439.25000000
258.00000000 437.00000000 436.85000000
259.00000000 437.85000000 440.05000000
260.00000000 439.85000000 438.95000000
261.00000000 445.15000000 446.00000000
262.00000000 439.40000000 441.00000000
263.00000000 437.85000000 437.50000000
264.00000000 435.95000000 438.05000000
265.00000000 438.90000000 441.70000000
266.00000000 441.00000000 442.20000000
267.00000000 428.20000000 432.95000000
268.00000000 440.40000000 443.30000000
269.00000000 440.35000000 444.30000000
270.00000000 437.80000000 436.85000000
271.00000000 439.75000000 438.05000000
272.00000000 437.90000000 438.40000000
273.00000000 438.45000000 439.40000000
274.00000000 437.80000000 438.65000000
275.00000000 439.15000000 438.75000000
276.00000000 436.10000000 438.35000000
277.00000000 437.45000000 439.10000000
278.00000000 440.85000000 441.75000000
279.00000000 440.90000000 439.60000000
280.00000000 445.95000000 444.90000000
281.00000000 446.55000000 447.85000000
282.00000000 440.30000000 440.30000000
283.00000000 440.30000000 440.00000000
284.00000000 438.35000000 440.70000000
285.00000000 436.50000000 436.40000000
286.00000000 437.70000000 438.90000000
287.00000000 434.65000000 435.05000000
288.00000000 434.75000000 438.50000000
289.00000000 438.70000000 438.10000000
290.00000000 442.75000000 442.30000000
291.00000000 432.95000000 433.30000000
292.00000000 432.55000000 433.25000000
293.00000000 437.75000000 439.95000000
294.00000000 436.80000000 439.90000000
295.00000000 434.20000000 435.95000000
296.00000000 435.60000000 436.55000000
297.00000000 434.10000000 437.80000000
298.00000000 438.95000000 438.85000000
299.00000000 436.45000000 435.90000000
300.00000000 438.75000000 438.90000000
301.00000000 434.60000000 435.20000000
302.00000000 439.55000000 439.55000000
303.00000000 437.25000000 439.20000000
304.00000000 437.50000000 438.80000000
305.00000000 442.80000000 441.80000000
306.00000000 446.10000000 446.05000000
307.00000000 438.30000000 442.30000000
308.00000000 438.85000000 441.20000000
309.00000000 439.15000000 443.55000000
310.00000000 436.65000000 434.05000000
311.00000000 439.55000000 440.80000000
312.00000000 438.85000000 439.45000000
313.00000000 438.55000000 438.65000000
314.00000000 432.90000000 433.65000000
315.00000000 437.75000000 439.35000000
316.00000000 440.80000000 440.20000000
317.00000000 437.70000000 439.00000000
318.00000000 437.50000000 438.60000000
319.00000000 439.50000000 443.15000000
320.00000000 431.70000000 435.55000000
321.00000000 437.30000000 437.95000000
322.00000000 441.35000000 442.60000000
323.00000000 437.95000000 436.55000000
324.00000000 439.40000000 439.30000000
325.00000000 440.40000000 441.95000000
326.00000000 432.90000000 436.55000000
327.00000000 431.65000000 432.95000000
328.00000000 435.35000000 438.45000000
329.00000000 436.85000000 439.80000000
330.00000000 433.95000000 435.40000000
331.00000000 437.45000000 439.10000000
332.00000000 438.25000000 440.80000000
333.00000000 444.95000000 445.70000000
334.00000000 440.20000000 441.70000000
335.00000000 437.90000000 438.60000000
336.00000000 436.85000000 438.15000000
337.00000000 443.35000000 444.05000000
338.00000000 439.65000000 438.25000000
339.00000000 437.85000000 437.90000000
340.00000000 439.40000000 440.55000000
341.00000000 440.15000000 443.75000000
342.00000000 436.30000000 440.35000000
343.00000000 437.05000000 439.00000000
344.00000000 438.70000000 437.65000000
345.00000000 438.10000000 439.40000000
346.00000000 439.25000000 441.25000000
347.00000000 443.60000000 444.90000000
348.00000000 438.55000000 438.30000000
349.00000000 432.85000000 436.05000000
350.00000000 438.40000000 440.70000000
351.00000000 435.45000000 436.30000000
352.00000000 436.20000000 437.90000000
353.00000000 435.40000000 437.80000000
354.00000000 438.55000000 437.85000000
355.00000000 443.25000000 443.85000000
356.00000000 437.90000000 439.00000000
357.00000000 439.40000000 439.00000000
358.00000000 441.55000000 441.65000000
359.00000000 443.05000000 444.50000000
360.00000000 437.95000000 439.25000000
361.00000000 444.75000000 444.35000000
362.00000000 441.00000000 441.70000000
363.00000000 438.45000000 437.70000000
364.00000000 438.50000000 439.15000000
365.00000000 433.70000000 437.10000000
366.00000000 436.45000000 437.35000000
367.00000000 434.90000000 437.50000000
368.00000000 436.40000000 439.85000000
369.00000000 440.95000000 442.20000000
370.00000000 440.65000000 441.05000000
371.00000000 440.35000000 442.20000000
372.00000000 435.85000000 438.10000000
373.00000000 438.20000000 438.30000000
374.00000000 441.45000000 443.75000000
375.00000000 434.95000000 435.85000000
376.00000000 438.90000000 439.75000000
377.00000000 441.45000000 442.25000000
378.00000000 438.50000000 437.95000000
379.00000000 436.95000000 439.10000000
380.00000000 431.40000000 435.45000000
381.00000000 431.55000000 433.70000000
382.00000000 436.35000000 437.50000000
383.00000000 430.35000000 432.00000000
384.00000000 446.95000000 449.50000000
385.00000000 441.95000000 442.30000000
386.00000000 436.15000000 437.00000000
387.00000000 438.80000000 438.40000000
388.00000000 438.55000000 439.90000000
389.00000000 432.35000000 433.65000000
390.00000000 433.05000000 435.65000000
391.00000000 442.85000000 444.20000000
392.00000000 436.15000000 437.35000000
393.00000000 440.55000000 442.85000000
394.00000000 437.15000000 435.65000000
395.00000000 437.75000000 438.50000000
396.00000000 437.30000000 439.15000000
397.00000000 433.40000000 432.95000000
398.00000000 443.10000000 444.40000000
399.00000000 435.90000000 435.10000000
400.00000000 437.55000000 441.00000000
