0 647.60000000 648.05000000
1.00000000 549.35000000 550.40000000
2.00000000 547.60000000 545.90000000
3.00000000 546.35000000 548.95000000
4.00000000 539.75000000 542.55000000
5.00000000 553.30000000 553.75000000
6.00000000 539.65000000 541.15000000
7.00000000 552.35000000 552.95000000
8.00000000 542.00000000 540.80000000
9.00000000 546.60000000 549.65000000
10.00000000 546.35000000 548.30000000
11.00000000 544.70000000 544.25000000
12.00000000 546.10000000 546.10000000
13.00000000 538.75000000 537.50000000
14.00000000 546.55000000 549.75000000
15.00000000 547.15000000 546.45000000
16.00000000 545.10000000 544.40000000
17.00000000 542.40000000 544.55000000
18.00000000 542.55000000 546.95000000
19.00000000 541.00000000 541.50000000
20.00000000 539.20000000 543.95000000
21.00000000 540.05000000 541.00000000
22.00000000 547.60000000 547.85000000
23.00000000 547.75000000 548.10000000
24.00000000 536.15000000 541.20000000
25.00000000 547.25000000 549.45000000
26.00000000 539.90000000 538.70000000
27.00000000 539.60000000 542.85000000
28.00000000 545.95000000 547.25000000
29.00000000 545.15000000 548.40000000
30.00000000 545.85000000 546.60000000
31.00000000 553.85000000 552.10000000
32.00000000 543.85000000 545.65000000
33.00000000 539.55000000 541.80000000
34.00000000 548.00000000 546.90000000
35.00000000 549.95000000 549.10000000
36.00000000 551.55000000 551.30000000
37.00000000 540.75000000 542.00000000
38.00000000 547.70000000 548.80000000
39.00000000 540.40000000 542.20000000
40.00000000 539.80000000 544.95000000
41.00000000 544.75000000 545.55000000
42.00000000 550.20000000 549.20000000
43.00000000 543.65000000 545.20000000
44.00000000 545.35000000 546.20000000
45.00000000 551.60000000 552.50000000
46.00000000 545.80000000 546.20000000
47.00000000 550.85000000 552.50000000
48.00000000 544.85000000 545.65000000
49.00000000 542.60000000 540.85000000
50.00000000 542.80000000 542.35000000
51.00000000 544.10000000 546.70000000
52.00000000 541.00000000 543.70000000
53.00000000 542.15000000 543.55000000
54.00000000 538.05000000 539.95000000
55.00000000 545.45000000 545.65000000
56.00000000 542.45000000 544.10000000
57.00000000 541.80000000 541.60000000
58.00000000 548.30000000 548.00000000
59.00000000 542.95000000 543.05000000
60.00000000 539.80000000 540.95000000
61.00000000 538.35000000 540.45000000
62.00000000 540.95000000 541.75000000
63.00000000 547.25000000 549.00000000
64.00000000 546.75000000 549.30000000
65.00000000 546.50000000 547.10000000
66.00000000 539.50000000 538.70000000
67.00000000 540.25000000 542.45000000
68.00000000 553.25000000 555.25000000
69.00000000 548.45000000 549.65000000
70.00000000 550.90000000 554.35000000
71.00000000 545.45000000 546.90000000
72.00000000 548.20000000 549.55000000
73.00000000 550.65000000 550.90000000
74.00000000 542.75000000 545.30000000
75.00000000 548.45000000 548.35000000
76.00000000 545.30000000 546.15000000
77.00000000 543.65000000 545.35000000
78.00000000 547.40000000 549.05000000
79.00000000 544.30000000 543.95000000
80.00000000 540.60000000 543.10000000
81.00000000 545.55000000 545.05000000
82.00000000 540.50000000 543.55000000
83.00000000 541.65000000 542.95000000
84.00000000 546.30000000 548.10000000
85.00000000 542.70000000 543.80000000
86.00000000 547.90000000 546.85000000
87.00000000 547.40000000 546.80000000
88.00000000 548.75000000 546.60000000
89.00000000 542.20000000 541.65000000
90.00000000 540.55000000 544.05000000
91.00000000 552.50000000 553.65000000
92.00000000 546.60000000 548.25000000
93.00000000 544.40000000 547.30000000
94.00000000 539.85000000 541.60000000
95.00000000 549.15000000 551.15000000
96.00000000 536.40000000 538.35000000
97.00000000 541.60000000 542.05000000
98.00000000 544.70000000 545.15000000
99.00000000 541.95000000 541.65000000
100.00000000 547.80000000 549.15000000
101.00000000 552.25000000 549.75000000
102.00000000 541.20000000 543.70000000
103.00000000 544.00000000 546.95000000
104.00000000 544.35000000 545.65000000
105.00000000 542.25000000 545.80000000
106.00000000 547.95000000 548.35000000
107.00000000 539.60000000 542.75000000
108.00000000 551.45000000 551.90000000
109.00000000 549.50000000 549.25000000
110.00000000 543.90000000 545.45000000
111.00000000 546.30000000 546.50000000
112.00000000 547.65000000 548.40000000
113.00000000 541.25000000 543.45000000
114.00000000 544.05000000 547.55000000
115.00000000 547.60000000 548.40000000
116.00000000 542.75000000 544.80000000
117.00000000 547.30000000 549.95000000
118.00000000 543.70000000 545.25000000
119.00000000 542.35000000 541.25000000
120.00000000 543.05000000 546.15000000
121.00000000 542.25000000 545.10000000
122.00000000 542.00000000 544.65000000
123.00000000 541.40000000 545.30000000
124.00000000 542.90000000 543.30000000
125.00000000 543.50000000 545.10000000
126.00000000 546.65000000 548.45000000
127.00000000 547.35000000 545.20000000
128.00000000 537.25000000 539.15000000
129.00000000 549.50000000 550.95000000
130.00000000 543.15000000 544.40000000
131.00000000 546.10000000 546.85000000
132.00000000 544.10000000 544.90000000
133.00000000 539.90000000 544.15000000
134.00000000 547.40000000 550.50000000
135.00000000 543.75000000 546.45000000
136.00000000 553.60000000 553.70000000
137.00000000 544.10000000 546.45000000
138.00000000 547.20000000 548.60000000
139.00000000 547.00000000 547.30000000
140.00000000 538.25000000 538.25000000
141.00000000 545.30000000 545.95000000
142.00000000 545.55000000 548.60000000
143.00000000 539.60000000 543.75000000
144.00000000 540.95000000 543.85000000
145.00000000 542.25000000 544.05000000
146.00000000 542.25000000 543.70000000
147.00000000 544.05000000 542.45000000
148.00000000 541.55000000 542.55000000
149.00000000 545.35000000 544.35000000
150.00000000 543.20000000 545.75000000
151.00000000 541.10000000 544.90000000
152.00000000 550.60000000 549.95000000
153.00000000 541.65000000 544.30000000
154.00000000 547.45000000 548.20000000
155.00000000 543.80000000 546.15000000
156.00000000 548.25000000 550.70000000
157.00000000 542.45000000 543.85000000
158.00000000 542.20000000 543.55000000
159.00000000 543.25000000 543.85000000
160.00000000 548.75000000 551.40000000
161.00000000 547.35000000 548.75000000
162.00000000 543.90000000 546.70000000
163.00000000 541.60000000 543.10000000
164.00000000 542.60000000 542.40000000
165.00000000 549.40000000 550.85000000
166.00000000 547.85000000 550.15000000
167.00000000 547.15000000 550.40000000
168.00000000 550.75000000 551.75000000
169.00000000 545.45000000 546.60000000
170.00000000 546.20000000 548.60000000
171.00000000 546.90000000 547.80000000
172.00000000 544.75000000 547.50000000
173.00000000 542.80000000 545.45000000
174.00000000 544.35000000 544.55000000
175.00000000 545.05000000 543.55000000
176.00000000 547.30000000 547.45000000
177.00000000 545.30000000 544.40000000
178.00000000 545.60000000 548.65000000
179.00000000 548.40000000 549.00000000
180.00000000 542.85000000 543.60000000
181.00000000 544.75000000 544.25000000
182.00000000 548.45000000 551.50000000
183.00000000 541.00000000 543.45000000
184.00000000 551.05000000 552.45000000
185.00000000 542.70000000 543.35000000
186.00000000 541.45000000 542.90000000
187.00000000 549.35000000 551.85000000
188.00000000 546.50000000 546.60000000
189.00000000 550.25000000 551.50000000
190.00000000 545.75000000 547.60000000
191.00000000 543.10000000 547.35000000
192.00000000 545.80000000 547.95000000
193.00000000 548.75000000 547.80000000
194.00000000 541.80000000 541.00000000
195.00000000 547.40000000 546.40000000
196.00000000 541.20000000 542.65000000
197.00000000 547.85000000 547.70000000
198.00000000 543.05000000 544.10000000
199.00000000 547.75000000 549.90000000
200.00000000 543.25000000 544.40000000
201.00000000 545.95000000 546.15000000
202.00000000 537.35000000 540.65000000
203.00000000 548.50000000 551.25000000
204.00000000 540.40000000 541.30000000
205.00000000 543.80000000 546.45000000
206.00000000 550.40000000 550.60000000
207.00000000 541.85000000 544.20000000
208.00000000 539.85000000 539.65000000
209.00000000 547.15000000 547.95000000
210.00000000 548.80000000 550.00000000
211.00000000 538.40000000 541.00000000
212.00000000 544.65000000 545.40000000
213.00000000 543.15000000 545.45000000
214.00000000 548.05000000 551.55000000
215.00000000 541.70000000 544.20000000
216.00000000 550.60000000 550.55000000
217.00000000 544.55000000 546.45000000
218.00000000 539.60000000 541.20000000
219.00000000 545.10000000 545.70000000
220.00000000 550.00000000 550.65000000
221.00000000 543.55000000 543.15000000
222.00000000 539.35000000 541.40000000
223.00000000 546.70000000 547.75000000
224.00000000 544.75000000 545.95000000
225.00000000 545.60000000 547.85000000
226.00000000 541.80000000 546.90000000
227.00000000 541.00000000 540.65000000
228.00000000 544.30000000 542.40000000
229.00000000 542.90000000 545.85000000
230.00000000 541.80000000 541.50000000
231.00000000 540.00000000 539.25000000
232.00000000 535.85000000 541.40000000
233.00000000 544.10000000 544.05000000
234.00000000 549.05000000 550.10000000
235.00000000 542.95000000 542.55000000
236.00000000 544.55000000 546.30000000
237.00000000 543.35000000 548.55000000
238.00000000 548.35000000 550.70000000
239.00000000 541.20000000 540.90000000
240.00000000 547.40000000 547.35000000
241.00000000 543.45000000 543.90000000
242.00000000 546.95000000 547.60000000
243.00000000 536.90000000 540.75000000
244.00000000 551.15000000 552.15000000
245.00000000 545.95000000 546.45000000
246.00000000 541.45000000 546.20000000
247.00000000 550.65000000 554.00000000
248.00000000 545.35000000 547.50000000
249.00000000 537.05000000 535.10000000
250.00000000 544.65000000 547.05000000
251.00000000 546.55000000 548.00000000
252.00000000 542.10000000 544.35000000
253.00000000 544.55000000 544.60000000
254.00000000 542.65000000 545.10000000
255.00000000 539.40000000 541.85000000
256.00000000 546.40000000 547.55000000
257.00000000 542.10000000 546.10000000
258.00000000 536.90000000 538.65000000
259.00000000 543.80000000 546.85000000
260.00000000 542.80000000 543.20000000
261.00000000 547.80000000 551.05000000
262.00000000 540.95000000 542.40000000
263.00000000 547.70000000 548.25000000
264.00000000 549.50000000 552.65000000
265.00000000 544.45000000 545.60000000
266.00000000 541.55000000 543.15000000
267.00000000 541.50000000 542.40000000
268.00000000 544.70000000 543.15000000
269.00000000 546.15000000 548.80000000
270.00000000 538.45000000 542.00000000
271.00000000 542.60000000 542.50000000
272.00000000 539.90000000 542.25000000
273.00000000 546.35000000 547.20000000
274.00000000 541.80000000 542.55000000
275.00000000 544.95000000 544.75000000
276.00000000 546.05000000 548.30000000
277.00000000 544.20000000 546.25000000
278.00000000 548.75000000 548.85000000
279.00000000 543.40000000 543.75000000
280.00000000 549.90000000 550.85000000
281.00000000 548.25000000 550.05000000
282.00000000 546.15000000 548.55000000
283.00000000 543.50000000 546.35000000
284.00000000 550.55000000 551.45000000
285.00000000 541.85000000 544.70000000
286.00000000 548.10000000 547.70000000
287.00000000 549.45000000 551.50000000
288.00000000 545.80000000 548.25000000
289.00000000 549.65000000 550.75000000
290.00000000 544.50000000 545.60000000
291.00000000 544.95000000 547.25000000
292.00000000 547.65000000 551.35000000
293.00000000 552.65000000 551.95000000
294.00000000 544.90000000 547.65000000
295.00000000 540.90000000 542.85000000
296.00000000 540.95000000 538.35000000
297.00000000 540.05000000 539.90000000
298.00000000 536.95000000 538.75000000
299.00000000 541.60000000 543.05000000
300.00000000 545.90000000 548.90000000
301.00000000 535.85000000 539.60000000
302.00000000 545.45000000 549.40000000
303.00000000 549.10000000 549.35000000
304.00000000 550.05000000 551.45000000
305.00000000 548.90000000 551.60000000
306.00000000 548.65000000 551.00000000
307.00000000 544.95000000 546.05000000
308.00000000 545.35000000 545.10000000
309.00000000 541.20000000 544.40000000
310.00000000 550.35000000 549.95000000
311.00000000 551.05000000 551.65000000
312.00000000 543.25000000 547.25000000
313.00000000 542.90000000 543.90000000
314.00000000 547.25000000 549.85000000
315.00000000 537.65000000 541.85000000
316.00000000 536.15000000 539.40000000
317.00000000 545.80000000 549.60000000
318.00000000 541.10000000 542.60000000
319.00000000 543.90000000 546.05000000
320.00000000 542.70000000 546.25000000
321.00000000 541.25000000 543.40000000
322.00000000 545.25000000 546.20000000
323.00000000 548.00000000 547.85000000
324.00000000 549.40000000 552.00000000
325.00000000 541.90000000 545.25000000
326.00000000 546.85000000 545.75000000
327.00000000 541.60000000 546.30000000
328.00000000 542.70000000 544.40000000
329.00000000 542.90000000 544.45000000
330.00000000 544.20000000 548.15000000
331.00000000 542.65000000 543.10000000
332.00000000 542.15000000 545.10000000
333.00000000 541.30000000 545.80000000
334.00000000 546.40000000 548.75000000
335.00000000 546.00000000 544.95000000
336.00000000 547.50000000 548.35000000
337.00000000 545.40000000 544.90000000
338.00000000 549.70000000 549.60000000
339.00000000 543.10000000 546.50000000
340.00000000 546.40000000 548.65000000
341.00000000 540.65000000 543.30000000
342.00000000 546.10000000 547.85000000
343.00000000 545.30000000 546.75000000
344.00000000 540.75000000 541.70000000
345.00000000 540.45000000 541.55000000
346.00000000 541.75000000 541.85000000
347.00000000 549.05000000 549.60000000
348.00000000 541.75000000 541.55000000
349.00000000 542.50000000 543.55000000
350.00000000 535.50000000 535.10000000
351.00000000 546.70000000 546.05000000
352.00000000 550.70000000 552.75000000
353.00000000 541.75000000 541.80000000
354.00000000 544.35000000 546.15000000
355.00000000 549.00000000 550.10000000
356.00000000 546.75000000 548.80000000
357.00000000 540.75000000 542.80000000
358.00000000 546.40000000 551.30000000
359.00000000 541.95000000 543.60000000
360.00000000 550.65000000 550.80000000
361.00000000 545.50000000 547.85000000
362.00000000 543.65000000 547.10000000
363.00000000 545.55000000 547.65000000
364.00000000 548.30000000 550.00000000
365.00000000 541.60000000 543.50000000
366.00000000 541.90000000 543.15000000
367.00000000 545.80000000 549.50000000
368.00000000 542.45000000 544.30000000
369.00000000 547.25000000 545.25000000
370.00000000 542.70000000 545.95000000
371.00000000 543.45000000 545.90000000
372.00000000 547.50000000 548.20000000
373.00000000 549.70000000 553.65000000
374.00000000 546.30000000 549.80000000
375.00000000 540.30000000 541.75000000
376.00000000 550.25000000 548.20000000
377.00000000 543.35000000 545.00000000
378.00000000 544.70000000 546.25000000
379.00000000 541.30000000 544.10000000
380.00000000 543.00000000 545.45000000
381.00000000 547.30000000 550.65000000
382.00000000 541.00000000 541.75000000
383.00000000 546.90000000 547.40000000
384.00000000 546.05000000 546.80000000
385.00000000 550.75000000 550.30000000
386.00000000 544.20000000 544.20000000
387.00000000 544.50000000 544.00000000
388.00000000 544.15000000 546.95000000
389.00000000 547.60000000 546.95000000
390.00000000 544.80000000 545.70000000
391.00000000 550.00000000 550.15000000
392.00000000 540.40000000 541.55000000
393.00000000 547.20000000 547.75000000
394.00000000 539.80000000 540.65000000
395.00000000 548.60000000 550.90000000
396.00000000 541.30000000 540.65000000
397.00000000 540.25000000 542.60000000
398.00000000 539.65000000 542.95000000
399.00000000 544.20000000 545.20000000
400.00000000 545.90000000 547.40000000
