0 650.35000000 653.85000000
1.00000000 390.50000000 390.00000000
2.00000000 362.65000000 363.10000000
3.00000000 350.50000000 353.75000000
4.00000000 355.25000000 355.30000000
5.00000000 352.60000000 355.30000000
6.00000000 356.25000000 357.55000000
7.00000000 351.60000000 353.40000000
8.00000000 357.25000000 356.25000000
9.00000000 350.20000000 350.80000000
10.00000000 357.80000000 359.75000000
11.00000000 360.80000000 362.40000000
12.00000000 353.60000000 354.70000000
13.00000000 348.15000000 346.70000000
14.00000000 352.50000000 353.90000000
15.00000000 353.85000000 356.55000000
16.00000000 354.85000000 356.55000000
17.00000000 350.55000000 349.75000000
18.00000000 353.20000000 354.05000000
19.00000000 358.10000000 359.60000000
20.00000000 354.65000000 353.80000000
21.00000000 356.45000000 357.75000000
22.00000000 359.55000000 360.15000000
23.00000000 350.60000000 350.00000000
24.00000000 359.55000000 358.75000000
25.00000000 362.85000000 362.45000000
26.00000000 357.30000000 357.60000000
27.00000000 356.75000000 357.70000000
28.00000000 350.85000000 352.45000000
29.00000000 357.45000000 357.50000000
30.00000000 350.95000000 351.50000000
31.00000000 359.75000000 358.90000000
32.00000000 355.05000000 356.60000000
33.00000000 358.45000000 358.65000000
34.00000000 361.40000000 359.80000000
35.00000000 347.40000000 349.30000000
36.00000000 352.00000000 353.05000000
37.00000000 352.15000000 351.85000000
38.00000000 348.45000000 348.30000000
39.00000000 350.45000000 351.15000000
40.00000000 353.05000000 352.95000000
41.00000000 351.35000000 353.60000000
42.00000000 353.45000000 354.40000000
43.00000000 360.15000000 363.95000000
44.00000000 355.10000000 354.40000000
45.00000000 350.20000000 351.25000000
46.00000000 349.30000000 351.70000000
47.00000000 350.35000000 349.80000000
48.00000000 351.65000000 354.50000000
49.00000000 347.70000000 349.75000000
50.00000000 353.60000000 355.65000000
51.00000000 360.60000000 361.05000000
52.00000000 357.85000000 359.50000000
53.00000000 355.50000000 355.80000000
54.00000000 355.30000000 356.65000000
55.00000000 358.40000000 359.40000000
56.00000000 355.25000000 357.85000000
57.00000000 352.95000000 351.75000000
58.00000000 359.35000000 359.50000000
59.00000000 350.90000000 352.80000000
60.00000000 350.30000000 351.75000000
61.00000000 352.00000000 352.25000000
62.00000000 352.90000000 353.65000000
63.00000000 359.20000000 359.30000000
64.00000000 359.90000000 360.50000000
65.00000000 351.40000000 353.05000000
66.00000000 358.15000000 359.45000000
67.00000000 349.90000000 352.60000000
68.00000000 350.70000000 352.05000000
69.00000000 350.60000000 350.55000000
70.00000000 354.10000000 355.70000000
71.00000000 349.35000000 353.25000000
72.00000000 350.95000000 348.45000000
73.00000000 352.55000000 351.95000000
74.00000000 357.00000000 357.60000000
75.00000000 349.40000000 352.40000000
76.00000000 354.80000000 354.95000000
77.00000000 350.55000000 352.55000000
78.00000000 348.00000000 348.20000000
79.00000000 353.05000000 351.85000000
80.00000000 353.65000000 353.05000000
81.00000000 354.60000000 354.75000000
82.00000000 355.15000000 356.25000000
83.00000000 352.95000000 353.10000000
84.00000000 347.35000000 348.75000000
85.00000000 354.95000000 354.85000000
86.00000000 351.25000000 352.90000000
87.00000000 358.55000000 357.90000000
88.00000000 353.80000000 355.90000000
89.00000000 358.15000000 358.80000000
90.00000000 352.65000000 353.90000000
91.00000000 352.15000000 353.15000000
92.00000000 352.95000000 353.25000000
93.00000000 354.55000000 356.75000000
94.00000000 356.95000000 356.55000000
95.00000000 349.90000000 351.85000000
96.00000000 355.65000000 358.30000000
97.00000000 349.35000000 351.80000000
98.00000000 353.85000000 355.20000000
99.00000000 350.10000000 351.75000000
100.00000000 358.50000000 360.55000000
101.00000000 357.95000000 357.30000000
102.00000000 352.30000000 353.40000000
103.00000000 358.50000000 359.10000000
104.00000000 346.50000000 347.35000000
105.00000000 347.95000000 349.15000000
106.00000000 356.85000000 357.15000000
107.00000000 353.45000000 354.60000000
108.00000000 352.15000000 351.95000000
109.00000000 354.45000000 355.25000000
110.00000000 358.55000000 357.25000000
111.00000000 356.55000000 359.35000000
112.00000000 356.65000000 356.70000000
113.00000000 350.45000000 353.65000000
114.00000000 355.50000000 355.70000000
115.00000000 354.85000000 355.60000000
116.00000000 354.30000000 355.10000000
117.00000000 360.00000000 359.55000000
118.00000000 354.50000000 354.50000000
119.00000000 354.55000000 357.50000000
120.00000000 355.15000000 355.85000000
121.00000000 354.80000000 356.10000000
122.00000000 353.75000000 354.35000000
123.00000000 350.40000000 353.15000000
124.00000000 355.85000000 357.10000000
125.00000000 357.45000000 357.70000000
126.00000000 360.30000000 360.70000000
127.00000000 354.85000000 358.60000000
128.00000000 353.90000000 355.10000000
129.00000000 351.35000000 353.85000000
130.00000000 349.70000000 351.85000000
131.00000000 356.40000000 356.70000000
132.00000000 359.60000000 359.40000000
133.00000000 353.90000000 353.65000000
134.00000000 356.75000000 356.30000000
135.00000000 355.40000000 356.05000000
136.00000000 355.15000000 357.65000000
137.00000000 354.15000000 354.90000000
138.00000000 359.05000000 358.60000000
139.00000000 354.50000000 355.80000000
140.00000000 350.65000000 353.20000000
141.00000000 348.65000000 349.90000000
142.00000000 355.50000000 355.70000000
143.00000000 352.50000000 352.65000000
144.00000000 350.05000000 348.30000000
145.00000000 351.00000000 352.10000000
146.00000000 348.60000000 348.65000000
147.00000000 349.60000000 351.90000000
148.00000000 355.55000000 357.05000000
149.00000000 355.15000000 356.45000000
150.00000000 359.40000000 358.65000000
151.00000000 357.55000000 357.85000000
152.00000000 358.65000000 359.85000000
153.00000000 349.80000000 350.30000000
154.00000000 348.30000000 347.55000000
155.00000000 350.10000000 351.00000000
156.00000000 349.70000000 352.20000000
157.00000000 347.70000000 348.50000000
158.00000000 351.05000000 352.00000000
159.00000000 354.15000000 354.35000000
160.00000000 354.20000000 355.90000000
161.00000000 352.05000000 351.85000000
162.00000000 348.70000000 350.55000000
163.00000000 351.00000000 351.25000000
164.00000000 354.85000000 353.80000000
165.00000000 354.05000000 354.80000000
166.00000000 347.60000000 349.90000000
167.00000000 350.95000000 351.65000000
168.00000000 345.30000000 348.45000000
169.00000000 359.95000000 359.40000000
170.00000000 358.65000000 359.60000000
171.00000000 352.70000000 354.20000000
172.00000000 355.30000000 357.40000000
173.00000000 349.45000000 350.20000000
174.00000000 351.75000000 352.55000000
175.00000000 357.85000000 359.60000000
176.00000000 353.15000000 353.75000000
177.00000000 356.95000000 357.80000000
178.00000000 358.75000000 358.20000000
179.00000000 354.15000000 353.50000000
180.00000000 355.55000000 356.15000000
181.00000000 355.40000000 354.90000000
182.00000000 353.10000000 353.10000000
183.00000000 356.25000000 357.20000000
184.00000000 361.95000000 361.95000000
185.00000000 350.90000000 353.00000000
186.00000000 354.75000000 353.70000000
187.00000000 350.70000000 351.15000000
188.00000000 348.30000000 348.20000000
189.00000000 343.85000000 344.85000000
190.00000000 353.20000000 353.70000000
191.00000000 346.95000000 348.15000000
192.00000000 344.80000000 344.55000000
193.00000000 347.45000000 347.90000000
194.00000000 351.20000000 349.25000000
195.00000000 357.80000000 357.35000000
196.00000000 353.80000000 352.90000000
197.00000000 359.25000000 359.15000000
198.00000000 353.80000000 351.55000000
199.00000000 350.30000000 353.45000000
200.00000000 347.10000000 348.10000000
201.00000000 360.00000000 359.50000000
202.00000000 351.95000000 351.50000000
203.00000000 354.60000000 355.55000000
204.00000000 352.45000000 354.10000000
205.00000000 358.00000000 358.60000000
206.00000000 346.85000000 349.30000000
207.00000000 350.30000000 349.90000000
208.00000000 350.60000000 351.00000000
209.00000000 355.40000000 355.70000000
210.00000000 350.80000000 351.30000000
211.00000000 351.30000000 352.75000000
212.00000000 358.10000000 359.20000000
213.00000000 355.55000000 355.65000000
214.00000000 356.85000000 359.15000000
215.00000000 357.75000000 357.30000000
216.00000000 351.25000000 350.95000000
217.00000000 353.40000000 354.80000000
218.00000000 348.70000000 351.15000000
219.00000000 351.75000000 353.50000000
220.00000000 348.25000000 349.50000000
221.00000000 357.35000000 358.00000000
222.00000000 355.80000000 356.55000000
223.00000000 353.25000000 356.60000000
224.00000000 348.10000000 349.80000000
225.00000000 354.50000000 355.65000000
226.00000000 359.60000000 358.90000000
227.00000000 349.45000000 349.35000000
228.00000000 353.75000000 355.55000000
229.00000000 357.75000000 358.20000000
230.00000000 353.90000000 354.35000000
231.00000000 349.40000000 349.85000000
232.00000000 353.30000000 354.25000000
233.00000000 352.70000000 355.30000000
234.00000000 350.40000000 351.10000000
235.00000000 350.35000000 354.80000000
236.00000000 350.30000000 351.65000000
237.00000000 351.25000000 353.65000000
238.00000000 353.80000000 353.35000000
239.00000000 353.55000000 354.65000000
240.00000000 354.00000000 356.65000000
241.00000000 358.20000000 358.45000000
242.00000000 353.70000000 355.10000000
243.00000000 349.40000000 350.00000000
244.00000000 352.80000000 356.90000000
245.00000000 352.00000000 353.90000000
246.00000000 345.40000000 348.75000000
247.00000000 352.05000000 353.70000000
248.00000000 348.35000000 350.90000000
249.00000000 355.80000000 355.95000000
250.00000000 348.60000000 348.70000000
251.00000000 353.55000000 353.80000000
252.00000000 361.45000000 363.85000000
253.00000000 357.50000000 357.70000000
254.00000000 354.80000000 355.75000000
255.00000000 354.70000000 356.00000000
256.00000000 356.15000000 357.50000000
257.00000000 351.85000000 352.85000000
258.00000000 354.45000000 354.40000000
259.00000000 352.15000000 353.70000000
260.00000000 353.85000000 353.65000000
261.00000000 353.45000000 354.55000000
262.00000000 353.00000000 352.95000000
263.00000000 350.80000000 350.65000000
264.00000000 348.15000000 347.35000000
265.00000000 355.25000000 358.00000000
266.00000000 358.15000000 360.05000000
267.00000000 356.95000000 357.45000000
268.00000000 352.35000000 353.80000000
269.00000000 350.60000000 351.40000000
270.00000000 360.90000000 360.80000000
271.00000000 361.20000000 362.65000000
272.00000000 351.20000000 352.95000000
273.00000000 346.85000000 348.75000000
274.00000000 346.20000000 349.85000000
275.00000000 353.50000000 352.25000000
276.00000000 353.35000000 352.85000000
277.00000000 357.00000000 358.50000000
278.00000000 346.95000000 349.25000000
279.00000000 358.05000000 359.65000000
280.00000000 353.10000000 352.55000000
281.00000000 355.25000000 357.20000000
282.00000000 354.30000000 354.80000000
283.00000000 360.10000000 362.25000000
284.00000000 357.10000000 356.75000000
285.00000000 356.15000000 358.30000000
286.00000000 352.20000000 353.40000000
287.00000000 358.95000000 360.25000000
288.00000000 354.65000000 353.50000000
289.00000000 356.95000000 359.65000000
290.00000000 351.00000000 351.60000000
291.00000000 348.55000000 349.30000000
292.00000000 354.95000000 355.20000000
293.00000000 356.70000000 358.80000000
294.00000000 354.15000000 353.65000000
295.00000000 352.75000000 353.20000000
296.00000000 348.45000000 352.05000000
297.00000000 352.65000000 354.00000000
298.00000000 358.40000000 358.50000000
299.00000000 353.90000000 355.20000000
300.00000000 351.40000000 353.75000000
301.00000000 355.15000000 354.30000000
302.00000000 350.05000000 350.10000000
303.00000000 354.45000000 354.45000000
304.00000000 354.60000000 355.25000000
305.00000000 350.55000000 354.75000000
306.00000000 352.55000000 355.05000000
307.00000000 356.70000000 356.25000000
308.00000000 353.15000000 352.75000000
309.00000000 352.20000000 351.50000000
310.00000000 357.25000000 360.00000000
311.00000000 349.15000000 347.70000000
312.00000000 353.40000000 355.70000000
313.00000000 358.05000000 358.80000000
314.00000000 356.70000000 355.80000000
315.00000000 357.75000000 358.75000000
316.00000000 353.45000000 353.80000000
317.00000000 354.90000000 355.90000000
318.00000000 355.90000000 355.60000000
319.00000000 355.30000000 357.10000000
320.00000000 352.80000000 354.35000000
321.00000000 351.05000000 351.60000000
322.00000000 352.20000000 353.10000000
323.00000000 358.75000000 360.45000000
324.00000000 353.20000000 357.25000000
325.00000000 352.65000000 353.30000000
326.00000000 351.60000000 351.05000000
327.00000000 355.35000000 354.15000000
328.00000000 351.20000000 352.15000000
329.00000000 353.15000000 355.35000000
330.00000000 355.10000000 353.25000000
331.00000000 350.90000000 353.45000000
332.00000000 349.75000000 352.70000000
333.00000000 358.00000000 359.80000000
334.00000000 355.25000000 355.65000000
335.00000000 354.50000000 356.95000000
336.00000000 355.70000000 357.00000000
337.00000000 353.15000000 353.85000000
338.00000000 354.00000000 355.35000000
339.00000000 355.20000000 356.30000000
340.00000000 352.60000000 352.85000000
341.00000000 353.60000000 356.75000000
342.00000000 353.75000000 351.90000000
343.00000000 351.95000000 353.15000000
344.00000000 355.60000000 357.35000000
345.00000000 356.90000000 359.30000000
346.00000000 353.35000000 353.70000000
347.00000000 354.05000000 355.15000000
348.00000000 354.00000000 354.60000000
349.00000000 359.20000000 357.40000000
350.00000000 360.65000000 360.90000000
351.00000000 355.20000000 357.20000000
352.00000000 353.90000000 354.00000000
353.00000000 350.20000000 348.10000000
354.00000000 356.10000000 358.65000000
355.00000000 351.65000000 353.55000000
356.00000000 351.85000000 352.50000000
357.00000000 354.35000000 357.30000000
358.00000000 352.90000000 352.00000000
359.00000000 349.45000000 351.25000000
360.00000000 351.80000000 354.80000000
361.00000000 353.15000000 356.75000000
362.00000000 359.00000000 360.75000000
363.00000000 357.70000000 357.70000000
364.00000000 355.90000000 354.90000000
365.00000000 351.30000000 352.35000000
366.00000000 354.55000000 353.75000000
367.00000000 347.10000000 348.65000000
368.00000000 353.35000000 356.65000000
369.00000000 352.10000000 353.15000000
370.00000000 352.65000000 353.10000000
371.00000000 345.35000000 347.30000000
372.00000000 351.90000000 354.75000000
373.00000000 355.05000000 358.35000000
374.00000000 350.50000000 351.20000000
375.00000000 348.80000000 349.00000000
376.00000000 357.45000000 357.25000000
377.00000000 353.35000000 354.75000000
378.00000000 356.80000000 353.90000000
379.00000000 353.00000000 354.00000000
380.00000000 355.40000000 355.90000000
381.00000000 354.95000000 353.50000000
382.00000000 351.50000000 350.25000000
383.00000000 352.85000000 354.30000000
384.00000000 355.40000000 357.75000000
385.00000000 350.90000000 349.45000000
386.00000000 352.50000000 353.95000000
387.00000000 351.90000000 351.70000000
388.00000000 349.15000000 349.10000000
389.00000000 348.30000000 348.55000000
390.00000000 354.05000000 354.80000000
391.00000000 353.70000000 355.00000000
392.00000000 351.25000000 352.55000000
393.00000000 352.35000000 353.35000000
394.00000000 343.80000000 345.00000000
395.00000000 351.00000000 350.75000000
396.00000000 350.30000000 351.85000000
397.00000000 359.80000000 358.30000000
398.00000000 353.75000000 355.20000000
399.00000000 355.05000000 354.65000000
400.00000000 348.10000000 347.90000000
