0 650.30000000 653.75000000
1.00000000 285.15000000 284.60000000
2.00000000 185.45000000 184.95000000
3.00000000 142.50000000 143.40000000
4.00000000 120.20000000 120.95000000
5.00000000 104.15000000 104.45000000
6.00000000 92.20000000 92.05000000
7.00000000 83.40000000 84.20000000
8.00000000 75.85000000 76.35000000
9.00000000 70.90000000 71.45000000
10.00000000 66.20000000 65.55000000
11.00000000 62.30000000 62.85000000
12.00000000 61.80000000 62.75000000
13.00000000 60.65000000 61.25000000
14.00000000 57.95000000 59.60000000
15.00000000 55.95000000 56.65000000
16.00000000 56.50000000 56.45000000
17.00000000 54.60000000 54.70000000
18.00000000 50.95000000 50.20000000
19.00000000 50.05000000 50.20000000
20.00000000 49.55000000 49.50000000
21.00000000 48.15000000 48.35000000
22.00000000 46.70000000 47.20000000
23.00000000 46.70000000 46.95000000
24.00000000 43.80000000 43.40000000
25.00000000 43.00000000 42.85000000
26.00000000 43.15000000 43.30000000
27.00000000 42.75000000 42.95000000
28.00000000 42.20000000 42.40000000
29.00000000 42.90000000 43.40000000
30.00000000 42.60000000 43.05000000
31.00000000 43.05000000 42.15000000
32.00000000 39.00000000 38.75000000
33.00000000 38.75000000 38.60000000
34.00000000 39.50000000 39.05000000
35.00000000 40.05000000 40.50000000
36.00000000 38.25000000 38.75000000
37.00000000 40.25000000 40.25000000
38.00000000 37.90000000 38.05000000
39.00000000 37.20000000 37.20000000
40.00000000 37.00000000 38.30000000
41.00000000 38.45000000 38.60000000
42.00000000 39.60000000 39.25000000
43.00000000 39.35000000 39.50000000
44.00000000 38.40000000 39.00000000
45.00000000 37.80000000 38.30000000
46.00000000 37.15000000 36.95000000
47.00000000 36.10000000 35.90000000
48.00000000 36.15000000 36.30000000
49.00000000 38.15000000 38.15000000
50.00000000 35.95000000 35.85000000
51.00000000 34.50000000 34.65000000
52.00000000 36.45000000 36.20000000
53.00000000 34.80000000 34.25000000
54.00000000 37.55000000 37.80000000
55.00000000 35.45000000 36.10000000
56.00000000 34.05000000 34.70000000
57.00000000 34.00000000 33.85000000
58.00000000 35.05000000 34.85000000
59.00000000 33.45000000 34.15000000
60.00000000 33.80000000 33.80000000
61.00000000 33.05000000 32.95000000
62.00000000 34.20000000 34.00000000
63.00000000 34.05000000 34.05000000
64.00000000 32.75000000 32.15000000
65.00000000 31.05000000 31.70000000
66.00000000 30.70000000 31.40000000
67.00000000 33.90000000 33.80000000
68.00000000 35.00000000 34.40000000
69.00000000 32.20000000 32.15000000
70.00000000 30.85000000 31.45000000
71.00000000 31.65000000 32.05000000
72.00000000 30.05000000 30.70000000
73.00000000 33.05000000 33.05000000
74.00000000 31.40000000 31.15000000
75.00000000 33.75000000 33.50000000
76.00000000 33.00000000 33.05000000
77.00000000 31.85000000 32.30000000
78.00000000 32.25000000 32.00000000
79.00000000 32.05000000 31.85000000
80.00000000 33.70000000 33.70000000
81.00000000 32.75000000 32.85000000
82.00000000 35.35000000 34.70000000
83.00000000 32.40000000 32.40000000
84.00000000 32.70000000 33.05000000
85.00000000 32.45000000 32.10000000
86.00000000 31.90000000 32.25000000
87.00000000 32.45000000 32.85000000
88.00000000 31.75000000 32.00000000
89.00000000 29.80000000 30.20000000
90.00000000 30.25000000 30.35000000
91.00000000 29.15000000 28.95000000
92.00000000 31.50000000 31.60000000
93.00000000 32.25000000 31.60000000
94.00000000 29.10000000 28.95000000
95.00000000 31.70000000 31.45000000
96.00000000 30.85000000 31.00000000
97.00000000 31.35000000 31.55000000
98.00000000 31.75000000 32.30000000
99.00000000 30.55000000 30.70000000
100.00000000 29.90000000 29.65000000
101.00000000 28.75000000 28.20000000
102.00000000 29.90000000 29.85000000
103.00000000 32.50000000 32.70000000
104.00000000 31.80000000 31.05000000
105.00000000 30.25000000 30.20000000
106.00000000 31.90000000 31.15000000
107.00000000 30.00000000 30.35000000
108.00000000 29.55000000 29.90000000
109.00000000 30.75000000 30.50000000
110.00000000 28.30000000 28.25000000
111.00000000 29.55000000 29.25000000
112.00000000 30.55000000 30.35000000
113.00000000 29.10000000 29.60000000
114.00000000 28.70000000 28.50000000
115.00000000 30.25000000 30.15000000
116.00000000 27.50000000 27.50000000
117.00000000 29.60000000 30.00000000
118.00000000 28.15000000 28.45000000
119.00000000 26.80000000 26.95000000
120.00000000 30.35000000 30.35000000
121.00000000 30.15000000 29.70000000
122.00000000 29.65000000 30.65000000
123.00000000 29.90000000 30.10000000
124.00000000 29.75000000 29.80000000
125.00000000 30.05000000 30.60000000
126.00000000 29.35000000 29.50000000
127.00000000 28.75000000 28.80000000
128.00000000 31.40000000 31.25000000
129.00000000 30.95000000 30.90000000
130.00000000 27.55000000 27.60000000
131.00000000 30.00000000 30.10000000
132.00000000 28.20000000 28.55000000
133.00000000 28.35000000 29.05000000
134.00000000 30.55000000 29.70000000
135.00000000 29.75000000 30.45000000
136.00000000 29.65000000 28.95000000
137.00000000 29.20000000 28.95000000
138.00000000 28.60000000 28.00000000
139.00000000 28.65000000 28.95000000
140.00000000 27.30000000 27.65000000
141.00000000 28.00000000 28.30000000
142.00000000 29.80000000 29.65000000
143.00000000 31.30000000 31.25000000
144.00000000 29.65000000 29.45000000
145.00000000 30.15000000 30.10000000
146.00000000 29.70000000 29.85000000
147.00000000 31.45000000 30.95000000
148.00000000 28.85000000 29.35000000
149.00000000 31.75000000 31.75000000
150.00000000 29.10000000 29.15000000
151.00000000 29.40000000 29.45000000
152.00000000 29.45000000 28.95000000
153.00000000 28.25000000 28.75000000
154.00000000 28.75000000 28.75000000
155.00000000 27.70000000 28.15000000
156.00000000 28.75000000 29.00000000
157.00000000 28.20000000 27.60000000
158.00000000 28.70000000 28.60000000
159.00000000 27.65000000 28.00000000
160.00000000 27.95000000 27.95000000
161.00000000 30.40000000 29.90000000
162.00000000 29.65000000 29.75000000
163.00000000 30.45000000 30.30000000
164.00000000 28.05000000 28.40000000
165.00000000 28.70000000 28.10000000
166.00000000 27.05000000 27.35000000
167.00000000 26.10000000 26.15000000
168.00000000 28.05000000 28.65000000
169.00000000 29.15000000 29.05000000
170.00000000 26.90000000 27.35000000
171.00000000 27.35000000 27.25000000
172.00000000 26.95000000 26.75000000
173.00000000 26.35000000 26.65000000
174.00000000 27.15000000 26.85000000
175.00000000 29.50000000 29.45000000
176.00000000 27.40000000 27.50000000
177.00000000 27.35000000 27.45000000
178.00000000 29.50000000 29.60000000
179.00000000 27.95000000 27.90000000
180.00000000 27.60000000 27.20000000
181.00000000 29.20000000 29.40000000
182.00000000 27.85000000 28.00000000
183.00000000 29.10000000 29.20000000
184.00000000 27.50000000 27.65000000
185.00000000 28.00000000 28.10000000
186.00000000 28.20000000 28.35000000
187.00000000 29.80000000 29.25000000
188.00000000 30.00000000 30.10000000
189.00000000 28.65000000 28.65000000
190.00000000 30.10000000 30.20000000
191.00000000 29.25000000 29.20000000
192.00000000 28.30000000 28.10000000
193.00000000 29.05000000 29.20000000
194.00000000 28.60000000 28.20000000
195.00000000 27.85000000 27.55000000
196.00000000 28.80000000 29.00000000
197.00000000 28.80000000 29.20000000
198.00000000 28.75000000 28.70000000
199.00000000 30.80000000 30.75000000
200.00000000 28.60000000 29.20000000
201.00000000 27.30000000 27.30000000
202.00000000 27.20000000 27.10000000
203.00000000 26.30000000 26.00000000
204.00000000 27.90000000 27.65000000
205.00000000 27.60000000 27.85000000
206.00000000 29.30000000 29.50000000
207.00000000 28.95000000 28.05000000
208.00000000 28.25000000 28.95000000
209.00000000 28.70000000 29.10000000
210.00000000 28.80000000 29.05000000
211.00000000 28.45000000 28.55000000
212.00000000 27.95000000 27.80000000
213.00000000 26.15000000 26.20000000
214.00000000 26.10000000 26.10000000
215.00000000 26.85000000 27.35000000
216.00000000 27.25000000 27.50000000
217.00000000 27.10000000 27.25000000
218.00000000 26.65000000 26.65000000
219.00000000 25.75000000 25.55000000
220.00000000 25.15000000 25.40000000
221.00000000 28.75000000 28.70000000
222.00000000 27.45000000 27.40000000
223.00000000 26.75000000 26.65000000
224.00000000 25.75000000 25.85000000
225.00000000 27.00000000 26.90000000
226.00000000 28.55000000 28.85000000
227.00000000 28.55000000 28.85000000
228.00000000 27.90000000 28.60000000
229.00000000 29.65000000 29.65000000
230.00000000 29.05000000 28.80000000
231.00000000 27.60000000 27.35000000
232.00000000 27.45000000 27.65000000
233.00000000 24.90000000 25.10000000
234.00000000 27.20000000 27.80000000
235.00000000 26.65000000 26.90000000
236.00000000 24.65000000 24.35000000
237.00000000 25.15000000 24.80000000
238.00000000 25.75000000 26.35000000
239.00000000 26.05000000 25.75000000
240.00000000 26.45000000 26.25000000
241.00000000 25.10000000 25.20000000
242.00000000 25.75000000 25.60000000
243.00000000 25.65000000 26.15000000
244.00000000 26.60000000 26.80000000
245.00000000 27.20000000 27.80000000
246.00000000 25.70000000 25.50000000
247.00000000 29.05000000 28.25000000
248.00000000 28.70000000 28.85000000
249.00000000 26.85000000 26.50000000
250.00000000 27.10000000 27.20000000
251.00000000 26.25000000 27.05000000
252.00000000 27.10000000 27.50000000
253.00000000 27.60000000 27.75000000
254.00000000 28.05000000 28.10000000
255.00000000 25.60000000 25.75000000
256.00000000 27.00000000 27.10000000
257.00000000 27.15000000 27.50000000
258.00000000 27.30000000 27.30000000
259.00000000 27.20000000 27.40000000
260.00000000 26.95000000 27.15000000
261.00000000 26.75000000 27.00000000
262.00000000 25.25000000 25.85000000
263.00000000 26.35000000 26.20000000
264.00000000 26.90000000 26.70000000
265.00000000 26.05000000 25.75000000
266.00000000 25.75000000 26.15000000
267.00000000 26.90000000 27.20000000
268.00000000 25.75000000 25.45000000
269.00000000 26.90000000 27.35000000
270.00000000 25.10000000 25.10000000
271.00000000 27.70000000 27.60000000
272.00000000 27.20000000 27.45000000
273.00000000 27.20000000 27.15000000
274.00000000 26.20000000 26.30000000
275.00000000 29.30000000 29.45000000
276.00000000 27.85000000 27.85000000
277.00000000 29.25000000 29.00000000
278.00000000 28.55000000 28.75000000
279.00000000 26.05000000 26.55000000
280.00000000 24.90000000 25.25000000
281.00000000 27.70000000 27.70000000
282.00000000 27.25000000 27.10000000
283.00000000 26.70000000 26.60000000
284.00000000 27.95000000 28.05000000
285.00000000 26.20000000 26.75000000
286.00000000 26.40000000 26.50000000
287.00000000 28.30000000 28.35000000
288.00000000 28.70000000 28.50000000
289.00000000 26.65000000 26.60000000
290.00000000 28.95000000 28.60000000
291.00000000 28.90000000 29.15000000
292.00000000 29.00000000 28.60000000
293.00000000 28.30000000 28.25000000
294.00000000 29.65000000 29.35000000
295.00000000 26.60000000 26.35000000
296.00000000 26.25000000 25.80000000
297.00000000 27.75000000 27.95000000
298.00000000 26.25000000 26.45000000
299.00000000 26.60000000 26.45000000
300.00000000 29.25000000 29.50000000
301.00000000 26.90000000 26.15000000
302.00000000 28.55000000 28.65000000
303.00000000 28.15000000 27.85000000
304.00000000 26.40000000 26.65000000
305.00000000 26.35000000 25.95000000
306.00000000 28.05000000 28.20000000
307.00000000 25.85000000 25.85000000
308.00000000 26.20000000 26.30000000
309.00000000 26.40000000 26.35000000
310.00000000 27.50000000 26.90000000
311.00000000 26.10000000 26.65000000
312.00000000 29.60000000 29.65000000
313.00000000 27.90000000 28.15000000
314.00000000 27.45000000 27.50000000
315.00000000 25.35000000 25.90000000
316.00000000 25.90000000 26.25000000
317.00000000 27.65000000 27.90000000
318.00000000 28.70000000 28.95000000
319.00000000 27.80000000 27.65000000
320.00000000 28.05000000 28.10000000
321.00000000 29.45000000 28.85000000
322.00000000 25.50000000 26.25000000
323.00000000 27.00000000 26.95000000
324.00000000 25.55000000 25.50000000
325.00000000 27.00000000 26.95000000
326.00000000 26.35000000 26.60000000
327.00000000 25.20000000 25.45000000
328.00000000 24.35000000 24.20000000
329.00000000 24.35000000 24.25000000
330.00000000 25.05000000 25.25000000
331.00000000 25.95000000 26.10000000
332.00000000 24.60000000 24.45000000
333.00000000 25.25000000 24.90000000
334.00000000 25.40000000 25.90000000
335.00000000 26.25000000 26.35000000
336.00000000 26.25000000 27.60000000
337.00000000 24.90000000 25.45000000
338.00000000 24.25000000 24.50000000
339.00000000 24.75000000 24.55000000
340.00000000 26.60000000 26.35000000
341.00000000 25.60000000 25.80000000
342.00000000 26.10000000 26.20000000
343.00000000 27.25000000 27.40000000
344.00000000 26.15000000 26.50000000
345.00000000 22.00000000 22.15000000
346.00000000 25.40000000 24.70000000
347.00000000 26.40000000 26.20000000
348.00000000 26.80000000 26.80000000
349.00000000 26.40000000 27.00000000
350.00000000 26.60000000 26.30000000
351.00000000 27.05000000 26.95000000
352.00000000 27.35000000 27.60000000
353.00000000 26.25000000 26.20000000
354.00000000 26.65000000 26.80000000
355.00000000 26.00000000 25.95000000
356.00000000 27.05000000 27.30000000
357.00000000 26.35000000 26.60000000
358.00000000 26.95000000 26.85000000
359.00000000 26.90000000 27.10000000
360.00000000 26.90000000 27.25000000
361.00000000 24.20000000 24.50000000
362.00000000 25.15000000 25.40000000
363.00000000 26.90000000 27.05000000
364.00000000 25.50000000 25.55000000
365.00000000 27.45000000 28.05000000
366.00000000 26.90000000 26.65000000
367.00000000 27.35000000 27.05000000
368.00000000 24.50000000 25.10000000
369.00000000 25.30000000 25.10000000
370.00000000 24.65000000 25.10000000
371.00000000 24.95000000 24.60000000
372.00000000 28.40000000 28.75000000
373.00000000 25.70000000 26.10000000
374.00000000 27.60000000 27.25000000
375.00000000 26.60000000 26.85000000
376.00000000 26.95000000 27.30000000
377.00000000 26.80000000 27.00000000
378.00000000 26.00000000 25.95000000
379.00000000 27.60000000 27.65000000
380.00000000 24.90000000 25.40000000
381.00000000 25.85000000 25.90000000
382.00000000 27.85000000 27.80000000
383.00000000 25.80000000 25.55000000
384.00000000 27.05000000 27.35000000
385.00000000 26.75000000 27.10000000
386.00000000 28.10000000 28.65000000
387.00000000 28.20000000 28.00000000
388.00000000 27.05000000 26.70000000
389.00000000 25.25000000 25.65000000
390.00000000 26.95000000 27.40000000
391.00000000 25.70000000 25.45000000
392.00000000 26.65000000 26.15000000
393.00000000 27.40000000 27.50000000
394.00000000 25.30000000 25.40000000
395.00000000 26.70000000 27.10000000
396.00000000 25.80000000 25.65000000
397.00000000 25.45000000 26.00000000
398.00000000 24.90000000 24.75000000
399.00000000 26.55000000 26.20000000
400.00000000 24.90000000 25.35000000
