0 647.70000000 649.65000000
1.00000000 306.70000000 309.30000000
2.00000000 215.55000000 216.15000000
3.00000000 176.35000000 176.70000000
4.00000000 152.25000000 153.55000000
5.00000000 138.35000000 137.85000000
6.00000000 128.40000000 127.90000000
7.00000000 122.00000000 122.50000000
8.00000000 118.60000000 118.05000000
9.00000000 109.50000000 110.45000000
10.00000000 108.45000000 110.10000000
11.00000000 103.20000000 104.10000000
12.00000000 104.45000000 104.15000000
13.00000000 100.95000000 101.00000000
14.00000000 94.60000000 95.30000000
15.00000000 96.05000000 96.25000000
16.00000000 95.65000000 96.45000000
17.00000000 95.20000000 95.15000000
18.00000000 94.90000000 94.90000000
19.00000000 90.35000000 90.25000000
20.00000000 91.55000000 90.20000000
21.00000000 92.20000000 93.00000000
22.00000000 89.75000000 89.70000000
23.00000000 85.85000000 86.65000000
24.00000000 87.55000000 88.55000000
25.00000000 89.05000000 89.55000000
26.00000000 87.80000000 89.15000000
27.00000000 88.95000000 88.20000000
28.00000000 86.75000000 86.15000000
29.00000000 86.40000000 87.05000000
30.00000000 84.05000000 85.10000000
31.00000000 83.25000000 83.15000000
32.00000000 85.45000000 85.90000000
33.00000000 87.45000000 86.30000000
34.00000000 84.65000000 84.40000000
35.00000000 81.60000000 82.55000000
36.00000000 83.20000000 84.70000000
37.00000000 82.45000000 82.55000000
38.00000000 79.70000000 79.55000000
39.00000000 80.95000000 82.40000000
40.00000000 81.10000000 81.40000000
41.00000000 83.70000000 83.95000000
42.00000000 80.70000000 81.40000000
43.00000000 77.75000000 78.60000000
44.00000000 78.10000000 78.75000000
45.00000000 81.35000000 81.80000000
46.00000000 76.30000000 76.90000000
47.00000000 78.40000000 77.85000000
48.00000000 79.30000000 79.15000000
49.00000000 80.85000000 81.35000000
50.00000000 77.50000000 78.20000000
51.00000000 77.40000000 77.40000000
52.00000000 78.00000000 78.30000000
53.00000000 79.45000000 79.90000000
54.00000000 76.60000000 77.25000000
55.00000000 76.65000000 76.55000000
56.00000000 74.45000000 74.90000000
57.00000000 74.65000000 75.15000000
58.00000000 77.65000000 78.40000000
59.00000000 75.60000000 75.65000000
60.00000000 76.35000000 76.20000000
61.00000000 76.50000000 76.10000000
62.00000000 79.40000000 79.90000000
63.00000000 77.85000000 78.15000000
64.00000000 76.15000000 76.60000000
65.00000000 74.70000000 75.90000000
66.00000000 75.70000000 76.40000000
67.00000000 76.70000000 76.95000000
68.00000000 73.40000000 73.90000000
69.00000000 73.70000000 74.65000000
70.00000000 74.10000000 74.15000000
71.00000000 73.35000000 72.85000000
72.00000000 77.40000000 77.90000000
73.00000000 76.80000000 76.40000000
74.00000000 77.25000000 77.50000000
75.00000000 81.95000000 81.95000000
76.00000000 77.00000000 78.05000000
77.00000000 81.00000000 81.05000000
78.00000000 80.50000000 81.95000000
79.00000000 76.25000000 76.00000000
80.00000000 76.25000000 77.35000000
81.00000000 74.35000000 74.10000000
82.00000000 75.30000000 74.45000000
83.00000000 72.90000000 74.50000000
84.00000000 72.95000000 73.05000000
85.00000000 76.00000000 75.60000000
86.00000000 75.85000000 77.45000000
87.00000000 76.65000000 77.00000000
88.00000000 76.35000000 76.05000000
89.00000000 76.20000000 77.45000000
90.00000000 78.50000000 78.75000000
91.00000000 75.65000000 75.95000000
92.00000000 79.35000000 78.75000000
93.00000000 76.05000000 76.10000000
94.00000000 77.50000000 77.45000000
95.00000000 78.75000000 77.75000000
96.00000000 79.30000000 79.55000000
97.00000000 79.55000000 79.70000000
98.00000000 82.05000000 82.15000000
99.00000000 79.85000000 80.15000000
100.00000000 78.70000000 77.85000000
101.00000000 78.30000000 79.40000000
102.00000000 79.20000000 79.90000000
103.00000000 79.35000000 79.70000000
104.00000000 79.50000000 78.65000000
105.00000000 79.45000000 79.30000000
106.00000000 83.20000000 83.45000000
107.00000000 75.50000000 76.40000000
108.00000000 83.55000000 83.15000000
109.00000000 81.55000000 81.60000000
110.00000000 77.20000000 76.75000000
111.00000000 78.50000000 80.20000000
112.00000000 79.35000000 78.75000000
113.00000000 79.65000000 79.35000000
114.00000000 77.10000000 77.60000000
115.00000000 77.65000000 77.45000000
116.00000000 79.35000000 80.00000000
117.00000000 77.65000000 77.45000000
118.00000000 75.80000000 76.50000000
119.00000000 77.95000000 77.20000000
120.00000000 76.50000000 77.30000000
121.00000000 77.10000000 77.80000000
122.00000000 79.15000000 78.50000000
123.00000000 76.85000000 76.85000000
124.00000000 76.55000000 75.90000000
125.00000000 76.45000000 76.90000000
126.00000000 74.35000000 76.00000000
127.00000000 74.90000000 75.00000000
128.00000000 73.15000000 74.25000000
129.00000000 75.35000000 75.30000000
130.00000000 74.60000000 75.90000000
131.00000000 77.10000000 76.70000000
132.00000000 71.20000000 71.85000000
133.00000000 76.95000000 78.05000000
134.00000000 75.65000000 75.65000000
135.00000000 73.90000000 74.45000000
136.00000000 75.20000000 75.60000000
137.00000000 72.95000000 73.30000000
138.00000000 69.50000000 69.30000000
139.00000000 72.20000000 72.70000000
140.00000000 70.25000000 69.70000000
141.00000000 75.30000000 75.15000000
142.00000000 77.10000000 76.35000000
143.00000000 74.15000000 74.60000000
144.00000000 76.05000000 76.55000000
145.00000000 75.05000000 75.40000000
146.00000000 73.15000000 73.65000000
147.00000000 72.65000000 73.30000000
148.00000000 77.05000000 76.95000000
149.00000000 76.00000000 76.95000000
150.00000000 75.45000000 76.15000000
151.00000000 78.90000000 79.40000000
152.00000000 75.10000000 75.70000000
153.00000000 76.75000000 77.30000000
154.00000000 75.00000000 75.05000000
155.00000000 74.90000000 75.60000000
156.00000000 78.70000000 78.35000000
157.00000000 75.00000000 75.50000000
158.00000000 75.35000000 75.20000000
159.00000000 74.05000000 74.40000000
160.00000000 71.35000000 71.15000000
161.00000000 71.70000000 72.05000000
162.00000000 72.10000000 71.90000000
163.00000000 73.05000000 73.05000000
164.00000000 72.40000000 71.70000000
165.00000000 76.70000000 76.15000000
166.00000000 73.25000000 73.70000000
167.00000000 75.25000000 74.25000000
168.00000000 71.30000000 72.45000000
169.00000000 73.85000000 74.00000000
170.00000000 72.50000000 73.30000000
171.00000000 76.20000000 75.90000000
172.00000000 77.70000000 77.45000000
173.00000000 74.00000000 73.40000000
174.00000000 72.75000000 72.25000000
175.00000000 72.80000000 73.10000000
176.00000000 76.35000000 75.65000000
177.00000000 74.50000000 74.60000000
178.00000000 74.25000000 74.10000000
179.00000000 73.25000000 74.10000000
180.00000000 71.50000000 71.80000000
181.00000000 70.45000000 71.20000000
182.00000000 70.85000000 71.10000000
183.00000000 74.45000000 74.75000000
184.00000000 73.35000000 72.55000000
185.00000000 70.95000000 70.35000000
186.00000000 68.00000000 68.85000000
187.00000000 73.20000000 73.60000000
188.00000000 72.95000000 73.20000000
189.00000000 70.00000000 71.10000000
190.00000000 71.15000000 71.75000000
191.00000000 73.80000000 73.40000000
192.00000000 74.85000000 74.75000000
193.00000000 74.65000000 73.85000000
194.00000000 72.80000000 73.00000000
195.00000000 69.65000000 70.25000000
196.00000000 72.90000000 73.45000000
197.00000000 71.70000000 72.00000000
198.00000000 75.55000000 74.65000000
199.00000000 72.40000000 72.10000000
200.00000000 74.70000000 75.35000000
201.00000000 74.45000000 74.15000000
202.00000000 69.55000000 70.65000000
203.00000000 71.55000000 71.85000000
204.00000000 74.35000000 75.00000000
205.00000000 72.30000000 72.70000000
206.00000000 71.05000000 71.25000000
207.00000000 72.65000000 71.25000000
208.00000000 73.60000000 74.55000000
209.00000000 72.95000000 72.80000000
210.00000000 76.40000000 76.95000000
211.00000000 76.15000000 75.45000000
212.00000000 71.85000000 72.90000000
213.00000000 74.85000000 75.15000000
214.00000000 71.90000000 72.40000000
215.00000000 72.20000000 72.45000000
216.00000000 76.30000000 76.85000000
217.00000000 75.55000000 75.00000000
218.00000000 77.00000000 77.00000000
219.00000000 79.15000000 79.05000000
220.00000000 73.70000000 72.00000000
221.00000000 75.50000000 74.40000000
222.00000000 73.95000000 74.35000000
223.00000000 71.60000000 71.40000000
224.00000000 72.45000000 72.95000000
225.00000000 75.10000000 75.10000000
226.00000000 75.70000000 76.05000000
227.00000000 72.05000000 72.80000000
228.00000000 72.70000000 72.80000000
229.00000000 76.00000000 76.00000000
230.00000000 75.45000000 76.35000000
231.00000000 77.05000000 77.05000000
232.00000000 72.10000000 72.10000000
233.00000000 73.40000000 73.30000000
234.00000000 71.10000000 71.00000000
235.00000000 73.60000000 73.75000000
236.00000000 75.00000000 74.25000000
237.00000000 75.80000000 76.25000000
238.00000000 76.25000000 76.95000000
239.00000000 72.85000000 73.45000000
240.00000000 73.00000000 72.85000000
241.00000000 74.65000000 74.50000000
242.00000000 75.20000000 74.20000000
243.00000000 72.85000000 73.05000000
244.00000000 74.15000000 75.30000000
245.00000000 72.30000000 72.85000000
246.00000000 70.05000000 69.75000000
247.00000000 71.55000000 72.00000000
248.00000000 70.70000000 71.15000000
249.00000000 74.55000000 75.05000000
250.00000000 77.55000000 77.60000000
251.00000000 76.00000000 76.65000000
252.00000000 73.90000000 73.80000000
253.00000000 75.25000000 75.55000000
254.00000000 73.05000000 72.95000000
255.00000000 73.75000000 73.40000000
256.00000000 72.80000000 73.70000000
257.00000000 72.70000000 73.20000000
258.00000000 73.85000000 73.60000000
259.00000000 75.25000000 75.35000000
260.00000000 71.50000000 71.75000000
261.00000000 72.60000000 72.85000000
262.00000000 74.00000000 74.40000000
263.00000000 69.95000000 70.70000000
264.00000000 71.80000000 72.20000000
265.00000000 70.75000000 71.65000000
266.00000000 71.35000000 72.60000000
267.00000000 69.00000000 70.05000000
268.00000000 74.65000000 75.10000000
269.00000000 69.75000000 69.55000000
270.00000000 73.70000000 73.95000000
271.00000000 73.05000000 73.40000000
272.00000000 73.10000000 73.90000000
273.00000000 76.15000000 76.60000000
274.00000000 71.10000000 72.05000000
275.00000000 75.25000000 76.25000000
276.00000000 74.25000000 74.30000000
277.00000000 72.95000000 73.05000000
278.00000000 74.10000000 74.45000000
279.00000000 74.95000000 75.85000000
280.00000000 76.05000000 77.00000000
281.00000000 76.55000000 76.90000000
282.00000000 76.35000000 76.85000000
283.00000000 75.90000000 76.80000000
284.00000000 75.80000000 75.10000000
285.00000000 74.35000000 74.75000000
286.00000000 76.45000000 76.20000000
287.00000000 73.80000000 75.00000000
288.00000000 76.25000000 75.75000000
289.00000000 75.45000000 76.40000000
290.00000000 75.25000000 75.70000000
291.00000000 75.80000000 75.45000000
292.00000000 73.00000000 71.90000000
293.00000000 75.50000000 75.80000000
294.00000000 75.25000000 75.25000000
295.00000000 74.90000000 74.55000000
296.00000000 76.45000000 76.10000000
297.00000000 75.20000000 74.60000000
298.00000000 74.45000000 75.30000000
299.00000000 76.80000000 77.40000000
300.00000000 78.95000000 77.80000000
301.00000000 76.85000000 77.20000000
302.00000000 72.75000000 72.80000000
303.00000000 76.35000000 75.20000000
304.00000000 73.85000000 73.85000000
305.00000000 72.95000000 74.25000000
306.00000000 72.75000000 72.40000000
307.00000000 73.75000000 74.80000000
308.00000000 72.10000000 72.30000000
309.00000000 69.40000000 69.75000000
310.00000000 73.15000000 73.40000000
311.00000000 72.45000000 73.10000000
312.00000000 73.95000000 73.50000000
313.00000000 73.35000000 74.20000000
314.00000000 75.00000000 75.35000000
315.00000000 73.35000000 73.80000000
316.00000000 70.90000000 71.50000000
317.00000000 70.75000000 71.40000000
318.00000000 70.80000000 71.40000000
319.00000000 71.50000000 72.05000000
320.00000000 71.80000000 72.65000000
321.00000000 70.50000000 70.55000000
322.00000000 68.55000000 68.25000000
323.00000000 69.40000000 69.90000000
324.00000000 70.70000000 70.15000000
325.00000000 71.45000000 71.65000000
326.00000000 74.50000000 75.10000000
327.00000000 69.90000000 70.30000000
328.00000000 69.25000000 70.60000000
329.00000000 68.90000000 68.95000000
330.00000000 69.60000000 70.55000000
331.00000000 70.95000000 70.80000000
332.00000000 68.70000000 69.85000000
333.00000000 72.70000000 72.85000000
334.00000000 72.25000000 72.60000000
335.00000000 68.05000000 66.90000000
336.00000000 72.50000000 72.45000000
337.00000000 71.05000000 70.85000000
338.00000000 71.55000000 71.45000000
339.00000000 67.95000000 68.25000000
340.00000000 72.30000000 72.90000000
341.00000000 70.25000000 70.10000000
342.00000000 68.50000000 68.95000000
343.00000000 71.00000000 71.80000000
344.00000000 72.20000000 72.25000000
345.00000000 71.05000000 71.50000000
346.00000000 70.95000000 71.85000000
347.00000000 70.95000000 71.20000000
348.00000000 72.70000000 72.45000000
349.00000000 72.25000000 72.75000000
350.00000000 70.80000000 70.95000000
351.00000000 74.50000000 74.90000000
352.00000000 71.95000000 71.35000000
353.00000000 72.90000000 71.80000000
354.00000000 69.70000000 69.40000000
355.00000000 69.85000000 71.30000000
356.00000000 70.65000000 70.85000000
357.00000000 71.65000000 72.25000000
358.00000000 70.10000000 69.95000000
359.00000000 72.80000000 72.80000000
360.00000000 72.80000000 73.05000000
361.00000000 68.60000000 69.25000000
362.00000000 73.10000000 73.15000000
363.00000000 70.25000000 71.00000000
364.00000000 73.00000000 73.00000000
365.00000000 69.15000000 68.90000000
366.00000000 71.95000000 72.95000000
367.00000000 72.95000000 73.70000000
368.00000000 71.25000000 71.95000000
369.00000000 73.35000000 73.85000000
370.00000000 71.35000000 71.10000000
371.00000000 72.90000000 72.70000000
372.00000000 72.80000000 72.85000000
373.00000000 72.95000000 73.40000000
374.00000000 74.65000000 74.60000000
375.00000000 74.10000000 74.10000000
376.00000000 71.40000000 70.85000000
377.00000000 70.10000000 70.20000000
378.00000000 71.40000000 70.00000000
379.00000000 71.70000000 71.35000000
380.00000000 72.85000000 72.00000000
381.00000000 74.50000000 74.75000000
382.00000000 72.60000000 71.40000000
383.00000000 73.50000000 74.20000000
384.00000000 73.95000000 74.50000000
385.00000000 74.05000000 74.30000000
386.00000000 75.80000000 76.20000000
387.00000000 71.35000000 71.70000000
388.00000000 70.95000000 71.70000000
389.00000000 72.45000000 72.90000000
390.00000000 73.60000000 74.45000000
391.00000000 76.05000000 74.95000000
392.00000000 76.50000000 76.05000000
393.00000000 74.55000000 74.90000000
394.00000000 70.55000000 70.70000000
395.00000000 72.10000000 72.60000000
396.00000000 74.80000000 74.15000000
397.00000000 75.15000000 75.90000000
398.00000000 74.65000000 74.05000000
399.00000000 73.75000000 74.55000000
400.00000000 73.00000000 73.15000000
