0 647.75000000 650.40000000
1.00000000 375.75000000 375.95000000
2.00000000 332.65000000 333.10000000
3.00000000 325.80000000 326.90000000
4.00000000 314.95000000 316.00000000
5.00000000 313.10000000 314.80000000
6.00000000 316.70000000 315.90000000
7.00000000 316.45000000 317.65000000
8.00000000 319.30000000 320.75000000
9.00000000 313.05000000 315.95000000
10.00000000 315.80000000 316.80000000
11.00000000 312.00000000 314.35000000
12.00000000 312.55000000 312.15000000
13.00000000 315.10000000 313.05000000
14.00000000 312.25000000 312.55000000
15.00000000 307.75000000 309.35000000
16.00000000 314.45000000 314.80000000
17.00000000 309.75000000 310.00000000
18.00000000 311.00000000 311.70000000
19.00000000 312.25000000 313.00000000
20.00000000 312.65000000 314.40000000
21.00000000 317.65000000 316.75000000
22.00000000 313.05000000 312.35000000
23.00000000 309.55000000 311.95000000
24.00000000 309.65000000 309.95000000
25.00000000 313.60000000 317.15000000
26.00000000 312.15000000 312.50000000
27.00000000 313.15000000 311.70000000
28.00000000 310.55000000 309.55000000
29.00000000 313.00000000 312.65000000
30.00000000 314.50000000 315.55000000
31.00000000 309.45000000 310.35000000
32.00000000 311.20000000 312.60000000
33.00000000 311.40000000 312.55000000
34.00000000 315.20000000 316.45000000
35.00000000 310.00000000 311.70000000
36.00000000 311.80000000 311.10000000
37.00000000 310.90000000 311.35000000
38.00000000 310.80000000 311.30000000
39.00000000 312.85000000 313.85000000
40.00000000 317.20000000 316.80000000
41.00000000 320.20000000 318.55000000
42.00000000 320.60000000 322.05000000
43.00000000 316.55000000 318.15000000
44.00000000 316.65000000 317.55000000
45.00000000 313.70000000 316.10000000
46.00000000 317.95000000 318.80000000
47.00000000 310.85000000 310.75000000
48.00000000 316.45000000 318.55000000
49.00000000 314.75000000 314.75000000
50.00000000 319.55000000 318.75000000
51.00000000 315.05000000 313.95000000
52.00000000 313.10000000 314.90000000
53.00000000 312.25000000 312.55000000
54.00000000 316.55000000 315.55000000
55.00000000 315.15000000 314.65000000
56.00000000 312.65000000 313.85000000
57.00000000 317.85000000 317.10000000
58.00000000 313.50000000 313.55000000
59.00000000 312.90000000 311.20000000
60.00000000 311.60000000 312.15000000
61.00000000 313.55000000 313.00000000
62.00000000 310.65000000 309.90000000
63.00000000 307.30000000 307.25000000
64.00000000 311.95000000 314.10000000
65.00000000 311.50000000 312.90000000
66.00000000 313.60000000 314.00000000
67.00000000 316.40000000 317.10000000
68.00000000 312.45000000 312.95000000
69.00000000 311.20000000 312.70000000
70.00000000 313.95000000 316.20000000
71.00000000 315.20000000 316.35000000
72.00000000 314.55000000 316.10000000
73.00000000 315.35000000 316.75000000
74.00000000 314.55000000 315.75000000
75.00000000 316.00000000 317.00000000
76.00000000 311.90000000 311.80000000
77.00000000 314.50000000 315.00000000
78.00000000 305.40000000 307.20000000
79.00000000 312.10000000 312.40000000
80.00000000 313.60000000 315.30000000
81.00000000 309.50000000 308.75000000
82.00000000 310.05000000 312.40000000
83.00000000 321.45000000 323.30000000
84.00000000 316.10000000 316.65000000
85.00000000 309.15000000 310.00000000
86.00000000 315.60000000 318.00000000
87.00000000 315.80000000 319.20000000
88.00000000 310.10000000 311.40000000
89.00000000 316.85000000 317.55000000
90.00000000 312.20000000 311.40000000
91.00000000 315.35000000 315.25000000
92.00000000 314.55000000 315.10000000
93.00000000 311.50000000 313.80000000
94.00000000 312.90000000 315.10000000
95.00000000 315.05000000 318.00000000
96.00000000 313.10000000 314.30000000
97.00000000 314.00000000 315.60000000
98.00000000 312.65000000 314.45000000
99.00000000 310.00000000 310.20000000
100.00000000 310.85000000 311.95000000
101.00000000 310.50000000 311.20000000
102.00000000 317.70000000 318.95000000
103.00000000 311.50000000 311.50000000
104.00000000 314.25000000 315.65000000
105.00000000 317.00000000 319.45000000
106.00000000 314.35000000 315.60000000
107.00000000 313.85000000 313.40000000
108.00000000 319.25000000 318.90000000
109.00000000 312.05000000 312.15000000
110.00000000 313.05000000 313.85000000
111.00000000 311.05000000 312.50000000
112.00000000 312.05000000 314.75000000
113.00000000 317.00000000 317.95000000
114.00000000 308.45000000 311.70000000
115.00000000 315.60000000 317.60000000
116.00000000 316.80000000 317.60000000
117.00000000 312.45000000 312.25000000
118.00000000 311.05000000 311.00000000
119.00000000 312.15000000 313.40000000
120.00000000 315.95000000 317.20000000
121.00000000 311.25000000 313.45000000
122.00000000 310.55000000 311.75000000
123.00000000 309.60000000 309.90000000
124.00000000 314.85000000 314.35000000
125.00000000 314.75000000 313.95000000
126.00000000 313.40000000 312.80000000
127.00000000 310.40000000 312.00000000
128.00000000 316.35000000 318.45000000
129.00000000 313.95000000 314.85000000
130.00000000 316.05000000 317.00000000
131.00000000 315.15000000 317.95000000
132.00000000 312.10000000 313.65000000
133.00000000 313.55000000 314.95000000
134.00000000 313.80000000 315.60000000
135.00000000 312.15000000 314.05000000
136.00000000 308.00000000 309.70000000
137.00000000 315.40000000 315.05000000
138.00000000 317.00000000 319.00000000
139.00000000 318.50000000 319.40000000
140.00000000 314.85000000 315.75000000
141.00000000 313.35000000 312.05000000
142.00000000 311.70000000 311.15000000
143.00000000 310.90000000 310.80000000
144.00000000 307.50000000 309.90000000
145.00000000 315.25000000 315.45000000
146.00000000 313.60000000 318.20000000
147.00000000 308.80000000 310.95000000
148.00000000 318.35000000 319.25000000
149.00000000 312.70000000 313.40000000
150.00000000 308.40000000 308.15000000
151.00000000 309.00000000 311.45000000
152.00000000 313.45000000 314.70000000
153.00000000 312.25000000 311.75000000
154.00000000 312.40000000 316.85000000
155.00000000 312.50000000 314.70000000
156.00000000 315.55000000 315.40000000
157.00000000 317.35000000 318.10000000
158.00000000 308.25000000 309.65000000
159.00000000 315.75000000 315.20000000
160.00000000 312.20000000 314.60000000
161.00000000 316.55000000 317.90000000
162.00000000 312.60000000 314.40000000
163.00000000 315.65000000 315.50000000
164.00000000 313.80000000 312.95000000
165.00000000 309.30000000 309.60000000
166.00000000 317.45000000 320.65000000
167.00000000 317.05000000 316.25000000
168.00000000 314.05000000 315.15000000
169.00000000 319.00000000 317.90000000
170.00000000 316.50000000 317.50000000
171.00000000 314.30000000 316.20000000
172.00000000 314.10000000 314.85000000
173.00000000 310.40000000 310.30000000
174.00000000 311.65000000 311.90000000
175.00000000 308.65000000 310.10000000
176.00000000 316.10000000 317.80000000
177.00000000 308.40000000 309.65000000
178.00000000 310.55000000 312.35000000
179.00000000 312.00000000 312.45000000
180.00000000 309.80000000 312.65000000
181.00000000 309.85000000 311.10000000
182.00000000 303.20000000 302.45000000
183.00000000 314.10000000 313.05000000
184.00000000 312.35000000 312.95000000
185.00000000 316.35000000 320.55000000
186.00000000 316.05000000 316.75000000
187.00000000 319.00000000 320.75000000
188.00000000 314.25000000 316.05000000
189.00000000 311.45000000 313.10000000
190.00000000 312.10000000 313.70000000
191.00000000 311.60000000 313.55000000
192.00000000 321.45000000 321.60000000
193.00000000 321.10000000 322.25000000
194.00000000 313.05000000 313.30000000
195.00000000 312.35000000 313.55000000
196.00000000 311.20000000 312.60000000
197.00000000 313.45000000 315.50000000
198.00000000 312.45000000 312.25000000
199.00000000 316.80000000 320.20000000
200.00000000 316.25000000 318.35000000
201.00000000 316.75000000 315.45000000
202.00000000 314.55000000 316.05000000
203.00000000 311.00000000 311.10000000
204.00000000 314.35000000 315.90000000
205.00000000 311.85000000 312.25000000
206.00000000 313.85000000 316.15000000
207.00000000 312.45000000 312.65000000
208.00000000 320.55000000 321.75000000
209.00000000 316.30000000 316.85000000
210.00000000 316.85000000 318.20000000
211.00000000 322.95000000 320.75000000
212.00000000 317.85000000 317.25000000
213.00000000 316.25000000 318.15000000
214.00000000 317.05000000 315.15000000
215.00000000 315.35000000 316.75000000
216.00000000 316.05000000 314.95000000
217.00000000 314.95000000 314.95000000
218.00000000 311.65000000 313.50000000
219.00000000 311.30000000 310.65000000
220.00000000 309.50000000 310.65000000
221.00000000 315.15000000 315.30000000
222.00000000 309.90000000 311.55000000
223.00000000 315.85000000 316.00000000
224.00000000 311.80000000 312.35000000
225.00000000 312.85000000 315.10000000
226.00000000 316.15000000 316.85000000
227.00000000 315.15000000 315.45000000
228.00000000 312.45000000 311.35000000
229.00000000 309.80000000 310.75000000
230.00000000 311.45000000 311.80000000
231.00000000 308.05000000 310.95000000
232.00000000 308.85000000 309.45000000
233.00000000 310.25000000 311.20000000
234.00000000 311.65000000 312.75000000
235.00000000 316.95000000 315.10000000
236.00000000 310.10000000 310.70000000
237.00000000 307.25000000 310.10000000
238.00000000 308.60000000 309.25000000
239.00000000 309.80000000 313.95000000
240.00000000 313.25000000 314.30000000
241.00000000 315.95000000 315.10000000
242.00000000 313.70000000 314.00000000
243.00000000 315.70000000 314.70000000
244.00000000 307.85000000 311.30000000
245.00000000 314.60000000 314.50000000
246.00000000 313.60000000 313.60000000
247.00000000 311.20000000 314.80000000
248.00000000 319.50000000 318.40000000
249.00000000 306.60000000 309.20000000
250.00000000 315.50000000 317.05000000
251.00000000 314.90000000 314.95000000
252.00000000 317.30000000 318.90000000
253.00000000 315.90000000 316.20000000
254.00000000 312.85000000 313.20000000
255.00000000 314.85000000 314.55000000
256.00000000 310.25000000 310.15000000
257.00000000 313.70000000 314.00000000
258.00000000 315.90000000 319.05000000
259.00000000 318.80000000 319.85000000
260.00000000 311.20000000 313.05000000
261.00000000 314.40000000 314.90000000
262.00000000 312.80000000 313.10000000
263.00000000 320.90000000 319.30000000
264.00000000 314.70000000 317.50000000
265.00000000 317.55000000 317.60000000
266.00000000 308.00000000 309.55000000
267.00000000 311.50000000 312.50000000
268.00000000 320.30000000 322.20000000
269.00000000 316.00000000 314.30000000
270.00000000 311.10000000 313.70000000
271.00000000 310.35000000 312.20000000
272.00000000 315.80000000 316.50000000
273.00000000 317.20000000 318.45000000
274.00000000 314.80000000 316.75000000
275.00000000 313.25000000 314.65000000
276.00000000 314.55000000 314.60000000
277.00000000 313.15000000 314.45000000
278.00000000 313.30000000 315.15000000
279.00000000 310.35000000 310.70000000
280.00000000 311.15000000 311.90000000
281.00000000 311.35000000 311.10000000
282.00000000 314.45000000 314.25000000
283.00000000 317.10000000 315.90000000
284.00000000 316.10000000 317.45000000
285.00000000 314.25000000 315.15000000
286.00000000 313.30000000 313.20000000
287.00000000 314.25000000 315.05000000
288.00000000 312.85000000 312.60000000
289.00000000 320.75000000 321.65000000
290.00000000 317.30000000 318.90000000
291.00000000 311.40000000 311.70000000
292.00000000 319.55000000 319.65000000
293.00000000 320.35000000 321.00000000
294.00000000 308.15000000 309.80000000
295.00000000 315.30000000 316.20000000
296.00000000 313.95000000 316.80000000
297.00000000 314.40000000 316.00000000
298.00000000 314.30000000 313.70000000
299.00000000 322.75000000 324.05000000
300.00000000 315.45000000 316.05000000
301.00000000 315.45000000 317.35000000
302.00000000 317.80000000 317.20000000
303.00000000 314.15000000 314.00000000
304.00000000 315.10000000 316.25000000
305.00000000 316.60000000 317.85000000
306.00000000 318.20000000 319.35000000
307.00000000 316.15000000 316.15000000
308.00000000 312.60000000 313.70000000
309.00000000 313.00000000 314.50000000
310.00000000 313.70000000 313.50000000
311.00000000 309.10000000 309.00000000
312.00000000 312.70000000 313.00000000
313.00000000 315.90000000 315.70000000
314.00000000 311.15000000 311.60000000
315.00000000 317.15000000 318.80000000
316.00000000 317.40000000 318.30000000
317.00000000 315.85000000 316.35000000
318.00000000 318.05000000 319.50000000
319.00000000 310.15000000 312.05000000
320.00000000 312.00000000 311.95000000
321.00000000 313.35000000 314.80000000
322.00000000 312.20000000 313.25000000
323.00000000 315.80000000 315.15000000
324.00000000 309.30000000 312.70000000
325.00000000 306.35000000 305.05000000
326.00000000 316.55000000 315.95000000
327.00000000 312.05000000 312.10000000
328.00000000 314.20000000 315.40000000
329.00000000 315.75000000 316.75000000
330.00000000 313.20000000 314.30000000
331.00000000 311.40000000 311.50000000
332.00000000 313.25000000 315.50000000
333.00000000 313.35000000 313.20000000
334.00000000 315.50000000 318.65000000
335.00000000 317.95000000 319.20000000
336.00000000 310.75000000 313.45000000
337.00000000 309.80000000 311.15000000
338.00000000 308.05000000 309.30000000
339.00000000 314.90000000 316.15000000
340.00000000 318.55000000 319.35000000
341.00000000 316.85000000 317.10000000
342.00000000 315.00000000 317.40000000
343.00000000 314.00000000 312.80000000
344.00000000 316.35000000 316.35000000
345.00000000 312.45000000 315.10000000
346.00000000 316.60000000 317.50000000
347.00000000 314.10000000 312.10000000
348.00000000 310.40000000 309.90000000
349.00000000 311.05000000 312.15000000
350.00000000 313.75000000 313.80000000
351.00000000 315.10000000 314.85000000
352.00000000 309.80000000 310.80000000
353.00000000 316.85000000 317.80000000
354.00000000 324.90000000 323.70000000
355.00000000 313.90000000 312.85000000
356.00000000 315.70000000 316.15000000
357.00000000 311.25000000 312.25000000
358.00000000 312.70000000 314.70000000
359.00000000 313.50000000 313.85000000
360.00000000 307.25000000 309.20000000
361.00000000 312.25000000 312.50000000
362.00000000 315.85000000 315.90000000
363.00000000 309.55000000 311.75000000
364.00000000 312.30000000 311.85000000
365.00000000 312.10000000 312.95000000
366.00000000 308.65000000 310.40000000
367.00000000 312.15000000 311.40000000
368.00000000 310.50000000 310.55000000
369.00000000 313.80000000 313.60000000
370.00000000 317.35000000 318.45000000
371.00000000 319.35000000 319.35000000
372.00000000 313.55000000 316.05000000
373.00000000 312.70000000 312.30000000
374.00000000 317.20000000 318.70000000
375.00000000 314.30000000 313.90000000
376.00000000 314.45000000 316.15000000
377.00000000 312.15000000 312.65000000
378.00000000 314.70000000 315.30000000
379.00000000 317.25000000 318.75000000
380.00000000 311.85000000 313.10000000
381.00000000 308.70000000 309.20000000
382.00000000 312.45000000 312.70000000
383.00000000 313.90000000 316.00000000
384.00000000 309.05000000 308.70000000
385.00000000 306.80000000 307.35000000
386.00000000 312.10000000 313.55000000
387.00000000 310.75000000 311.50000000
388.00000000 312.30000000 313.00000000
389.00000000 313.40000000 315.30000000
390.00000000 320.50000000 319.70000000
391.00000000 313.50000000 315.65000000
392.00000000 309.90000000 310.20000000
393.00000000 318.85000000 319.75000000
394.00000000 310.75000000 313.00000000
395.00000000 315.00000000 315.45000000
396.00000000 313.80000000 313.65000000
397.00000000 312.85000000 314.10000000
398.00000000 314.30000000 315.00000000
399.00000000 309.95000000 312.75000000
400.00000000 312.15000000 314.60000000
