0 646.60000000 649.95000000
1.00000000 643.05000000 644.85000000
2.00000000 646.85000000 644.70000000
3.00000000 640.60000000 644.10000000
4.00000000 640.55000000 642.75000000
5.00000000 642.35000000 643.80000000
6.00000000 645.20000000 647.00000000
7.00000000 639.40000000 638.90000000
8.00000000 638.80000000 639.35000000
9.00000000 646.50000000 647.95000000
10.00000000 639.80000000 644.25000000
11.00000000 643.20000000 640.65000000
12.00000000 651.60000000 650.35000000
13.00000000 639.60000000 641.80000000
14.00000000 641.65000000 643.55000000
15.00000000 639.85000000 641.30000000
16.00000000 644.00000000 641.20000000
17.00000000 644.10000000 645.00000000
18.00000000 646.55000000 643.55000000
19.00000000 644.10000000 645.35000000
20.00000000 637.70000000 640.30000000
21.00000000 634.55000000 634.90000000
22.00000000 645.25000000 646.60000000
23.00000000 644.05000000 645.90000000
24.00000000 644.75000000 644.95000000
25.00000000 638.50000000 641.70000000
26.00000000 644.05000000 645.25000000
27.00000000 639.65000000 638.80000000
28.00000000 647.05000000 650.15000000
29.00000000 646.00000000 646.45000000
30.00000000 640.60000000 641.30000000
31.00000000 641.05000000 640.95000000
32.00000000 643.05000000 643.10000000
33.00000000 643.25000000 642.35000000
34.00000000 642.10000000 640.65000000
35.00000000 640.60000000 641.40000000
36.00000000 645.10000000 645.80000000
37.00000000 635.50000000 639.55000000
38.00000000 643.60000000 645.15000000
39.00000000 642.75000000 646.55000000
40.00000000 643.05000000 641.35000000
41.00000000 641.35000000 645.00000000
42.00000000 646.70000000 647.05000000
43.00000000 648.70000000 645.15000000
44.00000000 640.00000000 643.00000000
45.00000000 644.15000000 646.90000000
46.00000000 642.80000000 646.45000000
47.00000000 641.60000000 641.30000000
48.00000000 651.75000000 651.55000000
49.00000000 639.10000000 638.50000000
50.00000000 641.05000000 640.80000000
51.00000000 643.10000000 645.80000000
52.00000000 638.35000000 639.85000000
53.00000000 635.55000000 636.70000000
54.00000000 648.10000000 648.75000000
55.00000000 643.90000000 643.80000000
56.00000000 645.05000000 646.70000000
57.00000000 645.35000000 645.85000000
58.00000000 640.40000000 640.50000000
59.00000000 644.25000000 643.30000000
60.00000000 644.50000000 644.85000000
61.00000000 641.75000000 641.60000000
62.00000000 649.25000000 650.25000000
63.00000000 637.85000000 640.95000000
64.00000000 638.50000000 638.45000000
65.00000000 645.15000000 649.35000000
66.00000000 639.95000000 641.55000000
67.00000000 643.15000000 643.95000000
68.00000000 647.65000000 649.25000000
69.00000000 635.70000000 637.40000000
70.00000000 636.75000000 638.75000000
71.00000000 647.05000000 648.80000000
72.00000000 643.30000000 643.80000000
73.00000000 640.15000000 643.90000000
74.00000000 640.65000000 643.80000000
75.00000000 638.85000000 642.85000000
76.00000000 640.20000000 642.70000000
77.00000000 645.00000000 645.95000000
78.00000000 641.55000000 642.00000000
79.00000000 645.35000000 646.60000000
80.00000000 645.55000000 648.20000000
81.00000000 643.90000000 646.30000000
82.00000000 646.25000000 645.15000000
83.00000000 637.40000000 638.80000000
84.00000000 644.90000000 647.90000000
85.00000000 647.85000000 649.45000000
86.00000000 641.30000000 641.20000000
87.00000000 642.50000000 644.15000000
88.00000000 637.25000000 643.20000000
89.00000000 639.00000000 641.30000000
90.00000000 643.10000000 645.50000000
91.00000000 646.30000000 647.15000000
92.00000000 642.30000000 645.20000000
93.00000000 638.25000000 639.35000000
94.00000000 643.85000000 645.60000000
95.00000000 642.20000000 646.20000000
96.00000000 642.80000000 645.30000000
97.00000000 639.45000000 643.00000000
98.00000000 641.15000000 640.10000000
99.00000000 642.45000000 643.05000000
100.00000000 643.05000000 645.50000000
101.00000000 638.15000000 636.95000000
102.00000000 644.25000000 645.20000000
103.00000000 649.50000000 651.50000000
104.00000000 641.00000000 641.15000000
105.00000000 640.75000000 641.10000000
106.00000000 638.90000000 638.95000000
107.00000000 641.00000000 642.25000000
108.00000000 645.70000000 645.40000000
109.00000000 645.80000000 648.35000000
110.00000000 643.70000000 644.65000000
111.00000000 643.20000000 641.90000000
112.00000000 647.50000000 651.25000000
113.00000000 641.30000000 644.90000000
114.00000000 643.65000000 644.65000000
115.00000000 642.95000000 643.45000000
116.00000000 638.25000000 638.40000000
117.00000000 641.60000000 643.60000000
118.00000000 644.85000000 645.25000000
119.00000000 649.25000000 647.10000000
120.00000000 636.90000000 639.25000000
121.00000000 645.65000000 647.55000000
122.00000000 636.00000000 639.35000000
123.00000000 639.65000000 643.25000000
124.00000000 645.45000000 645.40000000
125.00000000 641.15000000 639.50000000
126.00000000 643.35000000 647.55000000
127.00000000 643.55000000 644.65000000
128.00000000 637.90000000 639.30000000
129.00000000 644.35000000 646.00000000
130.00000000 640.65000000 640.70000000
131.00000000 645.15000000 645.55000000
132.00000000 640.65000000 641.35000000
133.00000000 644.55000000 645.35000000
134.00000000 648.60000000 648.60000000
135.00000000 638.80000000 638.70000000
136.00000000 642.15000000 641.60000000
137.00000000 649.20000000 652.00000000
138.00000000 638.85000000 639.35000000
139.00000000 638.10000000 641.60000000
140.00000000 642.70000000 642.30000000
141.00000000 641.65000000 645.60000000
142.00000000 643.60000000 646.35000000
143.00000000 643.40000000 645.35000000
144.00000000 640.80000000 643.10000000
145.00000000 644.25000000 643.90000000
146.00000000 645.30000000 645.45000000
147.00000000 641.90000000 645.85000000
148.00000000 645.65000000 644.00000000
149.00000000 648.10000000 646.30000000
150.00000000 641.40000000 646.00000000
151.00000000 643.35000000 644.15000000
152.00000000 641.30000000 644.15000000
153.00000000 648.75000000 648.45000000
154.00000000 643.95000000 648.30000000
155.00000000 635.10000000 636.70000000
156.00000000 643.40000000 644.05000000
157.00000000 641.45000000 640.95000000
158.00000000 638.25000000 641.65000000
159.00000000 641.35000000 640.40000000
160.00000000 643.00000000 647.35000000
161.00000000 647.10000000 648.75000000
162.00000000 649.00000000 651.00000000
163.00000000 640.65000000 640.70000000
164.00000000 638.50000000 643.25000000
165.00000000 641.50000000 643.30000000
166.00000000 640.15000000 643.15000000
167.00000000 644.10000000 643.60000000
168.00000000 646.30000000 646.95000000
169.00000000 646.95000000 649.25000000
170.00000000 643.75000000 646.70000000
171.00000000 638.75000000 637.10000000
172.00000000 641.45000000 643.10000000
173.00000000 649.50000000 650.75000000
174.00000000 640.20000000 640.45000000
175.00000000 640.45000000 640.10000000
176.00000000 634.05000000 635.35000000
177.00000000 641.15000000 643.50000000
178.00000000 644.90000000 648.85000000
179.00000000 645.25000000 646.90000000
180.00000000 640.40000000 640.05000000
181.00000000 641.40000000 644.70000000
182.00000000 641.40000000 643.10000000
183.00000000 648.15000000 650.40000000
184.00000000 640.65000000 641.20000000
185.00000000 644.55000000 646.10000000
186.00000000 643.15000000 642.10000000
187.00000000 644.00000000 648.35000000
188.00000000 649.55000000 649.40000000
189.00000000 641.75000000 644.55000000
190.00000000 644.80000000 645.40000000
191.00000000 643.75000000 645.20000000
192.00000000 642.60000000 643.00000000
193.00000000 641.70000000 643.85000000
194.00000000 643.95000000 647.25000000
195.00000000 645.60000000 645.95000000
196.00000000 646.45000000 647.40000000
197.00000000 637.95000000 637.90000000
198.00000000 644.60000000 644.65000000
199.00000000 646.50000000 646.45000000
200.00000000 642.95000000 644.95000000
201.00000000 646.05000000 646.95000000
202.00000000 634.60000000 635.35000000
203.00000000 647.05000000 648.95000000
204.00000000 644.90000000 648.90000000
205.00000000 644.25000000 647.00000000
206.00000000 641.75000000 644.10000000
207.00000000 643.70000000 644.40000000
208.00000000 645.20000000 646.35000000
209.00000000 648.75000000 650.75000000
210.00000000 643.45000000 645.80000000
211.00000000 643.50000000 643.00000000
212.00000000 639.30000000 643.00000000
213.00000000 642.40000000 641.30000000
214.00000000 646.10000000 645.50000000
215.00000000 641.25000000 640.35000000
216.00000000 647.85000000 650.20000000
217.00000000 641.80000000 640.45000000
218.00000000 641.90000000 643.80000000
219.00000000 646.20000000 646.30000000
220.00000000 643.55000000 645.95000000
221.00000000 640.45000000 642.55000000
222.00000000 642.20000000 645.45000000
223.00000000 645.30000000 644.85000000
224.00000000 640.20000000 642.05000000
225.00000000 644.45000000 646.15000000
226.00000000 645.35000000 650.50000000
227.00000000 643.30000000 647.00000000
228.00000000 645.75000000 645.10000000
229.00000000 643.15000000 643.95000000
230.00000000 642.90000000 646.90000000
231.00000000 650.55000000 652.65000000
232.00000000 645.75000000 645.80000000
233.00000000 638.35000000 640.75000000
234.00000000 637.40000000 640.25000000
235.00000000 638.10000000 639.70000000
236.00000000 643.25000000 648.20000000
237.00000000 639.65000000 641.50000000
238.00000000 648.15000000 647.55000000
239.00000000 645.55000000 645.15000000
240.00000000 636.15000000 639.90000000
241.00000000 642.15000000 643.65000000
242.00000000 645.60000000 649.85000000
243.00000000 645.15000000 647.15000000
244.00000000 645.95000000 646.95000000
245.00000000 635.50000000 640.85000000
246.00000000 643.40000000 645.35000000
247.00000000 642.20000000 643.45000000
248.00000000 645.80000000 647.05000000
249.00000000 645.70000000 650.00000000
250.00000000 646.10000000 648.30000000
251.00000000 646.10000000 646.65000000
252.00000000 635.60000000 639.30000000
253.00000000 642.55000000 644.45000000
254.00000000 642.15000000 645.40000000
255.00000000 645.55000000 644.10000000
256.00000000 645.35000000 647.50000000
257.00000000 644.55000000 644.70000000
258.00000000 642.00000000 642.15000000
259.00000000 643.40000000 644.40000000
260.00000000 642.35000000 643.70000000
261.00000000 643.10000000 644.95000000
262.00000000 639.00000000 640.65000000
263.00000000 639.70000000 642.20000000
264.00000000 644.60000000 645.70000000
265.00000000 642.70000000 644.75000000
266.00000000 644.05000000 645.20000000
267.00000000 653.25000000 654.50000000
268.00000000 638.75000000 640.20000000
269.00000000 644.60000000 649.85000000
270.00000000 644.80000000 644.60000000
271.00000000 649.35000000 648.80000000
272.00000000 646.35000000 649.10000000
273.00000000 638.65000000 640.20000000
274.00000000 641.55000000 642.40000000
275.00000000 643.85000000 646.60000000
276.00000000 644.45000000 646.10000000
277.00000000 644.35000000 644.30000000
278.00000000 647.90000000 647.60000000
279.00000000 639.90000000 642.05000000
280.00000000 642.10000000 644.20000000
281.00000000 643.05000000 645.70000000
282.00000000 645.05000000 646.30000000
283.00000000 645.95000000 646.55000000
284.00000000 644.65000000 650.00000000
285.00000000 640.65000000 642.55000000
286.00000000 645.30000000 646.90000000
287.00000000 643.80000000 646.30000000
288.00000000 639.70000000 641.20000000
289.00000000 639.80000000 643.90000000
290.00000000 639.25000000 641.00000000
291.00000000 643.85000000 646.50000000
292.00000000 642.65000000 645.40000000
293.00000000 637.05000000 638.95000000
294.00000000 636.70000000 638.75000000
295.00000000 645.35000000 647.50000000
296.00000000 640.85000000 643.60000000
297.00000000 643.10000000 644.55000000
298.00000000 641.95000000 643.60000000
299.00000000 643.75000000 643.05000000
300.00000000 645.20000000 644.35000000
301.00000000 644.50000000 644.70000000
302.00000000 636.85000000 639.35000000
303.00000000 644.25000000 648.50000000
304.00000000 641.40000000 645.25000000
305.00000000 645.30000000 645.85000000
306.00000000 642.70000000 644.15000000
307.00000000 641.50000000 645.95000000
308.00000000 649.25000000 649.60000000
309.00000000 641.60000000 644.75000000
310.00000000 647.75000000 648.95000000
311.00000000 644.60000000 644.60000000
312.00000000 643.60000000 647.25000000
313.00000000 646.65000000 651.55000000
314.00000000 639.30000000 643.85000000
315.00000000 642.50000000 645.65000000
316.00000000 641.05000000 644.60000000
317.00000000 645.30000000 647.15000000
318.00000000 645.15000000 646.35000000
319.00000000 644.45000000 646.90000000
320.00000000 649.35000000 650.10000000
321.00000000 638.95000000 639.80000000
322.00000000 638.40000000 637.55000000
323.00000000 641.80000000 642.15000000
324.00000000 643.15000000 644.55000000
325.00000000 638.15000000 638.55000000
326.00000000 637.10000000 637.40000000
327.00000000 649.10000000 649.00000000
328.00000000 640.70000000 642.55000000
329.00000000 638.50000000 638.10000000
330.00000000 636.40000000 637.40000000
331.00000000 638.35000000 637.90000000
332.00000000 640.70000000 643.50000000
333.00000000 646.25000000 649.75000000
334.00000000 640.30000000 641.60000000
335.00000000 647.85000000 652.00000000
336.00000000 641.50000000 642.05000000
337.00000000 642.10000000 641.70000000
338.00000000 646.75000000 650.55000000
339.00000000 644.65000000 647.55000000
340.00000000 645.25000000 644.70000000
341.00000000 644.10000000 645.35000000
342.00000000 641.00000000 645.65000000
343.00000000 638.30000000 639.15000000
344.00000000 647.95000000 651.70000000
345.00000000 645.70000000 648.35000000
346.00000000 641.75000000 640.55000000
347.00000000 642.75000000 647.40000000
348.00000000 647.20000000 647.40000000
349.00000000 645.40000000 644.55000000
350.00000000 641.45000000 641.20000000
351.00000000 648.70000000 647.15000000
352.00000000 635.50000000 640.35000000
353.00000000 645.70000000 647.80000000
354.00000000 633.90000000 637.35000000
355.00000000 643.00000000 645.25000000
356.00000000 645.50000000 645.30000000
357.00000000 648.20000000 650.60000000
358.00000000 640.70000000 641.00000000
359.00000000 637.75000000 638.80000000
360.00000000 642.90000000 649.05000000
361.00000000 643.65000000 643.35000000
362.00000000 647.85000000 646.90000000
363.00000000 639.30000000 641.70000000
364.00000000 640.30000000 640.45000000
365.00000000 640.15000000 643.35000000
366.00000000 641.20000000 644.10000000
367.00000000 642.55000000 644.45000000
368.00000000 639.50000000 641.45000000
369.00000000 644.00000000 645.75000000
370.00000000 642.75000000 644.50000000
371.00000000 644.35000000 645.75000000
372.00000000 643.60000000 644.45000000
373.00000000 641.20000000 641.40000000
374.00000000 645.45000000 645.20000000
375.00000000 646.25000000 645.15000000
376.00000000 648.10000000 648.50000000
377.00000000 647.55000000 648.95000000
378.00000000 648.05000000 651.60000000
379.00000000 645.05000000 644.75000000
380.00000000 640.80000000 639.75000000
381.00000000 639.60000000 643.00000000
382.00000000 642.10000000 639.75000000
383.00000000 640.45000000 643.85000000
384.00000000 635.70000000 637.95000000
385.00000000 646.60000000 649.40000000
386.00000000 642.55000000 644.20000000
387.00000000 646.00000000 648.40000000
388.00000000 636.40000000 636.90000000
389.00000000 645.95000000 648.45000000
390.00000000 649.10000000 651.50000000
391.00000000 641.65000000 642.75000000
392.00000000 647.95000000 648.40000000
393.00000000 640.25000000 643.30000000
394.00000000 636.30000000 635.25000000
395.00000000 640.45000000 641.60000000
396.00000000 646.00000000 643.35000000
397.00000000 645.85000000 649.05000000
398.00000000 645.35000000 647.30000000
399.00000000 640.60000000 643.45000000
400.00000000 635.60000000 640.40000000
