0 649.70000000 651.00000000
1.00000000 312.10000000 312.30000000
2.00000000 235.50000000 236.10000000
3.00000000 204.05000000 204.95000000
4.00000000 185.95000000 187.70000000
5.00000000 174.60000000 176.15000000
6.00000000 171.55000000 170.60000000
7.00000000 166.30000000 166.55000000
8.00000000 159.15000000 160.20000000
9.00000000 155.95000000 157.70000000
10.00000000 156.55000000 156.45000000
11.00000000 154.10000000 154.70000000
12.00000000 154.50000000 153.90000000
13.00000000 155.55000000 158.15000000
14.00000000 150.05000000 151.80000000
15.00000000 148.25000000 149.40000000
16.00000000 150.45000000 149.35000000
17.00000000 146.60000000 146.30000000
18.00000000 150.25000000 150.35000000
19.00000000 148.70000000 149.30000000
20.00000000 150.65000000 149.30000000
21.00000000 147.15000000 148.35000000
22.00000000 151.15000000 152.45000000
23.00000000 148.25000000 146.80000000
24.00000000 145.45000000 145.85000000
25.00000000 148.25000000 148.15000000
26.00000000 145.65000000 146.40000000
27.00000000 148.80000000 149.25000000
28.00000000 146.90000000 147.00000000
29.00000000 143.05000000 144.05000000
30.00000000 147.15000000 146.50000000
31.00000000 144.00000000 143.55000000
32.00000000 143.70000000 145.65000000
33.00000000 145.85000000 144.80000000
34.00000000 146.10000000 146.65000000
35.00000000 143.10000000 144.30000000
36.00000000 144.70000000 143.95000000
37.00000000 143.10000000 144.05000000
38.00000000 145.50000000 146.80000000
39.00000000 144.10000000 144.55000000
40.00000000 139.85000000 140.00000000
41.00000000 143.90000000 144.70000000
42.00000000 145.75000000 144.80000000
43.00000000 146.70000000 146.35000000
44.00000000 142.55000000 143.05000000
45.00000000 140.40000000 140.35000000
46.00000000 144.35000000 144.95000000
47.00000000 145.50000000 144.45000000
48.00000000 146.10000000 146.90000000
49.00000000 145.95000000 145.90000000
50.00000000 145.05000000 145.70000000
51.00000000 146.85000000 147.50000000
52.00000000 145.90000000 144.60000000
53.00000000 146.15000000 145.40000000
54.00000000 145.20000000 144.65000000
55.00000000 146.40000000 146.05000000
56.00000000 141.70000000 143.20000000
57.00000000 145.15000000 145.95000000
58.00000000 144.70000000 145.95000000
59.00000000 142.65000000 140.90000000
60.00000000 144.35000000 145.30000000
61.00000000 144.85000000 143.75000000
62.00000000 140.65000000 138.75000000
63.00000000 142.40000000 142.40000000
64.00000000 139.85000000 140.90000000
65.00000000 143.15000000 143.10000000
66.00000000 146.65000000 147.60000000
67.00000000 144.20000000 144.95000000
68.00000000 140.80000000 140.60000000
69.00000000 139.55000000 140.95000000
70.00000000 143.30000000 143.70000000
71.00000000 142.95000000 141.60000000
72.00000000 141.70000000 142.00000000
73.00000000 148.30000000 148.70000000
74.00000000 148.20000000 147.45000000
75.00000000 145.35000000 147.35000000
76.00000000 145.95000000 147.15000000
77.00000000 143.00000000 143.80000000
78.00000000 144.70000000 143.60000000
79.00000000 141.65000000 142.40000000
80.00000000 142.65000000 143.05000000
81.00000000 147.90000000 148.60000000
82.00000000 144.45000000 144.50000000
83.00000000 143.90000000 144.55000000
84.00000000 143.80000000 143.95000000
85.00000000 140.45000000 140.60000000
86.00000000 142.95000000 142.20000000
87.00000000 142.35000000 143.05000000
88.00000000 144.90000000 144.70000000
89.00000000 144.70000000 144.40000000
90.00000000 145.30000000 146.30000000
91.00000000 146.55000000 145.90000000
92.00000000 145.80000000 147.05000000
93.00000000 148.20000000 147.55000000
94.00000000 146.30000000 147.75000000
95.00000000 141.10000000 141.65000000
96.00000000 144.50000000 143.60000000
97.00000000 143.55000000 142.90000000
98.00000000 142.65000000 143.35000000
99.00000000 143.55000000 143.80000000
100.00000000 145.95000000 145.90000000
101.00000000 146.15000000 146.85000000
102.00000000 142.85000000 143.35000000
103.00000000 137.15000000 137.95000000
104.00000000 137.75000000 139.35000000
105.00000000 142.65000000 144.05000000
106.00000000 144.20000000 144.65000000
107.00000000 145.85000000 145.10000000
108.00000000 143.25000000 142.80000000
109.00000000 144.55000000 144.70000000
110.00000000 142.80000000 144.05000000
111.00000000 145.40000000 145.70000000
112.00000000 142.90000000 143.00000000
113.00000000 142.70000000 143.35000000
114.00000000 138.35000000 138.65000000
115.00000000 138.65000000 138.90000000
116.00000000 142.65000000 142.60000000
117.00000000 141.15000000 142.50000000
118.00000000 138.85000000 138.90000000
119.00000000 142.05000000 142.60000000
120.00000000 140.05000000 140.60000000
121.00000000 140.00000000 141.35000000
122.00000000 139.40000000 140.50000000
123.00000000 140.35000000 139.95000000
124.00000000 144.35000000 145.30000000
125.00000000 141.20000000 141.05000000
126.00000000 143.00000000 144.25000000
127.00000000 140.50000000 141.55000000
128.00000000 141.30000000 141.70000000
129.00000000 142.30000000 142.15000000
130.00000000 142.50000000 142.85000000
131.00000000 141.60000000 142.85000000
132.00000000 142.90000000 143.15000000
133.00000000 144.45000000 145.30000000
134.00000000 142.85000000 142.50000000
135.00000000 143.30000000 144.70000000
136.00000000 145.50000000 146.20000000
137.00000000 141.85000000 141.80000000
138.00000000 141.15000000 139.95000000
139.00000000 144.10000000 144.05000000
140.00000000 142.95000000 143.85000000
141.00000000 142.70000000 142.35000000
142.00000000 141.85000000 140.95000000
143.00000000 143.80000000 145.35000000
144.00000000 140.70000000 140.05000000
145.00000000 141.95000000 142.45000000
146.00000000 141.95000000 143.15000000
147.00000000 140.35000000 140.90000000
148.00000000 145.65000000 146.70000000
149.00000000 146.95000000 146.35000000
150.00000000 141.25000000 142.15000000
151.00000000 143.90000000 144.85000000
152.00000000 145.65000000 147.25000000
153.00000000 145.05000000 144.50000000
154.00000000 143.35000000 143.60000000
155.00000000 141.20000000 142.30000000
156.00000000 136.40000000 137.25000000
157.00000000 137.95000000 138.60000000
158.00000000 142.75000000 142.65000000
159.00000000 142.80000000 142.90000000
160.00000000 141.85000000 141.15000000
161.00000000 141.95000000 143.85000000
162.00000000 145.50000000 145.40000000
163.00000000 143.05000000 143.25000000
164.00000000 145.75000000 146.50000000
165.00000000 145.15000000 145.45000000
166.00000000 141.45000000 142.00000000
167.00000000 144.55000000 143.70000000
168.00000000 144.20000000 144.35000000
169.00000000 141.50000000 140.80000000
170.00000000 141.75000000 141.00000000
171.00000000 143.65000000 145.35000000
172.00000000 148.85000000 149.50000000
173.00000000 150.20000000 149.50000000
174.00000000 143.95000000 144.30000000
175.00000000 143.45000000 144.00000000
176.00000000 145.05000000 145.95000000
177.00000000 147.45000000 147.30000000
178.00000000 141.45000000 142.70000000
179.00000000 139.05000000 139.45000000
180.00000000 142.70000000 142.05000000
181.00000000 139.55000000 141.05000000
182.00000000 143.75000000 143.20000000
183.00000000 140.35000000 141.65000000
184.00000000 143.15000000 145.05000000
185.00000000 143.15000000 142.90000000
186.00000000 141.85000000 142.25000000
187.00000000 142.20000000 142.95000000
188.00000000 140.45000000 140.25000000
189.00000000 140.40000000 141.35000000
190.00000000 141.90000000 142.80000000
191.00000000 143.65000000 143.30000000
192.00000000 140.65000000 140.85000000
193.00000000 146.90000000 146.20000000
194.00000000 139.90000000 140.35000000
195.00000000 143.10000000 143.55000000
196.00000000 141.70000000 141.05000000
197.00000000 139.25000000 140.25000000
198.00000000 143.50000000 144.35000000
199.00000000 141.55000000 140.75000000
200.00000000 141.50000000 142.00000000
201.00000000 140.80000000 142.10000000
202.00000000 142.10000000 142.80000000
203.00000000 146.30000000 146.25000000
204.00000000 139.00000000 139.95000000
205.00000000 147.60000000 147.95000000
206.00000000 143.95000000 144.15000000
207.00000000 143.95000000 145.20000000
208.00000000 141.20000000 143.85000000
209.00000000 142.80000000 143.60000000
210.00000000 145.55000000 145.90000000
211.00000000 144.00000000 144.95000000
212.00000000 142.15000000 143.20000000
213.00000000 141.70000000 140.20000000
214.00000000 141.80000000 142.65000000
215.00000000 143.35000000 143.35000000
216.00000000 141.30000000 141.50000000
217.00000000 139.40000000 139.45000000
218.00000000 137.55000000 139.50000000
219.00000000 140.40000000 141.20000000
220.00000000 143.40000000 142.95000000
221.00000000 141.15000000 141.35000000
222.00000000 140.75000000 141.85000000
223.00000000 143.60000000 144.60000000
224.00000000 142.75000000 143.00000000
225.00000000 142.35000000 142.35000000
226.00000000 145.95000000 147.10000000
227.00000000 146.85000000 148.00000000
228.00000000 147.25000000 147.20000000
229.00000000 142.35000000 142.80000000
230.00000000 143.80000000 146.20000000
231.00000000 144.10000000 143.90000000
232.00000000 141.40000000 141.70000000
233.00000000 146.85000000 145.90000000
234.00000000 144.65000000 144.00000000
235.00000000 144.25000000 146.40000000
236.00000000 142.45000000 143.70000000
237.00000000 148.85000000 148.10000000
238.00000000 146.20000000 145.40000000
239.00000000 143.55000000 144.50000000
240.00000000 146.00000000 145.20000000
241.00000000 142.60000000 142.65000000
242.00000000 140.25000000 140.20000000
243.00000000 143.25000000 143.00000000
244.00000000 144.50000000 143.45000000
245.00000000 143.75000000 145.10000000
246.00000000 147.60000000 148.95000000
247.00000000 143.75000000 145.65000000
248.00000000 143.80000000 143.30000000
249.00000000 143.80000000 144.70000000
250.00000000 145.00000000 144.80000000
251.00000000 140.35000000 139.95000000
252.00000000 137.75000000 138.65000000
253.00000000 142.95000000 143.85000000
254.00000000 143.05000000 143.75000000
255.00000000 144.00000000 144.10000000
256.00000000 142.40000000 145.40000000
257.00000000 142.55000000 143.30000000
258.00000000 144.40000000 144.45000000
259.00000000 145.30000000 145.85000000
260.00000000 146.75000000 147.05000000
261.00000000 143.75000000 143.80000000
262.00000000 145.40000000 144.75000000
263.00000000 139.15000000 140.25000000
264.00000000 143.20000000 144.80000000
265.00000000 142.30000000 142.80000000
266.00000000 141.85000000 141.55000000
267.00000000 145.00000000 146.60000000
268.00000000 145.25000000 144.50000000
269.00000000 147.50000000 147.35000000
270.00000000 144.25000000 143.90000000
271.00000000 146.20000000 145.85000000
272.00000000 145.60000000 145.85000000
273.00000000 146.70000000 146.35000000
274.00000000 145.45000000 146.20000000
275.00000000 144.60000000 143.60000000
276.00000000 143.75000000 143.90000000
277.00000000 146.80000000 146.55000000
278.00000000 144.55000000 144.15000000
279.00000000 141.60000000 141.75000000
280.00000000 141.20000000 141.25000000
281.00000000 143.90000000 144.45000000
282.00000000 143.55000000 144.00000000
283.00000000 146.55000000 147.45000000
284.00000000 146.80000000 147.30000000
285.00000000 141.60000000 141.60000000
286.00000000 142.20000000 143.40000000
287.00000000 146.30000000 147.00000000
288.00000000 147.55000000 148.80000000
289.00000000 144.05000000 145.10000000
290.00000000 143.50000000 144.85000000
291.00000000 143.70000000 145.45000000
292.00000000 143.85000000 146.30000000
293.00000000 142.60000000 142.60000000
294.00000000 144.40000000 146.15000000
295.00000000 143.50000000 144.90000000
296.00000000 140.60000000 140.80000000
297.00000000 141.95000000 142.75000000
298.00000000 144.50000000 146.60000000
299.00000000 145.05000000 144.75000000
300.00000000 143.70000000 145.90000000
301.00000000 146.30000000 146.55000000
302.00000000 141.20000000 141.75000000
303.00000000 142.55000000 142.40000000
304.00000000 139.75000000 138.90000000
305.00000000 146.80000000 146.75000000
306.00000000 142.45000000 141.95000000
307.00000000 143.60000000 143.20000000
308.00000000 145.50000000 145.55000000
309.00000000 144.40000000 144.40000000
310.00000000 141.45000000 141.55000000
311.00000000 145.50000000 145.15000000
312.00000000 146.10000000 146.10000000
313.00000000 142.90000000 143.50000000
314.00000000 145.40000000 146.35000000
315.00000000 148.30000000 148.60000000
316.00000000 143.60000000 145.20000000
317.00000000 143.60000000 144.25000000
318.00000000 144.90000000 145.30000000
319.00000000 149.80000000 149.90000000
320.00000000 146.00000000 146.25000000
321.00000000 147.90000000 148.40000000
322.00000000 143.90000000 144.20000000
323.00000000 145.70000000 145.50000000
324.00000000 145.30000000 146.05000000
325.00000000 146.85000000 146.30000000
326.00000000 144.05000000 143.60000000
327.00000000 144.75000000 145.95000000
328.00000000 146.55000000 147.45000000
329.00000000 145.20000000 145.45000000
330.00000000 141.30000000 141.55000000
331.00000000 139.25000000 139.80000000
332.00000000 143.95000000 143.25000000
333.00000000 141.10000000 142.15000000
334.00000000 143.90000000 143.70000000
335.00000000 142.85000000 143.40000000
336.00000000 143.05000000 143.15000000
337.00000000 140.70000000 140.55000000
338.00000000 142.30000000 141.10000000
339.00000000 139.60000000 141.80000000
340.00000000 141.45000000 141.45000000
341.00000000 145.25000000 145.30000000
342.00000000 142.70000000 143.55000000
343.00000000 139.60000000 139.95000000
344.00000000 143.20000000 142.80000000
345.00000000 143.70000000 143.85000000
346.00000000 141.70000000 141.30000000
347.00000000 138.95000000 138.80000000
348.00000000 143.75000000 144.55000000
349.00000000 142.65000000 142.85000000
350.00000000 141.00000000 140.65000000
351.00000000 141.90000000 142.50000000
352.00000000 140.85000000 142.60000000
353.00000000 142.35000000 142.75000000
354.00000000 143.65000000 144.75000000
355.00000000 147.05000000 147.25000000
356.00000000 149.05000000 148.85000000
357.00000000 144.50000000 144.05000000
358.00000000 147.60000000 148.80000000
359.00000000 144.15000000 143.95000000
360.00000000 140.20000000 141.25000000
361.00000000 139.60000000 139.70000000
362.00000000 141.05000000 141.35000000
363.00000000 141.00000000 141.20000000
364.00000000 138.35000000 139.90000000
365.00000000 136.25000000 136.90000000
366.00000000 143.50000000 144.45000000
367.00000000 138.75000000 138.05000000
368.00000000 142.00000000 142.45000000
369.00000000 142.45000000 141.95000000
370.00000000 142.90000000 144.10000000
371.00000000 142.35000000 143.10000000
372.00000000 141.15000000 142.45000000
373.00000000 140.55000000 140.90000000
374.00000000 143.20000000 143.15000000
375.00000000 142.30000000 143.45000000
376.00000000 145.05000000 145.65000000
377.00000000 141.25000000 141.40000000
378.00000000 142.90000000 141.60000000
379.00000000 145.40000000 145.05000000
380.00000000 141.35000000 141.45000000
381.00000000 146.25000000 147.15000000
382.00000000 142.70000000 143.95000000
383.00000000 140.10000000 140.15000000
384.00000000 143.55000000 143.85000000
385.00000000 141.35000000 142.40000000
386.00000000 141.65000000 141.55000000
387.00000000 141.65000000 142.50000000
388.00000000 139.50000000 140.65000000
389.00000000 140.20000000 140.30000000
390.00000000 143.90000000 143.60000000
391.00000000 139.65000000 140.65000000
392.00000000 141.20000000 140.10000000
393.00000000 139.05000000 139.35000000
394.00000000 140.70000000 141.05000000
395.00000000 142.55000000 142.40000000
396.00000000 144.55000000 145.65000000
397.00000000 146.85000000 145.60000000
398.00000000 147.40000000 148.80000000
399.00000000 143.90000000 143.90000000
400.00000000 142.05000000 142.05000000
