0 647.25000000 648.00000000
1.00000000 260.45000000 262.85000000
2.00000000 165.10000000 165.10000000
3.00000000 119.05000000 119.55000000
4.00000000 92.00000000 92.85000000
5.00000000 77.25000000 78.40000000
6.00000000 66.10000000 66.35000000
7.00000000 58.85000000 59.55000000
8.00000000 51.50000000 51.05000000
9.00000000 47.40000000 46.60000000
10.00000000 42.65000000 42.95000000
11.00000000 41.85000000 41.65000000
12.00000000 39.10000000 38.35000000
13.00000000 37.85000000 37.20000000
14.00000000 35.35000000 35.65000000
15.00000000 36.75000000 37.05000000
16.00000000 33.40000000 32.70000000
17.00000000 32.65000000 32.35000000
18.00000000 31.10000000 30.35000000
19.00000000 28.50000000 28.05000000
20.00000000 28.65000000 28.60000000
21.00000000 26.15000000 25.75000000
22.00000000 28.05000000 27.70000000
23.00000000 27.45000000 27.20000000
24.00000000 25.10000000 25.60000000
25.00000000 24.75000000 25.30000000
26.00000000 23.75000000 24.50000000
27.00000000 24.80000000 25.15000000
28.00000000 22.90000000 23.70000000
29.00000000 22.05000000 21.50000000
30.00000000 23.00000000 22.75000000
31.00000000 22.75000000 22.65000000
32.00000000 21.50000000 20.85000000
33.00000000 22.15000000 21.95000000
34.00000000 21.60000000 21.85000000
35.00000000 21.65000000 21.65000000
36.00000000 20.75000000 20.65000000
37.00000000 19.95000000 20.10000000
38.00000000 18.95000000 18.95000000
39.00000000 18.90000000 19.30000000
40.00000000 19.25000000 19.30000000
41.00000000 19.05000000 19.85000000
42.00000000 19.65000000 19.75000000
43.00000000 18.35000000 18.35000000
44.00000000 17.95000000 17.90000000
45.00000000 18.75000000 18.45000000
46.00000000 17.35000000 17.15000000
47.00000000 18.10000000 18.30000000
48.00000000 17.50000000 17.30000000
49.00000000 17.25000000 17.05000000
50.00000000 17.70000000 17.75000000
51.00000000 16.90000000 16.55000000
52.00000000 15.10000000 14.80000000
53.00000000 16.00000000 15.65000000
54.00000000 15.10000000 15.55000000
55.00000000 15.40000000 15.30000000
56.00000000 16.35000000 16.50000000
57.00000000 14.95000000 15.25000000
58.00000000 14.65000000 14.65000000
59.00000000 14.50000000 14.70000000
60.00000000 13.90000000 14.00000000
61.00000000 13.75000000 13.70000000
62.00000000 14.30000000 14.20000000
63.00000000 12.90000000 13.00000000
64.00000000 14.25000000 14.25000000
65.00000000 15.05000000 15.25000000
66.00000000 14.00000000 14.05000000
67.00000000 13.70000000 13.85000000
68.00000000 14.30000000 14.45000000
69.00000000 13.70000000 13.90000000
70.00000000 15.10000000 15.20000000
71.00000000 13.60000000 13.25000000
72.00000000 13.90000000 14.45000000
73.00000000 12.70000000 13.25000000
74.00000000 13.95000000 13.65000000
75.00000000 13.40000000 13.20000000
76.00000000 13.15000000 13.15000000
77.00000000 14.70000000 14.85000000
78.00000000 12.75000000 12.60000000
79.00000000 13.00000000 13.00000000
80.00000000 13.60000000 13.60000000
81.00000000 12.50000000 12.65000000
82.00000000 12.65000000 12.60000000
83.00000000 13.00000000 13.15000000
84.00000000 14.40000000 14.55000000
85.00000000 14.55000000 14.45000000
86.00000000 13.65000000 13.70000000
87.00000000 12.20000000 12.45000000
88.00000000 11.60000000 11.90000000
89.00000000 13.80000000 14.10000000
90.00000000 13.55000000 13.60000000
91.00000000 12.60000000 12.50000000
92.00000000 13.10000000 13.00000000
93.00000000 13.00000000 13.60000000
94.00000000 13.00000000 13.40000000
95.00000000 11.70000000 11.75000000
96.00000000 11.75000000 11.85000000
97.00000000 11.35000000 11.50000000
98.00000000 12.35000000 12.50000000
99.00000000 12.45000000 12.05000000
100.00000000 12.65000000 12.35000000
101.00000000 11.70000000 11.85000000
102.00000000 8.65000000 8.95000000
103.00000000 11.30000000 11.30000000
104.00000000 11.70000000 11.25000000
105.00000000 10.25000000 10.35000000
106.00000000 11.15000000 11.00000000
107.00000000 11.95000000 12.25000000
108.00000000 11.05000000 11.25000000
109.00000000 10.60000000 10.60000000
110.00000000 9.45000000 9.35000000
111.00000000 12.05000000 11.70000000
112.00000000 11.10000000 11.40000000
113.00000000 10.70000000 10.55000000
114.00000000 10.60000000 11.05000000
115.00000000 11.00000000 10.70000000
116.00000000 11.60000000 11.50000000
117.00000000 10.75000000 10.40000000
118.00000000 9.90000000 9.65000000
119.00000000 10.65000000 10.85000000
120.00000000 10.55000000 10.50000000
121.00000000 10.90000000 10.75000000
122.00000000 10.75000000 10.75000000
123.00000000 10.35000000 10.35000000
124.00000000 10.20000000 10.15000000
125.00000000 10.30000000 10.40000000
126.00000000 9.75000000 9.80000000
127.00000000 10.00000000 10.05000000
128.00000000 9.55000000 9.95000000
129.00000000 10.30000000 10.20000000
130.00000000 10.55000000 10.50000000
131.00000000 10.60000000 10.35000000
132.00000000 9.85000000 10.15000000
133.00000000 10.15000000 10.50000000
134.00000000 11.00000000 11.10000000
135.00000000 10.85000000 10.65000000
136.00000000 10.40000000 10.65000000
137.00000000 10.70000000 10.65000000
138.00000000 10.55000000 10.60000000
139.00000000 11.00000000 10.90000000
140.00000000 9.00000000 9.10000000
141.00000000 10.20000000 10.30000000
142.00000000 9.85000000 9.95000000
143.00000000 9.40000000 9.60000000
144.00000000 9.55000000 9.50000000
145.00000000 8.85000000 8.70000000
146.00000000 8.95000000 8.90000000
147.00000000 8.35000000 8.25000000
148.00000000 9.55000000 9.30000000
149.00000000 10.25000000 9.85000000
150.00000000 10.30000000 10.30000000
151.00000000 10.30000000 10.20000000
152.00000000 9.50000000 9.20000000
153.00000000 11.20000000 11.55000000
154.00000000 8.45000000 8.40000000
155.00000000 10.35000000 10.05000000
156.00000000 10.25000000 10.00000000
157.00000000 10.90000000 10.55000000
158.00000000 10.10000000 9.80000000
159.00000000 9.30000000 9.40000000
160.00000000 9.75000000 9.60000000
161.00000000 9.25000000 9.35000000
162.00000000 10.50000000 10.55000000
163.00000000 9.40000000 9.45000000
164.00000000 9.80000000 9.85000000
165.00000000 8.85000000 9.20000000
166.00000000 10.25000000 10.15000000
167.00000000 9.40000000 9.40000000
168.00000000 9.85000000 10.00000000
169.00000000 9.35000000 9.10000000
170.00000000 9.55000000 9.35000000
171.00000000 9.80000000 9.50000000
172.00000000 10.85000000 10.80000000
173.00000000 9.15000000 9.00000000
174.00000000 10.30000000 10.20000000
175.00000000 10.05000000 10.10000000
176.00000000 10.30000000 10.05000000
177.00000000 9.35000000 9.40000000
178.00000000 9.75000000 9.80000000
179.00000000 9.65000000 9.55000000
180.00000000 10.00000000 9.70000000
181.00000000 9.55000000 9.55000000
182.00000000 10.05000000 9.95000000
183.00000000 9.50000000 10.10000000
184.00000000 9.30000000 9.55000000
185.00000000 9.80000000 9.70000000
186.00000000 9.30000000 8.85000000
187.00000000 8.60000000 8.90000000
188.00000000 9.35000000 9.30000000
189.00000000 10.15000000 10.15000000
190.00000000 8.20000000 8.30000000
191.00000000 9.55000000 9.65000000
192.00000000 10.70000000 10.70000000
193.00000000 9.00000000 8.75000000
194.00000000 8.75000000 9.00000000
195.00000000 10.10000000 9.95000000
196.00000000 9.90000000 9.60000000
197.00000000 9.25000000 9.70000000
198.00000000 9.35000000 9.70000000
199.00000000 9.20000000 9.35000000
200.00000000 8.80000000 8.80000000
201.00000000 9.15000000 9.30000000
202.00000000 9.70000000 9.60000000
203.00000000 9.95000000 9.80000000
204.00000000 9.45000000 9.40000000
205.00000000 9.60000000 10.10000000
206.00000000 9.00000000 9.15000000
207.00000000 10.70000000 10.95000000
208.00000000 10.30000000 10.15000000
209.00000000 9.35000000 9.35000000
210.00000000 8.50000000 8.35000000
211.00000000 9.25000000 9.25000000
212.00000000 8.70000000 8.35000000
213.00000000 9.10000000 9.20000000
214.00000000 8.05000000 8.25000000
215.00000000 9.20000000 9.30000000
216.00000000 8.30000000 8.00000000
217.00000000 8.30000000 8.10000000
218.00000000 8.60000000 8.85000000
219.00000000 9.55000000 9.55000000
220.00000000 9.10000000 9.00000000
221.00000000 9.30000000 9.55000000
222.00000000 8.35000000 8.65000000
223.00000000 8.90000000 8.50000000
224.00000000 8.95000000 9.20000000
225.00000000 9.10000000 8.65000000
226.00000000 8.15000000 8.25000000
227.00000000 8.65000000 8.40000000
228.00000000 8.80000000 8.70000000
229.00000000 8.95000000 9.05000000
230.00000000 8.55000000 8.60000000
231.00000000 9.50000000 9.35000000
232.00000000 9.60000000 9.45000000
233.00000000 9.45000000 9.35000000
234.00000000 9.65000000 9.80000000
235.00000000 8.65000000 9.20000000
236.00000000 9.15000000 8.80000000
237.00000000 9.55000000 9.45000000
238.00000000 9.60000000 9.55000000
239.00000000 8.90000000 8.80000000
240.00000000 9.55000000 9.50000000
241.00000000 8.35000000 8.60000000
242.00000000 10.05000000 9.70000000
243.00000000 9.70000000 9.80000000
244.00000000 9.70000000 10.00000000
245.00000000 9.25000000 9.30000000
246.00000000 8.75000000 8.65000000
247.00000000 10.60000000 10.30000000
248.00000000 9.60000000 9.55000000
249.00000000 11.10000000 10.70000000
250.00000000 10.10000000 10.25000000
251.00000000 8.55000000 8.35000000
252.00000000 9.50000000 9.40000000
253.00000000 9.30000000 9.25000000
254.00000000 9.40000000 9.40000000
255.00000000 8.40000000 8.40000000
256.00000000 8.70000000 8.70000000
257.00000000 9.05000000 9.10000000
258.00000000 9.45000000 9.65000000
259.00000000 9.50000000 9.35000000
260.00000000 9.55000000 9.60000000
261.00000000 8.05000000 7.60000000
262.00000000 10.40000000 10.40000000
263.00000000 9.25000000 9.55000000
264.00000000 9.55000000 9.60000000
265.00000000 9.40000000 9.55000000
266.00000000 8.45000000 8.05000000
267.00000000 9.15000000 8.95000000
268.00000000 9.20000000 9.20000000
269.00000000 9.75000000 9.80000000
270.00000000 8.45000000 8.35000000
271.00000000 7.70000000 7.65000000
272.00000000 7.80000000 7.95000000
273.00000000 8.55000000 8.55000000
274.00000000 9.20000000 9.10000000
275.00000000 9.20000000 9.35000000
276.00000000 9.35000000 9.15000000
277.00000000 8.80000000 8.65000000
278.00000000 9.55000000 9.50000000
279.00000000 9.05000000 9.15000000
280.00000000 9.10000000 8.65000000
281.00000000 9.35000000 9.05000000
282.00000000 8.65000000 8.45000000
283.00000000 8.55000000 8.95000000
284.00000000 9.15000000 9.35000000
285.00000000 8.10000000 8.00000000
286.00000000 8.60000000 8.80000000
287.00000000 8.90000000 8.95000000
288.00000000 8.30000000 8.25000000
289.00000000 7.65000000 7.85000000
290.00000000 9.35000000 8.95000000
291.00000000 8.65000000 8.25000000
292.00000000 8.30000000 8.35000000
293.00000000 9.50000000 9.30000000
294.00000000 9.15000000 9.20000000
295.00000000 8.15000000 8.20000000
296.00000000 7.95000000 8.00000000
297.00000000 9.55000000 10.25000000
298.00000000 8.35000000 8.25000000
299.00000000 9.40000000 9.45000000
300.00000000 8.40000000 8.75000000
301.00000000 8.00000000 8.10000000
302.00000000 9.05000000 8.85000000
303.00000000 8.90000000 8.80000000
304.00000000 8.75000000 8.85000000
305.00000000 8.45000000 8.25000000
306.00000000 8.15000000 8.35000000
307.00000000 8.45000000 8.10000000
308.00000000 9.40000000 8.85000000
309.00000000 7.70000000 7.60000000
310.00000000 8.95000000 8.90000000
311.00000000 9.20000000 9.10000000
312.00000000 8.90000000 9.05000000
313.00000000 8.75000000 8.35000000
314.00000000 8.85000000 9.20000000
315.00000000 7.80000000 7.75000000
316.00000000 7.95000000 8.10000000
317.00000000 7.10000000 6.90000000
318.00000000 7.30000000 7.30000000
319.00000000 9.60000000 9.40000000
320.00000000 8.15000000 8.15000000
321.00000000 8.00000000 7.80000000
322.00000000 7.50000000 7.65000000
323.00000000 7.95000000 8.15000000
324.00000000 8.20000000 8.35000000
325.00000000 8.80000000 8.95000000
326.00000000 7.55000000 7.40000000
327.00000000 8.80000000 9.05000000
328.00000000 8.45000000 8.35000000
329.00000000 8.05000000 8.15000000
330.00000000 8.70000000 8.75000000
331.00000000 6.85000000 7.05000000
332.00000000 8.25000000 7.95000000
333.00000000 8.10000000 8.10000000
334.00000000 8.35000000 8.30000000
335.00000000 8.30000000 7.95000000
336.00000000 8.85000000 8.70000000
337.00000000 7.90000000 7.60000000
338.00000000 7.95000000 7.70000000
339.00000000 8.25000000 8.25000000
340.00000000 8.80000000 8.90000000
341.00000000 7.35000000 7.30000000
342.00000000 7.25000000 7.30000000
343.00000000 7.85000000 7.90000000
344.00000000 7.85000000 7.85000000
345.00000000 7.65000000 7.60000000
346.00000000 7.25000000 7.45000000
347.00000000 8.00000000 8.05000000
348.00000000 8.70000000 8.75000000
349.00000000 8.60000000 8.70000000
350.00000000 8.90000000 8.80000000
351.00000000 8.25000000 8.05000000
352.00000000 8.50000000 9.15000000
353.00000000 7.60000000 7.40000000
354.00000000 7.95000000 7.90000000
355.00000000 7.85000000 7.95000000
356.00000000 7.20000000 7.25000000
357.00000000 7.40000000 7.50000000
358.00000000 7.30000000 7.45000000
359.00000000 6.80000000 6.45000000
360.00000000 8.05000000 7.95000000
361.00000000 8.65000000 8.40000000
362.00000000 7.50000000 7.35000000
363.00000000 7.95000000 7.75000000
364.00000000 9.10000000 9.40000000
365.00000000 7.50000000 7.70000000
366.00000000 8.90000000 8.90000000
367.00000000 7.70000000 7.85000000
368.00000000 7.65000000 7.95000000
369.00000000 7.25000000 7.30000000
370.00000000 8.05000000 7.90000000
371.00000000 6.35000000 6.20000000
372.00000000 7.80000000 7.90000000
373.00000000 6.85000000 6.90000000
374.00000000 7.65000000 7.80000000
375.00000000 7.10000000 7.20000000
376.00000000 8.20000000 8.05000000
377.00000000 7.60000000 7.70000000
378.00000000 7.90000000 7.75000000
379.00000000 8.65000000 8.45000000
380.00000000 8.55000000 8.50000000
381.00000000 8.25000000 7.95000000
382.00000000 7.45000000 7.40000000
383.00000000 7.50000000 7.30000000
384.00000000 6.90000000 7.15000000
385.00000000 7.60000000 7.55000000
386.00000000 7.75000000 7.90000000
387.00000000 7.55000000 7.50000000
388.00000000 7.80000000 7.65000000
389.00000000 7.50000000 7.25000000
390.00000000 7.45000000 7.25000000
391.00000000 7.25000000 7.35000000
392.00000000 7.85000000 7.30000000
393.00000000 7.85000000 7.85000000
394.00000000 7.90000000 8.05000000
395.00000000 7.55000000 7.55000000
396.00000000 6.85000000 7.10000000
397.00000000 9.25000000 9.10000000
398.00000000 6.50000000 6.45000000
399.00000000 7.55000000 7.45000000
400.00000000 8.10000000 7.95000000
