0 647.30000000 648.80000000
1.00000000 334.45000000 336.20000000
2.00000000 268.95000000 267.85000000
3.00000000 240.85000000 241.00000000
4.00000000 229.80000000 227.85000000
5.00000000 224.20000000 224.40000000
6.00000000 221.85000000 223.30000000
7.00000000 220.50000000 221.20000000
8.00000000 211.85000000 213.65000000
9.00000000 213.90000000 213.85000000
10.00000000 208.35000000 208.25000000
11.00000000 211.20000000 211.70000000
12.00000000 206.25000000 208.65000000
13.00000000 209.85000000 208.95000000
14.00000000 207.70000000 209.60000000
15.00000000 207.30000000 209.20000000
16.00000000 209.55000000 209.10000000
17.00000000 206.35000000 208.00000000
18.00000000 210.30000000 210.45000000
19.00000000 210.90000000 210.60000000
20.00000000 210.65000000 209.95000000
21.00000000 210.95000000 211.00000000
22.00000000 207.75000000 209.55000000
23.00000000 209.35000000 208.25000000
24.00000000 213.50000000 214.95000000
25.00000000 213.85000000 214.95000000
26.00000000 206.25000000 205.75000000
27.00000000 207.35000000 206.60000000
28.00000000 208.55000000 208.70000000
29.00000000 209.35000000 209.75000000
30.00000000 208.15000000 210.40000000
31.00000000 213.15000000 212.50000000
32.00000000 209.55000000 210.95000000
33.00000000 211.45000000 211.80000000
34.00000000 209.35000000 209.50000000
35.00000000 208.85000000 210.05000000
36.00000000 209.60000000 211.10000000
37.00000000 210.55000000 211.50000000
38.00000000 211.50000000 210.60000000
39.00000000 207.85000000 209.00000000
40.00000000 204.75000000 203.85000000
41.00000000 206.80000000 206.00000000
42.00000000 207.95000000 208.90000000
43.00000000 210.80000000 212.90000000
44.00000000 206.05000000 208.30000000
45.00000000 210.35000000 211.00000000
46.00000000 210.40000000 208.20000000
47.00000000 207.25000000 208.65000000
48.00000000 211.65000000 211.35000000
49.00000000 208.55000000 209.45000000
50.00000000 211.65000000 213.05000000
51.00000000 209.20000000 210.40000000
52.00000000 212.45000000 212.05000000
53.00000000 209.60000000 210.75000000
54.00000000 209.45000000 210.00000000
55.00000000 209.75000000 209.50000000
56.00000000 211.15000000 212.60000000
57.00000000 209.95000000 210.80000000
58.00000000 209.80000000 212.55000000
59.00000000 208.65000000 207.90000000
60.00000000 205.10000000 206.65000000
61.00000000 206.95000000 205.35000000
62.00000000 204.00000000 207.20000000
63.00000000 207.05000000 208.15000000
64.00000000 209.50000000 210.55000000
65.00000000 203.90000000 203.15000000
66.00000000 205.40000000 205.20000000
67.00000000 209.75000000 210.65000000
68.00000000 212.65000000 212.10000000
69.00000000 213.40000000 213.30000000
70.00000000 213.05000000 212.20000000
71.00000000 212.50000000 212.20000000
72.00000000 210.15000000 210.65000000
73.00000000 203.00000000 203.35000000
74.00000000 208.45000000 207.95000000
75.00000000 210.15000000 210.95000000
76.00000000 209.45000000 210.55000000
77.00000000 210.20000000 211.50000000
78.00000000 210.30000000 211.45000000
79.00000000 207.40000000 206.60000000
80.00000000 207.55000000 208.40000000
81.00000000 209.05000000 210.80000000
82.00000000 206.65000000 208.60000000
83.00000000 210.65000000 211.85000000
84.00000000 216.10000000 214.20000000
85.00000000 208.10000000 208.60000000
86.00000000 208.00000000 209.45000000
87.00000000 204.70000000 206.25000000
88.00000000 206.95000000 206.25000000
89.00000000 205.80000000 208.45000000
90.00000000 211.50000000 210.60000000
91.00000000 206.55000000 208.00000000
92.00000000 212.35000000 213.20000000
93.00000000 210.85000000 212.00000000
94.00000000 208.50000000 208.10000000
95.00000000 213.20000000 213.45000000
96.00000000 211.70000000 213.45000000
97.00000000 210.05000000 211.85000000
98.00000000 207.45000000 207.95000000
99.00000000 208.60000000 209.75000000
100.00000000 208.55000000 208.60000000
101.00000000 211.85000000 212.40000000
102.00000000 216.40000000 215.90000000
103.00000000 214.05000000 214.85000000
104.00000000 208.95000000 210.15000000
105.00000000 206.65000000 208.05000000
106.00000000 207.90000000 208.00000000
107.00000000 208.25000000 209.30000000
108.00000000 212.50000000 211.20000000
109.00000000 208.35000000 208.75000000
110.00000000 211.70000000 210.55000000
111.00000000 212.25000000 211.90000000
112.00000000 213.00000000 213.60000000
113.00000000 210.55000000 210.50000000
114.00000000 207.40000000 208.60000000
115.00000000 207.60000000 208.15000000
116.00000000 206.95000000 206.80000000
117.00000000 207.85000000 209.80000000
118.00000000 209.45000000 210.20000000
119.00000000 203.60000000 205.65000000
120.00000000 204.75000000 204.50000000
121.00000000 207.90000000 208.30000000
122.00000000 209.20000000 208.30000000
123.00000000 208.30000000 209.95000000
124.00000000 210.30000000 210.85000000
125.00000000 210.45000000 211.30000000
126.00000000 211.25000000 211.45000000
127.00000000 211.15000000 211.55000000
128.00000000 210.85000000 209.70000000
129.00000000 210.95000000 210.90000000
130.00000000 205.80000000 206.05000000
131.00000000 209.80000000 209.55000000
132.00000000 212.50000000 213.35000000
133.00000000 212.60000000 212.75000000
134.00000000 206.60000000 206.90000000
135.00000000 211.65000000 211.75000000
136.00000000 209.45000000 210.05000000
137.00000000 214.20000000 214.65000000
138.00000000 206.60000000 208.20000000
139.00000000 212.20000000 212.95000000
140.00000000 209.85000000 209.95000000
141.00000000 208.60000000 208.55000000
142.00000000 209.55000000 208.85000000
143.00000000 209.55000000 209.70000000
144.00000000 204.05000000 206.45000000
145.00000000 208.05000000 208.40000000
146.00000000 213.10000000 212.65000000
147.00000000 209.75000000 210.20000000
148.00000000 211.15000000 210.90000000
149.00000000 211.45000000 211.05000000
150.00000000 214.50000000 216.10000000
151.00000000 213.50000000 214.40000000
152.00000000 209.20000000 210.25000000
153.00000000 210.65000000 209.90000000
154.00000000 211.65000000 211.75000000
155.00000000 205.80000000 208.10000000
156.00000000 210.05000000 211.50000000
157.00000000 209.85000000 210.75000000
158.00000000 210.20000000 211.50000000
159.00000000 211.40000000 210.10000000
160.00000000 208.95000000 209.95000000
161.00000000 204.35000000 204.05000000
162.00000000 209.10000000 208.65000000
163.00000000 209.20000000 209.80000000
164.00000000 207.45000000 208.20000000
165.00000000 213.65000000 215.30000000
166.00000000 214.60000000 216.25000000
167.00000000 207.50000000 208.35000000
168.00000000 211.50000000 211.35000000
169.00000000 211.70000000 213.00000000
170.00000000 211.70000000 211.70000000
171.00000000 212.95000000 212.95000000
172.00000000 210.50000000 211.75000000
173.00000000 207.75000000 207.30000000
174.00000000 208.25000000 210.80000000
175.00000000 210.75000000 211.80000000
176.00000000 210.55000000 213.15000000
177.00000000 210.80000000 212.65000000
178.00000000 211.50000000 210.45000000
179.00000000 209.45000000 208.85000000
180.00000000 210.60000000 212.25000000
181.00000000 216.30000000 216.30000000
182.00000000 206.40000000 206.95000000
183.00000000 209.35000000 210.00000000
184.00000000 212.95000000 213.20000000
185.00000000 213.65000000 212.90000000
186.00000000 213.70000000 214.55000000
187.00000000 215.25000000 215.90000000
188.00000000 212.65000000 213.80000000
189.00000000 205.50000000 204.55000000
190.00000000 208.55000000 209.70000000
191.00000000 207.30000000 209.00000000
192.00000000 210.30000000 211.80000000
193.00000000 205.60000000 207.80000000
194.00000000 205.40000000 205.10000000
195.00000000 209.60000000 210.50000000
196.00000000 214.55000000 215.70000000
197.00000000 211.55000000 212.20000000
198.00000000 212.35000000 214.05000000
199.00000000 208.50000000 208.60000000
200.00000000 206.50000000 205.65000000
201.00000000 206.45000000 207.95000000
202.00000000 210.10000000 208.75000000
203.00000000 212.40000000 213.20000000
204.00000000 209.90000000 211.00000000
205.00000000 212.75000000 212.75000000
206.00000000 211.90000000 212.05000000
207.00000000 208.35000000 211.10000000
208.00000000 212.25000000 212.20000000
209.00000000 205.55000000 205.05000000
210.00000000 212.75000000 212.40000000
211.00000000 209.50000000 210.40000000
212.00000000 211.15000000 210.85000000
213.00000000 212.20000000 212.55000000
214.00000000 211.10000000 212.15000000
215.00000000 211.55000000 211.00000000
216.00000000 208.05000000 208.90000000
217.00000000 210.35000000 211.55000000
218.00000000 206.45000000 207.85000000
219.00000000 206.80000000 206.85000000
220.00000000 204.20000000 206.70000000
221.00000000 207.00000000 206.65000000
222.00000000 212.00000000 212.65000000
223.00000000 207.10000000 208.70000000
224.00000000 214.05000000 215.70000000
225.00000000 210.00000000 211.20000000
226.00000000 208.15000000 206.40000000
227.00000000 209.80000000 209.85000000
228.00000000 211.25000000 211.10000000
229.00000000 214.60000000 215.50000000
230.00000000 210.00000000 209.80000000
231.00000000 208.70000000 207.60000000
232.00000000 210.75000000 210.20000000
233.00000000 209.90000000 210.15000000
234.00000000 206.90000000 208.45000000
235.00000000 208.10000000 209.20000000
236.00000000 208.20000000 208.95000000
237.00000000 211.45000000 210.80000000
238.00000000 206.20000000 206.35000000
239.00000000 211.75000000 213.05000000
240.00000000 210.55000000 210.80000000
241.00000000 210.15000000 209.80000000
242.00000000 209.65000000 209.40000000
243.00000000 206.55000000 206.70000000
244.00000000 206.60000000 206.50000000
245.00000000 203.55000000 204.55000000
246.00000000 206.00000000 207.25000000
247.00000000 210.00000000 209.60000000
248.00000000 209.50000000 207.40000000
249.00000000 204.35000000 206.90000000
250.00000000 205.75000000 205.95000000
251.00000000 210.45000000 211.45000000
252.00000000 212.25000000 211.10000000
253.00000000 205.05000000 207.40000000
254.00000000 213.15000000 214.75000000
255.00000000 209.90000000 210.00000000
256.00000000 205.10000000 207.15000000
257.00000000 210.40000000 211.55000000
258.00000000 208.20000000 208.10000000
259.00000000 209.20000000 210.65000000
260.00000000 208.65000000 211.05000000
261.00000000 210.50000000 210.95000000
262.00000000 208.70000000 207.80000000
263.00000000 215.30000000 216.55000000
264.00000000 210.95000000 212.25000000
265.00000000 207.60000000 209.00000000
266.00000000 210.30000000 210.80000000
267.00000000 212.20000000 213.55000000
268.00000000 210.30000000 210.95000000
269.00000000 212.65000000 213.55000000
270.00000000 212.95000000 213.15000000
271.00000000 212.80000000 215.10000000
272.00000000 212.90000000 212.25000000
273.00000000 212.85000000 213.00000000
274.00000000 212.70000000 214.55000000
275.00000000 209.60000000 210.30000000
276.00000000 209.15000000 210.40000000
277.00000000 209.30000000 209.95000000
278.00000000 209.80000000 210.65000000
279.00000000 208.55000000 209.25000000
280.00000000 213.00000000 212.50000000
281.00000000 210.90000000 212.50000000
282.00000000 212.35000000 214.05000000
283.00000000 210.95000000 210.20000000
284.00000000 208.35000000 207.55000000
285.00000000 211.80000000 212.55000000
286.00000000 210.90000000 210.70000000
287.00000000 210.75000000 213.55000000
288.00000000 212.40000000 213.80000000
289.00000000 211.60000000 212.25000000
290.00000000 209.85000000 211.15000000
291.00000000 209.55000000 209.60000000
292.00000000 206.05000000 207.75000000
293.00000000 203.15000000 203.85000000
294.00000000 207.35000000 206.85000000
295.00000000 209.15000000 210.25000000
296.00000000 208.90000000 209.60000000
297.00000000 210.00000000 210.90000000
298.00000000 207.40000000 208.00000000
299.00000000 209.65000000 210.45000000
300.00000000 206.90000000 206.75000000
301.00000000 204.90000000 206.80000000
302.00000000 211.20000000 213.30000000
303.00000000 217.35000000 218.30000000
304.00000000 212.35000000 213.15000000
305.00000000 205.85000000 207.85000000
306.00000000 211.65000000 213.40000000
307.00000000 212.35000000 212.40000000
308.00000000 212.15000000 213.90000000
309.00000000 206.15000000 206.85000000
310.00000000 208.25000000 207.80000000
311.00000000 208.25000000 208.95000000
312.00000000 206.35000000 207.25000000
313.00000000 211.35000000 212.65000000
314.00000000 206.55000000 207.05000000
315.00000000 211.50000000 211.40000000
316.00000000 209.20000000 209.35000000
317.00000000 213.10000000 212.00000000
318.00000000 207.75000000 208.15000000
319.00000000 210.70000000 210.90000000
320.00000000 211.00000000 209.90000000
321.00000000 209.40000000 209.75000000
322.00000000 213.10000000 213.50000000
323.00000000 208.65000000 208.35000000
324.00000000 207.25000000 207.95000000
325.00000000 207.45000000 207.15000000
326.00000000 208.10000000 209.15000000
327.00000000 202.65000000 203.80000000
328.00000000 213.75000000 213.30000000
329.00000000 209.45000000 211.35000000
330.00000000 210.95000000 211.65000000
331.00000000 210.50000000 211.55000000
332.00000000 209.00000000 208.80000000
333.00000000 209.10000000 211.05000000
334.00000000 202.70000000 204.25000000
335.00000000 204.60000000 203.60000000
336.00000000 210.80000000 210.95000000
337.00000000 204.90000000 205.05000000
338.00000000 207.70000000 206.90000000
339.00000000 208.85000000 207.85000000
340.00000000 208.25000000 208.10000000
341.00000000 202.40000000 203.35000000
342.00000000 205.35000000 205.90000000
343.00000000 205.85000000 207.50000000
344.00000000 211.45000000 212.15000000
345.00000000 209.35000000 208.60000000
346.00000000 205.30000000 205.30000000
347.00000000 208.50000000 209.30000000
348.00000000 206.60000000 207.55000000
349.00000000 207.70000000 209.50000000
350.00000000 210.20000000 210.70000000
351.00000000 208.65000000 208.75000000
352.00000000 210.30000000 210.75000000
353.00000000 213.25000000 212.85000000
354.00000000 208.75000000 208.20000000
355.00000000 214.45000000 213.55000000
356.00000000 206.15000000 206.65000000
357.00000000 206.85000000 207.10000000
358.00000000 206.75000000 206.50000000
359.00000000 209.20000000 211.80000000
360.00000000 209.75000000 208.80000000
361.00000000 210.60000000 211.45000000
362.00000000 207.75000000 207.30000000
363.00000000 210.80000000 211.35000000
364.00000000 208.90000000 209.45000000
365.00000000 209.20000000 211.75000000
366.00000000 211.25000000 211.95000000
367.00000000 211.00000000 209.85000000
368.00000000 205.15000000 207.05000000
369.00000000 206.60000000 208.85000000
370.00000000 205.70000000 207.00000000
371.00000000 211.00000000 211.20000000
372.00000000 210.20000000 209.55000000
373.00000000 213.15000000 212.20000000
374.00000000 214.65000000 214.20000000
375.00000000 210.70000000 210.85000000
376.00000000 209.45000000 208.45000000
377.00000000 206.45000000 208.50000000
378.00000000 209.00000000 211.55000000
379.00000000 210.95000000 213.40000000
380.00000000 208.50000000 209.20000000
381.00000000 209.35000000 209.70000000
382.00000000 208.80000000 209.80000000
383.00000000 210.00000000 208.45000000
384.00000000 210.55000000 210.25000000
385.00000000 209.50000000 208.80000000
386.00000000 203.75000000 204.80000000
387.00000000 205.25000000 206.10000000
388.00000000 207.60000000 206.95000000
389.00000000 212.75000000 213.90000000
390.00000000 212.65000000 213.75000000
391.00000000 207.60000000 206.20000000
392.00000000 209.15000000 208.25000000
393.00000000 210.25000000 210.55000000
394.00000000 208.00000000 207.55000000
395.00000000 209.90000000 210.25000000
396.00000000 211.60000000 211.55000000
397.00000000 209.10000000 208.50000000
398.00000000 212.75000000 212.95000000
399.00000000 208.40000000 209.85000000
400.00000000 211.30000000 211.10000000
