0 645.75000000 645.10000000
1.00000000 220.60000000 222.60000000
2.00000000 111.55000000 111.30000000
3.00000000 76.25000000 76.35000000
4.00000000 59.70000000 59.10000000
5.00000000 48.35000000 48.30000000
6.00000000 42.50000000 42.70000000
7.00000000 37.95000000 38.25000000
8.00000000 33.10000000 33.35000000
9.00000000 29.90000000 30.30000000
10.00000000 27.50000000 27.90000000
11.00000000 25.80000000 25.80000000
12.00000000 24.05000000 24.15000000
13.00000000 22.30000000 22.70000000
14.00000000 21.30000000 21.45000000
15.00000000 20.40000000 20.05000000
16.00000000 19.75000000 19.35000000
17.00000000 18.45000000 18.50000000
18.00000000 17.45000000 17.75000000
19.00000000 16.50000000 17.10000000
20.00000000 16.50000000 15.90000000
21.00000000 15.25000000 15.25000000
22.00000000 14.35000000 14.15000000
23.00000000 14.30000000 14.20000000
24.00000000 13.55000000 13.85000000
25.00000000 13.15000000 13.45000000
26.00000000 12.85000000 12.95000000
27.00000000 12.55000000 12.25000000
28.00000000 12.10000000 11.65000000
29.00000000 11.95000000 11.60000000
30.00000000 11.25000000 11.50000000
31.00000000 11.35000000 11.30000000
32.00000000 10.45000000 10.90000000
33.00000000 10.15000000 10.30000000
34.00000000 10.40000000 10.35000000
35.00000000 10.30000000 10.10000000
36.00000000 9.50000000 9.85000000
37.00000000 9.90000000 10.05000000
38.00000000 9.80000000 9.70000000
39.00000000 8.80000000 9.35000000
40.00000000 9.10000000 9.25000000
41.00000000 9.00000000 8.85000000
42.00000000 8.60000000 8.95000000
43.00000000 8.75000000 8.50000000
44.00000000 8.25000000 8.10000000
45.00000000 7.95000000 8.10000000
46.00000000 7.55000000 7.95000000
47.00000000 7.70000000 7.60000000
48.00000000 7.40000000 7.50000000
49.00000000 7.15000000 7.45000000
50.00000000 7.15000000 7.15000000
51.00000000 7.00000000 6.90000000
52.00000000 6.90000000 6.90000000
53.00000000 7.00000000 6.90000000
54.00000000 6.75000000 6.80000000
55.00000000 6.65000000 6.75000000
56.00000000 6.60000000 6.85000000
57.00000000 6.80000000 6.70000000
58.00000000 6.30000000 6.75000000
59.00000000 6.35000000 6.40000000
60.00000000 5.95000000 6.15000000
61.00000000 6.10000000 6.25000000
62.00000000 5.95000000 6.15000000
63.00000000 5.95000000 6.10000000
64.00000000 5.85000000 5.80000000
65.00000000 6.00000000 5.95000000
66.00000000 5.70000000 5.45000000
67.00000000 5.60000000 5.30000000
68.00000000 5.55000000 5.65000000
69.00000000 5.40000000 5.35000000
70.00000000 5.15000000 5.50000000
71.00000000 5.45000000 5.15000000
72.00000000 5.15000000 5.20000000
73.00000000 5.25000000 5.25000000
74.00000000 4.95000000 5.00000000
75.00000000 5.00000000 4.75000000
76.00000000 4.75000000 4.90000000
77.00000000 4.50000000 4.55000000
78.00000000 4.80000000 4.60000000
79.00000000 4.70000000 4.65000000
80.00000000 4.55000000 4.70000000
81.00000000 4.60000000 4.70000000
82.00000000 4.45000000 4.35000000
83.00000000 4.35000000 4.65000000
84.00000000 4.55000000 4.60000000
85.00000000 4.45000000 4.45000000
86.00000000 4.25000000 4.35000000
87.00000000 4.15000000 4.35000000
88.00000000 4.10000000 4.20000000
89.00000000 4.20000000 3.95000000
90.00000000 3.95000000 4.15000000
91.00000000 4.05000000 4.15000000
92.00000000 3.80000000 3.70000000
93.00000000 3.75000000 3.90000000
94.00000000 3.95000000 3.85000000
95.00000000 3.90000000 3.65000000
96.00000000 3.75000000 3.75000000
97.00000000 3.90000000 3.90000000
98.00000000 3.75000000 3.75000000
99.00000000 3.65000000 3.85000000
100.00000000 3.60000000 3.65000000
101.00000000 3.65000000 3.60000000
102.00000000 3.45000000 3.55000000
103.00000000 3.45000000 3.35000000
104.00000000 3.30000000 3.65000000
105.00000000 3.50000000 3.50000000
106.00000000 3.45000000 3.40000000
107.00000000 3.45000000 3.50000000
108.00000000 3.45000000 3.40000000
109.00000000 3.40000000 3.35000000
110.00000000 3.25000000 3.25000000
111.00000000 3.20000000 3.35000000
112.00000000 3.20000000 3.20000000
113.00000000 3.25000000 3.45000000
114.00000000 3.30000000 3.30000000
115.00000000 3.30000000 3.20000000
116.00000000 3.30000000 3.00000000
117.00000000 3.05000000 3.10000000
118.00000000 3.00000000 3.20000000
119.00000000 3.20000000 2.95000000
120.00000000 3.10000000 3.05000000
121.00000000 3.10000000 3.05000000
122.00000000 3.05000000 3.00000000
123.00000000 2.85000000 3.10000000
124.00000000 3.00000000 3.10000000
125.00000000 2.95000000 2.90000000
126.00000000 2.80000000 3.05000000
127.00000000 3.00000000 3.05000000
128.00000000 2.80000000 2.95000000
129.00000000 2.95000000 2.85000000
130.00000000 2.75000000 2.95000000
131.00000000 2.90000000 2.95000000
132.00000000 3.00000000 2.90000000
133.00000000 3.05000000 3.05000000
134.00000000 2.90000000 3.05000000
135.00000000 3.00000000 2.70000000
136.00000000 3.05000000 3.00000000
137.00000000 2.90000000 3.00000000
138.00000000 2.90000000 2.95000000
139.00000000 2.95000000 3.05000000
140.00000000 3.00000000 2.95000000
141.00000000 2.65000000 2.90000000
142.00000000 2.75000000 2.85000000
143.00000000 2.75000000 2.75000000
144.00000000 2.85000000 2.90000000
145.00000000 2.70000000 2.80000000
146.00000000 2.75000000 2.70000000
147.00000000 2.70000000 2.85000000
148.00000000 2.80000000 2.65000000
149.00000000 2.85000000 2.70000000
150.00000000 2.60000000 2.55000000
151.00000000 2.65000000 2.80000000
152.00000000 2.65000000 2.80000000
153.00000000 2.65000000 2.70000000
154.00000000 2.65000000 2.70000000
155.00000000 2.75000000 2.70000000
156.00000000 2.80000000 2.70000000
157.00000000 2.60000000 2.70000000
158.00000000 2.60000000 2.60000000
159.00000000 2.70000000 2.60000000
160.00000000 2.70000000 2.70000000
161.00000000 2.55000000 2.60000000
162.00000000 2.55000000 2.50000000
163.00000000 2.65000000 2.65000000
164.00000000 2.55000000 2.75000000
165.00000000 2.75000000 2.60000000
166.00000000 2.60000000 2.70000000
167.00000000 2.80000000 2.75000000
168.00000000 2.70000000 2.55000000
169.00000000 2.50000000 2.60000000
170.00000000 2.65000000 2.65000000
171.00000000 2.70000000 2.70000000
172.00000000 2.50000000 2.40000000
173.00000000 2.55000000 2.50000000
174.00000000 2.40000000 2.45000000
175.00000000 2.35000000 2.50000000
176.00000000 2.45000000 2.50000000
177.00000000 2.35000000 2.60000000
178.00000000 2.50000000 2.20000000
179.00000000 2.45000000 2.60000000
180.00000000 2.40000000 2.55000000
181.00000000 2.40000000 2.45000000
182.00000000 2.50000000 2.50000000
183.00000000 2.35000000 2.50000000
184.00000000 2.50000000 2.55000000
185.00000000 2.35000000 2.55000000
186.00000000 2.45000000 2.50000000
187.00000000 2.30000000 2.50000000
188.00000000 2.50000000 2.45000000
189.00000000 2.60000000 2.40000000
190.00000000 2.35000000 2.40000000
191.00000000 2.45000000 2.35000000
192.00000000 2.45000000 2.55000000
193.00000000 2.50000000 2.45000000
194.00000000 2.35000000 2.30000000
195.00000000 2.40000000 2.35000000
196.00000000 2.40000000 2.40000000
197.00000000 2.20000000 2.40000000
198.00000000 2.45000000 2.30000000
199.00000000 2.40000000 2.50000000
200.00000000 2.40000000 2.45000000
201.00000000 2.35000000 2.50000000
202.00000000 2.45000000 2.40000000
203.00000000 2.30000000 2.35000000
204.00000000 2.50000000 2.55000000
205.00000000 2.10000000 2.35000000
206.00000000 2.35000000 2.50000000
207.00000000 2.35000000 2.40000000
208.00000000 2.45000000 2.25000000
209.00000000 2.25000000 2.40000000
210.00000000 2.50000000 2.55000000
211.00000000 2.40000000 2.45000000
212.00000000 2.55000000 2.45000000
213.00000000 2.55000000 2.40000000
214.00000000 2.45000000 2.45000000
215.00000000 2.55000000 2.45000000
216.00000000 2.45000000 2.55000000
217.00000000 2.45000000 2.40000000
218.00000000 2.40000000 2.35000000
219.00000000 2.40000000 2.40000000
220.00000000 2.45000000 2.35000000
221.00000000 2.45000000 2.50000000
222.00000000 2.40000000 2.35000000
223.00000000 2.25000000 2.45000000
224.00000000 2.35000000 2.40000000
225.00000000 2.10000000 2.40000000
226.00000000 2.40000000 2.45000000
227.00000000 2.45000000 2.40000000
228.00000000 2.40000000 2.40000000
229.00000000 2.35000000 2.40000000
230.00000000 2.45000000 2.40000000
231.00000000 2.40000000 2.35000000
232.00000000 2.40000000 2.45000000
233.00000000 2.25000000 2.35000000
234.00000000 2.35000000 2.45000000
235.00000000 2.35000000 2.35000000
236.00000000 2.35000000 2.30000000
237.00000000 2.45000000 2.35000000
238.00000000 2.35000000 2.35000000
239.00000000 2.25000000 2.35000000
240.00000000 2.40000000 2.45000000
241.00000000 2.30000000 2.25000000
242.00000000 2.35000000 2.35000000
243.00000000 2.20000000 2.30000000
244.00000000 2.05000000 2.15000000
245.00000000 2.15000000 2.25000000
246.00000000 2.10000000 2.15000000
247.00000000 2.10000000 2.05000000
248.00000000 2.00000000 2.15000000
249.00000000 2.20000000 2.20000000
250.00000000 2.15000000 2.20000000
251.00000000 2.20000000 2.10000000
252.00000000 2.20000000 2.00000000
253.00000000 2.05000000 2.15000000
254.00000000 2.20000000 2.15000000
255.00000000 2.25000000 2.05000000
256.00000000 2.10000000 2.05000000
257.00000000 2.05000000 2.10000000
258.00000000 2.05000000 2.10000000
259.00000000 2.00000000 2.05000000
260.00000000 2.00000000 2.10000000
261.00000000 1.95000000 2.10000000
262.00000000 2.10000000 2.20000000
263.00000000 2.05000000 2.00000000
264.00000000 2.10000000 2.20000000
265.00000000 2.10000000 2.10000000
266.00000000 2.15000000 2.00000000
267.00000000 2.15000000 2.10000000
268.00000000 2.05000000 2.00000000
269.00000000 2.00000000 2.00000000
270.00000000 2.15000000 2.15000000
271.00000000 2.15000000 2.15000000
272.00000000 2.05000000 2.10000000
273.00000000 2.05000000 2.00000000
274.00000000 2.15000000 2.05000000
275.00000000 2.10000000 1.95000000
276.00000000 1.90000000 2.00000000
277.00000000 2.05000000 1.95000000
278.00000000 2.10000000 1.95000000
279.00000000 2.00000000 1.95000000
280.00000000 2.00000000 2.10000000
281.00000000 1.90000000 2.00000000
282.00000000 1.95000000 1.95000000
283.00000000 1.90000000 1.90000000
284.00000000 2.00000000 2.00000000
285.00000000 1.85000000 2.05000000
286.00000000 2.05000000 2.00000000
287.00000000 1.90000000 2.00000000
288.00000000 1.95000000 2.05000000
289.00000000 1.90000000 1.70000000
290.00000000 1.80000000 1.95000000
291.00000000 1.70000000 1.95000000
292.00000000 1.95000000 1.95000000
293.00000000 1.85000000 1.85000000
294.00000000 1.95000000 1.85000000
295.00000000 1.90000000 1.95000000
296.00000000 1.95000000 1.75000000
297.00000000 2.00000000 1.90000000
298.00000000 1.85000000 2.00000000
299.00000000 1.90000000 1.95000000
300.00000000 1.95000000 1.90000000
301.00000000 1.90000000 1.95000000
302.00000000 1.85000000 1.85000000
303.00000000 1.90000000 1.95000000
304.00000000 1.75000000 1.85000000
305.00000000 1.80000000 1.60000000
306.00000000 1.70000000 1.55000000
307.00000000 1.85000000 1.75000000
308.00000000 1.65000000 1.70000000
309.00000000 1.65000000 1.70000000
310.00000000 1.80000000 1.80000000
311.00000000 1.75000000 1.75000000
312.00000000 1.75000000 1.70000000
313.00000000 1.70000000 1.80000000
314.00000000 1.80000000 1.75000000
315.00000000 1.80000000 1.75000000
316.00000000 1.80000000 1.65000000
317.00000000 1.80000000 1.75000000
318.00000000 1.80000000 1.75000000
319.00000000 1.60000000 1.65000000
320.00000000 1.65000000 1.70000000
321.00000000 1.75000000 1.75000000
322.00000000 1.65000000 1.75000000
323.00000000 1.70000000 1.70000000
324.00000000 1.65000000 1.75000000
325.00000000 1.70000000 1.65000000
326.00000000 1.70000000 1.70000000
327.00000000 1.70000000 1.65000000
328.00000000 1.75000000 1.65000000
329.00000000 1.75000000 1.65000000
330.00000000 1.55000000 1.70000000
331.00000000 1.75000000 1.65000000
332.00000000 1.60000000 1.60000000
333.00000000 1.65000000 1.55000000
334.00000000 1.70000000 1.70000000
335.00000000 1.60000000 1.60000000
336.00000000 1.70000000 1.75000000
337.00000000 1.65000000 1.70000000
338.00000000 1.70000000 1.70000000
339.00000000 1.70000000 1.60000000
340.00000000 1.60000000 1.70000000
341.00000000 1.50000000 1.65000000
342.00000000 1.60000000 1.70000000
343.00000000 1.60000000 1.65000000
344.00000000 1.65000000 1.50000000
345.00000000 1.60000000 1.55000000
346.00000000 1.70000000 1.65000000
347.00000000 1.65000000 1.65000000
348.00000000 1.45000000 1.55000000
349.00000000 1.55000000 1.60000000
350.00000000 1.50000000 1.65000000
351.00000000 1.50000000 1.60000000
352.00000000 1.50000000 1.55000000
353.00000000 1.55000000 1.65000000
354.00000000 1.60000000 1.60000000
355.00000000 1.55000000 1.55000000
356.00000000 1.70000000 1.60000000
357.00000000 1.55000000 1.45000000
358.00000000 1.55000000 1.55000000
359.00000000 1.55000000 1.50000000
360.00000000 1.45000000 1.50000000
361.00000000 1.55000000 1.60000000
362.00000000 1.40000000 1.55000000
363.00000000 1.55000000 1.55000000
364.00000000 1.55000000 1.55000000
365.00000000 1.50000000 1.50000000
366.00000000 1.55000000 1.50000000
367.00000000 1.50000000 1.45000000
368.00000000 1.45000000 1.55000000
369.00000000 1.45000000 1.50000000
370.00000000 1.40000000 1.40000000
371.00000000 1.35000000 1.50000000
372.00000000 1.45000000 1.55000000
373.00000000 1.45000000 1.45000000
374.00000000 1.35000000 1.50000000
375.00000000 1.45000000 1.55000000
376.00000000 1.35000000 1.50000000
377.00000000 1.50000000 1.50000000
378.00000000 1.50000000 1.45000000
379.00000000 1.45000000 1.45000000
380.00000000 1.55000000 1.50000000
381.00000000 1.45000000 1.50000000
382.00000000 1.50000000 1.20000000
383.00000000 1.50000000 1.45000000
384.00000000 1.50000000 1.50000000
385.00000000 1.40000000 1.55000000
386.00000000 1.50000000 1.45000000
387.00000000 1.45000000 1.45000000
388.00000000 1.40000000 1.45000000
389.00000000 1.45000000 1.45000000
390.00000000 1.30000000 1.35000000
391.00000000 1.45000000 1.40000000
392.00000000 1.45000000 1.40000000
393.00000000 1.45000000 1.30000000
394.00000000 1.35000000 1.50000000
395.00000000 1.45000000 1.40000000
396.00000000 1.30000000 1.40000000
397.00000000 1.35000000 1.35000000
398.00000000 1.25000000 1.40000000
399.00000000 1.45000000 1.45000000
400.00000000 1.30000000 1.30000000
