0 647.95000000 648.65000000
1.00000000 645.00000000 647.55000000
2.00000000 648.90000000 649.85000000
3.00000000 651.30000000 650.60000000
4.00000000 650.35000000 652.30000000
5.00000000 646.35000000 649.90000000
6.00000000 648.30000000 651.05000000
7.00000000 645.80000000 646.40000000
8.00000000 648.25000000 649.90000000
9.00000000 646.30000000 647.00000000
10.00000000 648.85000000 651.60000000
11.00000000 646.20000000 645.50000000
12.00000000 648.85000000 649.20000000
13.00000000 648.90000000 650.50000000
14.00000000 647.65000000 649.20000000
15.00000000 644.60000000 644.40000000
16.00000000 649.90000000 653.45000000
17.00000000 651.00000000 650.00000000
18.00000000 649.45000000 650.35000000
19.00000000 649.90000000 650.45000000
20.00000000 643.25000000 646.20000000
21.00000000 647.25000000 649.75000000
22.00000000 649.05000000 651.85000000
23.00000000 649.00000000 652.25000000
24.00000000 653.60000000 652.00000000
25.00000000 646.55000000 647.10000000
26.00000000 646.95000000 651.40000000
27.00000000 646.20000000 650.20000000
28.00000000 643.15000000 645.25000000
29.00000000 649.00000000 651.80000000
30.00000000 646.80000000 650.00000000
31.00000000 642.95000000 646.35000000
32.00000000 652.70000000 656.35000000
33.00000000 642.30000000 643.00000000
34.00000000 652.95000000 655.35000000
35.00000000 650.65000000 654.90000000
36.00000000 646.80000000 647.25000000
37.00000000 647.15000000 648.65000000
38.00000000 650.60000000 650.80000000
39.00000000 653.70000000 651.75000000
40.00000000 645.20000000 644.65000000
41.00000000 650.00000000 651.60000000
42.00000000 651.10000000 652.30000000
43.00000000 646.15000000 650.55000000
44.00000000 651.40000000 652.95000000
45.00000000 644.35000000 649.55000000
46.00000000 646.05000000 647.25000000
47.00000000 649.30000000 652.30000000
48.00000000 654.05000000 653.55000000
49.00000000 648.40000000 650.55000000
50.00000000 649.55000000 651.55000000
51.00000000 648.75000000 650.50000000
52.00000000 649.60000000 647.60000000
53.00000000 648.95000000 651.65000000
54.00000000 642.60000000 644.30000000
55.00000000 641.55000000 645.80000000
56.00000000 643.55000000 648.15000000
57.00000000 652.15000000 651.95000000
58.00000000 652.10000000 652.95000000
59.00000000 649.00000000 649.95000000
60.00000000 644.75000000 644.95000000
61.00000000 649.30000000 653.10000000
62.00000000 641.75000000 646.15000000
63.00000000 651.40000000 650.55000000
64.00000000 649.15000000 650.85000000
65.00000000 646.05000000 647.40000000
66.00000000 648.60000000 648.80000000
67.00000000 646.20000000 649.35000000
68.00000000 645.25000000 646.50000000
69.00000000 649.60000000 654.35000000
70.00000000 653.60000000 653.00000000
71.00000000 647.85000000 648.80000000
72.00000000 645.70000000 645.60000000
73.00000000 649.65000000 651.80000000
74.00000000 649.00000000 650.35000000
75.00000000 644.35000000 647.55000000
76.00000000 641.75000000 642.35000000
77.00000000 645.80000000 648.70000000
78.00000000 651.45000000 653.80000000
79.00000000 649.90000000 653.85000000
80.00000000 647.05000000 648.45000000
81.00000000 653.10000000 654.65000000
82.00000000 648.55000000 648.60000000
83.00000000 652.30000000 653.90000000
84.00000000 652.50000000 652.35000000
85.00000000 650.20000000 655.30000000
86.00000000 653.15000000 655.10000000
87.00000000 653.20000000 653.65000000
88.00000000 642.55000000 643.85000000
89.00000000 648.80000000 647.35000000
90.00000000 657.85000000 660.75000000
91.00000000 647.80000000 650.05000000
92.00000000 642.15000000 644.90000000
93.00000000 645.25000000 648.50000000
94.00000000 646.70000000 647.65000000
95.00000000 653.70000000 656.35000000
96.00000000 646.60000000 647.15000000
97.00000000 640.55000000 643.40000000
98.00000000 653.80000000 653.75000000
99.00000000 650.20000000 651.90000000
100.00000000 649.90000000 653.50000000
101.00000000 647.35000000 651.30000000
102.00000000 658.05000000 658.20000000
103.00000000 651.50000000 652.80000000
104.00000000 653.10000000 656.90000000
105.00000000 651.10000000 650.30000000
106.00000000 644.20000000 644.90000000
107.00000000 648.35000000 646.85000000
108.00000000 645.45000000 648.35000000
109.00000000 649.25000000 649.70000000
110.00000000 649.35000000 652.45000000
111.00000000 646.10000000 646.35000000
112.00000000 643.50000000 647.50000000
113.00000000 647.90000000 650.20000000
114.00000000 648.85000000 648.05000000
115.00000000 646.75000000 648.50000000
116.00000000 653.65000000 654.00000000
117.00000000 650.90000000 653.95000000
118.00000000 644.55000000 645.55000000
119.00000000 645.80000000 647.50000000
120.00000000 651.40000000 653.25000000
121.00000000 653.00000000 652.10000000
122.00000000 647.65000000 647.70000000
123.00000000 648.60000000 651.55000000
124.00000000 645.25000000 646.80000000
125.00000000 651.00000000 650.80000000
126.00000000 653.35000000 652.95000000
127.00000000 645.70000000 648.75000000
128.00000000 641.55000000 646.30000000
129.00000000 643.70000000 646.45000000
130.00000000 650.30000000 651.85000000
131.00000000 649.90000000 648.55000000
132.00000000 653.95000000 653.55000000
133.00000000 650.65000000 652.25000000
134.00000000 644.70000000 646.40000000
135.00000000 651.30000000 654.90000000
136.00000000 648.80000000 648.20000000
137.00000000 648.05000000 645.70000000
138.00000000 647.65000000 646.45000000
139.00000000 641.25000000 643.10000000
140.00000000 655.60000000 657.55000000
141.00000000 650.15000000 653.25000000
142.00000000 647.20000000 644.65000000
143.00000000 655.70000000 657.45000000
144.00000000 644.05000000 644.05000000
145.00000000 648.25000000 648.00000000
146.00000000 646.10000000 646.40000000
147.00000000 644.90000000 648.05000000
148.00000000 643.55000000 644.40000000
149.00000000 647.70000000 649.35000000
150.00000000 651.25000000 651.50000000
151.00000000 645.15000000 649.50000000
152.00000000 647.10000000 650.70000000
153.00000000 651.90000000 654.80000000
154.00000000 652.10000000 654.20000000
155.00000000 648.90000000 649.05000000
156.00000000 645.80000000 648.75000000
157.00000000 644.35000000 647.00000000
158.00000000 647.15000000 649.40000000
159.00000000 645.40000000 646.55000000
160.00000000 647.85000000 646.05000000
161.00000000 645.10000000 645.95000000
162.00000000 643.35000000 646.55000000
163.00000000 641.45000000 644.45000000
164.00000000 648.50000000 650.75000000
165.00000000 649.55000000 652.60000000
166.00000000 646.80000000 648.65000000
167.00000000 643.65000000 646.60000000
168.00000000 646.05000000 646.65000000
169.00000000 642.80000000 644.50000000
170.00000000 646.60000000 644.70000000
171.00000000 651.50000000 651.80000000
172.00000000 656.45000000 656.30000000
173.00000000 646.95000000 650.20000000
174.00000000 647.70000000 651.95000000
175.00000000 648.40000000 648.70000000
176.00000000 648.75000000 652.30000000
177.00000000 653.00000000 654.65000000
178.00000000 644.30000000 645.25000000
179.00000000 645.90000000 647.35000000
180.00000000 652.75000000 653.50000000
181.00000000 643.50000000 644.50000000
182.00000000 646.85000000 651.40000000
183.00000000 652.30000000 655.10000000
184.00000000 648.30000000 653.30000000
185.00000000 644.85000000 649.10000000
186.00000000 644.40000000 648.15000000
187.00000000 647.75000000 647.90000000
188.00000000 646.35000000 646.70000000
189.00000000 649.85000000 651.10000000
190.00000000 650.85000000 652.55000000
191.00000000 651.85000000 652.85000000
192.00000000 649.80000000 652.35000000
193.00000000 646.55000000 651.15000000
194.00000000 647.55000000 649.60000000
195.00000000 651.55000000 650.15000000
196.00000000 652.45000000 650.50000000
197.00000000 647.45000000 651.40000000
198.00000000 648.20000000 648.40000000
199.00000000 648.00000000 649.45000000
200.00000000 656.95000000 661.00000000
201.00000000 647.90000000 649.85000000
202.00000000 648.80000000 652.00000000
203.00000000 655.50000000 657.25000000
204.00000000 642.70000000 647.90000000
205.00000000 647.95000000 649.05000000
206.00000000 650.95000000 651.45000000
207.00000000 647.05000000 649.45000000
208.00000000 648.10000000 650.05000000
209.00000000 640.70000000 644.65000000
210.00000000 649.30000000 650.75000000
211.00000000 653.50000000 653.85000000
212.00000000 650.75000000 650.20000000
213.00000000 643.80000000 645.95000000
214.00000000 646.30000000 647.95000000
215.00000000 655.95000000 655.10000000
216.00000000 648.85000000 652.70000000
217.00000000 649.45000000 648.90000000
218.00000000 647.65000000 651.45000000
219.00000000 648.65000000 648.50000000
220.00000000 640.80000000 644.55000000
221.00000000 654.65000000 652.80000000
222.00000000 657.60000000 659.70000000
223.00000000 650.60000000 654.25000000
224.00000000 648.90000000 653.65000000
225.00000000 643.70000000 641.00000000
226.00000000 644.85000000 646.55000000
227.00000000 653.25000000 653.85000000
228.00000000 648.55000000 650.00000000
229.00000000 652.55000000 654.45000000
230.00000000 646.30000000 648.45000000
231.00000000 651.60000000 649.95000000
232.00000000 643.90000000 646.50000000
233.00000000 648.15000000 648.60000000
234.00000000 652.45000000 654.35000000
235.00000000 651.70000000 654.05000000
236.00000000 642.95000000 644.15000000
237.00000000 653.30000000 654.25000000
238.00000000 640.55000000 644.20000000
239.00000000 646.90000000 647.85000000
240.00000000 648.20000000 649.20000000
241.00000000 656.45000000 659.30000000
242.00000000 650.80000000 652.05000000
243.00000000 651.20000000 652.35000000
244.00000000 647.80000000 649.25000000
245.00000000 649.75000000 651.80000000
246.00000000 646.60000000 647.05000000
247.00000000 645.05000000 646.00000000
248.00000000 648.20000000 650.20000000
249.00000000 646.45000000 647.05000000
250.00000000 653.00000000 650.95000000
251.00000000 649.50000000 651.20000000
252.00000000 642.80000000 647.50000000
253.00000000 650.45000000 650.90000000
254.00000000 643.70000000 642.45000000
255.00000000 650.60000000 652.55000000
256.00000000 647.90000000 651.15000000
257.00000000 650.05000000 650.45000000
258.00000000 648.25000000 647.90000000
259.00000000 655.45000000 656.30000000
260.00000000 646.40000000 647.30000000
261.00000000 647.85000000 650.10000000
262.00000000 648.40000000 651.60000000
263.00000000 648.40000000 649.95000000
264.00000000 648.65000000 653.10000000
265.00000000 653.20000000 653.40000000
266.00000000 654.65000000 652.60000000
267.00000000 647.90000000 645.80000000
268.00000000 646.85000000 648.50000000
269.00000000 644.90000000 648.10000000
270.00000000 646.60000000 648.35000000
271.00000000 648.40000000 648.75000000
272.00000000 649.70000000 654.75000000
273.00000000 650.60000000 652.15000000
274.00000000 648.40000000 648.65000000
275.00000000 638.85000000 639.95000000
276.00000000 647.65000000 646.35000000
277.00000000 649.30000000 649.70000000
278.00000000 647.35000000 642.70000000
279.00000000 654.80000000 654.50000000
280.00000000 648.70000000 651.10000000
281.00000000 646.65000000 650.45000000
282.00000000 647.95000000 650.45000000
283.00000000 651.70000000 653.25000000
284.00000000 648.00000000 649.75000000
285.00000000 652.45000000 648.80000000
286.00000000 649.20000000 649.15000000
287.00000000 651.30000000 651.70000000
288.00000000 649.80000000 647.65000000
289.00000000 655.70000000 655.50000000
290.00000000 645.20000000 646.60000000
291.00000000 646.05000000 647.50000000
292.00000000 642.45000000 645.95000000
293.00000000 644.35000000 646.05000000
294.00000000 645.10000000 644.30000000
295.00000000 655.15000000 655.50000000
296.00000000 645.80000000 645.45000000
297.00000000 648.45000000 645.90000000
298.00000000 646.20000000 643.75000000
299.00000000 646.70000000 649.75000000
300.00000000 651.40000000 648.95000000
301.00000000 653.40000000 651.90000000
302.00000000 652.30000000 654.70000000
303.00000000 646.95000000 647.20000000
304.00000000 653.15000000 655.65000000
305.00000000 645.60000000 648.95000000
306.00000000 647.70000000 651.25000000
307.00000000 647.25000000 647.75000000
308.00000000 646.30000000 647.75000000
309.00000000 648.50000000 652.30000000
310.00000000 650.45000000 649.55000000
311.00000000 645.10000000 647.15000000
312.00000000 646.30000000 645.85000000
313.00000000 641.90000000 645.25000000
314.00000000 651.05000000 649.40000000
315.00000000 645.05000000 646.65000000
316.00000000 645.40000000 648.10000000
317.00000000 646.05000000 647.35000000
318.00000000 654.05000000 655.05000000
319.00000000 648.65000000 652.60000000
320.00000000 648.50000000 649.25000000
321.00000000 650.20000000 652.60000000
322.00000000 644.55000000 646.45000000
323.00000000 649.15000000 648.85000000
324.00000000 649.05000000 652.10000000
325.00000000 651.45000000 650.45000000
326.00000000 644.40000000 644.60000000
327.00000000 650.40000000 651.75000000
328.00000000 647.00000000 647.35000000
329.00000000 652.90000000 652.65000000
330.00000000 648.45000000 648.75000000
331.00000000 646.60000000 650.30000000
332.00000000 644.70000000 647.80000000
333.00000000 644.10000000 645.60000000
334.00000000 650.05000000 650.30000000
335.00000000 652.60000000 654.20000000
336.00000000 645.40000000 649.35000000
337.00000000 647.70000000 649.40000000
338.00000000 649.20000000 648.00000000
339.00000000 653.90000000 652.45000000
340.00000000 650.75000000 650.75000000
341.00000000 652.70000000 651.40000000
342.00000000 652.55000000 655.40000000
343.00000000 646.50000000 649.45000000
344.00000000 650.05000000 653.90000000
345.00000000 652.85000000 652.95000000
346.00000000 648.75000000 651.65000000
347.00000000 647.60000000 650.45000000
348.00000000 639.40000000 641.45000000
349.00000000 649.05000000 650.50000000
350.00000000 647.30000000 648.80000000
351.00000000 653.15000000 653.70000000
352.00000000 648.60000000 648.45000000
353.00000000 646.65000000 646.00000000
354.00000000 646.20000000 645.60000000
355.00000000 648.90000000 651.05000000
356.00000000 645.85000000 647.45000000
357.00000000 643.90000000 649.00000000
358.00000000 653.00000000 653.45000000
359.00000000 655.20000000 658.20000000
360.00000000 641.20000000 645.35000000
361.00000000 648.60000000 648.90000000
362.00000000 654.35000000 652.50000000
363.00000000 647.35000000 647.45000000
364.00000000 646.90000000 650.00000000
365.00000000 649.40000000 651.25000000
366.00000000 651.40000000 652.70000000
367.00000000 646.75000000 647.00000000
368.00000000 644.55000000 645.40000000
369.00000000 643.40000000 645.00000000
370.00000000 643.50000000 646.80000000
371.00000000 646.90000000 647.95000000
372.00000000 644.55000000 647.30000000
373.00000000 653.45000000 654.05000000
374.00000000 651.70000000 653.05000000
375.00000000 654.45000000 654.80000000
376.00000000 646.05000000 649.35000000
377.00000000 648.65000000 652.95000000
378.00000000 652.75000000 655.50000000
379.00000000 641.15000000 643.60000000
380.00000000 651.55000000 652.30000000
381.00000000 640.85000000 642.70000000
382.00000000 651.80000000 654.40000000
383.00000000 646.35000000 647.35000000
384.00000000 656.30000000 655.90000000
385.00000000 651.55000000 650.65000000
386.00000000 643.65000000 648.35000000
387.00000000 649.85000000 648.15000000
388.00000000 644.30000000 647.35000000
389.00000000 655.60000000 656.75000000
390.00000000 645.75000000 645.55000000
391.00000000 652.90000000 654.35000000
392.00000000 653.50000000 654.50000000
393.00000000 647.15000000 648.60000000
394.00000000 648.10000000 651.20000000
395.00000000 642.20000000 643.75000000
396.00000000 651.70000000 651.40000000
397.00000000 646.85000000 647.60000000
398.00000000 647.45000000 648.60000000
399.00000000 647.40000000 646.70000000
400.00000000 646.50000000 648.80000000
