0 0.000445369
9 0.0368573
18 0.0663628
27 0.092463
36 0.116478
45 0.139895
54 0.162157
63 0.182522
72 0.201946
81 0.221343
90 0.241131
99 0.260936
108 0.280485
117 0.298972
126 0.3157
135 0.333857
144 0.350292
153 0.36553
162 0.380522
171 0.395013
180 0.409769
189 0.423813
198 0.43702
207 0.449624
216 0.462739
225 0.476785
234 0.489575
243 0.502127
252 0.513374
261 0.52438
270 0.535095
279 0.546368
288 0.554544
297 0.56416
306 0.572457
315 0.58201
324 0.590565
333 0.598992
342 0.608006
351 0.616482
360 0.625472
369 0.633365
378 0.641712
387 0.650774
396 0.658148
405 0.665872
414 0.672565
423 0.679503
432 0.686326
441 0.69238
450 0.699694
459 0.705582
468 0.714058
477 0.720246
486 0.726398
495 0.732074
504 0.738263
513 0.7431
522 0.748508
531 0.754834
540 0.759269
549 0.76245
558 0.765982
567 0.771044
576 0.775013
585 0.780713
594 0.78548
603 0.790629
612 0.795834
621 0.800024
630 0.803907
639 0.808087
648 0.8131
657 0.816915
666 0.82123
675 0.825064
684 0.829204
693 0.83252
702 0.835663
711 0.838844
720 0.841676
729 0.844925
738 0.847187
747 0.849443
756 0.851654
765 0.854196
774 0.855846
783 0.858255
792 0.860528
801 0.861982
810 0.864017
819 0.865398
828 0.866857
837 0.868236
846 0.870482
855 0.871866
864 0.872544
873 0.87459
882 0.876203
891 0.87742
900 0.878861
909 0.880618
918 0.882251
927 0.88321
936 0.885075
945 0.886255
954 0.887539
963 0.889335
972 0.890655
981 0.892001
990 0.89247
999 0.893798
1008 0.895212
1017 0.895173
1026 0.895814
1035 0.89702
1044 0.897675
1053 0.898294
1062 0.89882
1071 0.899534
1080 0.900231
1089 0.901053
1098 0.901993
1107 0.902686
1116 0.903152
1125 0.903855
1134 0.904445
1143 0.905387
1152 0.906021
1161 0.906308
1170 0.907081
1179 0.908052
1188 0.908048
1197 0.909299
1206 0.909481
1215 0.910476
1224 0.911893
1233 0.912239
1242 0.913068
1251 0.913054
1260 0.913977
1269 0.914462
1278 0.915459
1287 0.915622
1296 0.916867
1305 0.91747
1314 0.918283
1323 0.91912
1332 0.92003
1341 0.920445
1350 0.921018
1359 0.922013
1368 0.922349
1377 0.923321
1386 0.923796
1395 0.924223
1404 0.925675
1413 0.926751
1422 0.926728
1431 0.927495
1440 0.927809
1449 0.928003
1458 0.928402
1467 0.928442
1476 0.929402
1485 0.929943
1494 0.930604
1503 0.931051
1512 0.931678
1521 0.931985
1530 0.932358
1539 0.932964
1548 0.932968
1557 0.933719
1566 0.934162
1575 0.934253
1584 0.934835
1593 0.935036
1602 0.93516
1611 0.935399
1620 0.935714
1629 0.935694
1638 0.935714
1647 0.936508
1656 0.936828
1665 0.937168
1674 0.936799
1683 0.937395
1692 0.937534
1701 0.937924
1710 0.938165
1719 0.938491
1728 0.938922
1737 0.939141
1746 0.939103
1755 0.939301
1764 0.93916
1773 0.93961
1782 0.940124
1791 0.940427
1800 0.939779
