0 0.00043779
9 0.0353551
18 0.0637563
27 0.0890476
36 0.113113
45 0.136654
54 0.158148
63 0.179137
72 0.198728
81 0.218957
90 0.238548
99 0.258467
108 0.2775
117 0.295461
126 0.311706
135 0.329332
144 0.345476
153 0.360458
162 0.375436
171 0.389688
180 0.403795
189 0.417265
198 0.430193
207 0.442948
216 0.455721
225 0.469465
234 0.481687
243 0.493519
252 0.504735
261 0.515752
270 0.526322
279 0.537142
288 0.54554
297 0.554742
306 0.563155
315 0.572644
324 0.581302
333 0.589728
342 0.598197
351 0.606786
360 0.615458
369 0.62297
378 0.631102
387 0.639966
396 0.647524
405 0.655136
414 0.661738
423 0.668498
432 0.675173
441 0.681037
450 0.68817
459 0.693989
468 0.701607
477 0.707316
486 0.713062
495 0.718603
504 0.724918
513 0.729727
522 0.735564
531 0.741714
540 0.746166
549 0.750031
558 0.753822
567 0.759452
576 0.763949
585 0.769722
594 0.774517
603 0.77922
612 0.784416
621 0.788436
630 0.792654
639 0.797476
648 0.802715
657 0.806821
666 0.81123
675 0.815184
684 0.819492
693 0.82296
702 0.826202
711 0.829317
720 0.832118
729 0.835205
738 0.837659
747 0.840071
756 0.842318
765 0.84479
774 0.846871
783 0.849083
792 0.851402
801 0.853627
810 0.855469
819 0.857123
828 0.859021
837 0.860855
846 0.863395
855 0.865088
864 0.866441
873 0.868558
882 0.870281
891 0.871961
900 0.873542
909 0.875619
918 0.877322
927 0.878458
936 0.880361
945 0.881826
954 0.88317
963 0.884719
972 0.886029
981 0.887386
990 0.887733
999 0.888836
1008 0.890201
1017 0.890624
1026 0.891463
1035 0.89268
1044 0.893712
1053 0.894505
1062 0.895383
1071 0.895983
1080 0.896759
1089 0.897629
1098 0.898331
1107 0.899132
1116 0.899876
1125 0.901
1134 0.901692
1143 0.902545
1152 0.903247
1161 0.903997
1170 0.904748
1179 0.906015
1188 0.906096
1197 0.907478
1206 0.907994
1215 0.908957
1224 0.910162
1233 0.910547
1242 0.911361
1251 0.911582
1260 0.912494
1269 0.913143
1278 0.913988
1287 0.914166
1296 0.915385
1305 0.915961
1314 0.916595
1323 0.91781
1332 0.918903
1341 0.919141
1350 0.919608
1359 0.920441
1368 0.920927
1377 0.922057
1386 0.922628
1395 0.923235
1404 0.924339
1413 0.925455
1422 0.925546
1431 0.926186
1440 0.926339
1449 0.926551
1458 0.927174
1467 0.927428
1476 0.928096
1485 0.928551
1494 0.929144
1503 0.929585
1512 0.929995
1521 0.930394
1530 0.930731
1539 0.931084
1548 0.93117
1557 0.931842
1566 0.932095
1575 0.932307
1584 0.932861
1593 0.933213
1602 0.933255
1611 0.933513
1620 0.933855
1629 0.933771
1638 0.933918
1647 0.934621
1656 0.934992
1665 0.935162
1674 0.934941
1683 0.935444
1692 0.935895
1701 0.936394
1710 0.93656
1719 0.936875
1728 0.937293
1737 0.937683
1746 0.937547
1755 0.937819
1764 0.937874
1773 0.93824
1782 0.93864
1791 0.938916
1800 0.938535
