0 3.66631e-07
9 0.0025964
18 0.00823795
27 0.0157787
36 0.0243259
45 0.0344053
54 0.0460736
63 0.0578486
72 0.0701816
81 0.0830433
90 0.0972983
99 0.112483
108 0.128141
117 0.143993
126 0.159105
135 0.175996
144 0.192091
153 0.20731
162 0.22257
171 0.236977
180 0.251974
189 0.266315
198 0.280095
207 0.293916
216 0.307732
225 0.322825
234 0.336672
243 0.35082
252 0.363605
261 0.375728
270 0.387843
279 0.40053
288 0.410262
297 0.42133
306 0.43141
315 0.442733
324 0.452678
333 0.462425
342 0.473409
351 0.483571
360 0.494095
369 0.503998
378 0.514281
387 0.525695
396 0.534768
405 0.544411
414 0.552885
423 0.561716
432 0.569785
441 0.577748
450 0.587185
459 0.594791
468 0.60546
477 0.613077
486 0.621458
495 0.628223
504 0.636144
513 0.641858
522 0.64919
531 0.657463
540 0.66325
549 0.667722
558 0.67208
567 0.678031
576 0.68331
585 0.690352
594 0.696763
603 0.703438
612 0.710413
621 0.716136
630 0.72163
639 0.726947
648 0.733943
657 0.73929
666 0.745656
675 0.750587
684 0.756096
693 0.760829
702 0.76495
711 0.769578
720 0.773266
729 0.777914
738 0.780898
747 0.783924
756 0.786791
765 0.790171
774 0.792137
783 0.795207
792 0.797929
801 0.79933
810 0.801876
819 0.803952
828 0.805711
837 0.807449
846 0.810437
855 0.812019
864 0.812855
873 0.815616
882 0.817733
891 0.81932
900 0.821434
909 0.824003
918 0.826199
927 0.827244
936 0.829614
945 0.831117
954 0.832968
963 0.835468
972 0.837311
981 0.839314
990 0.839709
999 0.841151
1008 0.842906
1017 0.842629
1026 0.843603
1035 0.845423
1044 0.846158
1053 0.84684
1062 0.847175
1071 0.847799
1080 0.848596
1089 0.849284
1098 0.850564
1107 0.851523
1116 0.852078
1125 0.852678
1134 0.853581
1143 0.854693
1152 0.855543
1161 0.855442
1170 0.856695
1179 0.857898
1188 0.857523
1197 0.859478
1206 0.859565
1215 0.860795
1224 0.862623
1233 0.862838
1242 0.863741
1251 0.863296
1260 0.864471
1269 0.865156
1278 0.866512
1287 0.866611
1296 0.868543
1305 0.869139
1314 0.87019
1323 0.87103
1332 0.872187
1341 0.872756
1350 0.873167
1359 0.874593
1368 0.874804
1377 0.875864
1386 0.876549
1395 0.876852
1404 0.878993
1413 0.880419
1422 0.880474
1431 0.88145
1440 0.88179
1449 0.881895
1458 0.882276
1467 0.882259
1476 0.883877
1485 0.884765
1494 0.885689
1503 0.886107
1512 0.88689
1521 0.887206
1530 0.887664
1539 0.888739
1548 0.888743
1557 0.889978
1566 0.890446
1575 0.890378
1584 0.891263
1593 0.891416
1602 0.891442
1611 0.891627
1620 0.891988
1629 0.891888
1638 0.891794
1647 0.892987
1656 0.893479
1665 0.894054
1674 0.893081
1683 0.893942
1692 0.894072
1701 0.894644
1710 0.894941
1719 0.895368
1728 0.896072
1737 0.896412
1746 0.89621
1755 0.896514
1764 0.896094
1773 0.896862
1782 0.897741
1791 0.898282
1800 0.897034
