0 0.129231
9 0.0694084
18 0.129062
27 0.16028
36 0.206077
45 0.238863
54 0.244417
63 0.25768
72 0.272902
81 0.303997
90 0.32042
99 0.340111
108 0.3611
117 0.377301
126 0.389588
135 0.404994
144 0.419592
153 0.433573
162 0.446659
171 0.461808
180 0.476627
189 0.493243
198 0.508842
207 0.522302
216 0.53827
225 0.554685
234 0.569275
243 0.581609
252 0.59419
261 0.607419
270 0.619266
279 0.631889
288 0.64029
297 0.650408
306 0.65894
315 0.66895
324 0.67968
333 0.689451
342 0.69693
351 0.705529
360 0.715018
369 0.722511
378 0.729994
387 0.738162
396 0.745752
405 0.753284
414 0.759045
423 0.765267
432 0.772552
441 0.777644
450 0.784118
459 0.789244
468 0.796105
477 0.80124
486 0.805591
495 0.81161
504 0.817177
513 0.821765
522 0.826409
531 0.831731
540 0.835674
549 0.838638
558 0.84201
567 0.84773
576 0.851072
585 0.855965
594 0.859494
603 0.862927
612 0.866547
621 0.869414
630 0.872764
639 0.876434
648 0.87983
657 0.882672
666 0.885239
675 0.88831
684 0.891368
693 0.893223
702 0.895659
711 0.897645
720 0.899654
729 0.901975
738 0.904114
747 0.905873
756 0.907725
765 0.909399
774 0.911254
783 0.913189
792 0.91562
801 0.917792
810 0.919796
819 0.92085
828 0.922453
837 0.923971
846 0.925742
855 0.927123
864 0.928184
873 0.92987
882 0.930942
891 0.932167
900 0.933097
909 0.934529
918 0.935462
927 0.936593
936 0.938046
945 0.939328
954 0.940146
963 0.941111
972 0.941921
981 0.942742
990 0.943109
999 0.944302
1008 0.945297
1017 0.945827
1026 0.94646
1035 0.947295
1044 0.948088
1053 0.948569
1062 0.949432
1071 0.950318
1080 0.950921
1089 0.952005
1098 0.952567
1107 0.953141
1116 0.953696
1125 0.954695
1134 0.954938
1143 0.955781
1152 0.956124
1161 0.956912
1170 0.957511
1179 0.958452
1188 0.958864
1197 0.9594
1206 0.959772
1215 0.960468
1224 0.961201
1233 0.961556
1242 0.962474
1251 0.963041
1260 0.963728
1269 0.964115
1278 0.964749
1287 0.9649
1296 0.965529
1305 0.966309
1314 0.966902
1323 0.967825
1332 0.968552
1341 0.968783
1350 0.969529
1359 0.970075
1368 0.970695
1377 0.971563
1386 0.971898
1395 0.972446
1404 0.972949
1413 0.973506
1422 0.973514
1431 0.973944
1440 0.974247
1449 0.974504
1458 0.974971
1467 0.975081
1476 0.975305
1485 0.975558
1494 0.976004
1503 0.976408
1512 0.976613
1521 0.976924
1530 0.977143
1539 0.977244
1548 0.977405
1557 0.977605
1566 0.978097
1575 0.978419
1584 0.978599
1593 0.978999
1602 0.979144
1611 0.979488
1620 0.979798
1629 0.979893
1638 0.980018
1647 0.98038
1656 0.980517
1665 0.980627
1674 0.980924
1683 0.981185
1692 0.981376
1701 0.98165
1710 0.98178
1719 0.982002
1728 0.982139
1737 0.982298
1746 0.982402
1755 0.98255
1764 0.982746
1773 0.982881
1782 0.983048
1791 0.983109
1800 0.983244
