0 0.151626
9 0.0887141
18 0.129449
27 0.154414
36 0.206998
45 0.241995
54 0.24781
63 0.26354
72 0.279112
81 0.304987
90 0.326603
99 0.347964
108 0.37119
117 0.389056
126 0.40363
135 0.421
144 0.434526
153 0.448419
162 0.462879
171 0.481262
180 0.499354
189 0.517324
198 0.533429
207 0.546133
216 0.562857
225 0.579888
234 0.595351
243 0.608582
252 0.620369
261 0.633587
270 0.645453
279 0.65827
288 0.665897
297 0.676216
306 0.683552
315 0.692986
324 0.702061
333 0.711159
342 0.719379
351 0.727612
360 0.737027
369 0.743621
378 0.751122
387 0.75871
396 0.765423
405 0.77215
414 0.777733
423 0.783438
432 0.790377
441 0.794828
450 0.800614
459 0.805271
468 0.812543
477 0.818174
486 0.822225
495 0.827794
504 0.832834
513 0.83763
522 0.841279
531 0.846099
540 0.849503
549 0.85139
558 0.854527
567 0.859511
576 0.862372
585 0.867371
594 0.870687
603 0.87467
612 0.878327
621 0.881105
630 0.883387
639 0.886765
648 0.889868
657 0.892202
666 0.894373
675 0.89738
684 0.900351
693 0.902265
702 0.904605
711 0.90632
720 0.908462
729 0.910329
738 0.911984
747 0.913561
756 0.915242
765 0.917055
774 0.918543
783 0.920438
792 0.922457
801 0.924204
810 0.925856
819 0.926509
828 0.927779
837 0.928877
846 0.930454
855 0.931766
864 0.932326
873 0.933707
882 0.934871
891 0.935762
900 0.936514
909 0.937438
918 0.938547
927 0.939513
936 0.940952
945 0.941856
954 0.942565
963 0.943672
972 0.944478
981 0.945141
990 0.945755
999 0.947081
1008 0.948213
1017 0.948468
1026 0.948759
1035 0.949322
1044 0.949941
1053 0.950543
1062 0.951357
1071 0.952251
1080 0.952888
1089 0.953949
1098 0.954558
1107 0.954985
1116 0.955382
1125 0.956271
1134 0.956528
1143 0.957342
1152 0.957767
1161 0.958549
1170 0.958799
1179 0.959567
1188 0.960013
1197 0.960507
1206 0.960818
1215 0.961604
1224 0.962632
1233 0.96316
1242 0.963959
1251 0.964461
1260 0.965143
1269 0.965421
1278 0.966056
1287 0.966307
1296 0.966814
1305 0.967464
1314 0.968046
1323 0.968929
1332 0.969599
1341 0.969858
1350 0.970654
1359 0.971197
1368 0.971699
1377 0.97262
1386 0.972873
1395 0.973467
1404 0.974186
1413 0.974907
1422 0.974791
1431 0.975352
1440 0.975651
1449 0.975956
1458 0.976395
1467 0.976504
1476 0.976745
1485 0.976907
1494 0.977293
1503 0.977792
1512 0.978264
1521 0.978575
1530 0.978865
1539 0.978956
1548 0.978959
1557 0.979186
1566 0.979616
1575 0.979894
1584 0.980152
1593 0.980415
1602 0.980654
1611 0.980965
1620 0.981237
1629 0.981308
1638 0.981461
1647 0.981825
1656 0.98196
1665 0.982045
1674 0.982352
1683 0.982664
1692 0.982817
1701 0.983015
1710 0.9832
1719 0.983421
1728 0.983555
1737 0.983643
1746 0.983791
1755 0.983875
1764 0.984044
1773 0.984148
1782 0.984265
1791 0.984308
1800 0.98432
