0 6.85516e-05
128 0.0526287
256 0.0973746
384 0.136661
512 0.171311
640 0.209839
768 0.253021
896 0.303128
1024 0.356066
1152 0.39266
1280 0.428178
1408 0.466361
1536 0.49649
1664 0.525004
1792 0.551824
1920 0.57489
2048 0.601076
2176 0.625023
2304 0.647763
2432 0.66985
2560 0.689901
2688 0.704304
2816 0.717404
2944 0.733118
3072 0.747595
3200 0.761966
3328 0.774149
3456 0.785533
3584 0.798404
3712 0.810752
3840 0.819404
3968 0.826416
4096 0.83449
4224 0.843942
4352 0.853563
4480 0.863779
4608 0.869283
4736 0.876318
4864 0.883144
4992 0.887648
5120 0.894626
5248 0.898098
5376 0.900001
5504 0.904037
5632 0.905993
5760 0.909065
5888 0.909831
6016 0.911883
6144 0.915216
6272 0.919699
6400 0.922333
6528 0.924269
6656 0.924061
6784 0.925315
6912 0.925554
7040 0.927347
7168 0.928378
7296 0.927404
7424 0.927368
7552 0.92906
7680 0.929881
7808 0.930516
7936 0.930771
8064 0.931744
8192 0.930429
8320 0.929807
8448 0.929698
8576 0.931408
8704 0.932282
8832 0.934165
8960 0.933463
9088 0.933323
9216 0.934435
9344 0.934727
9472 0.934414
9600 0.936309
9728 0.938727
9856 0.93897
9984 0.938818
10112 0.940684
10240 0.940112
10368 0.940443
10496 0.941328
10624 0.94125
10752 0.942961
10880 0.9424
11008 0.943342
11136 0.944397
11264 0.94521
11392 0.944873
11520 0.944318
11648 0.946073
11776 0.945675
11904 0.945443
12032 0.945064
12160 0.945425
12288 0.945637
12416 0.945286
12544 0.946073
12672 0.946675
12800 0.946392
