0 6.15143e-05
128 0.0555694
256 0.100711
384 0.144899
512 0.190078
640 0.235913
768 0.281501
896 0.322759
1024 0.358892
1152 0.396505
1280 0.429662
1408 0.461104
1536 0.4907
1664 0.521094
1792 0.549266
1920 0.574033
2048 0.59862
2176 0.622631
2304 0.645633
2432 0.667402
2560 0.689755
2688 0.708556
2816 0.724846
2944 0.742533
3072 0.757259
3200 0.770641
3328 0.784526
3456 0.796534
3584 0.808405
3712 0.818686
3840 0.828461
3968 0.838333
4096 0.847423
4224 0.854733
4352 0.863506
4480 0.870366
4608 0.877763
4736 0.883678
4864 0.887863
4992 0.892597
5120 0.897089
5248 0.901424
5376 0.904299
5504 0.907471
5632 0.910466
5760 0.913565
5888 0.915496
6016 0.917811
6144 0.919269
6272 0.920894
6400 0.923128
6528 0.924269
6656 0.925055
6784 0.926197
6912 0.926559
7040 0.926985
7168 0.927373
7296 0.927797
7424 0.929092
7552 0.929324
7680 0.929551
7808 0.930536
7936 0.931497
8064 0.932169
8192 0.932758
8320 0.932475
8448 0.933737
8576 0.933979
8704 0.933381
8832 0.934336
8960 0.934193
9088 0.934019
9216 0.934006
9344 0.933487
9472 0.933476
9600 0.934149
9728 0.934006
9856 0.934339
9984 0.934355
10112 0.933634
10240 0.934187
10368 0.933992
10496 0.933562
10624 0.933884
10752 0.933756
10880 0.933837
11008 0.933848
11136 0.933732
11264 0.933535
11392 0.933771
11520 0.93393
11648 0.933523
11776 0.933484
11904 0.933846
12032 0.934324
12160 0.934157
12288 0.933652
12416 0.933508
12544 0.933585
12672 0.933908
12800 0.933825
