0 6.32138e-05
128 0.0534573
256 0.100748
384 0.148641
512 0.198215
640 0.248627
768 0.29607
896 0.340666
1024 0.379727
1152 0.420129
1280 0.456007
1408 0.490671
1536 0.5226
1664 0.554021
1792 0.58414
1920 0.610012
2048 0.635172
2176 0.659462
2304 0.682004
2432 0.702735
2560 0.723785
2688 0.741761
2816 0.757593
2944 0.775273
3072 0.789213
3200 0.801677
3328 0.813837
3456 0.825391
3584 0.835495
3712 0.843975
3840 0.853792
3968 0.863272
4096 0.87104
4224 0.876731
4352 0.883019
4480 0.887168
4608 0.891956
4736 0.897891
4864 0.902733
4992 0.907347
5120 0.910808
5248 0.914508
5376 0.915528
5504 0.917515
5632 0.919865
5760 0.92108
5888 0.922573
6016 0.923895
6144 0.924107
6272 0.92521
6400 0.926004
6528 0.926429
6656 0.925885
6784 0.926141
6912 0.926568
7040 0.925856
7168 0.926604
7296 0.926247
7424 0.926594
7552 0.927271
7680 0.92716
7808 0.928337
7936 0.929028
8064 0.929615
8192 0.92998
8320 0.930146
8448 0.93174
8576 0.931847
8704 0.930707
8832 0.931592
8960 0.931562
9088 0.931789
9216 0.932233
9344 0.931462
9472 0.931193
9600 0.932137
9728 0.93225
9856 0.932689
9984 0.932263
10112 0.931591
10240 0.9322
10368 0.932275
10496 0.931554
10624 0.931657
10752 0.931871
10880 0.932007
11008 0.931764
11136 0.931436
11264 0.931296
11392 0.931713
11520 0.931512
11648 0.931272
11776 0.93143
11904 0.931439
12032 0.93165
12160 0.931411
12288 0.931036
12416 0.931158
12544 0.931761
12672 0.931675
12800 0.931444
