0 5.9305e-05
128 0.0583152
256 0.100664
384 0.140035
512 0.179499
640 0.219385
768 0.262562
896 0.29948
1024 0.331806
1152 0.365794
1280 0.395413
1408 0.422666
1536 0.44923
1664 0.478289
1792 0.50393
1920 0.52726
2048 0.551103
2176 0.57475
2304 0.598351
2432 0.621469
2560 0.645515
2688 0.665389
2816 0.682274
2944 0.699972
3072 0.715719
3200 0.730295
3328 0.746421
3456 0.759019
3584 0.773189
3712 0.785811
3840 0.795531
3968 0.805913
4096 0.816722
4224 0.826135
4352 0.838139
4480 0.848524
4608 0.859311
4736 0.865201
4864 0.868532
4992 0.873422
5120 0.879255
5248 0.884414
5376 0.889702
5504 0.894414
5632 0.898247
5760 0.903795
5888 0.906297
6016 0.909902
6144 0.912979
6272 0.915284
6400 0.91939
6528 0.921462
6656 0.923977
6784 0.926269
6912 0.926547
7040 0.928453
7168 0.928373
7296 0.929812
7424 0.93234
7552 0.931993
7680 0.932659
7808 0.933394
7936 0.934707
8064 0.93549
8192 0.936369
8320 0.935503
8448 0.936334
8576 0.936751
8704 0.936858
8832 0.937903
8960 0.937614
9088 0.936919
9216 0.93631
9344 0.936119
9472 0.936443
9600 0.936764
9728 0.936289
9856 0.936484
9984 0.937075
10112 0.93629
10240 0.936771
10368 0.936225
10496 0.936173
10624 0.93678
10752 0.936206
10880 0.936217
11008 0.936558
11136 0.936717
11264 0.936446
11392 0.936446
11520 0.937074
11648 0.936449
11776 0.936155
11904 0.936974
12032 0.937801
12160 0.937727
12288 0.937052
12416 0.936564
12544 0.935957
12672 0.93681
12800 0.936921
