0 -0.357186
128 0.0447747
256 0.0352966
384 0.0993638
512 0.198327
640 0.293166
768 0.335539
896 0.377905
1024 0.388628
1152 0.437074
1280 0.469028
1408 0.49216
1536 0.512745
1664 0.556832
1792 0.581677
1920 0.606751
2048 0.6398
2176 0.666837
2304 0.689599
2432 0.714999
2560 0.740804
2688 0.762142
2816 0.779312
2944 0.79639
3072 0.810065
3200 0.82559
3328 0.841315
3456 0.85367
3584 0.866186
3712 0.87926
3840 0.886337
3968 0.895637
4096 0.906499
4224 0.913969
4352 0.922427
4480 0.929672
4608 0.936642
4736 0.940763
4864 0.944644
4992 0.94878
5120 0.953432
5248 0.957745
5376 0.960504
5504 0.963192
5632 0.967272
5760 0.970344
5888 0.972982
6016 0.976032
6144 0.978386
6272 0.980009
6400 0.98193
6528 0.982798
6656 0.983961
6784 0.984882
6912 0.985497
7040 0.986098
7168 0.98656
7296 0.987466
7424 0.988479
7552 0.988647
7680 0.988825
7808 0.989173
7936 0.989437
8064 0.989747
8192 0.989848
8320 0.989878
8448 0.989886
8576 0.989871
8704 0.989913
8832 0.989914
8960 0.989894
9088 0.989917
9216 0.989919
9344 0.98994
9472 0.989877
9600 0.990013
9728 0.989989
9856 0.989954
9984 0.989882
10112 0.989875
10240 0.989882
10368 0.989859
10496 0.989888
10624 0.989876
10752 0.989882
10880 0.989901
11008 0.989907
11136 0.989973
11264 0.989867
11392 0.989861
11520 0.98987
11648 0.989861
11776 0.989859
11904 0.989896
12032 0.989905
12160 0.989886
12288 0.989879
12416 0.989897
12544 0.989894
12672 0.989893
12800 0.98988
