0 -0.124858
128 -0.0444822
256 0.0487477
384 0.152779
512 0.241341
640 0.306011
768 0.370887
896 0.41396
1024 0.446186
1152 0.486932
1280 0.530227
1408 0.566808
1536 0.597924
1664 0.634956
1792 0.661678
1920 0.684885
2048 0.711456
2176 0.735392
2304 0.755623
2432 0.777283
2560 0.798358
2688 0.815982
2816 0.830925
2944 0.846329
3072 0.857257
3200 0.86922
3328 0.881519
3456 0.891893
3584 0.901671
3712 0.910785
3840 0.917459
3968 0.925235
4096 0.932197
4224 0.937194
4352 0.942142
4480 0.946503
4608 0.951147
4736 0.954216
4864 0.957541
4992 0.960489
5120 0.963333
5248 0.966161
5376 0.967554
5504 0.969743
5632 0.972142
5760 0.974236
5888 0.97575
6016 0.977469
6144 0.978475
6272 0.979415
6400 0.980316
6528 0.980926
6656 0.981393
6784 0.981758
6912 0.982322
7040 0.982628
7168 0.983097
7296 0.983696
7424 0.984171
7552 0.984552
7680 0.984912
7808 0.985522
7936 0.985956
8064 0.98638
8192 0.986607
8320 0.986758
8448 0.98679
8576 0.986789
8704 0.986774
8832 0.986775
8960 0.986761
9088 0.986778
9216 0.986825
9344 0.986843
9472 0.986886
9600 0.98693
9728 0.98691
9856 0.986839
9984 0.986786
10112 0.986831
10240 0.986836
10368 0.98677
10496 0.986776
10624 0.986813
10752 0.986837
10880 0.986827
11008 0.986812
11136 0.986829
11264 0.986777
11392 0.986771
11520 0.986759
11648 0.986764
11776 0.986763
11904 0.986775
12032 0.986789
12160 0.98679
12288 0.986774
12416 0.986842
12544 0.986842
12672 0.986871
12800 0.986806
