0 0.0359681
128 -0.118851
256 0.059105
384 0.191956
512 0.275299
640 0.323888
768 0.401336
896 0.445479
1024 0.490757
1152 0.527011
1280 0.576908
1408 0.621386
1536 0.658353
1664 0.690835
1792 0.718452
1920 0.740309
2048 0.762764
2176 0.78452
2304 0.802854
2432 0.821862
2560 0.839682
2688 0.854767
2816 0.868149
2944 0.882378
3072 0.89142
3200 0.900967
3328 0.910872
3456 0.91987
3584 0.927701
3712 0.934056
3840 0.940434
3968 0.94714
4096 0.951381
4224 0.954597
4352 0.956994
4480 0.959216
4608 0.962113
4736 0.964427
4864 0.967375
4992 0.969467
5120 0.970974
5248 0.972702
5376 0.973033
5504 0.974815
5632 0.975961
5760 0.977276
5888 0.977944
6016 0.978643
6144 0.978606
6272 0.97902
6400 0.979116
6528 0.979513
6656 0.979428
6784 0.979354
6912 0.979879
7040 0.979947
7168 0.980423
7296 0.98078
7424 0.980834
7552 0.981383
7680 0.981881
7808 0.982696
7936 0.983263
8064 0.983775
8192 0.9841
8320 0.984345
8448 0.984397
8576 0.984405
8704 0.984344
8832 0.984347
8960 0.984337
9088 0.98435
9216 0.984433
9344 0.984448
9472 0.984573
9600 0.984545
9728 0.984528
9856 0.984431
9984 0.984392
10112 0.984476
10240 0.98448
10368 0.984379
10496 0.984369
10624 0.984444
10752 0.984483
10880 0.984448
11008 0.984418
11136 0.984398
11264 0.984386
11392 0.984378
11520 0.984352
11648 0.98437
11776 0.984368
11904 0.984361
12032 0.984379
12160 0.984396
12288 0.984371
12416 0.984481
12544 0.984483
12672 0.984533
12800 0.984428
