0 -0.972747
128 -0.0250733
256 0.2454
384 0.212662
512 0.290644
640 0.357136
768 0.391893
896 0.423306
1024 0.464058
1152 0.485348
1280 0.519402
1408 0.557539
1536 0.585759
1664 0.609089
1792 0.638657
1920 0.67066
2048 0.703869
2176 0.728617
2304 0.753304
2432 0.774587
2560 0.793206
2688 0.807838
2816 0.81886
2944 0.835098
3072 0.848517
3200 0.858772
3328 0.86979
3456 0.877605
3584 0.891757
3712 0.900381
3840 0.908583
3968 0.915573
4096 0.922094
4224 0.928582
4352 0.936683
4480 0.943893
4608 0.947978
4736 0.9539
4864 0.958046
4992 0.961364
5120 0.965633
5248 0.967382
5376 0.968029
5504 0.969189
5632 0.971228
5760 0.973192
5888 0.975467
6016 0.977526
6144 0.97903
6272 0.979993
6400 0.981452
6528 0.982096
6656 0.982949
6784 0.983646
6912 0.983441
7040 0.985184
7168 0.985536
7296 0.985501
7424 0.986054
7552 0.986809
7680 0.986475
7808 0.986396
7936 0.986372
8064 0.986271
8192 0.986112
8320 0.986529
8448 0.986831
8576 0.987563
8704 0.989294
8832 0.98985
8960 0.990086
9088 0.990965
9216 0.991619
9344 0.991357
9472 0.991833
9600 0.99371
9728 0.995228
9856 0.995787
9984 0.996834
10112 0.997931
10240 0.997718
10368 0.997947
10496 0.998321
10624 0.998696
10752 0.999219
10880 0.999442
11008 0.999786
11136 0.999906
11264 0.999947
11392 0.999956
11520 0.999926
11648 0.999955
11776 0.999959
11904 0.999972
12032 0.99996
12160 0.999967
12288 0.999944
12416 0.999948
12544 0.999957
12672 0.999961
12800 0.999963
