0 363.28333333 364.44666667
9.00000000 17.13666667 17.04000000
18.00000000 11.36000000 11.41666667
27.00000000 9.07666667 9.18000000
36.00000000 7.80666667 7.88000000
45.00000000 6.98333333 6.99666667
54.00000000 6.37333333 6.24000000
63.00000000 5.70333333 5.72000000
72.00000000 5.34666667 5.26666667
81.00000000 4.98333333 5.07000000
90.00000000 4.74000000 4.80666667
99.00000000 4.46000000 4.56333333
108.00000000 4.35666667 4.32666667
117.00000000 4.12333333 4.12333333
126.00000000 3.94333333 3.99666667
135.00000000 3.86333333 3.85000000
144.00000000 3.69000000 3.71333333
153.00000000 3.55333333 3.56666667
162.00000000 3.47000000 3.45333333
171.00000000 3.35000000 3.42000000
180.00000000 3.30333333 3.31333333
189.00000000 3.23000000 3.26333333
198.00000000 3.14333333 3.13000000
207.00000000 3.07666667 3.13000000
216.00000000 2.99333333 3.03333333
225.00000000 2.94666667 2.98666667
234.00000000 2.88333333 2.87666667
243.00000000 2.86000000 2.81333333
252.00000000 2.74333333 2.79000000
261.00000000 2.74000000 2.73333333
270.00000000 2.67000000 2.73666667
279.00000000 2.63666667 2.64333333
288.00000000 2.58666667 2.57333333
297.00000000 2.55666667 2.50000000
306.00000000 2.49000000 2.50666667
315.00000000 2.49000000 2.51333333
324.00000000 2.44000000 2.44000000
333.00000000 2.39000000 2.44333333
342.00000000 2.37666667 2.37000000
351.00000000 2.37000000 2.38000000
360.00000000 2.33333333 2.34666667
369.00000000 2.34000000 2.28333333
378.00000000 2.26000000 2.28666667
387.00000000 2.28666667 2.24666667
396.00000000 2.17666667 2.23666667
405.00000000 2.21333333 2.22333333
414.00000000 2.19333333 2.15666667
423.00000000 2.10333333 2.15333333
432.00000000 2.14333333 2.13000000
441.00000000 2.10666667 2.12666667
450.00000000 2.11666667 2.13666667
459.00000000 2.08333333 2.06000000
468.00000000 2.07000000 2.06333333
477.00000000 2.02666667 2.04333333
486.00000000 2.03000000 1.98000000
495.00000000 2.01000000 1.97333333
504.00000000 1.98333333 1.99333333
513.00000000 1.98000000 2.00000000
522.00000000 1.94000000 1.97000000
531.00000000 1.96666667 1.98000000
540.00000000 1.95333333 1.93333333
549.00000000 1.94000000 1.92333333
558.00000000 1.93000000 1.94666667
567.00000000 1.91333333 1.94333333
576.00000000 1.86333333 1.86666667
585.00000000 1.86666667 1.88666667
594.00000000 1.87000000 1.89000000
603.00000000 1.81333333 1.82666667
612.00000000 1.88000000 1.85333333
621.00000000 1.85000000 1.85000000
630.00000000 1.84666667 1.86666667
639.00000000 1.84000000 1.85000000
648.00000000 1.79333333 1.82000000
657.00000000 1.80000000 1.80333333
666.00000000 1.77666667 1.77666667
675.00000000 1.77000000 1.77666667
684.00000000 1.75333333 1.76333333
693.00000000 1.75333333 1.76000000
702.00000000 1.73000000 1.75333333
711.00000000 1.74666667 1.73333333
720.00000000 1.72666667 1.74333333
729.00000000 1.71666667 1.73666667
738.00000000 1.73333333 1.72333333
747.00000000 1.69666667 1.72666667
756.00000000 1.69333333 1.69333333
765.00000000 1.69000000 1.72000000
774.00000000 1.62666667 1.69666667
783.00000000 1.67000000 1.63333333
792.00000000 1.64333333 1.68000000
801.00000000 1.67333333 1.67333333
810.00000000 1.65333333 1.64333333
819.00000000 1.63666667 1.67000000
828.00000000 1.65333333 1.67000000
837.00000000 1.66666667 1.62666667
846.00000000 1.64333333 1.65666667
855.00000000 1.61000000 1.65666667
864.00000000 1.64666667 1.59666667
873.00000000 1.62666667 1.63000000
882.00000000 1.60666667 1.60666667
891.00000000 1.62000000 1.63333333
900.00000000 1.61333333 1.60333333
909.00000000 1.59333333 1.60000000
918.00000000 1.61000000 1.61000000
927.00000000 1.57000000 1.59000000
936.00000000 1.60000000 1.58333333
945.00000000 1.54333333 1.58000000
954.00000000 1.58666667 1.58000000
963.00000000 1.56000000 1.56000000
972.00000000 1.60000000 1.56666667
981.00000000 1.53333333 1.55000000
990.00000000 1.54333333 1.56000000
999.00000000 1.52333333 1.55000000
1008.00000000 1.52333333 1.50333333
1017.00000000 1.49000000 1.52333333
1026.00000000 1.52333333 1.51666667
1035.00000000 1.53666667 1.48333333
1044.00000000 1.50000000 1.52000000
1053.00000000 1.49000000 1.49666667
1062.00000000 1.47666667 1.48333333
1071.00000000 1.47333333 1.49666667
1080.00000000 1.48000000 1.46333333
1089.00000000 1.47333333 1.48000000
1098.00000000 1.41666667 1.47000000
1107.00000000 1.42666667 1.48333333
1116.00000000 1.46666667 1.48000000
1125.00000000 1.45000000 1.43666667
1134.00000000 1.44000000 1.44000000
1143.00000000 1.45333333 1.41666667
1152.00000000 1.43333333 1.47000000
1161.00000000 1.43333333 1.45333333
1170.00000000 1.43333333 1.46333333
1179.00000000 1.42333333 1.43666667
1188.00000000 1.44333333 1.40000000
1197.00000000 1.42333333 1.41333333
1206.00000000 1.41000000 1.44333333
1215.00000000 1.41000000 1.42333333
1224.00000000 1.37333333 1.40666667
1233.00000000 1.40000000 1.39000000
1242.00000000 1.41666667 1.40666667
1251.00000000 1.41666667 1.42666667
1260.00000000 1.39000000 1.40666667
1269.00000000 1.39333333 1.40666667
1278.00000000 1.36000000 1.40666667
1287.00000000 1.38000000 1.39000000
1296.00000000 1.38000000 1.37333333
1305.00000000 1.34333333 1.33666667
1314.00000000 1.36666667 1.34666667
1323.00000000 1.33000000 1.37666667
1332.00000000 1.33000000 1.37000000
1341.00000000 1.36000000 1.30666667
1350.00000000 1.35000000 1.35000000
1359.00000000 1.35666667 1.34666667
1368.00000000 1.35333333 1.31666667
1377.00000000 1.34333333 1.35333333
1386.00000000 1.29666667 1.31666667
1395.00000000 1.33333333 1.31333333
1404.00000000 1.34333333 1.33333333
1413.00000000 1.31333333 1.32333333
1422.00000000 1.33333333 1.31666667
1431.00000000 1.29333333 1.32000000
1440.00000000 1.30666667 1.29666667
1449.00000000 1.30000000 1.26000000
1458.00000000 1.31333333 1.31000000
1467.00000000 1.27666667 1.31000000
1476.00000000 1.29333333 1.29333333
1485.00000000 1.32000000 1.29333333
1494.00000000 1.28333333 1.27666667
1503.00000000 1.29666667 1.29666667
1512.00000000 1.31333333 1.30333333
1521.00000000 1.30333333 1.30000000
1530.00000000 1.25000000 1.28000000
1539.00000000 1.30000000 1.27000000
1548.00000000 1.29000000 1.25666667
1557.00000000 1.31000000 1.28666667
1566.00000000 1.27000000 1.26666667
1575.00000000 1.25666667 1.28333333
1584.00000000 1.28666667 1.27666667
1593.00000000 1.26333333 1.25000000
1602.00000000 1.28333333 1.26000000
1611.00000000 1.28000000 1.22333333
1620.00000000 1.24666667 1.22000000
1629.00000000 1.24000000 1.24000000
1638.00000000 1.22333333 1.22000000
1647.00000000 1.24333333 1.22333333
1656.00000000 1.23000000 1.24333333
1665.00000000 1.21000000 1.25333333
1674.00000000 1.23666667 1.23000000
1683.00000000 1.21333333 1.22333333
1692.00000000 1.22000000 1.21666667
1701.00000000 1.21666667 1.21666667
1710.00000000 1.20333333 1.23333333
1719.00000000 1.21666667 1.24000000
1728.00000000 1.22333333 1.19333333
1737.00000000 1.19666667 1.22666667
1746.00000000 1.21666667 1.21333333
1755.00000000 1.21000000 1.19333333
1764.00000000 1.18333333 1.20666667
1773.00000000 1.18333333 1.19000000
1782.00000000 1.20000000 1.19333333
1791.00000000 1.17666667 1.19000000
1800.00000000 1.21333333 1.16666667
