0 254.29000000 254.62333333
6.25000000 15.55000000 15.74000000
12.50000000 9.14000000 9.39000000
18.75000000 6.80333333 6.72333333
25.00000000 5.30333333 5.30333333
31.25000000 4.50666667 4.48000000
37.50000000 3.88333333 3.88666667
43.75000000 3.44333333 3.41333333
50.00000000 3.09666667 3.13333333
56.25000000 2.85666667 2.90333333
62.50000000 2.69666667 2.64666667
68.75000000 2.47000000 2.44000000
75.00000000 2.25000000 2.27333333
81.25000000 2.13333333 2.11666667
87.50000000 2.01666667 2.00333333
93.75000000 1.92333333 1.92000000
100.00000000 1.78333333 1.80000000
106.25000000 1.71666667 1.68666667
112.50000000 1.67000000 1.66000000
118.75000000 1.56666667 1.59666667
125.00000000 1.47666667 1.51666667
131.25000000 1.44666667 1.48000000
137.50000000 1.37333333 1.36666667
143.75000000 1.32666667 1.31000000
150.00000000 1.27000000 1.25333333
156.25000000 1.15666667 1.16000000
162.50000000 1.16666667 1.13666667
168.75000000 1.10666667 1.11333333
175.00000000 1.07666667 1.07333333
181.25000000 1.03333333 1.00666667
187.50000000 0.99333333 0.96000000
193.75000000 0.95333333 0.94666667
200.00000000 0.91666667 0.92000000
206.25000000 0.88000000 0.88666667
212.50000000 0.84666667 0.82333333
218.75000000 0.81000000 0.79333333
225.00000000 0.76000000 0.75666667
231.25000000 0.74333333 0.73333333
237.50000000 0.70333333 0.66333333
243.75000000 0.64000000 0.67333333
250.00000000 0.65333333 0.64000000
256.25000000 0.63000000 0.61333333
262.50000000 0.61000000 0.60666667
268.75000000 0.58333333 0.60333333
275.00000000 0.57000000 0.56333333
281.25000000 0.54333333 0.54333333
287.50000000 0.51666667 0.55000000
293.75000000 0.53333333 0.51666667
300.00000000 0.50000000 0.50333333
306.25000000 0.47333333 0.49000000
312.50000000 0.47333333 0.46000000
318.75000000 0.46666667 0.44333333
325.00000000 0.44666667 0.44666667
331.25000000 0.44666667 0.45000000
337.50000000 0.44333333 0.45333333
343.75000000 0.42666667 0.43666667
350.00000000 0.44000000 0.40333333
356.25000000 0.38666667 0.39000000
362.50000000 0.37000000 0.38333333
368.75000000 0.36666667 0.36666667
375.00000000 0.34666667 0.33666667
381.25000000 0.31333333 0.33333333
387.50000000 0.31333333 0.30666667
393.75000000 0.30666667 0.29666667
400.00000000 0.28000000 0.29666667
406.25000000 0.26000000 0.25000000
412.50000000 0.23666667 0.25666667
418.75000000 0.24333333 0.25000000
425.00000000 0.23000000 0.23333333
431.25000000 0.23000000 0.24000000
437.50000000 0.22333333 0.22666667
443.75000000 0.21333333 0.21000000
450.00000000 0.20000000 0.20666667
456.25000000 0.19333333 0.18333333
462.50000000 0.18000000 0.19000000
468.75000000 0.18000000 0.18333333
475.00000000 0.17333333 0.18333333
481.25000000 0.16666667 0.18000000
487.50000000 0.16000000 0.16000000
493.75000000 0.14333333 0.15333333
500.00000000 0.15000000 0.14000000
506.25000000 0.13666667 0.14666667
512.50000000 0.13333333 0.12333333
518.75000000 0.12333333 0.13333333
525.00000000 0.12333333 0.12000000
531.25000000 0.11666667 0.11000000
537.50000000 0.11333333 0.11333333
543.75000000 0.11000000 0.10333333
550.00000000 0.10000000 0.09333333
556.25000000 0.09333333 0.08666667
562.50000000 0.09000000 0.08000000
568.75000000 0.09000000 0.08333333
575.00000000 0.08666667 0.08000000
581.25000000 0.08666667 0.08000000
587.50000000 0.07333333 0.07000000
593.75000000 0.07000000 0.05666667
600.00000000 0.05666667 0.06666667
606.25000000 0.06666667 0.06666667
612.50000000 0.06000000 0.07000000
618.75000000 0.06333333 0.06333333
625.00000000 0.06000000 0.06333333
631.25000000 0.05666667 0.06000000
637.50000000 0.05333333 0.04666667
643.75000000 0.05666667 0.05333333
650.00000000 0.05333333 0.05000000
656.25000000 0.05666667 0.05000000
662.50000000 0.04666667 0.04666667
668.75000000 0.04333333 0.04000000
675.00000000 0.04333333 0.04333333
681.25000000 0.04333333 0.04333333
687.50000000 0.04333333 0.04000000
693.75000000 0.04333333 0.04333333
700.00000000 0.04000000 0.04000000
706.25000000 0.03333333 0.03666667
712.50000000 0.03666667 0.04000000
718.75000000 0.03666667 0.03666667
725.00000000 0.04000000 0.04000000
731.25000000 0.03666667 0.04000000
737.50000000 0.03333333 0.03000000
743.75000000 0.03666667 0.03666667
750.00000000 0.03666667 0.03666667
756.25000000 0.03333333 0.03333333
762.50000000 0.03333333 0.03333333
768.75000000 0.03333333 0.03333333
775.00000000 0.02666667 0.03000000
781.25000000 0.02666667 0.02666667
787.50000000 0.02333333 0.02666667
793.75000000 0.02666667 0.02666667
800.00000000 0.02666667 0.01666667
806.25000000 0.02666667 0.02666667
812.50000000 0.02000000 0.02333333
818.75000000 0.01666667 0.01666667
825.00000000 0.02000000 0.02000000
831.25000000 0.01666667 0.02000000
837.50000000 0.02000000 0.01666667
843.75000000 0.02000000 0.02000000
850.00000000 0.02000000 0.01666667
856.25000000 0.01666667 0.02000000
862.50000000 0.02000000 0.02000000
868.75000000 0.02000000 0.01666667
875.00000000 0.02000000 0.02000000
881.25000000 0.02000000 0.01666667
887.50000000 0.02000000 0.02000000
893.75000000 0.02000000 0.02000000
900.00000000 0.01666667 0.01666667
906.25000000 0.01666667 0.01000000
912.50000000 0.02000000 0.01666667
918.75000000 0.01666667 0.01666667
925.00000000 0.01666667 0.02000000
931.25000000 0.02000000 0.01666667
937.50000000 0.02000000 0.01666667
943.75000000 0.01666667 0.01333333
950.00000000 0.01666667 0.01666667
956.25000000 0.01333333 0.01333333
962.50000000 0.01666667 0.01666667
968.75000000 0.01666667 0.01666667
975.00000000 0.01666667 0.01666667
981.25000000 0.01666667 0.01333333
987.50000000 0.01333333 0.01666667
993.75000000 0.01666667 0.01666667
1000.00000000 0.01666667 0.01333333
1006.25000000 0.01000000 0.01333333
1012.50000000 0.01333333 0.01333333
1018.75000000 0.01333333 0.01333333
1025.00000000 0.01333333 0.01000000
1031.25000000 0.01333333 0.01333333
1037.50000000 0.01333333 0.01333333
1043.75000000 0.01000000 0.01333333
1050.00000000 0.01333333 0.01000000
1056.25000000 0.01000000 0.01333333
1062.50000000 0.01333333 0.01333333
1068.75000000 0.01333333 0.01000000
1075.00000000 0.01333333 0.01333333
1081.25000000 0.01000000 0.01333333
1087.50000000 0.01333333 0.01000000
1093.75000000 0.01333333 0.01333333
1100.00000000 0.01000000 0.01333333
1106.25000000 0.01333333 0.01333333
1112.50000000 0.01000000 0.01333333
1118.75000000 0.01000000 0.01333333
1125.00000000 0.01333333 0.01333333
1131.25000000 0.01000000 0.01333333
1137.50000000 0.01000000 0.01000000
1143.75000000 0.01000000 0.01333333
1150.00000000 0.01333333 0.01333333
1156.25000000 0.01333333 0.01333333
1162.50000000 0.01333333 0.01333333
1168.75000000 0.01333333 0.01333333
1175.00000000 0.01333333 0.01333333
1181.25000000 0.01333333 0.01333333
1187.50000000 0.01000000 0.01333333
1193.75000000 0.01333333 0.01333333
1200.00000000 0.01000000 0.01333333
1206.25000000 0.01333333 0.01333333
1212.50000000 0.01333333 0.01000000
1218.75000000 0.01333333 0.01333333
1225.00000000 0.01333333 0.00666667
1231.25000000 0.01333333 0.01333333
1237.50000000 0.01333333 0.01000000
1243.75000000 0.01333333 0.01333333
1250.00000000 0.01333333 0.01333333
