0 253.49090909 253.75181818
6.25000000 15.65818182 15.70545455
12.50000000 9.08727273 9.18090909
18.75000000 6.76545455 6.74090909
25.00000000 5.34818182 5.35727273
31.25000000 4.51727273 4.52181818
37.50000000 3.88636364 3.88181818
43.75000000 3.43818182 3.43000000
50.00000000 3.08545455 3.12181818
56.25000000 2.85181818 2.84090909
62.50000000 2.63272727 2.61818182
68.75000000 2.43000000 2.41909091
75.00000000 2.27727273 2.28181818
81.25000000 2.12000000 2.11636364
87.50000000 2.01363636 1.99090909
93.75000000 1.89363636 1.90545455
100.00000000 1.77363636 1.78636364
106.25000000 1.69636364 1.67000000
112.50000000 1.62636364 1.61909091
118.75000000 1.55000000 1.55363636
125.00000000 1.46000000 1.48272727
131.25000000 1.41818182 1.42818182
137.50000000 1.34363636 1.34727273
143.75000000 1.26090909 1.28909091
150.00000000 1.21727273 1.22090909
156.25000000 1.14909091 1.15909091
162.50000000 1.12454545 1.13090909
168.75000000 1.07454545 1.09181818
175.00000000 1.03090909 1.03090909
181.25000000 0.98818182 0.98636364
187.50000000 0.94000000 0.94272727
193.75000000 0.91636364 0.91181818
200.00000000 0.88909091 0.88454545
206.25000000 0.85727273 0.87363636
212.50000000 0.83272727 0.82090909
218.75000000 0.79545455 0.79454545
225.00000000 0.75909091 0.77909091
231.25000000 0.73636364 0.72818182
237.50000000 0.70727273 0.69818182
243.75000000 0.66636364 0.68454545
250.00000000 0.65272727 0.64818182
256.25000000 0.61454545 0.61545455
262.50000000 0.59181818 0.59636364
268.75000000 0.57000000 0.57363636
275.00000000 0.54000000 0.54636364
281.25000000 0.53181818 0.53181818
287.50000000 0.50363636 0.51454545
293.75000000 0.49818182 0.48636364
300.00000000 0.47181818 0.47818182
306.25000000 0.44636364 0.45636364
312.50000000 0.43181818 0.42272727
318.75000000 0.42090909 0.40727273
325.00000000 0.40727273 0.40090909
331.25000000 0.39818182 0.39090909
337.50000000 0.38272727 0.39000000
343.75000000 0.36090909 0.37090909
350.00000000 0.36636364 0.35363636
356.25000000 0.33545455 0.34727273
362.50000000 0.33090909 0.32545455
368.75000000 0.31909091 0.32181818
375.00000000 0.30000000 0.30545455
381.25000000 0.28363636 0.29000000
387.50000000 0.27363636 0.27545455
393.75000000 0.26727273 0.26000000
400.00000000 0.25636364 0.25909091
406.25000000 0.24545455 0.23727273
412.50000000 0.22363636 0.23272727
418.75000000 0.22272727 0.21636364
425.00000000 0.21545455 0.21636364
431.25000000 0.20818182 0.21272727
437.50000000 0.20545455 0.20818182
443.75000000 0.19545455 0.19090909
450.00000000 0.18545455 0.18909091
456.25000000 0.17818182 0.18090909
462.50000000 0.17181818 0.17272727
468.75000000 0.17000000 0.17363636
475.00000000 0.16636364 0.16727273
481.25000000 0.16000000 0.15909091
487.50000000 0.15272727 0.15000000
493.75000000 0.14000000 0.15090909
500.00000000 0.14272727 0.14272727
506.25000000 0.13909091 0.13545455
512.50000000 0.12909091 0.12727273
518.75000000 0.12272727 0.12909091
525.00000000 0.12090909 0.11909091
531.25000000 0.11363636 0.11181818
537.50000000 0.11000000 0.10818182
543.75000000 0.10363636 0.10272727
550.00000000 0.09818182 0.09909091
556.25000000 0.09545455 0.09909091
562.50000000 0.09363636 0.09090909
568.75000000 0.09363636 0.09272727
575.00000000 0.09272727 0.08818182
581.25000000 0.09272727 0.08727273
587.50000000 0.08636364 0.08363636
593.75000000 0.08000000 0.07545455
600.00000000 0.07636364 0.07818182
606.25000000 0.07181818 0.07454545
612.50000000 0.06909091 0.07454545
618.75000000 0.06818182 0.07090909
625.00000000 0.06454545 0.06727273
631.25000000 0.06272727 0.06000000
637.50000000 0.05636364 0.05727273
643.75000000 0.06000000 0.05727273
650.00000000 0.05000000 0.05636364
656.25000000 0.05727273 0.05272727
662.50000000 0.05272727 0.05363636
668.75000000 0.04818182 0.04909091
675.00000000 0.05090909 0.04818182
681.25000000 0.04545455 0.04636364
687.50000000 0.04727273 0.04727273
693.75000000 0.04636364 0.04090909
700.00000000 0.04272727 0.03909091
706.25000000 0.03636364 0.03909091
712.50000000 0.03727273 0.04000000
718.75000000 0.03727273 0.03545455
725.00000000 0.03727273 0.03818182
731.25000000 0.03636364 0.03818182
737.50000000 0.03363636 0.03454545
743.75000000 0.03454545 0.03818182
750.00000000 0.03636364 0.03636364
756.25000000 0.03363636 0.03545455
762.50000000 0.03545455 0.03454545
768.75000000 0.03272727 0.03363636
775.00000000 0.02727273 0.03000000
781.25000000 0.03000000 0.03090909
787.50000000 0.02636364 0.02909091
793.75000000 0.02545455 0.02272727
800.00000000 0.02727273 0.02454545
806.25000000 0.02545455 0.02727273
812.50000000 0.02363636 0.02545455
818.75000000 0.02363636 0.02181818
825.00000000 0.02181818 0.02363636
831.25000000 0.02272727 0.02363636
837.50000000 0.01909091 0.02181818
843.75000000 0.02363636 0.02272727
850.00000000 0.02090909 0.02181818
856.25000000 0.02181818 0.02272727
862.50000000 0.01909091 0.02181818
868.75000000 0.02090909 0.02000000
875.00000000 0.01909091 0.01636364
881.25000000 0.01727273 0.01818182
887.50000000 0.01909091 0.01727273
893.75000000 0.01909091 0.01727273
900.00000000 0.01727273 0.01636364
906.25000000 0.01636364 0.01454545
912.50000000 0.01636364 0.01636364
918.75000000 0.01545455 0.01636364
925.00000000 0.01545455 0.01636364
931.25000000 0.01454545 0.01454545
937.50000000 0.01363636 0.01363636
943.75000000 0.01272727 0.01272727
950.00000000 0.01363636 0.01181818
956.25000000 0.01181818 0.01181818
962.50000000 0.01181818 0.01181818
968.75000000 0.01181818 0.01181818
975.00000000 0.01181818 0.01272727
981.25000000 0.01272727 0.01181818
987.50000000 0.01181818 0.01090909
993.75000000 0.01000000 0.01181818
1000.00000000 0.01181818 0.01090909
1006.25000000 0.00909091 0.01000000
1012.50000000 0.01000000 0.01000000
1018.75000000 0.00909091 0.00818182
1025.00000000 0.00909091 0.00818182
1031.25000000 0.00909091 0.00909091
1037.50000000 0.00818182 0.00909091
1043.75000000 0.00727273 0.00909091
1050.00000000 0.00818182 0.00818182
1056.25000000 0.00818182 0.00909091
1062.50000000 0.00909091 0.00818182
1068.75000000 0.00818182 0.00636364
1075.00000000 0.00818182 0.00909091
1081.25000000 0.00818182 0.00909091
1087.50000000 0.00818182 0.00818182
1093.75000000 0.00909091 0.00818182
1100.00000000 0.00818182 0.00909091
1106.25000000 0.00818182 0.00909091
1112.50000000 0.00636364 0.00818182
1118.75000000 0.00727273 0.00727273
1125.00000000 0.00818182 0.00818182
1131.25000000 0.00727273 0.00818182
1137.50000000 0.00727273 0.00727273
1143.75000000 0.00727273 0.00818182
1150.00000000 0.00636364 0.00727273
1156.25000000 0.00727273 0.00636364
1162.50000000 0.00727273 0.00727273
1168.75000000 0.00636364 0.00727273
1175.00000000 0.00636364 0.00727273
1181.25000000 0.00727273 0.00727273
1187.50000000 0.00636364 0.00545455
1193.75000000 0.00636364 0.00636364
1200.00000000 0.00545455 0.00636364
1206.25000000 0.00636364 0.00636364
1212.50000000 0.00636364 0.00545455
1218.75000000 0.00636364 0.00636364
1225.00000000 0.00636364 0.00454545
1231.25000000 0.00545455 0.00454545
1237.50000000 0.00545455 0.00454545
1243.75000000 0.00545455 0.00545455
1250.00000000 0.00545455 0.00454545
