0 253.42375000 253.73625000
6.25000000 15.68250000 15.73500000
12.50000000 9.09500000 9.18750000
18.75000000 6.80750000 6.77250000
25.00000000 5.35125000 5.36750000
31.25000000 4.50500000 4.52000000
37.50000000 3.90250000 3.89000000
43.75000000 3.48000000 3.45625000
50.00000000 3.12500000 3.16500000
56.25000000 2.89375000 2.89625000
62.50000000 2.65125000 2.62250000
68.75000000 2.45250000 2.45125000
75.00000000 2.29250000 2.28750000
81.25000000 2.13250000 2.12750000
87.50000000 2.03500000 2.00625000
93.75000000 1.89500000 1.90375000
100.00000000 1.75875000 1.76750000
106.25000000 1.68500000 1.65375000
112.50000000 1.62625000 1.61125000
118.75000000 1.52875000 1.54250000
125.00000000 1.44000000 1.47000000
131.25000000 1.39500000 1.41000000
137.50000000 1.32375000 1.34375000
143.75000000 1.25625000 1.27500000
150.00000000 1.21375000 1.20000000
156.25000000 1.13250000 1.14000000
162.50000000 1.11250000 1.11000000
168.75000000 1.06250000 1.07750000
175.00000000 1.01000000 1.01250000
181.25000000 0.98000000 0.96250000
187.50000000 0.93750000 0.92250000
193.75000000 0.91000000 0.89500000
200.00000000 0.87625000 0.86875000
206.25000000 0.84875000 0.86125000
212.50000000 0.81125000 0.80750000
218.75000000 0.78625000 0.78250000
225.00000000 0.73750000 0.76375000
231.25000000 0.72250000 0.72000000
237.50000000 0.69125000 0.68125000
243.75000000 0.66500000 0.67625000
250.00000000 0.63875000 0.63750000
256.25000000 0.60250000 0.60375000
262.50000000 0.58250000 0.58625000
268.75000000 0.56625000 0.57250000
275.00000000 0.53500000 0.54000000
281.25000000 0.52125000 0.52625000
287.50000000 0.49625000 0.50625000
293.75000000 0.49500000 0.48125000
300.00000000 0.45875000 0.46500000
306.25000000 0.43375000 0.44125000
312.50000000 0.41875000 0.41375000
318.75000000 0.40875000 0.39500000
325.00000000 0.39250000 0.39000000
331.25000000 0.39000000 0.38500000
337.50000000 0.37750000 0.38375000
343.75000000 0.36000000 0.36625000
350.00000000 0.36875000 0.35000000
356.25000000 0.33000000 0.33875000
362.50000000 0.31750000 0.32250000
368.75000000 0.31250000 0.31000000
375.00000000 0.29000000 0.29125000
381.25000000 0.27500000 0.27625000
387.50000000 0.26250000 0.26125000
393.75000000 0.25875000 0.24500000
400.00000000 0.24375000 0.25000000
406.25000000 0.22875000 0.22500000
412.50000000 0.20750000 0.22125000
418.75000000 0.21375000 0.21000000
425.00000000 0.20375000 0.20625000
431.25000000 0.19875000 0.20625000
437.50000000 0.19625000 0.19875000
443.75000000 0.18875000 0.18750000
450.00000000 0.18000000 0.18250000
456.25000000 0.17000000 0.17000000
462.50000000 0.16500000 0.16875000
468.75000000 0.16125000 0.16625000
475.00000000 0.16000000 0.16250000
481.25000000 0.15000000 0.15500000
487.50000000 0.14500000 0.14500000
493.75000000 0.13625000 0.14500000
500.00000000 0.13750000 0.13500000
506.25000000 0.13500000 0.13375000
512.50000000 0.12375000 0.12500000
518.75000000 0.11875000 0.12375000
525.00000000 0.11750000 0.11625000
531.25000000 0.11000000 0.11000000
537.50000000 0.10750000 0.11000000
543.75000000 0.10125000 0.09875000
550.00000000 0.09500000 0.09250000
556.25000000 0.09125000 0.09375000
562.50000000 0.09125000 0.08625000
568.75000000 0.08625000 0.08625000
575.00000000 0.08500000 0.08375000
581.25000000 0.08375000 0.08000000
587.50000000 0.07625000 0.07500000
593.75000000 0.07000000 0.06875000
600.00000000 0.06375000 0.07000000
606.25000000 0.06375000 0.06500000
612.50000000 0.06000000 0.06625000
618.75000000 0.06000000 0.06375000
625.00000000 0.06250000 0.06125000
631.25000000 0.05875000 0.06000000
637.50000000 0.05625000 0.05750000
643.75000000 0.05750000 0.05625000
650.00000000 0.04875000 0.05500000
656.25000000 0.05625000 0.05000000
662.50000000 0.05375000 0.05375000
668.75000000 0.04875000 0.04750000
675.00000000 0.05125000 0.04875000
681.25000000 0.04500000 0.04750000
687.50000000 0.04750000 0.04625000
693.75000000 0.04500000 0.03875000
700.00000000 0.04125000 0.03875000
706.25000000 0.03625000 0.03625000
712.50000000 0.03625000 0.04000000
718.75000000 0.03625000 0.03500000
725.00000000 0.03750000 0.03875000
731.25000000 0.03625000 0.03750000
737.50000000 0.03250000 0.03500000
743.75000000 0.03500000 0.03750000
750.00000000 0.03500000 0.03500000
756.25000000 0.03375000 0.03500000
762.50000000 0.03500000 0.03500000
768.75000000 0.03375000 0.03250000
775.00000000 0.02750000 0.03125000
781.25000000 0.03000000 0.03125000
787.50000000 0.02625000 0.03000000
793.75000000 0.02750000 0.02500000
800.00000000 0.03000000 0.02625000
806.25000000 0.02625000 0.02875000
812.50000000 0.02500000 0.02750000
818.75000000 0.02500000 0.02250000
825.00000000 0.02375000 0.02500000
831.25000000 0.02375000 0.02500000
837.50000000 0.02125000 0.02250000
843.75000000 0.02500000 0.02375000
850.00000000 0.02250000 0.02250000
856.25000000 0.02250000 0.02375000
862.50000000 0.02250000 0.02250000
868.75000000 0.02125000 0.02000000
875.00000000 0.02000000 0.01500000
881.25000000 0.01750000 0.01750000
887.50000000 0.01875000 0.01625000
893.75000000 0.01875000 0.01875000
900.00000000 0.01625000 0.01500000
906.25000000 0.01500000 0.01250000
912.50000000 0.01500000 0.01500000
918.75000000 0.01375000 0.01500000
925.00000000 0.01375000 0.01500000
931.25000000 0.01250000 0.01375000
937.50000000 0.01250000 0.01125000
943.75000000 0.01125000 0.01000000
950.00000000 0.01125000 0.00875000
956.25000000 0.00875000 0.01000000
962.50000000 0.01000000 0.01000000
968.75000000 0.00875000 0.00875000
975.00000000 0.00875000 0.01000000
981.25000000 0.01000000 0.00875000
987.50000000 0.00875000 0.01000000
993.75000000 0.00875000 0.00875000
1000.00000000 0.00875000 0.00750000
1006.25000000 0.00625000 0.00750000
1012.50000000 0.00750000 0.00750000
1018.75000000 0.00750000 0.00750000
1025.00000000 0.00750000 0.00625000
1031.25000000 0.00750000 0.00750000
1037.50000000 0.00750000 0.00750000
1043.75000000 0.00625000 0.00750000
1050.00000000 0.00750000 0.00625000
1056.25000000 0.00625000 0.00750000
1062.50000000 0.00750000 0.00750000
1068.75000000 0.00750000 0.00500000
1075.00000000 0.00750000 0.00750000
1081.25000000 0.00625000 0.00750000
1087.50000000 0.00750000 0.00625000
1093.75000000 0.00750000 0.00750000
1100.00000000 0.00625000 0.00750000
1106.25000000 0.00750000 0.00750000
1112.50000000 0.00625000 0.00750000
1118.75000000 0.00625000 0.00750000
1125.00000000 0.00750000 0.00750000
1131.25000000 0.00625000 0.00750000
1137.50000000 0.00625000 0.00625000
1143.75000000 0.00625000 0.00750000
1150.00000000 0.00750000 0.00750000
1156.25000000 0.00750000 0.00625000
1162.50000000 0.00750000 0.00750000
1168.75000000 0.00625000 0.00750000
1175.00000000 0.00625000 0.00750000
1181.25000000 0.00750000 0.00750000
1187.50000000 0.00625000 0.00750000
1193.75000000 0.00625000 0.00625000
1200.00000000 0.00500000 0.00625000
1206.25000000 0.00625000 0.00625000
1212.50000000 0.00625000 0.00500000
1218.75000000 0.00625000 0.00625000
1225.00000000 0.00625000 0.00375000
1231.25000000 0.00500000 0.00500000
1237.50000000 0.00500000 0.00375000
1243.75000000 0.00500000 0.00500000
1250.00000000 0.00500000 0.00500000
