0 253.21758105 253.64775561
6.25000000 15.65773067 15.69014963
12.50000000 9.13715711 9.20635910
18.75000000 6.75311721 6.73316708
25.00000000 5.37531172 5.38154613
31.25000000 4.51309227 4.52805486
37.50000000 3.89900249 3.91832918
43.75000000 3.45885287 3.44201995
50.00000000 3.11284289 3.14214464
56.25000000 2.87219451 2.85099751
62.50000000 2.63840399 2.62531172
68.75000000 2.43765586 2.43453865
75.00000000 2.28740648 2.29052369
81.25000000 2.12780549 2.12655860
87.50000000 2.01309227 1.99189526
93.75000000 1.88840399 1.90024938
100.00000000 1.77431421 1.78740648
106.25000000 1.68952618 1.67331671
112.50000000 1.60785536 1.60598504
118.75000000 1.54364090 1.54675810
125.00000000 1.45635910 1.47506234
131.25000000 1.40523691 1.40523691
137.50000000 1.32668329 1.33603491
143.75000000 1.25187032 1.27119701
150.00000000 1.20885287 1.21508728
156.25000000 1.14339152 1.14339152
162.50000000 1.10972569 1.12157107
168.75000000 1.06546135 1.08478803
175.00000000 1.02182045 1.02369077
181.25000000 0.98379052 0.98192020
187.50000000 0.93017456 0.93266833
193.75000000 0.89962594 0.90274314
200.00000000 0.87281796 0.87219451
206.25000000 0.84289277 0.85847880
212.50000000 0.81047382 0.80922693
218.75000000 0.78740648 0.79114713
225.00000000 0.75498753 0.76807980
231.25000000 0.72381546 0.71882793
237.50000000 0.69201995 0.69389027
243.75000000 0.66521197 0.67144638
250.00000000 0.64339152 0.64339152
256.25000000 0.60910224 0.61159601
262.50000000 0.59164589 0.59476309
268.75000000 0.56670823 0.56920200
275.00000000 0.54551122 0.54675810
281.25000000 0.53179551 0.52743142
287.50000000 0.50311721 0.51745636
293.75000000 0.48940150 0.48815461
300.00000000 0.47194514 0.47693267
306.25000000 0.44513716 0.45137157
312.50000000 0.43204489 0.42144638
318.75000000 0.41708229 0.40586035
325.00000000 0.40087282 0.39526185
331.25000000 0.38965087 0.38528678
337.50000000 0.37468828 0.38154613
343.75000000 0.35598504 0.36845387
350.00000000 0.35723192 0.34600998
356.25000000 0.32980050 0.33728180
362.50000000 0.32418953 0.32356608
368.75000000 0.31483791 0.31795511
375.00000000 0.29675810 0.30486284
381.25000000 0.28054863 0.28428928
387.50000000 0.27306733 0.27431421
393.75000000 0.26620948 0.26122195
400.00000000 0.25498753 0.25748130
406.25000000 0.24563591 0.23815461
412.50000000 0.23192020 0.23379052
418.75000000 0.22381546 0.22132170
425.00000000 0.21695761 0.21571072
431.25000000 0.20822943 0.21134663
437.50000000 0.20336868 0.20149719
443.75000000 0.19650655 0.19213974
450.00000000 0.18777293 0.18964442
456.25000000 0.17966313 0.17966313
462.50000000 0.17217717 0.17280100
468.75000000 0.17030568 0.17092951
475.00000000 0.16344354 0.16469120
481.25000000 0.15658141 0.15720524
487.50000000 0.15034311 0.14660012
493.75000000 0.14285714 0.14722396
500.00000000 0.14098565 0.14036182
506.25000000 0.13661884 0.13349969
512.50000000 0.12913288 0.12414223
518.75000000 0.12414223 0.12663755
525.00000000 0.12102308 0.11915159
531.25000000 0.11540861 0.11478478
537.50000000 0.11228946 0.10792265
543.75000000 0.10792265 0.10417966
550.00000000 0.10355583 0.10417966
556.25000000 0.09669370 0.10230817
562.50000000 0.09731753 0.09669370
568.75000000 0.09669370 0.09669370
575.00000000 0.09232689 0.08920774
581.25000000 0.09107923 0.08796007
587.50000000 0.08733624 0.08484092
593.75000000 0.08296943 0.07922645
600.00000000 0.08047411 0.07985028
606.25000000 0.07485964 0.07735496
612.50000000 0.07236432 0.07548347
618.75000000 0.06986900 0.07298815
625.00000000 0.06737367 0.06674984
631.25000000 0.06487835 0.06300686
637.50000000 0.05988771 0.05926388
643.75000000 0.05988771 0.05801622
650.00000000 0.05364941 0.05739239
656.25000000 0.05676856 0.05427324
662.50000000 0.05489707 0.05364941
668.75000000 0.04990643 0.04990643
675.00000000 0.05115409 0.04928260
681.25000000 0.04741110 0.04678727
687.50000000 0.04616344 0.04741110
693.75000000 0.04429195 0.04054897
700.00000000 0.04179663 0.03930131
706.25000000 0.03680599 0.03930131
712.50000000 0.03742982 0.03992514
718.75000000 0.03680599 0.03618216
725.00000000 0.03618216 0.03680599
731.25000000 0.03680599 0.03805365
737.50000000 0.03243918 0.03368684
743.75000000 0.03431067 0.03618216
750.00000000 0.03555833 0.03493450
756.25000000 0.03306301 0.03431067
762.50000000 0.03493450 0.03306301
768.75000000 0.03306301 0.03243918
775.00000000 0.02807236 0.03119152
781.25000000 0.03119152 0.03181535
787.50000000 0.02807236 0.02932002
793.75000000 0.02682470 0.02557704
800.00000000 0.02869619 0.02682470
806.25000000 0.02807236 0.02869619
812.50000000 0.02682470 0.02744853
818.75000000 0.02682470 0.02495321
825.00000000 0.02495321 0.02495321
831.25000000 0.02245789 0.02370555
837.50000000 0.01996257 0.02183406
843.75000000 0.02183406 0.02245789
850.00000000 0.02058640 0.02121023
856.25000000 0.02121023 0.02058640
862.50000000 0.01933874 0.02058640
868.75000000 0.01996257 0.01996257
875.00000000 0.01933874 0.01746725
881.25000000 0.01746725 0.01871491
887.50000000 0.01933874 0.01809108
893.75000000 0.01871491 0.01809108
900.00000000 0.01746725 0.01621959
906.25000000 0.01684342 0.01559576
912.50000000 0.01684342 0.01684342
918.75000000 0.01684342 0.01621959
925.00000000 0.01621959 0.01559576
931.25000000 0.01559576 0.01559576
937.50000000 0.01497193 0.01497193
943.75000000 0.01434810 0.01372427
950.00000000 0.01497193 0.01372427
956.25000000 0.01372427 0.01310044
962.50000000 0.01372427 0.01372427
968.75000000 0.01372427 0.01310044
975.00000000 0.01185278 0.01434810
981.25000000 0.01310044 0.01247661
987.50000000 0.01310044 0.01185278
993.75000000 0.01122895 0.01310044
1000.00000000 0.01247661 0.01247661
1006.25000000 0.01122895 0.01185278
1012.50000000 0.01122895 0.01122895
1018.75000000 0.01060512 0.01060512
1025.00000000 0.00935745 0.01060512
1031.25000000 0.01060512 0.01122895
1037.50000000 0.01060512 0.01122895
1043.75000000 0.00998129 0.01122895
1050.00000000 0.01060512 0.01060512
1056.25000000 0.00935745 0.01060512
1062.50000000 0.01122895 0.01060512
1068.75000000 0.01060512 0.00873362
1075.00000000 0.00998129 0.01060512
1081.25000000 0.01060512 0.01060512
1087.50000000 0.00998129 0.00998129
1093.75000000 0.01060512 0.01060512
1100.00000000 0.00998129 0.01060512
1106.25000000 0.00998129 0.01122895
1112.50000000 0.00935745 0.00998129
1118.75000000 0.00998129 0.00998129
1125.00000000 0.00998129 0.01060512
1131.25000000 0.00998129 0.01060512
1137.50000000 0.00998129 0.00998129
1143.75000000 0.00935745 0.01060512
1150.00000000 0.00935745 0.00998129
1156.25000000 0.00998129 0.00935745
1162.50000000 0.00935745 0.00935745
1168.75000000 0.00935745 0.00935745
1175.00000000 0.00935745 0.00935745
1181.25000000 0.00998129 0.00935745
1187.50000000 0.00935745 0.00748596
1193.75000000 0.00873362 0.00935745
1200.00000000 0.00810979 0.00873362
1206.25000000 0.00810979 0.00810979
1212.50000000 0.00686213 0.00748596
1218.75000000 0.00810979 0.00686213
1225.00000000 0.00810979 0.00686213
1231.25000000 0.00686213 0.00686213
1237.50000000 0.00686213 0.00686213
1243.75000000 0.00748596 0.00748596
1250.00000000 0.00748596 0.00686213
