0 821.75769231 824.36153846
20.25000000 20.27692308 20.40384615
40.50000000 11.43461538 11.58461538
60.75000000 8.30769231 8.17692308
81.00000000 6.43076923 6.48076923
101.25000000 5.41153846 5.49615385
121.50000000 4.68461538 4.68846154
141.75000000 4.00769231 4.08076923
162.00000000 3.48846154 3.57307692
182.25000000 3.17692308 3.17307692
202.50000000 2.90769231 2.92307692
222.75000000 2.68461538 2.69230769
243.00000000 2.47307692 2.51153846
263.25000000 2.25384615 2.31923077
283.50000000 2.09230769 2.17307692
303.75000000 2.02692308 2.03461538
324.00000000 1.88846154 1.95000000
344.25000000 1.84230769 1.89615385
364.50000000 1.78461538 1.79230769
384.75000000 1.70769231 1.68846154
405.00000000 1.57692308 1.58076923
425.25000000 1.51538462 1.55384615
445.50000000 1.44615385 1.46923077
465.75000000 1.36153846 1.39615385
486.00000000 1.31923077 1.31538462
506.25000000 1.29230769 1.27692308
526.50000000 1.21153846 1.21923077
546.75000000 1.16153846 1.18461538
567.00000000 1.13846154 1.14615385
587.25000000 1.08461538 1.10384615
607.50000000 1.04615385 1.02307692
627.75000000 0.98076923 1.01923077
648.00000000 0.97692308 0.97307692
668.25000000 0.94230769 0.91538462
688.50000000 0.92692308 0.90384615
708.75000000 0.85769231 0.87307692
729.00000000 0.82307692 0.86153846
749.25000000 0.81538462 0.83076923
769.50000000 0.77692308 0.78076923
789.75000000 0.73461538 0.77692308
810.00000000 0.69615385 0.73076923
830.25000000 0.69230769 0.71538462
850.50000000 0.64615385 0.64615385
870.75000000 0.63461538 0.60000000
891.00000000 0.62692308 0.59230769
911.25000000 0.58461538 0.56538462
931.50000000 0.51923077 0.55769231
951.75000000 0.51538462 0.51538462
972.00000000 0.50769231 0.50384615
992.25000000 0.49230769 0.47307692
1012.50000000 0.45769231 0.44230769
1032.75000000 0.42692308 0.43461538
1053.00000000 0.40000000 0.40769231
1073.25000000 0.39615385 0.39615385
1093.50000000 0.36538462 0.37307692
1113.75000000 0.37692308 0.36923077
1134.00000000 0.35769231 0.37307692
1154.25000000 0.36153846 0.36153846
1174.50000000 0.32692308 0.33461538
1194.75000000 0.33461538 0.31538462
1215.00000000 0.31923077 0.32692308
1235.25000000 0.29615385 0.30769231
1255.50000000 0.29615385 0.29230769
1275.75000000 0.28461538 0.28461538
1296.00000000 0.25769231 0.26153846
1316.25000000 0.24615385 0.23461538
1336.50000000 0.23076923 0.24230769
1356.75000000 0.22307692 0.21538462
1377.00000000 0.21153846 0.21538462
1397.25000000 0.22307692 0.21923077
1417.50000000 0.20000000 0.20769231
1437.75000000 0.18846154 0.19230769
1458.00000000 0.18846154 0.18846154
1478.25000000 0.18076923 0.16538462
1498.50000000 0.16153846 0.16538462
1518.75000000 0.16538462 0.16538462
1539.00000000 0.15384615 0.16153846
1559.25000000 0.14230769 0.13076923
1579.50000000 0.13076923 0.13076923
1599.75000000 0.11923077 0.12692308
1620.00000000 0.11153846 0.11923077
1640.25000000 0.11923077 0.11923077
1660.50000000 0.12307692 0.11923077
1680.75000000 0.10384615 0.11538462
1701.00000000 0.10384615 0.11153846
1721.25000000 0.10384615 0.10769231
1741.50000000 0.11153846 0.10384615
1761.75000000 0.10000000 0.10384615
1782.00000000 0.09615385 0.10000000
1802.25000000 0.10384615 0.10384615
1822.50000000 0.09230769 0.09230769
1842.75000000 0.06923077 0.08461538
1863.00000000 0.07307692 0.08076923
1883.25000000 0.07692308 0.08076923
1903.50000000 0.08076923 0.08076923
1923.75000000 0.07307692 0.06538462
1944.00000000 0.07692308 0.07307692
1964.25000000 0.07307692 0.07307692
1984.50000000 0.06923077 0.06923077
2004.75000000 0.06923077 0.06923077
2025.00000000 0.06923077 0.07307692
2045.25000000 0.06923077 0.06538462
2065.50000000 0.06923077 0.07307692
2085.75000000 0.06923077 0.06923077
2106.00000000 0.06153846 0.06153846
2126.25000000 0.06153846 0.05384615
2146.50000000 0.05000000 0.05769231
2166.75000000 0.05000000 0.04615385
2187.00000000 0.04615385 0.05000000
2207.25000000 0.03461538 0.04615385
2227.50000000 0.04230769 0.04230769
2247.75000000 0.04230769 0.04230769
2268.00000000 0.03846154 0.04615385
2288.25000000 0.04230769 0.03461538
2308.50000000 0.04230769 0.03461538
2328.75000000 0.04230769 0.03846154
2349.00000000 0.03461538 0.03461538
2369.25000000 0.03846154 0.03846154
2389.50000000 0.03461538 0.03461538
2409.75000000 0.03076923 0.03461538
2430.00000000 0.03461538 0.03461538
2450.25000000 0.03076923 0.03076923
2470.50000000 0.03076923 0.03076923
2490.75000000 0.03076923 0.03461538
2511.00000000 0.03461538 0.03076923
2531.25000000 0.03461538 0.03076923
2551.50000000 0.03076923 0.02692308
2571.75000000 0.03076923 0.03076923
2592.00000000 0.03076923 0.02307692
2612.25000000 0.02692308 0.03076923
2632.50000000 0.03076923 0.03076923
2652.75000000 0.02692308 0.03076923
2673.00000000 0.02692308 0.03076923
2693.25000000 0.02692308 0.02692308
2713.50000000 0.02307692 0.01923077
2733.75000000 0.01923077 0.01923077
2754.00000000 0.01923077 0.01923077
2774.25000000 0.01923077 0.01923077
2794.50000000 0.01153846 0.01538462
2814.75000000 0.01538462 0.01538462
2835.00000000 0.01538462 0.01538462
2855.25000000 0.01538462 0.01538462
2875.50000000 0.01538462 0.01538462
2895.75000000 0.01153846 0.00769231
2916.00000000 0.01153846 0.01153846
2936.25000000 0.01153846 0.01153846
2956.50000000 0.01153846 0.01153846
2976.75000000 0.01153846 0.01153846
2997.00000000 0.01153846 0.01153846
3017.25000000 0.01153846 0.01153846
3037.50000000 0.00769231 0.01153846
3057.75000000 0.01153846 0.01153846
3078.00000000 0.01153846 0.01153846
3098.25000000 0.01153846 0.01153846
3118.50000000 0.01153846 0.00769231
3138.75000000 0.00769231 0.00384615
3159.00000000 0.00769231 0.00769231
3179.25000000 0.00769231 0.00769231
3199.50000000 0.00769231 0.00384615
3219.75000000 0.00769231 0.00769231
3240.00000000 0.00769231 0.00384615
3260.25000000 0.00769231 0.00769231
3280.50000000 0.00769231 0.00384615
3300.75000000 0.00769231 0.00769231
3321.00000000 0.00769231 0.00769231
3341.25000000 0.00769231 0.00769231
3361.50000000 0.00769231 0.00769231
3381.75000000 0.00384615 0.00384615
3402.00000000 0.00769231 0.00769231
3422.25000000 0.00769231 0.00384615
3442.50000000 0.00769231 0.00769231
3462.75000000 0.00384615 0.00384615
3483.00000000 0.00769231 0.00384615
3503.25000000 0.00384615 0.00769231
3523.50000000 0.00384615 0.00384615
3543.75000000 0.00769231 0.00769231
3564.00000000 0.00769231 0.00769231
3584.25000000 0.00769231 0.00769231
3604.50000000 0.00769231 0.00769231
3624.75000000 0.00769231 0.00769231
3645.00000000 0.00769231 0.00769231
3665.25000000 0.00769231 0.00769231
3685.50000000 0.00769231 0.00769231
3705.75000000 0.00769231 0.00769231
3726.00000000 0.00769231 0.00769231
3746.25000000 0.00384615 0.00769231
3766.50000000 0.00769231 0.00769231
3786.75000000 0.00769231 0.00769231
3807.00000000 0.00769231 0.00769231
3827.25000000 0.00769231 0.00769231
3847.50000000 0.00384615 0.00384615
3867.75000000 0.00384615 0.00384615
3888.00000000 0.00000000 0.00384615
3908.25000000 0.00384615 0.00384615
3928.50000000 0.00384615 0.00384615
3948.75000000 0.00384615 0.00384615
3969.00000000 0.00384615 0.00384615
3989.25000000 0.00000000 0.00000000
4009.50000000 0.00000000 0.00000000
4029.75000000 0.00000000 0.00000000
4050.00000000 0.00000000 0.00000000
