0 821.78750000 824.42083333
20.25000000 20.36666667 20.49583333
40.50000000 11.51666667 11.65833333
60.75000000 8.37916667 8.24166667
81.00000000 6.46666667 6.50833333
101.25000000 5.46250000 5.52083333
121.50000000 4.70416667 4.69166667
141.75000000 4.01250000 4.07916667
162.00000000 3.50416667 3.60416667
182.25000000 3.19583333 3.20833333
202.50000000 2.91666667 2.92916667
222.75000000 2.68750000 2.70833333
243.00000000 2.51250000 2.55416667
263.25000000 2.26666667 2.33333333
283.50000000 2.10833333 2.18333333
303.75000000 2.03750000 2.04583333
324.00000000 1.89166667 1.95416667
344.25000000 1.85416667 1.90833333
364.50000000 1.81250000 1.79583333
384.75000000 1.70833333 1.70416667
405.00000000 1.58333333 1.57916667
425.25000000 1.51666667 1.55000000
445.50000000 1.44583333 1.46666667
465.75000000 1.35416667 1.40833333
486.00000000 1.31666667 1.30833333
506.25000000 1.30416667 1.27500000
526.50000000 1.20833333 1.22083333
546.75000000 1.16250000 1.19166667
567.00000000 1.14583333 1.15416667
587.25000000 1.08750000 1.11250000
607.50000000 1.04166667 1.02083333
627.75000000 0.98333333 1.02083333
648.00000000 0.97083333 0.96666667
668.25000000 0.93750000 0.90833333
688.50000000 0.92500000 0.89583333
708.75000000 0.85416667 0.86666667
729.00000000 0.80833333 0.85416667
749.25000000 0.80416667 0.82083333
769.50000000 0.77500000 0.77916667
789.75000000 0.73750000 0.77916667
810.00000000 0.70416667 0.73333333
830.25000000 0.70000000 0.72083333
850.50000000 0.65416667 0.64583333
870.75000000 0.63333333 0.60000000
891.00000000 0.62916667 0.58750000
911.25000000 0.57916667 0.55833333
931.50000000 0.51250000 0.55416667
951.75000000 0.51250000 0.51250000
972.00000000 0.50416667 0.50416667
992.25000000 0.49583333 0.47083333
1012.50000000 0.45833333 0.44166667
1032.75000000 0.42500000 0.44166667
1053.00000000 0.39583333 0.40416667
1073.25000000 0.39583333 0.40416667
1093.50000000 0.36666667 0.37916667
1113.75000000 0.38333333 0.37500000
1134.00000000 0.36250000 0.37916667
1154.25000000 0.37500000 0.37083333
1174.50000000 0.33333333 0.34166667
1194.75000000 0.34166667 0.32083333
1215.00000000 0.32500000 0.33333333
1235.25000000 0.30416667 0.31666667
1255.50000000 0.30833333 0.30416667
1275.75000000 0.29583333 0.29583333
1296.00000000 0.26666667 0.27083333
1316.25000000 0.25416667 0.24166667
1336.50000000 0.24166667 0.25416667
1356.75000000 0.23333333 0.22500000
1377.00000000 0.22083333 0.22916667
1397.25000000 0.23333333 0.22916667
1417.50000000 0.21250000 0.22083333
1437.75000000 0.20000000 0.20416667
1458.00000000 0.20416667 0.20416667
1478.25000000 0.19583333 0.17916667
1498.50000000 0.17500000 0.17916667
1518.75000000 0.17916667 0.17916667
1539.00000000 0.16666667 0.17500000
1559.25000000 0.15416667 0.14166667
1579.50000000 0.14166667 0.14166667
1599.75000000 0.12916667 0.13750000
1620.00000000 0.12083333 0.12916667
1640.25000000 0.12916667 0.12916667
1660.50000000 0.13333333 0.12916667
1680.75000000 0.11250000 0.12500000
1701.00000000 0.11250000 0.12083333
1721.25000000 0.11250000 0.11666667
1741.50000000 0.12083333 0.11250000
1761.75000000 0.10833333 0.11250000
1782.00000000 0.10416667 0.10833333
1802.25000000 0.11250000 0.11250000
1822.50000000 0.10000000 0.10000000
1842.75000000 0.07500000 0.09166667
1863.00000000 0.07916667 0.08750000
1883.25000000 0.08333333 0.08750000
1903.50000000 0.08750000 0.08750000
1923.75000000 0.07916667 0.07083333
1944.00000000 0.08333333 0.07916667
1964.25000000 0.07916667 0.07916667
1984.50000000 0.07500000 0.07500000
2004.75000000 0.07500000 0.07500000
2025.00000000 0.07500000 0.07916667
2045.25000000 0.07500000 0.07083333
2065.50000000 0.07500000 0.07916667
2085.75000000 0.07500000 0.07500000
2106.00000000 0.06666667 0.06666667
2126.25000000 0.06666667 0.05833333
2146.50000000 0.05416667 0.06250000
2166.75000000 0.05416667 0.05000000
2187.00000000 0.05000000 0.05416667
2207.25000000 0.03750000 0.05000000
2227.50000000 0.04583333 0.04583333
2247.75000000 0.04583333 0.04583333
2268.00000000 0.04166667 0.05000000
2288.25000000 0.04583333 0.03750000
2308.50000000 0.04583333 0.03750000
2328.75000000 0.04583333 0.04166667
2349.00000000 0.03750000 0.03750000
2369.25000000 0.04166667 0.04166667
2389.50000000 0.03750000 0.03750000
2409.75000000 0.03333333 0.03750000
2430.00000000 0.03750000 0.03750000
2450.25000000 0.03333333 0.03333333
2470.50000000 0.03333333 0.03333333
2490.75000000 0.03333333 0.03750000
2511.00000000 0.03750000 0.03333333
2531.25000000 0.03750000 0.03333333
2551.50000000 0.03333333 0.02916667
2571.75000000 0.03333333 0.03333333
2592.00000000 0.03333333 0.02500000
2612.25000000 0.02916667 0.03333333
2632.50000000 0.03333333 0.03333333
2652.75000000 0.02916667 0.03333333
2673.00000000 0.02916667 0.03333333
2693.25000000 0.02916667 0.02916667
2713.50000000 0.02500000 0.02083333
2733.75000000 0.02083333 0.02083333
2754.00000000 0.02083333 0.02083333
2774.25000000 0.02083333 0.02083333
2794.50000000 0.01250000 0.01666667
2814.75000000 0.01666667 0.01666667
2835.00000000 0.01666667 0.01666667
2855.25000000 0.01666667 0.01666667
2875.50000000 0.01666667 0.01666667
2895.75000000 0.01250000 0.00833333
2916.00000000 0.01250000 0.01250000
2936.25000000 0.01250000 0.01250000
2956.50000000 0.01250000 0.01250000
2976.75000000 0.01250000 0.01250000
2997.00000000 0.01250000 0.01250000
3017.25000000 0.01250000 0.01250000
3037.50000000 0.00833333 0.01250000
3057.75000000 0.01250000 0.01250000
3078.00000000 0.01250000 0.01250000
3098.25000000 0.01250000 0.01250000
3118.50000000 0.01250000 0.00833333
3138.75000000 0.00833333 0.00416667
3159.00000000 0.00833333 0.00833333
3179.25000000 0.00833333 0.00833333
3199.50000000 0.00833333 0.00416667
3219.75000000 0.00833333 0.00833333
3240.00000000 0.00833333 0.00416667
3260.25000000 0.00833333 0.00833333
3280.50000000 0.00833333 0.00416667
3300.75000000 0.00833333 0.00833333
3321.00000000 0.00833333 0.00833333
3341.25000000 0.00833333 0.00833333
3361.50000000 0.00833333 0.00833333
3381.75000000 0.00416667 0.00416667
3402.00000000 0.00833333 0.00833333
3422.25000000 0.00833333 0.00416667
3442.50000000 0.00833333 0.00833333
3462.75000000 0.00416667 0.00416667
3483.00000000 0.00833333 0.00416667
3503.25000000 0.00416667 0.00833333
3523.50000000 0.00416667 0.00416667
3543.75000000 0.00833333 0.00833333
3564.00000000 0.00833333 0.00833333
3584.25000000 0.00833333 0.00833333
3604.50000000 0.00833333 0.00833333
3624.75000000 0.00833333 0.00833333
3645.00000000 0.00833333 0.00833333
3665.25000000 0.00833333 0.00833333
3685.50000000 0.00833333 0.00833333
3705.75000000 0.00833333 0.00833333
3726.00000000 0.00833333 0.00833333
3746.25000000 0.00416667 0.00833333
3766.50000000 0.00833333 0.00833333
3786.75000000 0.00833333 0.00833333
3807.00000000 0.00833333 0.00833333
3827.25000000 0.00833333 0.00833333
3847.50000000 0.00416667 0.00416667
3867.75000000 0.00416667 0.00416667
3888.00000000 0.00000000 0.00416667
3908.25000000 0.00416667 0.00416667
3928.50000000 0.00416667 0.00416667
3948.75000000 0.00416667 0.00416667
3969.00000000 0.00416667 0.00416667
3989.25000000 0.00000000 0.00000000
4009.50000000 0.00000000 0.00000000
4029.75000000 0.00000000 0.00000000
4050.00000000 0.00000000 0.00000000
