0 819.78750000 821.85000000
20.25000000 21.31875000 21.50625000
40.50000000 13.96250000 14.08125000
60.75000000 11.26250000 11.43125000
81.00000000 9.64375000 9.60625000
101.25000000 8.50000000 8.48125000
121.50000000 7.54375000 7.60625000
141.75000000 6.81875000 6.89375000
162.00000000 6.39375000 6.41875000
182.25000000 6.03750000 6.07500000
202.50000000 5.69375000 5.84375000
222.75000000 5.47500000 5.55000000
243.00000000 5.17500000 5.14375000
263.25000000 4.99375000 4.97500000
283.50000000 4.83750000 4.76250000
303.75000000 4.73750000 4.76875000
324.00000000 4.58125000 4.63750000
344.25000000 4.46875000 4.49375000
364.50000000 4.20625000 4.32500000
384.75000000 4.17500000 4.15625000
405.00000000 4.06875000 4.05625000
425.25000000 3.86875000 3.93125000
445.50000000 3.85000000 3.83125000
465.75000000 3.75000000 3.80625000
486.00000000 3.72500000 3.72500000
506.25000000 3.60625000 3.61875000
526.50000000 3.49375000 3.55000000
546.75000000 3.43750000 3.47500000
567.00000000 3.38750000 3.43125000
587.25000000 3.31250000 3.34375000
607.50000000 3.32500000 3.31875000
627.75000000 3.28750000 3.34375000
648.00000000 3.18125000 3.21250000
668.25000000 3.21250000 3.26250000
688.50000000 3.14375000 3.19375000
708.75000000 3.06250000 3.05000000
729.00000000 3.00625000 3.06875000
749.25000000 3.00000000 2.95625000
769.50000000 2.91250000 2.99375000
789.75000000 2.95000000 2.97500000
810.00000000 2.85625000 2.91250000
830.25000000 2.91250000 2.88750000
850.50000000 2.84375000 2.90625000
870.75000000 2.83125000 2.84375000
891.00000000 2.81250000 2.86250000
911.25000000 2.80625000 2.81250000
931.50000000 2.68750000 2.82500000
951.75000000 2.70000000 2.73125000
972.00000000 2.79375000 2.74375000
992.25000000 2.68750000 2.70000000
1012.50000000 2.71875000 2.60000000
1032.75000000 2.64375000 2.63750000
1053.00000000 2.63750000 2.66250000
1073.25000000 2.62500000 2.61875000
1093.50000000 2.66875000 2.62500000
1113.75000000 2.58750000 2.61875000
1134.00000000 2.50000000 2.62500000
1154.25000000 2.52500000 2.57500000
1174.50000000 2.51250000 2.56250000
1194.75000000 2.56250000 2.58125000
1215.00000000 2.48125000 2.47500000
1235.25000000 2.56875000 2.53125000
1255.50000000 2.48125000 2.53750000
1275.75000000 2.48125000 2.55625000
1296.00000000 2.47500000 2.51250000
1316.25000000 2.48125000 2.53125000
1336.50000000 2.45625000 2.53125000
1356.75000000 2.46875000 2.45625000
1377.00000000 2.43750000 2.45625000
1397.25000000 2.45000000 2.46250000
1417.50000000 2.40625000 2.47500000
1437.75000000 2.40625000 2.43750000
1458.00000000 2.45625000 2.41250000
1478.25000000 2.36875000 2.45625000
1498.50000000 2.37500000 2.38125000
1518.75000000 2.32500000 2.40625000
1539.00000000 2.40000000 2.34375000
1559.25000000 2.43125000 2.37500000
1579.50000000 2.38750000 2.36875000
1599.75000000 2.37500000 2.39375000
1620.00000000 2.35625000 2.41250000
1640.25000000 2.30000000 2.35625000
1660.50000000 2.33125000 2.31250000
1680.75000000 2.24375000 2.33125000
1701.00000000 2.28125000 2.31250000
1721.25000000 2.26875000 2.23125000
1741.50000000 2.23750000 2.26250000
1761.75000000 2.23750000 2.24375000
1782.00000000 2.23750000 2.25625000
1802.25000000 2.22500000 2.25625000
1822.50000000 2.15000000 2.23750000
1842.75000000 2.23750000 2.23125000
1863.00000000 2.21875000 2.15625000
1883.25000000 2.25000000 2.23125000
1903.50000000 2.18750000 2.21875000
1923.75000000 2.23125000 2.25000000
1944.00000000 2.18750000 2.20625000
1964.25000000 2.18750000 2.22500000
1984.50000000 2.18125000 2.24375000
2004.75000000 2.22500000 2.23125000
2025.00000000 2.15000000 2.16250000
2045.25000000 2.15000000 2.21250000
2065.50000000 2.16875000 2.17500000
2085.75000000 2.12500000 2.20000000
2106.00000000 2.08125000 2.18750000
2126.25000000 2.14375000 2.16875000
2146.50000000 2.13125000 2.13750000
2166.75000000 2.15625000 2.18750000
2187.00000000 2.13750000 2.13750000
2207.25000000 2.12500000 2.13750000
2227.50000000 2.15625000 2.08750000
2247.75000000 2.07500000 2.13125000
2268.00000000 2.12500000 2.14375000
2288.25000000 2.09375000 2.12500000
2308.50000000 2.11250000 2.12500000
2328.75000000 2.11875000 2.08750000
2349.00000000 2.07500000 2.14375000
2369.25000000 2.14375000 2.11875000
2389.50000000 2.05625000 2.08125000
2409.75000000 2.09375000 2.08125000
2430.00000000 2.06250000 2.05000000
2450.25000000 2.05625000 2.11250000
2470.50000000 2.08125000 2.11875000
2490.75000000 2.08750000 2.07500000
2511.00000000 2.05000000 2.08750000
2531.25000000 2.06250000 2.05625000
2551.50000000 2.02500000 2.11250000
2571.75000000 2.06875000 2.05000000
2592.00000000 2.04375000 2.01250000
2612.25000000 2.00625000 2.08125000
2632.50000000 2.07500000 2.05625000
2652.75000000 2.06875000 2.03125000
2673.00000000 1.98750000 2.05000000
2693.25000000 2.08750000 2.04375000
2713.50000000 2.05625000 2.00000000
2733.75000000 2.03750000 2.04375000
2754.00000000 2.03750000 2.03750000
2774.25000000 2.03750000 2.03750000
2794.50000000 2.02500000 2.01250000
2814.75000000 2.04375000 2.03125000
2835.00000000 2.01250000 2.02500000
2855.25000000 2.02500000 2.04375000
2875.50000000 2.00000000 2.04375000
2895.75000000 2.02500000 1.99375000
2916.00000000 2.02500000 2.05000000
2936.25000000 2.01250000 2.01875000
2956.50000000 1.98750000 2.00000000
2976.75000000 1.92500000 2.00000000
2997.00000000 1.97500000 1.98750000
3017.25000000 2.01250000 2.02500000
3037.50000000 2.03750000 2.02500000
3057.75000000 2.03125000 2.00625000
3078.00000000 1.98750000 2.00625000
3098.25000000 2.00000000 2.03125000
3118.50000000 2.01875000 1.98750000
3138.75000000 1.96250000 1.98125000
3159.00000000 1.97500000 2.03125000
3179.25000000 2.00625000 2.00625000
3199.50000000 2.00625000 2.00625000
3219.75000000 2.00000000 2.00625000
3240.00000000 1.99375000 2.05000000
3260.25000000 1.98750000 1.95000000
3280.50000000 2.00625000 1.94375000
3300.75000000 1.94375000 1.99375000
3321.00000000 2.00000000 1.98125000
3341.25000000 1.97500000 2.01250000
3361.50000000 1.96875000 1.94375000
3381.75000000 1.93750000 2.00000000
3402.00000000 2.01875000 1.92500000
3422.25000000 1.96875000 2.00625000
3442.50000000 1.94375000 1.98125000
3462.75000000 1.98125000 1.98750000
3483.00000000 1.93750000 2.00000000
3503.25000000 1.96875000 2.00000000
3523.50000000 1.98125000 1.95625000
3543.75000000 1.99375000 2.00000000
3564.00000000 1.93750000 1.95625000
3584.25000000 1.95625000 2.01250000
3604.50000000 1.92500000 1.96250000
3624.75000000 1.96875000 2.01250000
3645.00000000 1.95625000 1.95625000
3665.25000000 1.99375000 1.96250000
3685.50000000 1.94375000 1.97500000
3705.75000000 1.95000000 1.91875000
3726.00000000 1.97500000 1.96875000
3746.25000000 1.97500000 1.95000000
3766.50000000 1.93750000 1.95000000
3786.75000000 1.98125000 2.00625000
3807.00000000 1.91250000 2.00625000
3827.25000000 1.92500000 1.95000000
3847.50000000 1.94375000 1.90625000
3867.75000000 1.97500000 2.00000000
3888.00000000 1.93750000 2.00000000
3908.25000000 1.96250000 1.96250000
3928.50000000 1.88750000 1.94375000
3948.75000000 1.94375000 1.98750000
3969.00000000 1.95625000 1.93750000
3989.25000000 1.97500000 1.96875000
4009.50000000 2.00000000 1.96875000
4029.75000000 1.96250000 1.96875000
4050.00000000 1.93750000 1.93750000
