0 0.0764279
9 0.134041
18 0.130041
27 0.161866
36 0.20538
45 0.233303
54 0.272205
63 0.296141
72 0.310123
81 0.321561
90 0.328674
99 0.342365
108 0.348116
117 0.359173
126 0.364683
135 0.370072
144 0.379959
153 0.385001
162 0.390723
171 0.395703
180 0.40158
189 0.404568
198 0.404585
207 0.415387
216 0.424329
225 0.429578
234 0.443009
243 0.451726
252 0.459468
261 0.462647
270 0.471859
279 0.477431
288 0.483373
297 0.490975
306 0.49778
315 0.504765
324 0.510973
333 0.517063
342 0.526127
351 0.534639
360 0.543338
369 0.550155
378 0.554078
387 0.559219
396 0.566757
405 0.57425
414 0.580292
423 0.587326
432 0.595251
441 0.600779
450 0.604258
459 0.60891
468 0.613942
477 0.61704
486 0.624747
495 0.627949
504 0.63317
513 0.638713
522 0.642683
531 0.649337
540 0.654295
549 0.658675
558 0.662279
567 0.668378
576 0.672166
585 0.676037
594 0.67925
603 0.682557
612 0.687009
621 0.691799
630 0.695844
639 0.700136
648 0.70491
657 0.709625
666 0.713782
675 0.716528
684 0.720167
693 0.723754
702 0.727688
711 0.731609
720 0.735494
729 0.739222
738 0.741715
747 0.744197
756 0.746982
765 0.750956
774 0.753733
783 0.756891
792 0.760038
801 0.763216
810 0.765329
819 0.767859
828 0.770362
837 0.773542
846 0.775901
855 0.778279
864 0.779938
873 0.782971
882 0.785504
891 0.788888
900 0.791815
909 0.793051
918 0.795048
927 0.796003
936 0.798035
945 0.799934
954 0.80375
963 0.804368
972 0.806322
981 0.807227
990 0.809546
999 0.812377
1008 0.813742
1017 0.815289
1026 0.817487
1035 0.819874
1044 0.821898
1053 0.822603
1062 0.82379
1071 0.82525
1080 0.826665
1089 0.828341
1098 0.829067
1107 0.830678
1116 0.83127
1125 0.833298
1134 0.835048
1143 0.837525
1152 0.838616
1161 0.840407
1170 0.842588
1179 0.843527
1188 0.845007
1197 0.84642
1206 0.848125
1215 0.849551
1224 0.850878
1233 0.852259
1242 0.852299
1251 0.85318
1260 0.854481
1269 0.854658
1278 0.855985
1287 0.857098
1296 0.857748
1305 0.858464
1314 0.860502
1323 0.861616
1332 0.863066
1341 0.863411
1350 0.862924
1359 0.863738
1368 0.864587
1377 0.865616
1386 0.866865
1395 0.866943
1404 0.866956
1413 0.867464
1422 0.867804
1431 0.868541
1440 0.868811
1449 0.868918
1458 0.869779
1467 0.870902
1476 0.871969
1485 0.871732
1494 0.872652
1503 0.873696
1512 0.874056
1521 0.874391
1530 0.875271
1539 0.875537
1548 0.876308
1557 0.876427
1566 0.876797
1575 0.877273
1584 0.878328
1593 0.878463
1602 0.878713
1611 0.879316
1620 0.87954
1629 0.879625
1638 0.880238
1647 0.880072
1656 0.88105
1665 0.881484
1674 0.882271
1683 0.882996
1692 0.883119
1701 0.884111
1710 0.884511
1719 0.884864
1728 0.884415
1737 0.884593
1746 0.88486
1755 0.885331
1764 0.885618
1773 0.885815
1782 0.88667
1791 0.887088
1800 0.887064
