0 163.16666667 164.25555556
2.00000000 25.94444444 26.06666667
4.00000000 14.20000000 14.46666667
6.00000000 10.72222222 10.96666667
8.00000000 8.60000000 8.73333333
10.00000000 7.25555556 7.22222222
12.00000000 6.26666667 6.27777778
14.00000000 5.57777778 5.73333333
16.00000000 5.03333333 5.02222222
18.00000000 4.51111111 4.64444444
20.00000000 4.17777778 4.10000000
22.00000000 3.87777778 3.94444444
24.00000000 3.66666667 3.68888889
26.00000000 3.34444444 3.46666667
28.00000000 3.31111111 3.31111111
30.00000000 3.16666667 3.06666667
32.00000000 2.97777778 3.03333333
34.00000000 2.78888889 2.85555556
36.00000000 2.62222222 2.76666667
38.00000000 2.61111111 2.65555556
40.00000000 2.48888889 2.50000000
42.00000000 2.37777778 2.36666667
44.00000000 2.27777778 2.28888889
46.00000000 2.23333333 2.27777778
48.00000000 2.13333333 2.20000000
50.00000000 2.16666667 2.17777778
52.00000000 2.04444444 2.08888889
54.00000000 1.93333333 2.05555556
56.00000000 1.94444444 1.93333333
58.00000000 1.86666667 1.96666667
60.00000000 1.76666667 1.84444444
62.00000000 1.75555556 1.86666667
64.00000000 1.73333333 1.76666667
66.00000000 1.73333333 1.81111111
68.00000000 1.68888889 1.68888889
70.00000000 1.63333333 1.64444444
72.00000000 1.67777778 1.65555556
74.00000000 1.63333333 1.58888889
76.00000000 1.58888889 1.54444444
78.00000000 1.54444444 1.57777778
80.00000000 1.55555556 1.54444444
82.00000000 1.47777778 1.52222222
84.00000000 1.38888889 1.40000000
86.00000000 1.37777778 1.38888889
88.00000000 1.36666667 1.33333333
90.00000000 1.24444444 1.26666667
92.00000000 1.32222222 1.30000000
94.00000000 1.23333333 1.24444444
96.00000000 1.22222222 1.18888889
98.00000000 1.13333333 1.13333333
100.00000000 1.10000000 1.13333333
102.00000000 1.05555556 1.07777778
104.00000000 1.05555556 1.03333333
106.00000000 1.06666667 1.03333333
108.00000000 0.92222222 1.03333333
110.00000000 1.00000000 1.01111111
112.00000000 0.94444444 1.00000000
114.00000000 0.97777778 0.90000000
116.00000000 0.91111111 0.92222222
118.00000000 0.91111111 0.90000000
120.00000000 0.84444444 0.88888889
122.00000000 0.85555556 0.87777778
124.00000000 0.80000000 0.85555556
126.00000000 0.81111111 0.80000000
128.00000000 0.81111111 0.75555556
130.00000000 0.76666667 0.75555556
132.00000000 0.74444444 0.78888889
134.00000000 0.74444444 0.73333333
136.00000000 0.72222222 0.73333333
138.00000000 0.70000000 0.72222222
140.00000000 0.67777778 0.68888889
142.00000000 0.66666667 0.67777778
144.00000000 0.65555556 0.64444444
146.00000000 0.66666667 0.67777778
148.00000000 0.66666667 0.63333333
150.00000000 0.62222222 0.62222222
152.00000000 0.61111111 0.64444444
154.00000000 0.64444444 0.64444444
156.00000000 0.61111111 0.60000000
158.00000000 0.57777778 0.61111111
160.00000000 0.57777778 0.60000000
162.00000000 0.61111111 0.57777778
164.00000000 0.57777778 0.56666667
166.00000000 0.58888889 0.55555556
168.00000000 0.52222222 0.52222222
170.00000000 0.48888889 0.48888889
172.00000000 0.50000000 0.50000000
174.00000000 0.47777778 0.48888889
176.00000000 0.47777778 0.46666667
178.00000000 0.41111111 0.46666667
180.00000000 0.48888889 0.45555556
182.00000000 0.47777778 0.46666667
184.00000000 0.44444444 0.46666667
186.00000000 0.43333333 0.45555556
188.00000000 0.45555556 0.43333333
190.00000000 0.45555556 0.42222222
192.00000000 0.41111111 0.45555556
194.00000000 0.41111111 0.38888889
196.00000000 0.41111111 0.37777778
198.00000000 0.37777778 0.41111111
200.00000000 0.40000000 0.36666667
202.00000000 0.37777778 0.38888889
204.00000000 0.37777778 0.38888889
206.00000000 0.36666667 0.36666667
208.00000000 0.38888889 0.37777778
210.00000000 0.35555556 0.35555556
212.00000000 0.34444444 0.36666667
214.00000000 0.36666667 0.32222222
216.00000000 0.34444444 0.34444444
218.00000000 0.31111111 0.34444444
220.00000000 0.30000000 0.32222222
222.00000000 0.33333333 0.34444444
224.00000000 0.32222222 0.32222222
226.00000000 0.32222222 0.34444444
228.00000000 0.34444444 0.32222222
230.00000000 0.32222222 0.30000000
232.00000000 0.33333333 0.32222222
234.00000000 0.28888889 0.27777778
236.00000000 0.27777778 0.28888889
238.00000000 0.26666667 0.30000000
240.00000000 0.30000000 0.30000000
242.00000000 0.26666667 0.26666667
244.00000000 0.24444444 0.28888889
246.00000000 0.28888889 0.27777778
248.00000000 0.26666667 0.25555556
250.00000000 0.23333333 0.21111111
252.00000000 0.20000000 0.21111111
254.00000000 0.18888889 0.20000000
256.00000000 0.15555556 0.14444444
258.00000000 0.16666667 0.17777778
260.00000000 0.17777778 0.16666667
262.00000000 0.16666667 0.17777778
264.00000000 0.17777778 0.17777778
266.00000000 0.17777778 0.16666667
268.00000000 0.17777778 0.17777778
270.00000000 0.16666667 0.16666667
272.00000000 0.17777778 0.16666667
274.00000000 0.17777778 0.16666667
276.00000000 0.16666667 0.17777778
278.00000000 0.17777778 0.16666667
280.00000000 0.18888889 0.16666667
282.00000000 0.17777778 0.15555556
284.00000000 0.18888889 0.18888889
286.00000000 0.18888889 0.18888889
288.00000000 0.17777778 0.18888889
290.00000000 0.16666667 0.16666667
292.00000000 0.14444444 0.17777778
294.00000000 0.17777778 0.17777778
296.00000000 0.18888889 0.16666667
298.00000000 0.18888889 0.17777778
300.00000000 0.18888889 0.18888889
302.00000000 0.17777778 0.18888889
304.00000000 0.17777778 0.18888889
306.00000000 0.15555556 0.16666667
308.00000000 0.13333333 0.14444444
310.00000000 0.12222222 0.14444444
312.00000000 0.13333333 0.14444444
314.00000000 0.12222222 0.13333333
316.00000000 0.13333333 0.14444444
318.00000000 0.14444444 0.14444444
320.00000000 0.14444444 0.13333333
322.00000000 0.14444444 0.13333333
324.00000000 0.14444444 0.14444444
326.00000000 0.12222222 0.14444444
328.00000000 0.14444444 0.14444444
330.00000000 0.12222222 0.13333333
332.00000000 0.14444444 0.13333333
334.00000000 0.12222222 0.12222222
336.00000000 0.12222222 0.13333333
338.00000000 0.13333333 0.12222222
340.00000000 0.12222222 0.12222222
342.00000000 0.13333333 0.13333333
344.00000000 0.11111111 0.12222222
346.00000000 0.10000000 0.11111111
348.00000000 0.10000000 0.10000000
350.00000000 0.08888889 0.07777778
352.00000000 0.08888889 0.08888889
354.00000000 0.05555556 0.07777778
356.00000000 0.06666667 0.06666667
358.00000000 0.05555556 0.05555556
360.00000000 0.05555556 0.04444444
362.00000000 0.04444444 0.05555556
364.00000000 0.04444444 0.05555556
366.00000000 0.05555556 0.05555556
368.00000000 0.05555556 0.04444444
370.00000000 0.04444444 0.05555556
372.00000000 0.05555556 0.05555556
374.00000000 0.04444444 0.05555556
376.00000000 0.05555556 0.05555556
378.00000000 0.04444444 0.05555556
380.00000000 0.04444444 0.05555556
382.00000000 0.05555556 0.05555556
384.00000000 0.05555556 0.05555556
386.00000000 0.04444444 0.05555556
388.00000000 0.05555556 0.05555556
390.00000000 0.05555556 0.05555556
392.00000000 0.04444444 0.05555556
394.00000000 0.04444444 0.05555556
396.00000000 0.04444444 0.05555556
398.00000000 0.04444444 0.05555556
400.00000000 0.05555556 0.05555556
402.00000000 0.05555556 0.05555556
404.00000000 0.04444444 0.05555556
406.00000000 0.05555556 0.04444444
408.00000000 0.05555556 0.05555556
410.00000000 0.05555556 0.05555556
412.00000000 0.04444444 0.05555556
414.00000000 0.05555556 0.05555556
416.00000000 0.04444444 0.04444444
418.00000000 0.04444444 0.05555556
420.00000000 0.05555556 0.05555556
422.00000000 0.05555556 0.05555556
424.00000000 0.05555556 0.04444444
426.00000000 0.05555556 0.04444444
428.00000000 0.04444444 0.02222222
430.00000000 0.05555556 0.04444444
432.00000000 0.05555556 0.04444444
434.00000000 0.04444444 0.04444444
436.00000000 0.04444444 0.04444444
438.00000000 0.04444444 0.02222222
440.00000000 0.04444444 0.04444444
442.00000000 0.04444444 0.04444444
444.00000000 0.03333333 0.04444444
446.00000000 0.04444444 0.04444444
448.00000000 0.04444444 0.03333333
450.00000000 0.04444444 0.04444444
452.00000000 0.04444444 0.04444444
454.00000000 0.03333333 0.04444444
456.00000000 0.04444444 0.03333333
458.00000000 0.04444444 0.04444444
460.00000000 0.04444444 0.04444444
462.00000000 0.04444444 0.04444444
464.00000000 0.04444444 0.04444444
466.00000000 0.04444444 0.03333333
468.00000000 0.03333333 0.03333333
470.00000000 0.04444444 0.04444444
472.00000000 0.03333333 0.03333333
474.00000000 0.04444444 0.04444444
476.00000000 0.04444444 0.03333333
478.00000000 0.04444444 0.03333333
480.00000000 0.04444444 0.04444444
482.00000000 0.03333333 0.04444444
484.00000000 0.04444444 0.04444444
486.00000000 0.03333333 0.03333333
488.00000000 0.04444444 0.04444444
490.00000000 0.04444444 0.04444444
492.00000000 0.03333333 0.03333333
494.00000000 0.04444444 0.04444444
496.00000000 0.04444444 0.03333333
498.00000000 0.02222222 0.04444444
500.00000000 0.04444444 0.04444444
502.00000000 0.04444444 0.03333333
504.00000000 0.04444444 0.04444444
506.00000000 0.04444444 0.04444444
508.00000000 0.04444444 0.04444444
510.00000000 0.04444444 0.04444444
512.00000000 0.03333333 0.03333333
514.00000000 0.03333333 0.03333333
516.00000000 0.03333333 0.03333333
518.00000000 0.02222222 0.03333333
520.00000000 0.03333333 0.03333333
522.00000000 0.03333333 0.03333333
524.00000000 0.03333333 0.03333333
526.00000000 0.02222222 0.03333333
528.00000000 0.03333333 0.03333333
530.00000000 0.03333333 0.02222222
532.00000000 0.03333333 0.03333333
534.00000000 0.02222222 0.02222222
536.00000000 0.02222222 0.02222222
538.00000000 0.01111111 0.02222222
540.00000000 0.02222222 0.02222222
542.00000000 0.02222222 0.01111111
544.00000000 0.02222222 0.02222222
546.00000000 0.02222222 0.02222222
548.00000000 0.02222222 0.02222222
550.00000000 0.02222222 0.02222222
552.00000000 0.02222222 0.02222222
554.00000000 0.01111111 0.01111111
556.00000000 0.01111111 0.01111111
558.00000000 0.01111111 0.01111111
560.00000000 0.01111111 0.01111111
562.00000000 0.01111111 0.01111111
564.00000000 0.01111111 0.01111111
566.00000000 0.01111111 0.01111111
568.00000000 0.01111111 0.01111111
570.00000000 0.01111111 0.01111111
572.00000000 0.01111111 0.01111111
574.00000000 0.01111111 0.01111111
576.00000000 0.01111111 0.01111111
578.00000000 0.01111111 0.01111111
580.00000000 0.01111111 0.01111111
582.00000000 0.01111111 0.01111111
584.00000000 0.01111111 0.01111111
586.00000000 0.01111111 0.01111111
588.00000000 0.01111111 0.01111111
590.00000000 0.01111111 0.01111111
592.00000000 0.01111111 0.01111111
594.00000000 0.01111111 0.01111111
596.00000000 0.01111111 0.01111111
598.00000000 0.01111111 0.01111111
600.00000000 0.01111111 0.01111111
602.00000000 0.01111111 0.01111111
604.00000000 0.01111111 0.01111111
606.00000000 0.01111111 0.01111111
608.00000000 0.01111111 0.01111111
610.00000000 0.01111111 0.01111111
612.00000000 0.01111111 0.01111111
614.00000000 0.01111111 0.01111111
616.00000000 0.01111111 0.01111111
618.00000000 0.00000000 0.01111111
620.00000000 0.01111111 0.01111111
622.00000000 0.01111111 0.01111111
624.00000000 0.01111111 0.01111111
626.00000000 0.01111111 0.01111111
628.00000000 0.00000000 0.00000000
630.00000000 0.00000000 0.00000000
632.00000000 0.00000000 0.00000000
634.00000000 0.00000000 0.00000000
636.00000000 0.00000000 0.00000000
638.00000000 0.00000000 0.00000000
640.00000000 0.00000000 0.00000000
642.00000000 0.00000000 0.00000000
644.00000000 0.00000000 0.00000000
646.00000000 0.00000000 0.00000000
648.00000000 0.00000000 0.00000000
650.00000000 0.00000000 0.00000000
652.00000000 0.00000000 0.00000000
654.00000000 0.00000000 0.00000000
656.00000000 0.00000000 0.00000000
658.00000000 0.00000000 0.00000000
660.00000000 0.00000000 0.00000000
662.00000000 0.00000000 0.00000000
664.00000000 0.00000000 0.00000000
666.00000000 0.00000000 0.00000000
668.00000000 0.00000000 0.00000000
670.00000000 0.00000000 0.00000000
672.00000000 0.00000000 0.00000000
674.00000000 0.00000000 0.00000000
676.00000000 0.00000000 0.00000000
678.00000000 0.00000000 0.00000000
680.00000000 0.00000000 0.00000000
682.00000000 0.00000000 0.00000000
684.00000000 0.00000000 0.00000000
686.00000000 0.00000000 0.00000000
688.00000000 0.00000000 0.00000000
690.00000000 0.00000000 0.00000000
692.00000000 0.00000000 0.00000000
694.00000000 0.00000000 0.00000000
696.00000000 0.00000000 0.00000000
698.00000000 0.00000000 0.00000000
700.00000000 0.00000000 0.00000000
702.00000000 0.00000000 0.00000000
704.00000000 0.00000000 0.00000000
706.00000000 0.00000000 0.00000000
708.00000000 0.00000000 0.00000000
710.00000000 0.00000000 0.00000000
712.00000000 0.00000000 0.00000000
714.00000000 0.00000000 0.00000000
716.00000000 0.00000000 0.00000000
718.00000000 0.00000000 0.00000000
720.00000000 0.00000000 0.00000000
722.00000000 0.00000000 0.00000000
724.00000000 0.00000000 0.00000000
726.00000000 0.00000000 0.00000000
728.00000000 0.00000000 0.00000000
730.00000000 0.00000000 0.00000000
732.00000000 0.00000000 0.00000000
734.00000000 0.00000000 0.00000000
736.00000000 0.00000000 0.00000000
738.00000000 0.00000000 0.00000000
740.00000000 0.00000000 0.00000000
742.00000000 0.00000000 0.00000000
744.00000000 0.00000000 0.00000000
746.00000000 0.00000000 0.00000000
748.00000000 0.00000000 0.00000000
750.00000000 0.00000000 0.00000000
752.00000000 0.00000000 0.00000000
754.00000000 0.00000000 0.00000000
756.00000000 0.00000000 0.00000000
758.00000000 0.00000000 0.00000000
760.00000000 0.00000000 0.00000000
762.00000000 0.00000000 0.00000000
764.00000000 0.00000000 0.00000000
766.00000000 0.00000000 0.00000000
768.00000000 0.00000000 0.00000000
770.00000000 0.00000000 0.00000000
772.00000000 0.00000000 0.00000000
774.00000000 0.00000000 0.00000000
776.00000000 0.00000000 0.00000000
778.00000000 0.00000000 0.00000000
780.00000000 0.00000000 0.00000000
782.00000000 0.00000000 0.00000000
784.00000000 0.00000000 0.00000000
786.00000000 0.00000000 0.00000000
788.00000000 0.00000000 0.00000000
790.00000000 0.00000000 0.00000000
792.00000000 0.00000000 0.00000000
794.00000000 0.00000000 0.00000000
796.00000000 0.00000000 0.00000000
798.00000000 0.00000000 0.00000000
800.00000000 0.00000000 0.00000000
802.00000000 0.00000000 0.00000000
804.00000000 0.00000000 0.00000000
806.00000000 0.00000000 0.00000000
808.00000000 0.00000000 0.00000000
810.00000000 0.00000000 0.00000000
812.00000000 0.00000000 0.00000000
814.00000000 0.00000000 0.00000000
816.00000000 0.00000000 0.00000000
818.00000000 0.00000000 0.00000000
820.00000000 0.00000000 0.00000000
822.00000000 0.00000000 0.00000000
824.00000000 0.00000000 0.00000000
826.00000000 0.00000000 0.00000000
828.00000000 0.00000000 0.00000000
830.00000000 0.00000000 0.00000000
832.00000000 0.00000000 0.00000000
834.00000000 0.00000000 0.00000000
836.00000000 0.00000000 0.00000000
838.00000000 0.00000000 0.00000000
840.00000000 0.00000000 0.00000000
842.00000000 0.00000000 0.00000000
844.00000000 0.00000000 0.00000000
846.00000000 0.00000000 0.00000000
848.00000000 0.00000000 0.00000000
850.00000000 0.00000000 0.00000000
852.00000000 0.00000000 0.00000000
854.00000000 0.00000000 0.00000000
856.00000000 0.00000000 0.00000000
858.00000000 0.00000000 0.00000000
860.00000000 0.00000000 0.00000000
862.00000000 0.00000000 0.00000000
864.00000000 0.00000000 0.00000000
866.00000000 0.00000000 0.00000000
868.00000000 0.00000000 0.00000000
870.00000000 0.00000000 0.00000000
872.00000000 0.00000000 0.00000000
874.00000000 0.00000000 0.00000000
876.00000000 0.00000000 0.00000000
878.00000000 0.00000000 0.00000000
880.00000000 0.00000000 0.00000000
882.00000000 0.00000000 0.00000000
884.00000000 0.00000000 0.00000000
886.00000000 0.00000000 0.00000000
888.00000000 0.00000000 0.00000000
890.00000000 0.00000000 0.00000000
892.00000000 0.00000000 0.00000000
894.00000000 0.00000000 0.00000000
896.00000000 0.00000000 0.00000000
898.00000000 0.00000000 0.00000000
900.00000000 0.00000000 0.00000000
902.00000000 0.00000000 0.00000000
904.00000000 0.00000000 0.00000000
906.00000000 0.00000000 0.00000000
908.00000000 0.00000000 0.00000000
910.00000000 0.00000000 0.00000000
912.00000000 0.00000000 0.00000000
914.00000000 0.00000000 0.00000000
916.00000000 0.00000000 0.00000000
918.00000000 0.00000000 0.00000000
920.00000000 0.00000000 0.00000000
922.00000000 0.00000000 0.00000000
924.00000000 0.00000000 0.00000000
926.00000000 0.00000000 0.00000000
928.00000000 0.00000000 0.00000000
930.00000000 0.00000000 0.00000000
932.00000000 0.00000000 0.00000000
934.00000000 0.00000000 0.00000000
936.00000000 0.00000000 0.00000000
938.00000000 0.00000000 0.00000000
940.00000000 0.00000000 0.00000000
942.00000000 0.00000000 0.00000000
944.00000000 0.00000000 0.00000000
946.00000000 0.00000000 0.00000000
948.00000000 0.00000000 0.00000000
950.00000000 0.00000000 0.00000000
952.00000000 0.00000000 0.00000000
954.00000000 0.00000000 0.00000000
956.00000000 0.00000000 0.00000000
958.00000000 0.00000000 0.00000000
960.00000000 0.00000000 0.00000000
962.00000000 0.00000000 0.00000000
964.00000000 0.00000000 0.00000000
966.00000000 0.00000000 0.00000000
968.00000000 0.00000000 0.00000000
970.00000000 0.00000000 0.00000000
972.00000000 0.00000000 0.00000000
974.00000000 0.00000000 0.00000000
976.00000000 0.00000000 0.00000000
978.00000000 0.00000000 0.00000000
980.00000000 0.00000000 0.00000000
982.00000000 0.00000000 0.00000000
984.00000000 0.00000000 0.00000000
986.00000000 0.00000000 0.00000000
988.00000000 0.00000000 0.00000000
990.00000000 0.00000000 0.00000000
992.00000000 0.00000000 0.00000000
994.00000000 0.00000000 0.00000000
996.00000000 0.00000000 0.00000000
998.00000000 0.00000000 0.00000000
1000.00000000 0.00000000 0.00000000
1002.00000000 0.00000000 0.00000000
1004.00000000 0.00000000 0.00000000
1006.00000000 0.00000000 0.00000000
1008.00000000 0.00000000 0.00000000
1010.00000000 0.00000000 0.00000000
1012.00000000 0.00000000 0.00000000
1014.00000000 0.00000000 0.00000000
1016.00000000 0.00000000 0.00000000
1018.00000000 0.00000000 0.00000000
1020.00000000 0.00000000 0.00000000
1022.00000000 0.00000000 0.00000000
1024.00000000 0.00000000 0.00000000
1026.00000000 0.00000000 0.00000000
1028.00000000 0.00000000 0.00000000
1030.00000000 0.00000000 0.00000000
1032.00000000 0.00000000 0.00000000
1034.00000000 0.00000000 0.00000000
1036.00000000 0.00000000 0.00000000
1038.00000000 0.00000000 0.00000000
1040.00000000 0.00000000 0.00000000
1042.00000000 0.00000000 0.00000000
1044.00000000 0.00000000 0.00000000
1046.00000000 0.00000000 0.00000000
1048.00000000 0.00000000 0.00000000
1050.00000000 0.00000000 0.00000000
1052.00000000 0.00000000 0.00000000
1054.00000000 0.00000000 0.00000000
1056.00000000 0.00000000 0.00000000
1058.00000000 0.00000000 0.00000000
1060.00000000 0.00000000 0.00000000
1062.00000000 0.00000000 0.00000000
1064.00000000 0.00000000 0.00000000
1066.00000000 0.00000000 0.00000000
1068.00000000 0.00000000 0.00000000
1070.00000000 0.00000000 0.00000000
1072.00000000 0.00000000 0.00000000
1074.00000000 0.00000000 0.00000000
1076.00000000 0.00000000 0.00000000
1078.00000000 0.00000000 0.00000000
1080.00000000 0.00000000 0.00000000
1082.00000000 0.00000000 0.00000000
1084.00000000 0.00000000 0.00000000
1086.00000000 0.00000000 0.00000000
1088.00000000 0.00000000 0.00000000
1090.00000000 0.00000000 0.00000000
1092.00000000 0.00000000 0.00000000
1094.00000000 0.00000000 0.00000000
1096.00000000 0.00000000 0.00000000
1098.00000000 0.00000000 0.00000000
1100.00000000 0.00000000 0.00000000
1102.00000000 0.00000000 0.00000000
1104.00000000 0.00000000 0.00000000
1106.00000000 0.00000000 0.00000000
1108.00000000 0.00000000 0.00000000
1110.00000000 0.00000000 0.00000000
1112.00000000 0.00000000 0.00000000
1114.00000000 0.00000000 0.00000000
1116.00000000 0.00000000 0.00000000
1118.00000000 0.00000000 0.00000000
1120.00000000 0.00000000 0.00000000
1122.00000000 0.00000000 0.00000000
1124.00000000 0.00000000 0.00000000
1126.00000000 0.00000000 0.00000000
1128.00000000 0.00000000 0.00000000
1130.00000000 0.00000000 0.00000000
1132.00000000 0.00000000 0.00000000
1134.00000000 0.00000000 0.00000000
1136.00000000 0.00000000 0.00000000
1138.00000000 0.00000000 0.00000000
1140.00000000 0.00000000 0.00000000
1142.00000000 0.00000000 0.00000000
1144.00000000 0.00000000 0.00000000
1146.00000000 0.00000000 0.00000000
1148.00000000 0.00000000 0.00000000
1150.00000000 0.00000000 0.00000000
1152.00000000 0.00000000 0.00000000
1154.00000000 0.00000000 0.00000000
1156.00000000 0.00000000 0.00000000
1158.00000000 0.00000000 0.00000000
1160.00000000 0.00000000 0.00000000
1162.00000000 0.00000000 0.00000000
1164.00000000 0.00000000 0.00000000
1166.00000000 0.00000000 0.00000000
1168.00000000 0.00000000 0.00000000
1170.00000000 0.00000000 0.00000000
1172.00000000 0.00000000 0.00000000
1174.00000000 0.00000000 0.00000000
1176.00000000 0.00000000 0.00000000
1178.00000000 0.00000000 0.00000000
1180.00000000 0.00000000 0.00000000
1182.00000000 0.00000000 0.00000000
1184.00000000 0.00000000 0.00000000
1186.00000000 0.00000000 0.00000000
1188.00000000 0.00000000 0.00000000
1190.00000000 0.00000000 0.00000000
1192.00000000 0.00000000 0.00000000
1194.00000000 0.00000000 0.00000000
1196.00000000 0.00000000 0.00000000
1198.00000000 0.00000000 0.00000000
1200.00000000 0.00000000 0.00000000
1202.00000000 0.00000000 0.00000000
1204.00000000 0.00000000 0.00000000
1206.00000000 0.00000000 0.00000000
1208.00000000 0.00000000 0.00000000
1210.00000000 0.00000000 0.00000000
1212.00000000 0.00000000 0.00000000
1214.00000000 0.00000000 0.00000000
1216.00000000 0.00000000 0.00000000
1218.00000000 0.00000000 0.00000000
1220.00000000 0.00000000 0.00000000
1222.00000000 0.00000000 0.00000000
1224.00000000 0.00000000 0.00000000
1226.00000000 0.00000000 0.00000000
1228.00000000 0.00000000 0.00000000
