0 0.0336403
2 -0.303799
4 -0.26906
6 -0.197807
8 -0.219136
10 -0.185406
12 -0.124219
14 -0.119673
16 -0.0994155
18 -0.0650921
20 -0.0541991
22 -0.0304293
24 -0.0262215
26 -0.00078822
28 0.0137576
30 0.0318509
32 0.0359123
34 0.0686474
36 0.0907457
38 0.123517
40 0.149686
42 0.172743
44 0.203904
46 0.222567
48 0.24735
50 0.261285
52 0.273831
54 0.296786
56 0.314696
58 0.330656
60 0.349548
62 0.370887
64 0.388932
66 0.409685
68 0.427953
70 0.44782
72 0.46218
74 0.473331
76 0.48535
78 0.500194
80 0.511639
82 0.523303
84 0.535636
86 0.549726
88 0.563638
90 0.573293
92 0.583963
94 0.595104
96 0.60321
98 0.610945
100 0.621684
102 0.629053
104 0.634884
106 0.641297
108 0.646701
110 0.654955
112 0.660413
114 0.668832
116 0.676834
118 0.682456
120 0.690378
122 0.698603
124 0.704889
126 0.709636
128 0.716125
130 0.721927
132 0.728195
134 0.733833
136 0.7388
138 0.745238
140 0.750562
142 0.75557
144 0.762249
146 0.765957
148 0.769223
150 0.77476
152 0.779472
154 0.783658
156 0.786273
158 0.791482
160 0.79449
162 0.799048
164 0.802691
166 0.807636
168 0.811619
170 0.813872
172 0.818023
174 0.819815
176 0.823196
178 0.828195
180 0.831507
182 0.835187
184 0.837027
186 0.841198
188 0.843582
190 0.846997
192 0.84864
194 0.85206
196 0.856337
198 0.858929
200 0.860872
202 0.863794
204 0.866865
206 0.870311
208 0.873166
210 0.876954
212 0.879026
214 0.881303
216 0.882899
218 0.884157
220 0.886136
222 0.888533
224 0.89123
226 0.893645
228 0.895469
230 0.897246
232 0.899798
234 0.901834
236 0.903933
238 0.905526
240 0.906381
242 0.907333
244 0.909992
246 0.91143
248 0.913565
250 0.915558
252 0.916763
254 0.918137
256 0.918839
258 0.920252
260 0.922268
262 0.923361
264 0.9252
266 0.926878
268 0.928099
270 0.929208
272 0.930486
274 0.931807
276 0.933331
278 0.934571
280 0.935085
282 0.935328
284 0.936383
286 0.937302
288 0.938132
290 0.938864
292 0.939931
294 0.941037
296 0.942283
298 0.942822
300 0.943523
302 0.943854
304 0.944196
306 0.944729
308 0.945568
310 0.946517
312 0.947118
314 0.947988
316 0.948521
318 0.949446
320 0.950336
322 0.951159
324 0.951743
326 0.952853
328 0.953633
330 0.955149
332 0.955749
334 0.956117
336 0.957151
338 0.958243
340 0.95829
342 0.958663
344 0.959109
346 0.959861
348 0.960232
350 0.960893
352 0.961191
354 0.961932
356 0.961791
358 0.962196
360 0.962959
362 0.963675
364 0.964563
366 0.965595
368 0.966035
370 0.966678
372 0.967571
374 0.968382
376 0.96878
378 0.969742
380 0.971071
382 0.97158
384 0.972278
386 0.973017
388 0.973621
390 0.974116
392 0.974488
394 0.974881
396 0.975778
398 0.976074
400 0.976747
402 0.976971
404 0.976996
406 0.977552
408 0.977982
410 0.978271
412 0.978456
414 0.978968
416 0.979239
418 0.979653
420 0.979987
422 0.980225
424 0.980882
426 0.981191
428 0.981368
430 0.981687
432 0.981952
434 0.982243
436 0.982384
438 0.982676
440 0.983221
442 0.983629
444 0.983872
446 0.984034
448 0.983779
450 0.984138
452 0.983972
454 0.984258
456 0.984639
458 0.984781
460 0.984981
462 0.98538
464 0.985254
466 0.985614
468 0.985774
470 0.985908
472 0.986039
474 0.98645
476 0.986505
478 0.986587
480 0.986776
482 0.987059
484 0.98717
486 0.987471
488 0.987533
490 0.98803
492 0.988087
494 0.988409
496 0.988689
498 0.988846
500 0.989045
502 0.989543
504 0.989576
506 0.989931
508 0.990238
510 0.990259
512 0.990486
514 0.990938
516 0.991248
518 0.991507
520 0.991701
522 0.991803
524 0.992115
526 0.992343
528 0.992513
530 0.992815
532 0.992835
534 0.992797
536 0.99293
538 0.992947
540 0.992956
542 0.99287
544 0.992895
546 0.993284
548 0.993382
550 0.99372
552 0.993818
554 0.993812
556 0.993923
558 0.993994
560 0.994276
562 0.994429
564 0.994548
566 0.994638
568 0.99479
570 0.994927
572 0.994928
574 0.994868
576 0.995025
578 0.995038
580 0.995086
582 0.995199
584 0.995401
586 0.995382
588 0.995471
590 0.995444
592 0.995449
594 0.995434
596 0.995449
598 0.995443
600 0.995407
602 0.995617
604 0.995821
606 0.995916
608 0.99589
610 0.995961
612 0.996092
614 0.995826
616 0.995963
618 0.995884
620 0.995948
622 0.996144
624 0.996073
626 0.996287
628 0.996423
630 0.996472
632 0.99666
634 0.996803
636 0.996966
638 0.996876
640 0.996856
642 0.996849
644 0.996899
646 0.99688
648 0.996775
650 0.997067
652 0.997007
654 0.99689
656 0.996763
658 0.996773
660 0.996786
662 0.996807
664 0.997043
666 0.99731
668 0.997395
670 0.997475
672 0.997583
674 0.997732
676 0.997903
678 0.997919
680 0.998046
682 0.998118
684 0.998182
686 0.998379
688 0.998382
690 0.998456
692 0.998649
694 0.998798
696 0.998979
698 0.999046
700 0.999108
702 0.999128
704 0.999121
706 0.999099
708 0.999199
710 0.999292
712 0.999305
714 0.99935
716 0.999358
718 0.99947
720 0.999489
722 0.999578
724 0.999624
726 0.999706
728 0.999726
730 0.999801
732 0.999836
734 0.999835
736 0.999892
738 0.99994
740 0.999948
742 0.999953
744 0.999948
746 0.999952
748 0.999963
750 0.999957
752 0.999957
754 0.999961
756 0.999961
758 0.999964
760 0.999965
762 0.999972
764 0.99997
766 0.999964
768 0.999966
770 0.999964
772 0.999971
774 0.999968
776 0.999965
778 0.999972
780 0.999966
782 0.999968
784 0.999964
786 0.999966
788 0.999959
790 0.999957
792 0.999962
794 0.999959
796 0.999957
798 0.999959
800 0.999954
802 0.999959
804 0.999956
806 0.999965
808 0.99996
810 0.999961
812 0.999962
814 0.999963
816 0.999964
818 0.999965
820 0.999964
822 0.999969
824 0.999965
826 0.999972
828 0.999968
830 0.999974
832 0.999969
834 0.999967
836 0.999969
838 0.99997
840 0.999972
842 0.999972
844 0.999968
846 0.999966
848 0.999974
850 0.999967
852 0.999966
854 0.999966
856 0.999969
858 0.999973
860 0.999968
862 0.999961
864 0.999967
866 0.999972
868 0.999972
870 0.999973
872 0.999969
874 0.999967
876 0.99997
878 0.99997
880 0.99997
882 0.999961
884 0.999957
886 0.999963
888 0.999951
890 0.999949
892 0.999952
894 0.999955
896 0.999951
898 0.999952
900 0.999948
902 0.999947
904 0.99995
906 0.99995
908 0.99995
910 0.999951
912 0.999951
914 0.999961
916 0.999956
918 0.999953
920 0.999951
922 0.999962
924 0.999964
926 0.999967
928 0.999971
930 0.999968
932 0.999964
934 0.999964
936 0.999962
938 0.99997
940 0.999971
942 0.999971
944 0.999972
946 0.999969
948 0.99997
950 0.999968
952 0.999966
954 0.999971
956 0.99997
958 0.999969
960 0.999967
962 0.999971
964 0.999971
966 0.999969
968 0.999969
970 0.999961
972 0.999967
974 0.999964
976 0.999966
978 0.999964
980 0.999968
982 0.999966
984 0.999967
986 0.999965
988 0.999965
990 0.999968
992 0.999976
994 0.999972
996 0.999973
998 0.999965
1000 0.999965
1002 0.99997
1004 0.999974
1006 0.999972
1008 0.999973
1010 0.999972
1012 0.999972
1014 0.999974
1016 0.999969
1018 0.999971
1020 0.999972
1022 0.999976
1024 0.99997
1026 0.99997
1028 0.99997
1030 0.999966
1032 0.999973
1034 0.999971
1036 0.999965
1038 0.999964
1040 0.999967
1042 0.999965
1044 0.999967
1046 0.999957
1048 0.999964
1050 0.999956
1052 0.999957
1054 0.99996
1056 0.999958
1058 0.999961
1060 0.999956
1062 0.999956
1064 0.999947
1066 0.999956
1068 0.999962
1070 0.999962
1072 0.999959
1074 0.999962
1076 0.999963
1078 0.99997
1080 0.999968
1082 0.999968
1084 0.999967
1086 0.999968
1088 0.999961
1090 0.999964
1092 0.99996
1094 0.99995
1096 0.999948
1098 0.999957
1100 0.999963
1102 0.999968
1104 0.999968
1106 0.999964
1108 0.99996
1110 0.999967
1112 0.999959
1114 0.999957
1116 0.999963
1118 0.999962
1120 0.999965
1122 0.999968
1124 0.999961
1126 0.999957
1128 0.999961
1130 0.999962
1132 0.999964
1134 0.99996
1136 0.999959
1138 0.99995
1140 0.999954
1142 0.999961
1144 0.999966
1146 0.999962
1148 0.999965
1150 0.999965
1152 0.999961
1154 0.999965
1156 0.999959
1158 0.999965
1160 0.999969
1162 0.999965
1164 0.999965
1166 0.999966
1168 0.999963
1170 0.999967
1172 0.999963
1174 0.99997
1176 0.999971
1178 0.999972
1180 0.999966
1182 0.999966
1184 0.999961
1186 0.999965
1188 0.999966
1190 0.999968
1192 0.999968
1194 0.999966
1196 0.999965
1198 0.999966
1200 0.999968
1202 0.999964
1204 0.999969
1206 0.999969
1208 0.999969
1210 0.999965
1212 0.999966
1214 0.999966
1216 0.999962
1218 0.999956
1220 0.999965
1222 0.999962
1224 0.999968
1226 0.999968
1228 0.999968
