0 1711.24800000 1715.70400000
84.50000000 9.96800000 10.00800000
169.00000000 5.16800000 5.26400000
253.50000000 3.63200000 3.51200000
338.00000000 2.78400000 2.70400000
422.50000000 2.20800000 2.26400000
507.00000000 1.91200000 1.83200000
591.50000000 1.59200000 1.60800000
676.00000000 1.42400000 1.37600000
760.50000000 1.20800000 1.19200000
845.00000000 1.05600000 1.04800000
929.50000000 0.92000000 0.88800000
1014.00000000 0.76000000 0.76000000
1098.50000000 0.64800000 0.65600000
1183.00000000 0.52000000 0.54400000
1267.50000000 0.45600000 0.43200000
1352.00000000 0.39200000 0.40800000
1436.50000000 0.33600000 0.33600000
1521.00000000 0.31200000 0.31200000
1605.50000000 0.25600000 0.24000000
1690.00000000 0.21600000 0.23200000
1774.50000000 0.19200000 0.20000000
1859.00000000 0.14400000 0.12800000
1943.50000000 0.12000000 0.12000000
2028.00000000 0.08800000 0.09600000
2112.50000000 0.08800000 0.08800000
2197.00000000 0.07200000 0.07200000
2281.50000000 0.04800000 0.04800000
2366.00000000 0.03200000 0.02400000
2450.50000000 0.02400000 0.03200000
2535.00000000 0.03200000 0.03200000
2619.50000000 0.01600000 0.02400000
2704.00000000 0.01600000 0.01600000
2788.50000000 0.01600000 0.00800000
2873.00000000 0.00800000 0.00800000
2957.50000000 0.00800000 0.00800000
3042.00000000 0.00800000 0.00800000
3126.50000000 0.00000000 0.00000000
3211.00000000 0.00000000 0.00000000
3295.50000000 0.00000000 0.00000000
3380.00000000 0.00000000 0.00000000
3464.50000000 0.00000000 0.00000000
3549.00000000 0.00000000 0.00000000
3633.50000000 0.00000000 0.00000000
3718.00000000 0.00000000 0.00000000
3802.50000000 0.00000000 0.00000000
3887.00000000 0.00000000 0.00000000
3971.50000000 0.00000000 0.00000000
4056.00000000 0.00000000 0.00000000
4140.50000000 0.00000000 0.00000000
4225.00000000 0.00000000 0.00000000
4309.50000000 0.00000000 0.00000000
4394.00000000 0.00000000 0.00000000
4478.50000000 0.00000000 0.00000000
4563.00000000 0.00000000 0.00000000
4647.50000000 0.00000000 0.00000000
4732.00000000 0.00000000 0.00000000
4816.50000000 0.00000000 0.00000000
4901.00000000 0.00000000 0.00000000
4985.50000000 0.00000000 0.00000000
5070.00000000 0.00000000 0.00000000
5154.50000000 0.00000000 0.00000000
5239.00000000 0.00000000 0.00000000
5323.50000000 0.00000000 0.00000000
5408.00000000 0.00000000 0.00000000
5492.50000000 0.00000000 0.00000000
5577.00000000 0.00000000 0.00000000
5661.50000000 0.00000000 0.00000000
5746.00000000 0.00000000 0.00000000
5830.50000000 0.00000000 0.00000000
5915.00000000 0.00000000 0.00000000
5999.50000000 0.00000000 0.00000000
6084.00000000 0.00000000 0.00000000
6168.50000000 0.00000000 0.00000000
6253.00000000 0.00000000 0.00000000
6337.50000000 0.00000000 0.00000000
6422.00000000 0.00000000 0.00000000
6506.50000000 0.00000000 0.00000000
6591.00000000 0.00000000 0.00000000
6675.50000000 0.00000000 0.00000000
6760.00000000 0.00000000 0.00000000
6844.50000000 0.00000000 0.00000000
6929.00000000 0.00000000 0.00000000
7013.50000000 0.00000000 0.00000000
7098.00000000 0.00000000 0.00000000
7182.50000000 0.00000000 0.00000000
7267.00000000 0.00000000 0.00000000
7351.50000000 0.00000000 0.00000000
7436.00000000 0.00000000 0.00000000
7520.50000000 0.00000000 0.00000000
7605.00000000 0.00000000 0.00000000
7689.50000000 0.00000000 0.00000000
7774.00000000 0.00000000 0.00000000
7858.50000000 0.00000000 0.00000000
7943.00000000 0.00000000 0.00000000
8027.50000000 0.00000000 0.00000000
8112.00000000 0.00000000 0.00000000
8196.50000000 0.00000000 0.00000000
8281.00000000 0.00000000 0.00000000
8365.50000000 0.00000000 0.00000000
8450.00000000 0.00000000 0.00000000
