0 0.000148322
25 0.0300279
50 0.0553793
75 0.0792966
100 0.102738
125 0.126009
150 0.148728
175 0.171358
200 0.192279
225 0.213412
250 0.234738
275 0.255888
300 0.277453
325 0.298169
350 0.319556
375 0.339586
400 0.359525
425 0.380482
450 0.400546
475 0.420661
500 0.439612
525 0.459284
550 0.478979
575 0.496499
600 0.513073
625 0.529841
650 0.547017
675 0.562056
700 0.577585
725 0.593205
750 0.608265
775 0.62366
800 0.63762
825 0.650755
850 0.663436
875 0.674347
900 0.685159
925 0.694899
950 0.704768
975 0.714771
1000 0.725045
1025 0.734409
1050 0.742918
1075 0.751716
1100 0.759641
1125 0.76802
1150 0.775557
1175 0.783254
1200 0.789727
1225 0.795942
1250 0.801291
1275 0.806686
1300 0.811374
1325 0.816099
1350 0.820356
1375 0.825465
1400 0.829245
1425 0.833576
1450 0.837947
1475 0.842167
1500 0.846786
1525 0.850931
1550 0.854372
1575 0.858139
1600 0.862433
1625 0.866337
1650 0.870087
1675 0.873739
1700 0.87693
1725 0.879923
1750 0.883654
1775 0.886427
1800 0.889082
1825 0.891479
1850 0.893601
1875 0.896116
1900 0.898237
1925 0.900171
1950 0.902578
1975 0.904347
2000 0.906425
2025 0.908022
2050 0.909804
2075 0.911961
2100 0.913838
2125 0.915908
2150 0.917214
2175 0.919209
2200 0.920504
2225 0.921291
2250 0.922877
2275 0.92477
2300 0.925906
2325 0.927157
2350 0.928084
2375 0.928988
2400 0.929809
2425 0.930246
2450 0.931266
2475 0.931611
2500 0.93225
2525 0.933011
2550 0.933359
2575 0.933536
2600 0.933678
2625 0.934181
2650 0.934771
2675 0.934833
2700 0.935204
2725 0.934879
2750 0.935253
2775 0.935763
2800 0.936085
2825 0.936415
2850 0.936771
2875 0.937224
2900 0.937431
2925 0.937335
2950 0.937721
2975 0.938161
3000 0.938946
3025 0.939112
3050 0.939452
3075 0.939433
3100 0.939511
3125 0.939604
3150 0.939835
3175 0.939921
3200 0.940076
3225 0.940136
3250 0.940558
3275 0.940711
3300 0.940955
3325 0.940858
3350 0.941149
3375 0.941364
3400 0.941163
3425 0.941042
3450 0.941499
3475 0.94172
3500 0.942001
3525 0.942176
3550 0.942269
3575 0.942337
3600 0.942323
3625 0.942649
3650 0.942937
3675 0.942701
3700 0.942787
3725 0.942969
3750 0.942748
3775 0.943281
3800 0.943546
3825 0.943545
3850 0.943736
3875 0.943776
3900 0.943713
3925 0.943312
3950 0.943802
3975 0.94388
4000 0.943592
4025 0.94347
4050 0.944066
4075 0.943995
4100 0.944357
4125 0.944197
4150 0.944271
4175 0.944294
4200 0.944108
4225 0.944208
4250 0.943929
4275 0.943732
4300 0.943593
4325 0.94342
4350 0.943692
4375 0.943819
4400 0.943286
4425 0.943398
4450 0.943352
4475 0.943523
4500 0.943315
4525 0.943206
4550 0.943721
4575 0.943543
4600 0.943433
4625 0.943269
4650 0.943467
4675 0.943381
4700 0.943352
4725 0.943648
4750 0.943568
4775 0.943909
4800 0.943984
4825 0.944049
4850 0.943794
4875 0.94396
4900 0.944097
4925 0.943985
4950 0.944016
4975 0.943599
5000 0.943343
