0 0.000145584
25 0.0286056
50 0.0535996
75 0.0772221
100 0.100702
125 0.123995
150 0.146126
175 0.168048
200 0.190038
225 0.211898
250 0.233007
275 0.25409
300 0.277012
325 0.298297
350 0.319509
375 0.339245
400 0.360061
425 0.382483
450 0.403734
475 0.424574
500 0.443791
525 0.46298
550 0.482419
575 0.499204
600 0.515016
625 0.531341
650 0.549183
675 0.564383
700 0.578823
725 0.595145
750 0.610804
775 0.626857
800 0.641154
825 0.655449
850 0.669434
875 0.680808
900 0.691208
925 0.700974
950 0.711088
975 0.72135
1000 0.73223
1025 0.741287
1050 0.749935
1075 0.758862
1100 0.767499
1125 0.77587
1150 0.78336
1175 0.790845
1200 0.79688
1225 0.80333
1250 0.808102
1275 0.81375
1300 0.817724
1325 0.821707
1350 0.825734
1375 0.830234
1400 0.83406
1425 0.837735
1450 0.841002
1475 0.844042
1500 0.847851
1525 0.851394
1550 0.853847
1575 0.856992
1600 0.860505
1625 0.863311
1650 0.865764
1675 0.868331
1700 0.871222
1725 0.873379
1750 0.876596
1775 0.879155
1800 0.881703
1825 0.883466
1850 0.885055
1875 0.887431
1900 0.88883
1925 0.890356
1950 0.891727
1975 0.89385
2000 0.896079
2025 0.897652
2050 0.899058
2075 0.900735
2100 0.902079
2125 0.903779
2150 0.905299
2175 0.907561
2200 0.909066
2225 0.910379
2250 0.912108
2275 0.914531
2300 0.915992
2325 0.917712
2350 0.918697
2375 0.920027
2400 0.921279
2425 0.922095
2450 0.923624
2475 0.924295
2500 0.924465
2525 0.925593
2550 0.926197
2575 0.925741
2600 0.926271
2625 0.926703
2650 0.927735
2675 0.927348
2700 0.927854
2725 0.927448
2750 0.927483
2775 0.928176
2800 0.928036
2825 0.928807
2850 0.929128
2875 0.929289
2900 0.930083
2925 0.929639
2950 0.930411
2975 0.930541
3000 0.930876
3025 0.931561
3050 0.93166
3075 0.931596
3100 0.931556
3125 0.931712
3150 0.932007
3175 0.931924
3200 0.932295
3225 0.932608
3250 0.932886
3275 0.933492
3300 0.933986
3325 0.933342
3350 0.93388
3375 0.933753
3400 0.933893
3425 0.933891
3450 0.934404
3475 0.934915
3500 0.935427
3525 0.935708
3550 0.935944
3575 0.936283
3600 0.935926
3625 0.936374
3650 0.936353
3675 0.936421
3700 0.936045
3725 0.936177
3750 0.935761
3775 0.936165
3800 0.936533
3825 0.936606
3850 0.936839
3875 0.936356
3900 0.936625
3925 0.936297
3950 0.936254
3975 0.936379
4000 0.936576
4025 0.936071
4050 0.936874
4075 0.936742
4100 0.937081
4125 0.936934
4150 0.936509
4175 0.936242
4200 0.936388
4225 0.936927
4250 0.936283
4275 0.936252
4300 0.936465
4325 0.936392
4350 0.936676
4375 0.937009
4400 0.936911
4425 0.937021
4450 0.936588
4475 0.937044
4500 0.936844
4525 0.936538
4550 0.937242
4575 0.936832
4600 0.936536
4625 0.936232
4650 0.936042
4675 0.936063
4700 0.936156
4725 0.936353
4750 0.935949
4775 0.936489
4800 0.936579
4825 0.936793
4850 0.936643
4875 0.936815
4900 0.937165
4925 0.937196
4950 0.937211
4975 0.936596
5000 0.936187
