0 0.00015106
25 0.0314501
50 0.057159
75 0.081371
100 0.104775
125 0.128023
150 0.15133
175 0.174668
200 0.194521
225 0.214926
250 0.236469
275 0.257686
300 0.277894
325 0.298041
350 0.319604
375 0.339927
400 0.358989
425 0.378482
450 0.397358
475 0.416748
500 0.435433
525 0.455588
550 0.475539
575 0.493794
600 0.511131
625 0.528341
650 0.544852
675 0.559728
700 0.576348
725 0.591266
750 0.605726
775 0.620462
800 0.634085
825 0.646061
850 0.657438
875 0.667886
900 0.679109
925 0.688825
950 0.698448
975 0.708193
1000 0.717861
1025 0.72753
1050 0.735902
1075 0.74457
1100 0.751783
1125 0.76017
1150 0.767755
1175 0.775663
1200 0.782574
1225 0.788554
1250 0.79448
1275 0.799623
1300 0.805024
1325 0.810492
1350 0.814978
1375 0.820696
1400 0.82443
1425 0.829417
1450 0.834892
1475 0.840293
1500 0.845722
1525 0.850467
1550 0.854897
1575 0.859286
1600 0.864362
1625 0.869363
1650 0.87441
1675 0.879147
1700 0.882638
1725 0.886468
1750 0.890712
1775 0.893698
1800 0.896462
1825 0.899491
1850 0.902147
1875 0.904802
1900 0.907645
1925 0.909986
1950 0.913428
1975 0.914843
2000 0.916771
2025 0.918391
2050 0.920551
2075 0.923188
2100 0.925597
2125 0.928037
2150 0.929128
2175 0.930857
2200 0.931942
2225 0.932203
2250 0.933646
2275 0.935009
2300 0.93582
2325 0.936603
2350 0.937472
2375 0.937948
2400 0.93834
2425 0.938396
2450 0.938908
2475 0.938927
2500 0.940034
2525 0.940429
2550 0.94052
2575 0.941331
2600 0.941084
2625 0.941659
2650 0.941807
2675 0.942318
2700 0.942554
2725 0.942311
2750 0.943022
2775 0.943349
2800 0.944133
2825 0.944023
2850 0.944414
2875 0.945158
2900 0.94478
2925 0.94503
2950 0.945031
2975 0.945781
3000 0.947015
3025 0.946664
3050 0.947244
3075 0.947271
3100 0.947465
3125 0.947496
3150 0.947663
3175 0.947917
3200 0.947858
3225 0.947664
3250 0.948229
3275 0.947931
3300 0.947923
3325 0.948375
3350 0.948419
3375 0.948974
3400 0.948433
3425 0.948192
3450 0.948595
3475 0.948525
3500 0.948576
3525 0.948644
3550 0.948595
3575 0.948391
3600 0.948721
3625 0.948924
3650 0.949522
3675 0.948982
3700 0.949529
3725 0.94976
3750 0.949736
3775 0.950396
3800 0.95056
3825 0.950484
3850 0.950633
3875 0.951197
3900 0.950801
3925 0.950328
3950 0.95135
3975 0.951381
4000 0.950608
4025 0.950869
4050 0.951258
4075 0.951248
4100 0.951632
4125 0.95146
4150 0.952032
4175 0.952345
4200 0.951828
4225 0.951489
4250 0.951576
4275 0.951213
4300 0.950721
4325 0.950448
4350 0.950709
4375 0.950629
4400 0.94966
4425 0.949775
4450 0.950116
4475 0.950003
4500 0.949786
4525 0.949874
4550 0.9502
4575 0.950254
4600 0.950329
4625 0.950306
4650 0.950892
4675 0.950699
4700 0.950547
4725 0.950943
4750 0.951186
4775 0.951328
4800 0.951388
4825 0.951306
4850 0.950944
4875 0.951106
4900 0.951029
4925 0.950774
4950 0.95082
4975 0.950602
5000 0.950499
