0 4.06384e-08
25 0.00191768
50 0.00647205
75 0.0127914
100 0.0209652
125 0.0305247
150 0.0416552
175 0.0540708
200 0.0658838
225 0.0790394
250 0.0941898
275 0.110482
300 0.125975
325 0.14218
350 0.160016
375 0.177429
400 0.194317
425 0.212306
450 0.230658
475 0.249593
500 0.268748
525 0.29065
550 0.313087
575 0.334041
600 0.355208
625 0.374819
650 0.394213
675 0.41194
700 0.431814
725 0.449612
750 0.466834
775 0.484811
800 0.500993
825 0.516327
850 0.530291
875 0.543291
900 0.557378
925 0.567748
950 0.579229
975 0.590949
1000 0.602769
1025 0.614549
1050 0.624448
1075 0.635774
1100 0.645534
1125 0.656215
1150 0.665796
1175 0.6761
1200 0.684638
1225 0.692718
1250 0.700062
1275 0.706737
1300 0.713772
1325 0.720557
1350 0.726131
1375 0.732731
1400 0.73706
1425 0.743099
1450 0.749936
1475 0.756506
1500 0.763832
1525 0.770155
1550 0.775655
1575 0.781619
1600 0.788956
1625 0.795815
1650 0.803051
1675 0.809603
1700 0.813727
1725 0.818914
1750 0.82467
1775 0.828611
1800 0.832714
1825 0.836593
1850 0.84022
1875 0.843441
1900 0.847467
1925 0.850445
1950 0.854918
1975 0.856656
2000 0.858986
2025 0.860991
2050 0.863806
2075 0.867449
2100 0.870458
2125 0.874112
2150 0.87566
2175 0.878222
2200 0.879992
2225 0.880142
2250 0.882435
2275 0.884686
2300 0.885818
2325 0.886924
2350 0.888284
2375 0.888771
2400 0.889273
2425 0.889234
2450 0.889682
2475 0.889654
2500 0.891479
2525 0.89157
2550 0.891574
2575 0.89289
2600 0.892101
2625 0.892954
2650 0.893082
2675 0.893634
2700 0.893751
2725 0.893068
2750 0.894013
2775 0.894298
2800 0.895567
2825 0.895027
2850 0.895617
2875 0.896947
2900 0.896058
2925 0.896337
2950 0.896161
2975 0.897368
3000 0.899618
3025 0.898825
3050 0.899945
3075 0.899844
3100 0.900093
3125 0.900016
3150 0.900166
3175 0.90058
3200 0.900488
3225 0.900094
3250 0.901139
3275 0.900501
3300 0.900311
3325 0.901093
3350 0.901058
3375 0.901955
3400 0.900974
3425 0.900395
3450 0.901152
3475 0.900975
3500 0.901014
3525 0.901112
3550 0.900992
3575 0.900576
3600 0.901063
3625 0.901337
3650 0.902354
3675 0.901245
3700 0.902181
3725 0.902422
3750 0.902327
3775 0.903445
3800 0.903704
3825 0.903521
3850 0.903759
3875 0.904822
3900 0.90407
3925 0.903161
3950 0.905106
3975 0.905162
4000 0.903691
4025 0.904177
4050 0.904921
4075 0.904901
4100 0.90563
4125 0.905301
4150 0.906391
4175 0.906986
4200 0.906001
4225 0.90536
4250 0.905526
4275 0.904845
4300 0.903905
4325 0.903388
4350 0.903882
4375 0.903734
4400 0.901897
4425 0.902106
4450 0.902754
4475 0.902538
4500 0.902131
4525 0.902296
4550 0.902925
4575 0.903025
4600 0.903157
4625 0.903108
4650 0.904227
4675 0.903859
4700 0.90357
4725 0.904332
4750 0.904786
4775 0.905053
4800 0.905168
4825 0.90501
4850 0.904327
4875 0.904634
4900 0.904493
4925 0.904001
4950 0.904089
4975 0.903682
5000 0.90348
