0 -0.116314
25 0.0290418
50 0.128511
75 0.17544
100 0.216285
125 0.267885
150 0.313192
175 0.339014
200 0.351393
225 0.370517
250 0.400216
275 0.411535
300 0.430006
325 0.455633
350 0.475634
375 0.491352
400 0.514364
425 0.534633
450 0.554526
475 0.575057
500 0.595166
525 0.618312
550 0.637309
575 0.654482
600 0.667715
625 0.681969
650 0.699254
675 0.711527
700 0.722402
725 0.733684
750 0.746337
775 0.759965
800 0.771487
825 0.781058
850 0.79313
875 0.801689
900 0.807971
925 0.817115
950 0.825294
975 0.832539
1000 0.840157
1025 0.846948
1050 0.852647
1075 0.858468
1100 0.86376
1125 0.869488
1150 0.873329
1175 0.877826
1200 0.881861
1225 0.886598
1250 0.889752
1275 0.893512
1300 0.895735
1325 0.898025
1350 0.90047
1375 0.903726
1400 0.906415
1425 0.909173
1450 0.911235
1475 0.913529
1500 0.916688
1525 0.919252
1550 0.921564
1575 0.924497
1600 0.926992
1625 0.929576
1650 0.931655
1675 0.933948
1700 0.936674
1725 0.938655
1750 0.941384
1775 0.943667
1800 0.945093
1825 0.94639
1850 0.947915
1875 0.950079
1900 0.951473
1925 0.953016
1950 0.954701
1975 0.956416
2000 0.958303
2025 0.959892
2050 0.96104
2075 0.961796
2100 0.963461
2125 0.96439
2150 0.966024
2175 0.967418
2200 0.968086
2225 0.968777
2250 0.969983
2275 0.971276
2300 0.972056
2325 0.972863
2350 0.973501
2375 0.974052
2400 0.97434
2425 0.97479
2450 0.975438
2475 0.975791
2500 0.975856
2525 0.976025
2550 0.976427
2575 0.976384
2600 0.97653
2625 0.976815
2650 0.977244
2675 0.977501
2700 0.97772
2725 0.977844
2750 0.977921
2775 0.977993
2800 0.978478
2825 0.978765
2850 0.979269
2875 0.979459
2900 0.979859
2925 0.979917
2950 0.980245
2975 0.98059
3000 0.980874
3025 0.981187
3050 0.981284
3075 0.981364
3100 0.981796
3125 0.981889
3150 0.982229
3175 0.982381
3200 0.982439
3225 0.982746
3250 0.983039
3275 0.983346
3300 0.98356
3325 0.983574
3350 0.983786
3375 0.983886
3400 0.984008
3425 0.983992
3450 0.984222
3475 0.984247
3500 0.984312
3525 0.98431
3550 0.984406
3575 0.984479
3600 0.984486
3625 0.984547
3650 0.98459
3675 0.984588
3700 0.984586
3725 0.9846
3750 0.984661
3775 0.984722
3800 0.984725
3825 0.984698
3850 0.984764
3875 0.984767
3900 0.984766
3925 0.984761
3950 0.984754
3975 0.984762
4000 0.98479
4025 0.98476
4050 0.984784
4075 0.984818
4100 0.984781
4125 0.984768
4150 0.98476
4175 0.984754
4200 0.984764
4225 0.984752
4250 0.984777
4275 0.984762
4300 0.984781
4325 0.984784
4350 0.984781
4375 0.984761
4400 0.984767
4425 0.984771
4450 0.984802
4475 0.984822
4500 0.9848
4525 0.984804
4550 0.984785
4575 0.984764
4600 0.984761
4625 0.984798
4650 0.984797
4675 0.984768
4700 0.984744
4725 0.984763
4750 0.984751
4775 0.984768
4800 0.984782
4825 0.984797
4850 0.984774
4875 0.984817
4900 0.984775
4925 0.984785
4950 0.984776
4975 0.984807
5000 0.98481
