0 0.219117
25 0.061209
50 0.019051
75 0.0681252
100 0.0902093
125 0.137593
150 0.181059
175 0.227694
200 0.25882
225 0.288935
250 0.315553
275 0.336158
300 0.368736
325 0.399391
350 0.433462
375 0.464496
400 0.492186
425 0.517914
450 0.539148
475 0.562904
500 0.582567
525 0.599683
550 0.615501
575 0.63004
600 0.640377
625 0.657256
650 0.672072
675 0.685139
700 0.70005
725 0.71391
750 0.727639
775 0.740663
800 0.753948
825 0.762976
850 0.773112
875 0.782055
900 0.791434
925 0.803431
950 0.812639
975 0.821724
1000 0.830312
1025 0.838939
1050 0.846927
1075 0.853189
1100 0.85782
1125 0.864402
1150 0.870477
1175 0.876261
1200 0.882081
1225 0.885977
1250 0.890901
1275 0.89468
1300 0.898608
1325 0.90309
1350 0.90674
1375 0.912123
1400 0.915585
1425 0.919808
1450 0.924119
1475 0.928602
1500 0.932069
1525 0.935211
1550 0.938694
1575 0.941429
1600 0.944007
1625 0.947045
1650 0.949701
1675 0.952513
1700 0.955488
1725 0.957894
1750 0.960546
1775 0.962546
1800 0.963828
1825 0.965999
1850 0.967623
1875 0.969739
1900 0.971295
1925 0.972984
1950 0.975349
1975 0.976441
2000 0.977969
2025 0.979193
2050 0.980656
2075 0.982197
2100 0.983977
2125 0.985069
2150 0.985658
2175 0.986465
2200 0.986786
2225 0.987181
2250 0.987679
2275 0.988053
2300 0.988514
2325 0.988943
2350 0.98927
2375 0.98974
2400 0.990015
2425 0.99018
2450 0.990775
2475 0.990846
2500 0.991156
2525 0.9919
2550 0.992091
2575 0.992343
2600 0.992705
2625 0.992973
2650 0.993143
2675 0.993613
2700 0.993986
2725 0.994235
2750 0.994689
2775 0.995067
2800 0.995312
2825 0.995681
2850 0.995854
2875 0.995944
2900 0.996137
2925 0.996355
2950 0.996554
2975 0.996795
3000 0.996899
3025 0.99704
3050 0.997019
3075 0.99719
3100 0.997323
3125 0.997473
3150 0.99766
3175 0.997738
3200 0.997715
3225 0.997742
3250 0.997775
3275 0.997854
3300 0.99805
3325 0.998134
3350 0.998267
3375 0.998442
3400 0.998388
3425 0.998524
3450 0.998534
3475 0.998582
3500 0.998647
3525 0.99868
3550 0.998711
3575 0.998742
3600 0.998897
3625 0.999022
3650 0.999154
3675 0.999247
3700 0.999361
3725 0.999581
3750 0.999635
3775 0.999788
3800 0.999845
3825 0.999888
3850 0.999938
3875 0.999949
3900 0.999947
3925 0.999959
3950 0.999957
3975 0.999959
4000 0.99996
4025 0.999972
4050 0.999968
4075 0.999969
4100 0.999971
4125 0.999972
4150 0.999971
4175 0.999972
4200 0.999973
4225 0.999969
4250 0.999969
4275 0.999958
4300 0.999962
4325 0.99996
4350 0.999963
4375 0.999957
4400 0.999952
4425 0.999963
4450 0.999963
4475 0.999964
4500 0.999957
4525 0.99996
4550 0.999952
4575 0.999953
4600 0.999966
4625 0.999971
4650 0.999966
4675 0.999966
4700 0.999966
4725 0.999956
4750 0.999965
4775 0.999968
4800 0.999968
4825 0.999969
4850 0.999963
4875 0.999965
4900 0.99996
4925 0.999968
4950 0.999966
4975 0.999958
5000 0.999965
