0 1.46858e-08
84.5 0.00134729
169 0.00300741
253.5 0.00412478
338 0.00543723
422.5 0.00552532
507 0.00635783
591.5 0.00704538
676 0.00785452
760.5 0.00878666
845 0.0118454
929.5 0.0120541
1014 0.0119227
1098.5 0.0114319
1183 0.0108042
1267.5 0.0117461
1352 0.0117586
1436.5 0.0109145
1521 0.0105998
1605.5 0.0102974
1690 0.0105212
1774.5 0.0102182
1859 0.00990932
1943.5 0.009872
2028 0.00990774
2112.5 0.00953226
2197 0.0095642
2281.5 0.0088562
2366 0.00866712
2450.5 0.00912953
2535 0.00958933
2619.5 0.00975898
2704 0.00905001
2788.5 0.00861895
2873 0.0076995
2957.5 0.00790925
3042 0.00745223
3126.5 0.00706537
3211 0.00667989
3295.5 0.00593415
3380 0.00634731
3464.5 0.00646795
3549 0.00678904
3633.5 0.00663726
3718 0.00646761
3802.5 0.00593367
3887 0.00543241
3971.5 0.00537287
4056 0.00530293
4140.5 0.00560177
4225 0.00516256
4309.5 0.0052167
4394 0.00486691
4478.5 0.00471139
4563 0.00447758
4647.5 0.00423078
4732 0.00403536
4816.5 0.00401958
4901 0.00396581
4985.5 0.00399759
5070 0.00386043
5154.5 0.00405525
5239 0.00377532
5323.5 0.0037531
5408 0.00357733
5492.5 0.00367428
5577 0.00366474
5661.5 0.0036159
5746 0.00346386
5830.5 0.00368728
5915 0.00380401
5999.5 0.00398395
6084 0.00409554
6168.5 0.00428851
6253 0.00382982
6337.5 0.00347813
6422 0.00380476
6506.5 0.00397621
6591 0.00397556
6675.5 0.00417532
6760 0.0044029
6844.5 0.00427885
6929 0.00464534
7013.5 0.00469622
7098 0.00475852
7182.5 0.00431053
7267 0.00432408
7351.5 0.00482525
7436 0.0050877
7520.5 0.00501782
7605 0.00469211
7689.5 0.00421281
7774 0.00396245
7858.5 0.00400838
7943 0.00390966
8027.5 0.00394142
8112 0.00406816
8196.5 0.0040017
8281 0.00388737
8365.5 0.00389697
8450 0.00420548
