0 0.125426
84.5 -0.139118
169 -0.0259346
253.5 0.152909
338 0.0665607
422.5 0.124102
507 0.144743
591.5 0.189708
676 0.171101
760.5 0.0291987
845 -0.177319
929.5 0.00785066
1014 0.0831835
1098.5 0.187434
1183 0.147632
1267.5 0.0184301
1352 -0.0452524
1436.5 0.0275882
1521 0.0871433
1605.5 0.0938278
1690 0.0933786
1774.5 0.168078
1859 0.166621
1943.5 0.141863
2028 0.11074
2112.5 0.116838
2197 0.102008
2281.5 0.11241
2366 0.0633483
2450.5 0.0160101
2535 -0.000207165
2619.5 -0.0713768
2704 0.01095
2788.5 -0.0112381
2873 0.0911823
2957.5 0.0630852
3042 0.00678127
3126.5 -0.0255146
3211 -0.00539433
3295.5 0.00922123
3380 -0.0150752
3464.5 -0.0471038
3549 -0.0738123
3633.5 -0.0636913
3718 -0.0661129
3802.5 0.00098954
3887 -0.0849068
3971.5 -0.168133
4056 -0.186734
4140.5 -0.259932
4225 -0.248099
4309.5 -0.364527
4394 -0.258909
4478.5 -0.26437
4563 -0.272839
4647.5 -0.287787
4732 -0.333436
4816.5 -0.338131
4901 -0.194377
4985.5 -0.212181
5070 -0.201507
5154.5 -0.283849
5239 -0.203792
5323.5 -0.18916
5408 -0.204098
5492.5 -0.222406
5577 -0.244679
5661.5 -0.214779
5746 -0.176775
5830.5 -0.178904
5915 -0.184159
5999.5 -0.168871
6084 -0.303482
6168.5 -0.286704
6253 -0.234334
6337.5 -0.19546
6422 -0.238076
6506.5 -0.192166
6591 -0.197182
6675.5 -0.170958
6760 -0.205354
6844.5 -0.122862
6929 -0.107832
7013.5 -0.195938
7098 -0.173953
7182.5 -0.102033
7267 -0.0982616
7351.5 -0.256303
7436 -0.329276
7520.5 -0.401886
7605 -0.389099
7689.5 -0.187274
7774 -0.2957
7858.5 -0.2905
7943 -0.344945
8027.5 -0.314721
8112 -0.19558
8196.5 -0.0990819
8281 -0.0321878
8365.5 -0.0336769
8450 -0.109771
