0 1.75822e-08
84.5 0.00930095
169 0.0319888
253.5 0.0666852
338 0.108381
422.5 0.154679
507 0.205467
591.5 0.258069
676 0.312547
760.5 0.368828
845 0.421869
929.5 0.479186
1014 0.532006
1098.5 0.580463
1183 0.6304
1267.5 0.6722
1352 0.703794
1436.5 0.729164
1521 0.751138
1605.5 0.772168
1690 0.790293
1774.5 0.807529
1859 0.823216
1943.5 0.834366
2028 0.845308
2112.5 0.854079
2197 0.862196
2281.5 0.869614
2366 0.876701
2450.5 0.881765
2535 0.885154
2619.5 0.88764
2704 0.891476
2788.5 0.893111
2873 0.895481
2957.5 0.896167
3042 0.895813
3126.5 0.897072
3211 0.895514
3295.5 0.896761
3380 0.897368
3464.5 0.898435
3549 0.897766
3633.5 0.899501
3718 0.900676
3802.5 0.90073
3887 0.901067
3971.5 0.899438
4056 0.89898
4140.5 0.900289
4225 0.898678
4309.5 0.898172
4394 0.898873
4478.5 0.898582
4563 0.898377
4647.5 0.898029
4732 0.898043
4816.5 0.899901
4901 0.898594
4985.5 0.897793
5070 0.899772
5154.5 0.899717
5239 0.900239
5323.5 0.899569
5408 0.898889
5492.5 0.89851
5577 0.899605
5661.5 0.898581
5746 0.899351
5830.5 0.89842
5915 0.898617
5999.5 0.898659
6084 0.898636
6168.5 0.899142
6253 0.899409
6337.5 0.898473
6422 0.899143
6506.5 0.898627
6591 0.89948
6675.5 0.899173
6760 0.898465
6844.5 0.900451
6929 0.899244
7013.5 0.900256
7098 0.8991
7182.5 0.899738
7267 0.89838
7351.5 0.897556
7436 0.900205
7520.5 0.898689
7605 0.899413
7689.5 0.90006
7774 0.900293
7858.5 0.899702
7943 0.897751
8027.5 0.898589
8112 0.899854
8196.5 0.900549
8281 0.898801
8365.5 0.900059
8450 0.90065
