0 9.85906e-05
84.5 0.0692866
169 0.132618
253.5 0.195818
338 0.257861
422.5 0.317667
507 0.376634
591.5 0.432014
676 0.485059
760.5 0.535756
845 0.582591
929.5 0.630111
1014 0.672762
1098.5 0.710128
1183 0.747854
1267.5 0.778443
1352 0.80123
1436.5 0.820759
1521 0.83816
1605.5 0.854359
1690 0.869193
1774.5 0.882309
1859 0.893099
1943.5 0.901171
2028 0.909145
2112.5 0.915744
2197 0.922005
2281.5 0.927227
2366 0.932085
2450.5 0.935986
2535 0.938781
2619.5 0.940801
2704 0.943361
2788.5 0.944515
2873 0.945967
2957.5 0.946529
3042 0.946404
3126.5 0.947114
3211 0.946294
3295.5 0.946954
3380 0.947278
3464.5 0.947841
3549 0.947488
3633.5 0.948403
3718 0.949022
3802.5 0.949049
3887 0.949231
3971.5 0.948373
4056 0.94813
4140.5 0.94882
4225 0.947969
4309.5 0.947705
4394 0.948066
4478.5 0.947919
4563 0.94781
4647.5 0.947631
4732 0.947635
4816.5 0.948613
4901 0.947923
4985.5 0.947506
5070 0.94855
5154.5 0.948518
5239 0.948791
5323.5 0.948445
5408 0.948084
5492.5 0.94788
5577 0.948459
5661.5 0.947917
5746 0.948323
5830.5 0.947831
5915 0.947935
5999.5 0.947957
6084 0.947945
6168.5 0.948214
6253 0.948353
6337.5 0.947859
6422 0.948216
6506.5 0.947941
6591 0.948389
6675.5 0.948231
6760 0.947857
6844.5 0.948907
6929 0.94827
7013.5 0.948802
7098 0.948191
7182.5 0.948529
7267 0.947808
7351.5 0.94737
7436 0.948774
7520.5 0.947972
7605 0.948352
7689.5 0.9487
7774 0.948818
7858.5 0.948512
7943 0.947482
8027.5 0.947922
8112 0.948593
8196.5 0.948958
8281 0.94803
8365.5 0.9487
8450 0.949015
