0 0.191152
84.5 0.0625577
169 0.181159
253.5 0.260907
338 0.37001
422.5 0.467198
507 0.551553
591.5 0.617258
676 0.671609
760.5 0.715041
845 0.757062
929.5 0.793103
1014 0.824579
1098.5 0.848931
1183 0.872849
1267.5 0.890712
1352 0.903696
1436.5 0.917586
1521 0.930782
1605.5 0.942134
1690 0.953942
1774.5 0.962671
1859 0.967918
1943.5 0.972593
2028 0.977298
2112.5 0.981526
2197 0.985762
2281.5 0.988526
2366 0.990885
2450.5 0.993501
2535 0.995638
2619.5 0.997136
2704 0.998262
2788.5 0.998877
2873 0.999299
2957.5 0.999722
3042 0.999853
3126.5 0.999948
3211 0.999954
3295.5 0.999956
3380 0.999965
3464.5 0.999963
3549 0.999963
3633.5 0.999965
3718 0.999963
3802.5 0.99996
3887 0.99997
3971.5 0.99997
4056 0.999967
4140.5 0.999967
4225 0.999962
4309.5 0.999971
4394 0.999951
4478.5 0.999964
4563 0.999963
4647.5 0.999972
4732 0.999965
4816.5 0.999961
4901 0.99996
4985.5 0.999972
5070 0.999973
5154.5 0.999966
5239 0.999962
5323.5 0.999977
5408 0.999971
5492.5 0.999963
5577 0.999966
5661.5 0.999963
5746 0.999961
5830.5 0.999961
5915 0.999961
5999.5 0.999959
6084 0.99996
6168.5 0.999964
6253 0.999959
6337.5 0.999959
6422 0.999967
6506.5 0.999961
6591 0.999959
6675.5 0.999965
6760 0.999963
6844.5 0.99997
6929 0.999968
7013.5 0.999967
7098 0.999963
7182.5 0.999967
7267 0.999957
7351.5 0.999949
7436 0.999963
7520.5 0.999958
7605 0.999952
7689.5 0.999969
7774 0.999959
7858.5 0.99997
7943 0.999967
8027.5 0.999964
8112 0.999973
8196.5 0.999969
8281 0.999957
8365.5 0.99997
8450 0.999977
