0 40.66250000 40.72975000
1.00000000 13.12275000 13.16650000
2.00000000 6.50025000 6.54225000
3.00000000 4.51950000 4.52750000
4.00000000 3.58775000 3.60650000
5.00000000 3.01500000 3.03925000
6.00000000 2.62750000 2.65725000
7.00000000 2.34825000 2.35700000
8.00000000 2.12625000 2.14475000
9.00000000 1.93825000 1.94050000
10.00000000 1.80625000 1.82325000
11.00000000 1.68125000 1.68700000
12.00000000 1.56225000 1.58275000
13.00000000 1.47325000 1.46925000
14.00000000 1.38650000 1.39975000
15.00000000 1.31975000 1.33025000
16.00000000 1.25525000 1.25650000
17.00000000 1.18325000 1.19575000
18.00000000 1.12850000 1.14150000
19.00000000 1.07225000 1.07775000
20.00000000 1.01750000 1.02725000
21.00000000 0.97200000 0.99550000
22.00000000 0.93775000 0.94075000
23.00000000 0.89350000 0.90425000
24.00000000 0.85625000 0.86150000
25.00000000 0.81475000 0.81775000
26.00000000 0.78000000 0.78750000
27.00000000 0.74375000 0.75050000
28.00000000 0.71825000 0.71450000
29.00000000 0.67850000 0.68825000
30.00000000 0.65675000 0.66175000
31.00000000 0.62325000 0.63500000
32.00000000 0.60350000 0.60925000
33.00000000 0.57750000 0.57950000
34.00000000 0.54975000 0.55250000
35.00000000 0.52950000 0.53275000
36.00000000 0.50950000 0.51075000
37.00000000 0.49000000 0.49000000
38.00000000 0.46825000 0.47225000
39.00000000 0.44675000 0.44400000
40.00000000 0.42425000 0.41875000
41.00000000 0.39550000 0.40050000
42.00000000 0.38125000 0.38650000
43.00000000 0.36875000 0.37000000
44.00000000 0.35550000 0.34950000
45.00000000 0.33250000 0.33250000
46.00000000 0.30950000 0.31775000
47.00000000 0.30125000 0.30800000
48.00000000 0.28650000 0.29025000
49.00000000 0.27100000 0.27150000
50.00000000 0.25525000 0.25350000
51.00000000 0.24825000 0.24650000
52.00000000 0.23250000 0.23400000
53.00000000 0.22125000 0.21950000
54.00000000 0.20775000 0.20825000
55.00000000 0.19825000 0.20600000
56.00000000 0.19275000 0.19175000
57.00000000 0.18400000 0.18125000
58.00000000 0.17950000 0.17925000
59.00000000 0.16600000 0.17050000
60.00000000 0.15900000 0.16200000
61.00000000 0.15600000 0.15375000
62.00000000 0.14600000 0.14725000
63.00000000 0.14200000 0.14275000
64.00000000 0.13375000 0.13675000
65.00000000 0.12875000 0.12925000
66.00000000 0.11925000 0.12275000
67.00000000 0.11750000 0.11900000
68.00000000 0.10975000 0.11075000
69.00000000 0.10650000 0.10925000
70.00000000 0.10050000 0.10075000
71.00000000 0.09700000 0.09650000
72.00000000 0.09175000 0.08825000
73.00000000 0.08350000 0.08475000
74.00000000 0.08225000 0.08225000
75.00000000 0.07525000 0.07650000
76.00000000 0.07400000 0.07525000
77.00000000 0.07150000 0.07225000
78.00000000 0.06675000 0.06800000
79.00000000 0.06575000 0.06475000
80.00000000 0.06175000 0.06150000
81.00000000 0.05825000 0.05950000
82.00000000 0.05600000 0.05525000
83.00000000 0.05600000 0.05500000
84.00000000 0.05375000 0.05425000
85.00000000 0.05200000 0.05225000
86.00000000 0.04850000 0.04975000
87.00000000 0.04675000 0.04750000
88.00000000 0.04375000 0.04450000
89.00000000 0.04275000 0.04175000
90.00000000 0.04175000 0.04175000
91.00000000 0.03800000 0.03875000
92.00000000 0.03500000 0.03750000
93.00000000 0.03650000 0.03600000
94.00000000 0.03250000 0.03450000
95.00000000 0.03200000 0.03350000
96.00000000 0.03225000 0.03150000
97.00000000 0.03050000 0.03175000
98.00000000 0.02850000 0.02950000
99.00000000 0.02750000 0.02700000
100.00000000 0.02550000 0.02625000
101.00000000 0.02450000 0.02600000
102.00000000 0.02425000 0.02525000
103.00000000 0.02225000 0.02275000
104.00000000 0.02200000 0.02250000
105.00000000 0.02375000 0.02150000
106.00000000 0.02050000 0.02075000
107.00000000 0.02050000 0.01925000
108.00000000 0.01925000 0.01925000
109.00000000 0.01850000 0.01850000
110.00000000 0.01825000 0.01850000
111.00000000 0.01750000 0.01725000
112.00000000 0.01775000 0.01850000
113.00000000 0.01675000 0.01725000
114.00000000 0.01750000 0.01725000
115.00000000 0.01600000 0.01675000
116.00000000 0.01550000 0.01650000
117.00000000 0.01625000 0.01525000
118.00000000 0.01450000 0.01500000
119.00000000 0.01500000 0.01500000
120.00000000 0.01425000 0.01425000
121.00000000 0.01325000 0.01475000
122.00000000 0.01375000 0.01450000
123.00000000 0.01375000 0.01250000
124.00000000 0.01350000 0.01400000
125.00000000 0.01250000 0.01225000
126.00000000 0.01250000 0.01300000
127.00000000 0.01250000 0.01200000
128.00000000 0.01200000 0.01150000
129.00000000 0.01175000 0.01150000
130.00000000 0.01125000 0.01150000
131.00000000 0.01100000 0.01100000
132.00000000 0.01050000 0.01075000
133.00000000 0.01100000 0.01100000
134.00000000 0.01075000 0.01050000
135.00000000 0.00975000 0.01000000
136.00000000 0.01000000 0.00975000
137.00000000 0.00975000 0.00950000
138.00000000 0.00900000 0.01000000
139.00000000 0.00900000 0.00950000
140.00000000 0.00875000 0.00850000
141.00000000 0.00775000 0.00875000
142.00000000 0.00850000 0.00800000
143.00000000 0.00875000 0.00875000
144.00000000 0.00850000 0.00825000
145.00000000 0.00825000 0.00775000
146.00000000 0.00800000 0.00825000
147.00000000 0.00700000 0.00775000
148.00000000 0.00775000 0.00825000
149.00000000 0.00825000 0.00825000
150.00000000 0.00775000 0.00800000
151.00000000 0.00700000 0.00800000
152.00000000 0.00725000 0.00725000
153.00000000 0.00675000 0.00725000
154.00000000 0.00700000 0.00650000
155.00000000 0.00625000 0.00675000
156.00000000 0.00650000 0.00600000
157.00000000 0.00650000 0.00650000
158.00000000 0.00600000 0.00600000
159.00000000 0.00625000 0.00650000
160.00000000 0.00500000 0.00550000
161.00000000 0.00500000 0.00575000
162.00000000 0.00500000 0.00575000
163.00000000 0.00575000 0.00550000
164.00000000 0.00500000 0.00500000
165.00000000 0.00475000 0.00500000
166.00000000 0.00525000 0.00550000
167.00000000 0.00500000 0.00450000
168.00000000 0.00525000 0.00550000
169.00000000 0.00475000 0.00525000
170.00000000 0.00450000 0.00550000
171.00000000 0.00450000 0.00500000
172.00000000 0.00525000 0.00475000
173.00000000 0.00450000 0.00475000
174.00000000 0.00450000 0.00450000
175.00000000 0.00425000 0.00450000
176.00000000 0.00500000 0.00525000
177.00000000 0.00475000 0.00375000
178.00000000 0.00475000 0.00450000
179.00000000 0.00375000 0.00450000
180.00000000 0.00450000 0.00450000
181.00000000 0.00400000 0.00450000
182.00000000 0.00400000 0.00425000
183.00000000 0.00400000 0.00375000
184.00000000 0.00400000 0.00425000
185.00000000 0.00350000 0.00400000
186.00000000 0.00350000 0.00400000
187.00000000 0.00400000 0.00425000
188.00000000 0.00400000 0.00425000
189.00000000 0.00425000 0.00350000
190.00000000 0.00375000 0.00375000
191.00000000 0.00350000 0.00375000
192.00000000 0.00400000 0.00400000
193.00000000 0.00400000 0.00375000
194.00000000 0.00350000 0.00300000
195.00000000 0.00375000 0.00375000
196.00000000 0.00375000 0.00375000
197.00000000 0.00375000 0.00350000
198.00000000 0.00325000 0.00375000
199.00000000 0.00350000 0.00350000
200.00000000 0.00275000 0.00325000
