0 2588.90000000 2598.53000000
128.00000000 41.90000000 41.96000000
256.00000000 31.58000000 31.66000000
384.00000000 27.24000000 27.28000000
512.00000000 23.74000000 23.72000000
640.00000000 21.72000000 22.10000000
768.00000000 20.24000000 20.46000000
896.00000000 18.35000000 18.43000000
1024.00000000 17.69000000 17.75000000
1152.00000000 16.83000000 16.64000000
1280.00000000 15.76000000 15.77000000
1408.00000000 15.16000000 15.39000000
1536.00000000 14.69000000 14.62000000
1664.00000000 13.79000000 13.80000000
1792.00000000 13.45000000 13.43000000
1920.00000000 12.86000000 12.96000000
2048.00000000 12.47000000 12.51000000
2176.00000000 12.17000000 12.02000000
2304.00000000 11.73000000 11.64000000
2432.00000000 11.65000000 11.45000000
2560.00000000 11.57000000 11.38000000
2688.00000000 11.03000000 11.06000000
2816.00000000 10.59000000 10.66000000
2944.00000000 10.35000000 10.42000000
3072.00000000 10.12000000 10.08000000
3200.00000000 10.13000000 9.88000000
3328.00000000 9.78000000 9.89000000
3456.00000000 9.83000000 9.88000000
3584.00000000 9.72000000 9.76000000
3712.00000000 9.40000000 9.67000000
3840.00000000 9.20000000 9.33000000
3968.00000000 9.07000000 9.10000000
4096.00000000 9.16000000 9.15000000
4224.00000000 8.72000000 8.82000000
4352.00000000 8.68000000 8.63000000
4480.00000000 8.66000000 8.64000000
4608.00000000 8.65000000 8.51000000
4736.00000000 8.44000000 8.52000000
4864.00000000 8.27000000 8.35000000
4992.00000000 8.11000000 8.29000000
5120.00000000 8.03000000 7.91000000
5248.00000000 7.91000000 7.99000000
5376.00000000 7.97000000 7.95000000
5504.00000000 7.68000000 7.77000000
5632.00000000 7.82000000 7.76000000
5760.00000000 7.74000000 7.86000000
5888.00000000 7.72000000 7.55000000
6016.00000000 7.56000000 7.60000000
6144.00000000 7.36000000 7.38000000
6272.00000000 7.58000000 7.50000000
6400.00000000 7.35000000 7.27000000
6528.00000000 7.23000000 7.26000000
6656.00000000 7.17000000 7.21000000
6784.00000000 7.11000000 7.11000000
6912.00000000 7.11000000 7.18000000
7040.00000000 6.96000000 6.96000000
7168.00000000 6.97000000 7.02000000
7296.00000000 6.81000000 6.80000000
7424.00000000 6.77000000 6.76000000
7552.00000000 6.90000000 6.75000000
7680.00000000 6.59000000 6.63000000
7808.00000000 6.50000000 6.50000000
7936.00000000 6.51000000 6.62000000
8064.00000000 6.40000000 6.39000000
8192.00000000 6.45000000 6.48000000
8320.00000000 6.55000000 6.51000000
8448.00000000 6.40000000 6.53000000
8576.00000000 6.37000000 6.34000000
8704.00000000 6.20000000 6.33000000
8832.00000000 6.41000000 6.39000000
8960.00000000 6.23000000 6.32000000
9088.00000000 6.45000000 6.41000000
9216.00000000 6.42000000 6.34000000
9344.00000000 6.10000000 6.31000000
9472.00000000 6.02000000 6.03000000
9600.00000000 6.07000000 6.08000000
9728.00000000 5.95000000 6.10000000
9856.00000000 6.00000000 6.02000000
9984.00000000 5.83000000 5.91000000
10112.00000000 5.99000000 5.91000000
10240.00000000 5.83000000 5.91000000
10368.00000000 5.90000000 5.80000000
10496.00000000 6.07000000 5.99000000
10624.00000000 6.03000000 5.97000000
10752.00000000 5.85000000 6.01000000
10880.00000000 5.86000000 5.93000000
11008.00000000 5.69000000 5.68000000
11136.00000000 5.70000000 5.70000000
11264.00000000 5.65000000 5.59000000
11392.00000000 5.83000000 5.66000000
11520.00000000 5.65000000 5.64000000
11648.00000000 5.78000000 5.83000000
11776.00000000 5.63000000 5.72000000
11904.00000000 5.65000000 5.63000000
12032.00000000 5.45000000 5.55000000
12160.00000000 5.45000000 5.50000000
12288.00000000 5.43000000 5.42000000
12416.00000000 5.30000000 5.41000000
12544.00000000 5.49000000 5.48000000
12672.00000000 5.53000000 5.58000000
12800.00000000 5.42000000 5.45000000
