0 7.31482e-09
128 0.00381388
256 0.0143023
384 0.029606
512 0.0466607
640 0.0627773
768 0.0886933
896 0.107463
1024 0.129743
1152 0.150422
1280 0.173237
1408 0.197806
1536 0.22372
1664 0.251277
1792 0.278637
1920 0.306543
2048 0.335101
2176 0.361368
2304 0.385225
2432 0.40918
2560 0.43241
2688 0.458742
2816 0.480968
2944 0.501978
3072 0.524847
3200 0.543529
3328 0.563631
3456 0.583647
3584 0.606196
3712 0.624326
3840 0.646961
3968 0.661908
4096 0.678805
4224 0.694353
4352 0.707298
4480 0.716252
4608 0.726632
4736 0.737533
4864 0.745587
4992 0.755902
5120 0.766856
5248 0.772779
5376 0.776057
5504 0.784832
5632 0.791878
5760 0.799916
5888 0.804875
6016 0.808354
6144 0.813485
6272 0.819187
6400 0.821672
6528 0.824369
6656 0.830574
6784 0.834043
6912 0.838684
7040 0.841524
7168 0.843878
7296 0.843654
7424 0.847757
7552 0.84937
7680 0.84942
7808 0.852788
7936 0.854065
8064 0.855023
8192 0.857436
8320 0.858603
8448 0.859244
8576 0.861224
8704 0.862553
8832 0.864609
8960 0.866311
9088 0.86895
9216 0.867973
9344 0.869146
9472 0.870755
9600 0.871468
9728 0.87124
9856 0.874079
9984 0.873964
10112 0.875852
10240 0.879844
10368 0.881086
10496 0.879095
10624 0.879648
10752 0.880933
10880 0.881112
11008 0.879875
11136 0.879986
11264 0.88157
11392 0.882206
11520 0.883895
11648 0.885018
11776 0.885894
11904 0.884682
12032 0.886041
12160 0.886104
12288 0.886598
12416 0.886078
12544 0.885521
12672 0.884979
12800 0.883914
