0 5.91676e-05
128 0.042611
256 0.0811393
384 0.118906
512 0.156131
640 0.194071
768 0.233922
896 0.27081
1024 0.306837
1152 0.34088
1280 0.373209
1408 0.405799
1536 0.436908
1664 0.46656
1792 0.495798
1920 0.524896
2048 0.552716
2176 0.578442
2304 0.602954
2432 0.626037
2560 0.648528
2688 0.668348
2816 0.685959
2944 0.704661
3072 0.718123
3200 0.730655
3328 0.743031
3456 0.754846
3584 0.765286
3712 0.776687
3840 0.78843
3968 0.79998
4096 0.809686
4224 0.818921
4352 0.827099
4480 0.835745
4608 0.843681
4736 0.849188
4864 0.855724
4992 0.861496
5120 0.8663
5248 0.87089
5376 0.876355
5504 0.881046
5632 0.883738
5760 0.887191
5888 0.891034
6016 0.894543
6144 0.897491
6272 0.899914
6400 0.902639
6528 0.905482
6656 0.907471
6784 0.909289
6912 0.911172
7040 0.911957
7168 0.914107
7296 0.91486
7424 0.916563
7552 0.916966
7680 0.91827
7808 0.919224
7936 0.920727
8064 0.921583
8192 0.923278
8320 0.923494
8448 0.924239
8576 0.925289
8704 0.926091
8832 0.926167
8960 0.927984
9088 0.929123
9216 0.930366
9344 0.931314
9472 0.931185
9600 0.93176
9728 0.932457
9856 0.932783
9984 0.933115
10112 0.932617
10240 0.932893
10368 0.933726
10496 0.934155
10624 0.934309
10752 0.934714
10880 0.935908
11008 0.935718
11136 0.936143
11264 0.93611
11392 0.936736
11520 0.936598
11648 0.937305
11776 0.937566
11904 0.937881
12032 0.938494
12160 0.939312
12288 0.938985
12416 0.939547
12544 0.939489
12672 0.939149
12800 0.939892
