0 5.1332e-05
128 0.0396849
256 0.0906925
384 0.139752
512 0.185798
640 0.240106
768 0.294084
896 0.336619
1024 0.378321
1152 0.408897
1280 0.447756
1408 0.473421
1536 0.512302
1664 0.546425
1792 0.573182
1920 0.603102
2048 0.631417
2176 0.653872
2304 0.678022
2432 0.7012
2560 0.717113
2688 0.736909
2816 0.75569
2944 0.77194
3072 0.787874
3200 0.805074
3328 0.813142
3456 0.828555
3584 0.842064
3712 0.856597
3840 0.872342
3968 0.886919
4096 0.893947
4224 0.902585
4352 0.915112
4480 0.924889
4608 0.931023
4736 0.934267
4864 0.94053
4992 0.943019
5120 0.942543
5248 0.946751
5376 0.943921
5504 0.943612
5632 0.943378
5760 0.945
5888 0.94667
6016 0.947015
6144 0.948067
6272 0.948673
6400 0.944023
6528 0.944938
6656 0.944889
6784 0.945405
6912 0.946034
7040 0.945463
7168 0.946817
7296 0.946415
7424 0.947495
7552 0.945238
7680 0.945581
7808 0.94413
7936 0.946115
8064 0.947017
8192 0.947724
8320 0.945745
8448 0.946527
8576 0.944533
8704 0.94472
8832 0.943891
8960 0.946728
9088 0.947354
9216 0.946585
9344 0.9464
9472 0.945207
9600 0.945873
9728 0.94595
9856 0.946063
9984 0.945751
10112 0.943705
10240 0.944479
10368 0.94888
10496 0.946442
10624 0.945586
10752 0.947097
10880 0.946332
11008 0.946267
11136 0.948324
11264 0.946332
11392 0.947513
11520 0.94695
11648 0.946511
11776 0.94693
11904 0.945527
12032 0.947394
12160 0.94676
12288 0.945558
12416 0.946953
12544 0.94706
12672 0.94519
12800 0.94532
