0 5.37944e-09
128 0.00320494
256 0.0141583
384 0.0320425
512 0.0573172
640 0.0921367
768 0.13253
896 0.16948
1024 0.20632
1152 0.236407
1280 0.273332
1408 0.2982
1536 0.338861
1664 0.373788
1792 0.403365
1920 0.440181
2048 0.476842
2176 0.50211
2304 0.529188
2432 0.557262
2560 0.579048
2688 0.601161
2816 0.624053
2944 0.645713
3072 0.663941
3200 0.688529
3328 0.69877
3456 0.718806
3584 0.736211
3712 0.754715
3840 0.777232
3968 0.798521
4096 0.808523
4224 0.821713
4352 0.841591
4480 0.857938
4608 0.868522
4736 0.87371
4864 0.884927
4992 0.889389
5120 0.88844
5248 0.896381
5376 0.891046
5504 0.890447
5632 0.890007
5760 0.893082
5888 0.896218
6016 0.89686
6144 0.898855
6272 0.899997
6400 0.891202
6528 0.892939
6656 0.892847
6784 0.893842
6912 0.895029
7040 0.893939
7168 0.896482
7296 0.89573
7424 0.897763
7552 0.893506
7680 0.894149
7808 0.891403
7936 0.895168
8064 0.896862
8192 0.898197
8320 0.894448
8448 0.895926
8576 0.892165
8704 0.892532
8832 0.890954
8960 0.896332
9088 0.897507
9216 0.896044
9344 0.895713
9472 0.89345
9600 0.8947
9728 0.894866
9856 0.895056
9984 0.8945
10112 0.890602
10240 0.892058
10368 0.900393
10496 0.895772
10624 0.894171
10752 0.897019
10880 0.895579
11008 0.895441
11136 0.899334
11264 0.895558
11392 0.897798
11520 0.896728
11648 0.895901
11776 0.896705
11904 0.894049
12032 0.897598
12160 0.896382
12288 0.894106
12416 0.896757
12544 0.896949
12672 0.893428
12800 0.893678
