0 6.16794e-05
128 0.0430331
256 0.0825535
384 0.11933
512 0.154333
640 0.187798
768 0.225786
896 0.259299
1024 0.293606
1152 0.325298
1280 0.356358
1408 0.387202
1536 0.417209
1664 0.446418
1792 0.474853
1920 0.503553
2048 0.530761
2176 0.555933
2304 0.579806
2432 0.602152
2560 0.623695
2688 0.644056
2816 0.66197
2944 0.680273
3072 0.695784
3200 0.70948
3328 0.723545
3456 0.737007
3584 0.750035
3712 0.76201
3840 0.775742
3968 0.787012
4096 0.797627
4224 0.807344
4352 0.8159
4480 0.824181
4608 0.832095
4736 0.838774
4864 0.84534
4992 0.851848
5120 0.85785
5248 0.862835
5376 0.867599
5504 0.87295
5632 0.876626
5760 0.881093
5888 0.885085
6016 0.888316
6144 0.891548
6272 0.894539
6400 0.897007
6528 0.899787
6656 0.902621
6784 0.904651
6912 0.90695
7040 0.908181
7168 0.910269
7296 0.911003
7424 0.913004
7552 0.913924
7680 0.914825
7808 0.916284
7936 0.917625
8064 0.91856
8192 0.920271
8320 0.920696
8448 0.921568
8576 0.922736
8704 0.923626
8832 0.924279
8960 0.925896
9088 0.927255
9216 0.927969
9344 0.928929
9472 0.929195
9600 0.92979
9728 0.930381
9856 0.931269
9984 0.931528
10112 0.93158
10240 0.932598
10368 0.933403
10496 0.933338
10624 0.933544
10752 0.934064
10880 0.934926
11008 0.934601
11136 0.934933
11264 0.935212
11392 0.935784
11520 0.936017
11648 0.936679
11776 0.937017
11904 0.936996
12032 0.937644
12160 0.93819
12288 0.938068
12416 0.938341
12544 0.938206
12672 0.937892
12800 0.93818
