0 6.02124e-05
128 0.0430011
256 0.0798655
384 0.116127
512 0.152175
640 0.187933
768 0.2259
896 0.262035
1024 0.297306
1152 0.331811
1280 0.363269
1408 0.396783
1536 0.426856
1664 0.455911
1792 0.48548
1920 0.514468
2048 0.542222
2176 0.568385
2304 0.592945
2432 0.616015
2560 0.639383
2688 0.659207
2816 0.676661
2944 0.695691
3072 0.708823
3200 0.720733
3328 0.733683
3456 0.745018
3584 0.755049
3712 0.766032
3840 0.777242
3968 0.788388
4096 0.798451
4224 0.807766
4352 0.815364
4480 0.823859
4608 0.832035
4736 0.837844
4864 0.844416
4992 0.850626
5120 0.856134
5248 0.860775
5376 0.867346
5504 0.872704
5632 0.875786
5760 0.879483
5888 0.883616
6016 0.887547
6144 0.890747
6272 0.893413
6400 0.897121
6528 0.900221
6656 0.902482
6784 0.904473
6912 0.906524
7040 0.90749
7168 0.909746
7296 0.910653
7424 0.912439
7552 0.913196
7680 0.914628
7808 0.915903
7936 0.917342
8064 0.918192
8192 0.920019
8320 0.920527
8448 0.921267
8576 0.922723
8704 0.923607
8832 0.923804
8960 0.925485
9088 0.926692
9216 0.928203
9344 0.929302
9472 0.929315
9600 0.929878
9728 0.930658
9856 0.931012
9984 0.93143
10112 0.931139
10240 0.931348
10368 0.931705
10496 0.932517
10624 0.932805
10752 0.933063
10880 0.934518
11008 0.934311
11136 0.934519
11264 0.934747
11392 0.935299
11520 0.935218
11648 0.936077
11776 0.936317
11904 0.936861
12032 0.937307
12160 0.938319
12288 0.938109
12416 0.93856
12544 0.938479
12672 0.938343
12800 0.939168
