0 7.88027e-09
128 0.00379734
256 0.0131954
384 0.0289991
512 0.0500179
640 0.0752195
768 0.106703
896 0.141354
1024 0.173293
1152 0.209511
1280 0.241822
1408 0.277833
1536 0.308957
1664 0.339587
1792 0.370304
1920 0.398874
2048 0.428738
2176 0.452311
2304 0.476113
2432 0.49972
2560 0.525492
2688 0.545886
2816 0.567862
2944 0.590276
3072 0.607327
3200 0.623682
3328 0.640127
3456 0.654467
3584 0.667739
3712 0.679978
3840 0.69096
3968 0.703936
4096 0.715469
4224 0.72682
4352 0.735645
4480 0.747919
4608 0.760098
4736 0.766185
4864 0.775561
4992 0.785304
5120 0.791777
5248 0.795794
5376 0.804427
5504 0.81342
5632 0.816483
5760 0.821052
5888 0.824692
6016 0.83039
6144 0.832935
6272 0.836766
6400 0.840211
6528 0.844415
6656 0.846219
6784 0.850366
6912 0.853153
7040 0.855145
7168 0.859354
7296 0.861089
7424 0.864252
7552 0.864837
7680 0.8681
7808 0.869161
7936 0.868545
8064 0.868913
8192 0.871028
8320 0.870841
8448 0.872017
8576 0.872705
8704 0.872593
8832 0.872427
8960 0.874169
9088 0.87441
9216 0.876729
9344 0.877843
9472 0.876413
9600 0.878063
9728 0.879245
9856 0.879295
9984 0.880284
10112 0.87919
10240 0.879775
10368 0.880471
10496 0.881292
10624 0.880508
10752 0.882104
10880 0.884539
11008 0.883698
11136 0.883716
11264 0.884042
11392 0.885506
11520 0.886503
11648 0.887278
11776 0.887287
11904 0.888314
12032 0.889489
12160 0.891646
12288 0.890273
12416 0.891645
12544 0.891713
12672 0.892346
12800 0.893514
