0 6.30944e-05
128 0.0445893
256 0.0825387
384 0.123847
512 0.164093
640 0.204433
768 0.247809
896 0.289048
1024 0.326377
1152 0.364812
1280 0.396577
1408 0.430587
1536 0.460355
1664 0.48944
1792 0.517973
1920 0.544664
2048 0.570976
2176 0.59249
2304 0.61298
2432 0.633319
2560 0.654192
2688 0.672018
2816 0.69097
2944 0.70946
3072 0.722958
3200 0.735551
3328 0.747885
3456 0.758785
3584 0.768361
3712 0.777982
3840 0.787515
3968 0.797507
4096 0.806277
4224 0.815291
4352 0.822697
4480 0.831366
4608 0.83993
4736 0.845349
4864 0.852121
4992 0.858954
5120 0.864339
5248 0.867473
5376 0.8739
5504 0.880205
5632 0.882344
5760 0.88594
5888 0.889175
6016 0.8939
6144 0.896423
6272 0.899572
6400 0.902195
6528 0.905527
6656 0.906739
6784 0.909295
6912 0.911159
7040 0.912346
7168 0.915298
7296 0.916554
7424 0.918966
7552 0.919434
7680 0.921265
7808 0.922205
7936 0.92253
8064 0.922925
8192 0.924493
8320 0.924479
8448 0.925051
8576 0.925582
8704 0.925962
8832 0.926172
8960 0.927606
9088 0.927941
9216 0.929675
9344 0.930419
9472 0.93016
9600 0.931527
9728 0.93232
9856 0.932793
9984 0.933389
10112 0.933229
10240 0.933777
10368 0.934222
10496 0.934896
10624 0.93474
10752 0.936104
10880 0.937801
11008 0.937818
11136 0.938008
11264 0.938321
11392 0.93918
11520 0.940015
11648 0.940652
11776 0.940913
11904 0.941696
12032 0.942425
12160 0.943823
12288 0.943201
12416 0.944032
12544 0.944152
12672 0.944523
12800 0.945174
