0 6.44854e-09
128 0.00432243
256 0.01569
384 0.0340271
512 0.0503387
640 0.0660905
768 0.0905056
896 0.108736
1024 0.133672
1152 0.156716
1280 0.179783
1408 0.20483
1536 0.233471
1664 0.268959
1792 0.297266
1920 0.330149
2048 0.359909
2176 0.391436
2304 0.416188
2432 0.439863
2560 0.462789
2688 0.494375
2816 0.518643
2944 0.536544
3072 0.556741
3200 0.57375
3328 0.587135
3456 0.60339
3584 0.625056
3712 0.641048
3840 0.662116
3968 0.674077
4096 0.689172
4224 0.702988
4352 0.7133
4480 0.720984
4608 0.730752
4736 0.73743
4864 0.743958
4992 0.753701
5120 0.764469
5248 0.769128
5376 0.772534
5504 0.781511
5632 0.790858
5760 0.795718
5888 0.800093
6016 0.800168
6144 0.805332
6272 0.811979
6400 0.81666
6528 0.818214
6656 0.824621
6784 0.827127
6912 0.83459
7040 0.837988
7168 0.839792
7296 0.840401
7424 0.845175
7552 0.847662
7680 0.849786
7808 0.852345
7936 0.853269
8064 0.856226
8192 0.860712
8320 0.861764
8448 0.862636
8576 0.863973
8704 0.86753
8832 0.870583
8960 0.872998
9088 0.875832
9216 0.874187
9344 0.875503
9472 0.878336
9600 0.87873
9728 0.876923
9856 0.879719
9984 0.876742
10112 0.879078
10240 0.879676
10368 0.880761
10496 0.877096
10624 0.878557
10752 0.880695
10880 0.878932
11008 0.876589
11136 0.876129
11264 0.8755
11392 0.874009
11520 0.875501
11648 0.876669
11776 0.877908
11904 0.876255
12032 0.878151
12160 0.877608
12288 0.878057
12416 0.877604
12544 0.877505
12672 0.878063
12800 0.877059
