0 6.64238e-05
128 0.0438304
256 0.0852249
384 0.120131
512 0.150936
640 0.175948
768 0.210419
896 0.237555
1024 0.268615
1152 0.295864
1280 0.324529
1408 0.352074
1536 0.379999
1664 0.408373
1792 0.435291
1920 0.463239
2048 0.48929
2176 0.513415
2304 0.536082
2432 0.557035
2560 0.576789
2688 0.598172
2816 0.616658
2944 0.634207
3072 0.653589
3200 0.669484
3328 0.686738
3456 0.703311
3584 0.721228
3712 0.734287
3840 0.751776
3968 0.762517
4096 0.774848
4224 0.785475
4352 0.794745
4480 0.802338
4608 0.810211
4736 0.819103
4864 0.825725
4992 0.833625
5120 0.841888
5248 0.847621
5376 0.851061
5504 0.857657
5632 0.863191
5760 0.869576
5888 0.873849
6016 0.876553
6144 0.880323
6272 0.884385
6400 0.886369
6528 0.889029
6656 0.893459
6784 0.895891
6912 0.898976
7040 0.901049
7168 0.90302
7296 0.903719
7424 0.906281
7552 0.908177
7680 0.908318
7808 0.910731
7936 0.911767
8064 0.912849
8192 0.914592
8320 0.915411
8448 0.916522
8576 0.917913
8704 0.918971
8832 0.920713
8960 0.921952
9088 0.923726
9216 0.923441
9344 0.924425
9472 0.925436
9600 0.92607
9728 0.926459
9856 0.92841
9984 0.928529
10112 0.929622
10240 0.932042
10368 0.932793
10496 0.931796
10624 0.932098
10752 0.932837
10880 0.933072
11008 0.93249
11136 0.932648
11264 0.933517
11392 0.933985
11520 0.93492
11648 0.935497
11776 0.93598
11904 0.935324
12032 0.936039
12160 0.936072
12288 0.936337
12416 0.936063
12544 0.935783
12672 0.935517
12800 0.934946
