0 7.1451e-09
128 0.00348119
256 0.0121125
384 0.0252722
512 0.0431164
640 0.0642312
768 0.0903427
896 0.118464
1024 0.146618
1152 0.176937
1280 0.206437
1408 0.239191
1536 0.268704
1664 0.298397
1792 0.329413
1920 0.358727
2048 0.389924
2176 0.418984
2304 0.447672
2432 0.475331
2560 0.503996
2688 0.528377
2816 0.549727
2944 0.573781
3072 0.590931
3200 0.606331
3328 0.623137
3456 0.638051
3584 0.650768
3712 0.6651
3840 0.678845
3968 0.694153
4096 0.707794
4224 0.719595
4352 0.729269
4480 0.741354
4608 0.752416
4736 0.75853
4864 0.767401
4992 0.77625
5120 0.78302
5248 0.788709
5376 0.79755
5504 0.804562
5632 0.808528
5760 0.813387
5888 0.818322
6016 0.823332
6144 0.827101
6272 0.830028
6400 0.834344
6528 0.838753
6656 0.841836
6784 0.844972
6912 0.847734
7040 0.849226
7168 0.852288
7296 0.853235
7424 0.855626
7552 0.856358
7680 0.85858
7808 0.860023
7936 0.861268
8064 0.862284
8192 0.864836
8320 0.865448
8448 0.866549
8576 0.868659
8704 0.869531
8832 0.869315
8960 0.871635
9088 0.873485
9216 0.875695
9344 0.87757
9472 0.876961
9600 0.87739
9728 0.878672
9856 0.878775
9984 0.879454
10112 0.878375
10240 0.878477
10368 0.879071
10496 0.880289
10624 0.880487
10752 0.880341
10880 0.88258
11008 0.881603
11136 0.881766
11264 0.88201
11392 0.882954
11520 0.882401
11648 0.88375
11776 0.88386
11904 0.884617
12032 0.885337
12160 0.886927
12288 0.886381
12416 0.887117
12544 0.886855
12672 0.886547
12800 0.88806
