0 6.59611e-05
128 0.0465685
256 0.0873427
384 0.125977
512 0.154565
640 0.18163
768 0.217561
896 0.245619
1024 0.280008
1152 0.309864
1280 0.339148
1408 0.367462
1536 0.396797
1664 0.431278
1792 0.458808
1920 0.489625
2048 0.514975
2176 0.541716
2304 0.562685
2432 0.581751
2560 0.601169
2688 0.626038
2816 0.644213
2944 0.658061
3072 0.67432
3200 0.688207
3328 0.699971
3456 0.714322
3584 0.732243
3712 0.744111
3840 0.761499
3968 0.770634
4096 0.781198
4224 0.790665
4352 0.798324
4480 0.804907
4608 0.812682
4736 0.819327
4864 0.825284
4992 0.832058
5120 0.839629
5248 0.844937
5376 0.848337
5504 0.855188
5632 0.861713
5760 0.866048
5888 0.870177
6016 0.871078
6144 0.875458
6272 0.880417
6400 0.884226
6528 0.88596
6656 0.89054
6784 0.892739
6912 0.897731
7040 0.900097
7168 0.901713
7296 0.90271
7424 0.905515
7552 0.907753
7680 0.909248
7808 0.911439
7936 0.912142
8064 0.914128
8192 0.917011
8320 0.917854
8448 0.918578
8576 0.919534
8704 0.921689
8832 0.923494
8960 0.924793
9088 0.926421
9216 0.925558
9344 0.926278
9472 0.927855
9600 0.927987
9728 0.927049
9856 0.928564
9984 0.926949
10112 0.928205
10240 0.92851
10368 0.929063
10496 0.927112
10624 0.927892
10752 0.929015
10880 0.928171
11008 0.926901
11136 0.92663
11264 0.926318
11392 0.925531
11520 0.926306
11648 0.926877
11776 0.92757
11904 0.92667
12032 0.927665
12160 0.927379
12288 0.927619
12416 0.927386
12544 0.927361
12672 0.927691
12800 0.927145
