0 6.93738e-09
128 0.00344869
256 0.0123532
384 0.0260687
512 0.0447871
640 0.0675142
768 0.0953059
896 0.124466
1024 0.153642
1152 0.183933
1280 0.214307
1408 0.246133
1536 0.276958
1664 0.307267
1792 0.338113
1920 0.36831
2048 0.40015
2176 0.428764
2304 0.457262
2432 0.48497
2560 0.512826
2688 0.53694
2816 0.558471
2944 0.582244
3072 0.59952
3200 0.616001
3328 0.632035
3456 0.647552
3584 0.66082
3712 0.675643
3840 0.69042
3968 0.706432
4096 0.719644
4224 0.731609
4352 0.742483
4480 0.75507
4608 0.766076
4736 0.772081
4864 0.781228
4992 0.78956
5120 0.795422
5248 0.801376
5376 0.80855
5504 0.814666
5632 0.818114
5760 0.822763
5888 0.827486
6016 0.831982
6144 0.835543
6272 0.83826
6400 0.841033
6528 0.845128
6656 0.847837
6784 0.850721
6912 0.853298
7040 0.854486
7168 0.857487
7296 0.858234
7424 0.860583
7552 0.860728
7680 0.862765
7808 0.863715
7936 0.865256
8064 0.866352
8192 0.868761
8320 0.86886
8448 0.870005
8576 0.871424
8704 0.872237
8832 0.871861
8960 0.874541
9088 0.876311
9216 0.878089
9344 0.879704
9472 0.878901
9600 0.879426
9728 0.880577
9856 0.88069
9984 0.881224
10112 0.879813
10240 0.880075
10368 0.881579
10496 0.882111
10624 0.882097
10752 0.882303
10880 0.884109
11008 0.883231
11136 0.883833
11264 0.883604
11392 0.8847
11520 0.884087
11648 0.88518
11776 0.885371
11904 0.885727
12032 0.886779
12160 0.888039
12288 0.88729
12416 0.888251
12544 0.888043
12672 0.887357
12800 0.888721
