0 0.0183516
128 0.100621
256 0.123638
384 0.156221
512 0.162715
640 0.207439
768 0.258277
896 0.302842
1024 0.368101
1152 0.417084
1280 0.461374
1408 0.505321
1536 0.549116
1664 0.588435
1792 0.624525
1920 0.663197
2048 0.690157
2176 0.718562
2304 0.742243
2432 0.762586
2560 0.780694
2688 0.797958
2816 0.813125
2944 0.827417
3072 0.837465
3200 0.846131
3328 0.855207
3456 0.86353
3584 0.871671
3712 0.879981
3840 0.889326
3968 0.896145
4096 0.902297
4224 0.909075
4352 0.914645
4480 0.918965
4608 0.923744
4736 0.929331
4864 0.933132
4992 0.936153
5120 0.940109
5248 0.943401
5376 0.947198
5504 0.9505
5632 0.95247
5760 0.954701
5888 0.95775
6016 0.960292
6144 0.962689
6272 0.964914
6400 0.96775
6528 0.969227
6656 0.970451
6784 0.971074
6912 0.972221
7040 0.972561
7168 0.973797
7296 0.974593
7424 0.975604
7552 0.97633
7680 0.97682
7808 0.977819
7936 0.979336
8064 0.979941
8192 0.980858
8320 0.981217
8448 0.981518
8576 0.982171
8704 0.982985
8832 0.983591
8960 0.984456
9088 0.984892
9216 0.985549
9344 0.98575
9472 0.986396
9600 0.987042
9728 0.987233
9856 0.987809
9984 0.987917
10112 0.988459
10240 0.988756
10368 0.988833
10496 0.989154
10624 0.989502
10752 0.990142
10880 0.990655
11008 0.991247
11136 0.991477
11264 0.991667
11392 0.991765
11520 0.992168
11648 0.992442
11776 0.992785
11904 0.993058
12032 0.993178
12160 0.993503
12288 0.993653
12416 0.993767
12544 0.993878
12672 0.993927
12800 0.993973
