0 0.342106
128 0.0147446
256 0.0308837
384 -0.0514754
512 -0.0481583
640 -0.0278474
768 -0.00319093
896 0.0957237
1024 0.201863
1152 0.281593
1280 0.355126
1408 0.404222
1536 0.450683
1664 0.493255
1792 0.529449
1920 0.571499
2048 0.600274
2176 0.629078
2304 0.659545
2432 0.681291
2560 0.700246
2688 0.717917
2816 0.735185
2944 0.751976
3072 0.771366
3200 0.787332
3328 0.804877
3456 0.820072
3584 0.83462
3712 0.842077
3840 0.855274
3968 0.861589
4096 0.869393
4224 0.874578
4352 0.880184
4480 0.887368
4608 0.893076
4736 0.900729
4864 0.906478
4992 0.912263
5120 0.918056
5248 0.924397
5376 0.92855
5504 0.933037
5632 0.937218
5760 0.942136
5888 0.945964
6016 0.947929
6144 0.950298
6272 0.95263
6400 0.954149
6528 0.956986
6656 0.959531
6784 0.96085
6912 0.962229
7040 0.9635
7168 0.965134
7296 0.967008
7424 0.967843
7552 0.970194
7680 0.970452
7808 0.97184
7936 0.972638
8064 0.973923
8192 0.974946
8320 0.975387
8448 0.977105
8576 0.977853
8704 0.978632
8832 0.980068
8960 0.980805
9088 0.981624
9216 0.982142
9344 0.982933
9472 0.983275
9600 0.983836
9728 0.984956
9856 0.985922
9984 0.986316
10112 0.986513
10240 0.987174
10368 0.987377
10496 0.987503
10624 0.987522
10752 0.987649
10880 0.987952
11008 0.988112
11136 0.988327
11264 0.988392
11392 0.988676
11520 0.988767
11648 0.988728
11776 0.988772
11904 0.98874
12032 0.988732
12160 0.988733
12288 0.988741
12416 0.988741
12544 0.988773
12672 0.988818
12800 0.988801
