0 0.142115
128 0.0694406
256 0.0883756
384 0.0833002
512 0.092429
640 0.132171
768 0.175404
896 0.236351
1024 0.313673
1152 0.371428
1280 0.424375
1408 0.469875
1536 0.514737
1664 0.555438
1792 0.591816
1920 0.631799
2048 0.659483
2176 0.688173
2304 0.713985
2432 0.734827
2560 0.753226
2688 0.770827
2816 0.78677
2944 0.801872
3072 0.815012
3200 0.826066
3328 0.837944
3456 0.848573
3584 0.858931
3712 0.867013
3840 0.877694
3968 0.884351
4096 0.891075
4224 0.897348
4352 0.902941
4480 0.908198
4608 0.913285
4736 0.919578
4864 0.924025
4992 0.927976
5120 0.932562
5248 0.93688
5376 0.940784
5504 0.944495
5632 0.94722
5760 0.95037
5888 0.953684
6016 0.956028
6144 0.958421
6272 0.960687
6400 0.963077
6528 0.965013
6656 0.966692
6784 0.967554
6912 0.96878
7040 0.969439
7168 0.97081
7296 0.971974
7424 0.972927
7552 0.974212
7680 0.97462
7808 0.975754
7936 0.977025
8064 0.977863
8192 0.978815
8320 0.979204
8448 0.979992
8576 0.980678
8704 0.98148
8832 0.982373
8960 0.983193
9088 0.983762
9216 0.984368
9344 0.984773
9472 0.985316
9600 0.985933
9728 0.986441
9856 0.987156
9984 0.987361
10112 0.987786
10240 0.988209
10368 0.98833
10496 0.988582
10624 0.988818
10752 0.98928
10880 0.989721
11008 0.990165
11136 0.990389
11264 0.990536
11392 0.990698
11520 0.990992
11648 0.99116
11776 0.9914
11904 0.991567
12032 0.991643
12160 0.991857
12288 0.991956
12416 0.992033
12544 0.992117
12672 0.992164
12800 0.992189
