0 0.0204803
128 0.0900674
256 0.0631009
384 0.109349
512 0.142433
640 0.200189
768 0.262434
896 0.308132
1024 0.373176
1152 0.425767
1280 0.462414
1408 0.501481
1536 0.542149
1664 0.582409
1792 0.619791
1920 0.655444
2048 0.68491
2176 0.711526
2304 0.732881
2432 0.754106
2560 0.77212
2688 0.791241
2816 0.81061
2944 0.827265
3072 0.838027
3200 0.847244
3328 0.855552
3456 0.863289
3584 0.868964
3712 0.876545
3840 0.88587
3968 0.893212
4096 0.899419
4224 0.906543
4352 0.913103
4480 0.917893
4608 0.922584
4736 0.927835
4864 0.931895
4992 0.935615
5120 0.940175
5248 0.94248
5376 0.946674
5504 0.950102
5632 0.951251
5760 0.953927
5888 0.956922
6016 0.960787
6144 0.963462
6272 0.965972
6400 0.967745
6528 0.970199
6656 0.970755
6784 0.971518
6912 0.972366
7040 0.972644
7168 0.974236
7296 0.974981
7424 0.976609
7552 0.976958
7680 0.977176
7808 0.978013
7936 0.979456
8064 0.979898
8192 0.98088
8320 0.981069
8448 0.980954
8576 0.981321
8704 0.982287
8832 0.982941
8960 0.984061
9088 0.984512
9216 0.985614
9344 0.98595
9472 0.987036
9600 0.988106
9728 0.988466
9856 0.989436
9984 0.989591
10112 0.9905
10240 0.991015
10368 0.991177
10496 0.991692
10624 0.992253
10752 0.993367
10880 0.994237
11008 0.995231
11136 0.995617
11264 0.995915
11392 0.996092
11520 0.996747
11648 0.997229
11776 0.997774
11904 0.998282
12032 0.998509
12160 0.999053
12288 0.999275
12416 0.999497
12544 0.999674
12672 0.999751
12800 0.999821
