0 0.0292294
128 0.117354
256 0.10105
384 0.125981
512 0.1381
640 0.181384
768 0.229645
896 0.274689
1024 0.341251
1152 0.392924
1280 0.435659
1408 0.480718
1536 0.525277
1664 0.564399
1792 0.602351
1920 0.644663
2048 0.673747
2176 0.703082
2304 0.7267
2432 0.747394
2560 0.767162
2688 0.784095
2816 0.799384
2944 0.814467
3072 0.823854
3200 0.832758
3328 0.842378
3456 0.850467
3584 0.858502
3712 0.866576
3840 0.876279
3968 0.8832
4096 0.889776
4224 0.897148
4352 0.903057
4480 0.907756
4608 0.913137
4736 0.919446
4864 0.923759
4992 0.927187
5120 0.93171
5248 0.935522
5376 0.939834
5504 0.943608
5632 0.945858
5760 0.948421
5888 0.951915
6016 0.954818
6144 0.957564
6272 0.960107
6400 0.963324
6528 0.96501
6656 0.966406
6784 0.967118
6912 0.968426
7040 0.968808
7168 0.970217
7296 0.971125
7424 0.972277
7552 0.973102
7680 0.973658
7808 0.974795
7936 0.976529
8064 0.977218
8192 0.978261
8320 0.978666
8448 0.979008
8576 0.97975
8704 0.980681
8832 0.981368
8960 0.982355
9088 0.982852
9216 0.983596
9344 0.983826
9472 0.98456
9600 0.985294
9728 0.985512
9856 0.986164
9984 0.986292
10112 0.986902
10240 0.987239
10368 0.987333
10496 0.987694
10624 0.988092
10752 0.988818
10880 0.989401
11008 0.990073
11136 0.990335
11264 0.990549
11392 0.990662
11520 0.991117
11648 0.99143
11776 0.991821
11904 0.992129
12032 0.992269
12160 0.992635
12288 0.992805
12416 0.992938
12544 0.993059
12672 0.993119
12800 0.993172
