0 0.148
128 0.0734477
256 0.0758934
384 0.0805157
512 0.102322
640 0.162889
768 0.222148
896 0.27962
1024 0.351433
1152 0.405039
1280 0.454251
1408 0.498542
1536 0.540623
1664 0.580042
1792 0.615747
1920 0.653876
2048 0.679426
2176 0.706864
2304 0.729648
2432 0.748836
2560 0.76715
2688 0.784899
2816 0.799381
2944 0.812917
3072 0.823937
3200 0.833517
3328 0.843424
3456 0.853334
3584 0.863351
3712 0.871605
3840 0.882388
3968 0.88919
4096 0.895265
4224 0.901615
4352 0.907127
4480 0.911883
4608 0.917012
4736 0.923108
4864 0.927428
4992 0.93059
5120 0.934626
5248 0.938739
5376 0.942545
5504 0.946196
5632 0.948523
5760 0.95118
5888 0.954497
6016 0.956928
6144 0.959637
6272 0.962093
6400 0.964974
6528 0.966585
6656 0.968126
6784 0.96905
6912 0.97045
7040 0.970995
7168 0.972285
7296 0.973246
7424 0.974159
7552 0.975188
7680 0.97575
7808 0.976943
7936 0.978224
8064 0.978899
8192 0.979857
8320 0.980279
8448 0.980643
8576 0.981271
8704 0.982035
8832 0.982595
8960 0.983274
9088 0.983676
9216 0.984189
9344 0.984358
9472 0.984895
9600 0.985358
9728 0.985515
9856 0.98598
9984 0.986044
10112 0.986472
10240 0.986697
10368 0.986749
10496 0.986991
10624 0.987265
10752 0.987757
10880 0.9882
11008 0.988645
11136 0.98881
11264 0.988968
11392 0.989045
11520 0.98935
11648 0.989541
11776 0.989826
11904 0.990025
12032 0.990115
12160 0.990369
12288 0.990485
12416 0.990578
12544 0.990678
12672 0.990733
12800 0.990762
