0 647.58857143 649.61714286
16.00000000 21.02285714 21.18857143
32.00000000 14.24285714 14.28000000
48.00000000 11.31142857 11.30285714
64.00000000 9.57142857 9.74857143
80.00000000 8.57714286 8.65142857
96.00000000 7.68285714 7.66285714
112.00000000 6.92857143 6.96857143
128.00000000 6.46571429 6.47428571
144.00000000 6.09142857 6.09428571
160.00000000 5.70000000 5.71714286
176.00000000 5.44000000 5.48285714
192.00000000 5.23714286 5.29142857
208.00000000 5.02285714 5.04285714
224.00000000 4.80285714 4.90000000
240.00000000 4.70000000 4.74857143
256.00000000 4.55428571 4.60857143
272.00000000 4.42571429 4.43428571
288.00000000 4.33142857 4.32571429
304.00000000 4.19142857 4.20000000
320.00000000 4.05428571 4.06857143
336.00000000 4.00000000 4.03428571
352.00000000 3.95428571 3.92285714
368.00000000 3.82000000 3.90571429
384.00000000 3.79428571 3.81142857
400.00000000 3.70857143 3.73142857
416.00000000 3.60857143 3.63142857
432.00000000 3.58000000 3.58571429
448.00000000 3.50000000 3.52571429
464.00000000 3.50000000 3.43714286
480.00000000 3.45142857 3.40285714
496.00000000 3.38857143 3.35714286
512.00000000 3.29142857 3.31142857
528.00000000 3.30285714 3.28571429
544.00000000 3.29428571 3.27428571
560.00000000 3.21714286 3.22857143
576.00000000 3.13142857 3.19142857
592.00000000 3.11142857 3.13714286
608.00000000 3.11714286 3.07142857
624.00000000 3.07714286 3.07714286
640.00000000 3.04571429 3.03714286
656.00000000 2.98571429 3.02000000
672.00000000 2.92857143 3.00857143
688.00000000 2.95714286 2.97428571
704.00000000 2.89142857 2.93714286
720.00000000 2.91142857 2.95142857
736.00000000 2.86285714 2.92000000
752.00000000 2.88000000 2.90571429
768.00000000 2.82857143 2.82000000
784.00000000 2.80000000 2.82285714
800.00000000 2.79714286 2.82857143
816.00000000 2.78857143 2.79428571
832.00000000 2.77714286 2.77428571
848.00000000 2.73142857 2.73142857
864.00000000 2.72857143 2.72000000
880.00000000 2.67714286 2.69428571
896.00000000 2.63714286 2.69142857
912.00000000 2.65428571 2.68857143
928.00000000 2.62571429 2.64857143
944.00000000 2.60571429 2.64285714
960.00000000 2.56000000 2.64571429
976.00000000 2.54000000 2.56000000
992.00000000 2.54857143 2.59142857
1008.00000000 2.56857143 2.55142857
1024.00000000 2.51714286 2.55714286
1040.00000000 2.50285714 2.53428571
1056.00000000 2.54285714 2.52571429
1072.00000000 2.54000000 2.53714286
1088.00000000 2.45714286 2.52857143
1104.00000000 2.47714286 2.48285714
1120.00000000 2.46285714 2.47428571
1136.00000000 2.44857143 2.48000000
1152.00000000 2.46285714 2.45428571
1168.00000000 2.44857143 2.44000000
1184.00000000 2.40857143 2.38000000
1200.00000000 2.40857143 2.42000000
1216.00000000 2.37714286 2.39714286
1232.00000000 2.38285714 2.40571429
1248.00000000 2.37142857 2.38571429
1264.00000000 2.37714286 2.38571429
1280.00000000 2.36571429 2.35428571
1296.00000000 2.34285714 2.34000000
1312.00000000 2.35428571 2.33428571
1328.00000000 2.31714286 2.34857143
1344.00000000 2.34285714 2.37714286
1360.00000000 2.32857143 2.29714286
1376.00000000 2.29714286 2.34285714
1392.00000000 2.28571429 2.26285714
1408.00000000 2.27142857 2.26857143
1424.00000000 2.27714286 2.29714286
1440.00000000 2.24857143 2.24857143
1456.00000000 2.27714286 2.28285714
1472.00000000 2.25428571 2.25714286
1488.00000000 2.26285714 2.26571429
1504.00000000 2.25142857 2.29142857
1520.00000000 2.23714286 2.26000000
1536.00000000 2.24285714 2.23142857
1552.00000000 2.23428571 2.22571429
1568.00000000 2.21428571 2.22857143
1584.00000000 2.24285714 2.21428571
1600.00000000 2.18857143 2.21714286
1616.00000000 2.20857143 2.16571429
1632.00000000 2.15714286 2.20571429
1648.00000000 2.18000000 2.19428571
1664.00000000 2.13714286 2.16285714
1680.00000000 2.14000000 2.12000000
1696.00000000 2.10000000 2.14571429
1712.00000000 2.14571429 2.12571429
1728.00000000 2.17142857 2.12285714
1744.00000000 2.15142857 2.14285714
1760.00000000 2.12571429 2.10571429
1776.00000000 2.12571429 2.12000000
1792.00000000 2.10857143 2.15714286
1808.00000000 2.09142857 2.14571429
1824.00000000 2.11714286 2.12000000
1840.00000000 2.07428571 2.08285714
1856.00000000 2.04000000 2.06571429
1872.00000000 2.05714286 2.07714286
1888.00000000 2.06285714 2.09142857
1904.00000000 2.05714286 2.08857143
1920.00000000 2.06571429 2.05142857
1936.00000000 2.02285714 2.06285714
1952.00000000 2.05428571 2.07714286
1968.00000000 2.01428571 2.05142857
1984.00000000 2.04857143 2.06000000
2000.00000000 2.02285714 2.02571429
2016.00000000 2.02285714 2.04000000
2032.00000000 2.00571429 2.01142857
2048.00000000 1.98285714 2.02571429
2064.00000000 2.00285714 2.00285714
2080.00000000 2.00857143 1.99714286
2096.00000000 1.98285714 1.94857143
2112.00000000 1.97428571 1.99142857
2128.00000000 1.96285714 1.96285714
2144.00000000 1.97714286 1.98285714
2160.00000000 1.99428571 1.98000000
2176.00000000 1.96571429 2.01142857
2192.00000000 1.93428571 1.99714286
2208.00000000 1.92000000 1.92571429
2224.00000000 1.96285714 1.94571429
2240.00000000 1.92571429 1.94000000
2256.00000000 1.94000000 1.96857143
2272.00000000 1.95428571 1.95428571
2288.00000000 1.94000000 1.95714286
2304.00000000 1.92285714 1.91714286
2320.00000000 1.90000000 1.92571429
2336.00000000 1.89714286 1.87714286
2352.00000000 1.89428571 1.91428571
2368.00000000 1.86857143 1.90857143
2384.00000000 1.89714286 1.91142857
2400.00000000 1.85714286 1.90285714
2416.00000000 1.87714286 1.87142857
2432.00000000 1.86571429 1.88285714
2448.00000000 1.85714286 1.86857143
2464.00000000 1.86000000 1.86000000
2480.00000000 1.88857143 1.87714286
2496.00000000 1.86857143 1.86000000
2512.00000000 1.86857143 1.86571429
2528.00000000 1.86285714 1.86285714
2544.00000000 1.85142857 1.88285714
2560.00000000 1.87714286 1.87142857
2576.00000000 1.84000000 1.87142857
2592.00000000 1.86857143 1.84571429
2608.00000000 1.84000000 1.86285714
2624.00000000 1.83714286 1.83142857
2640.00000000 1.83142857 1.87428571
2656.00000000 1.85142857 1.84000000
2672.00000000 1.81714286 1.82285714
2688.00000000 1.84000000 1.83428571
2704.00000000 1.83142857 1.84857143
2720.00000000 1.83714286 1.84000000
2736.00000000 1.83714286 1.83428571
2752.00000000 1.84571429 1.82857143
2768.00000000 1.83142857 1.86285714
2784.00000000 1.81142857 1.78571429
2800.00000000 1.82285714 1.82000000
2816.00000000 1.80857143 1.82571429
2832.00000000 1.82000000 1.79142857
2848.00000000 1.81714286 1.81714286
2864.00000000 1.83142857 1.79714286
2880.00000000 1.77714286 1.78571429
2896.00000000 1.81714286 1.79428571
2912.00000000 1.81714286 1.80857143
2928.00000000 1.79714286 1.79714286
2944.00000000 1.82571429 1.80571429
2960.00000000 1.77714286 1.81142857
2976.00000000 1.80000000 1.81428571
2992.00000000 1.79714286 1.80857143
3008.00000000 1.80000000 1.78285714
3024.00000000 1.78571429 1.78000000
3040.00000000 1.78000000 1.77142857
3056.00000000 1.77428571 1.79428571
3072.00000000 1.80857143 1.78571429
3088.00000000 1.76857143 1.78285714
3104.00000000 1.77714286 1.77714286
3120.00000000 1.76000000 1.76285714
3136.00000000 1.74571429 1.77714286
3152.00000000 1.75714286 1.79714286
3168.00000000 1.78000000 1.77142857
3184.00000000 1.73142857 1.76000000
3200.00000000 1.77428571 1.76285714
