0 647.19000000 649.24333333
16.00000000 21.02333333 21.23000000
32.00000000 14.23666667 14.27666667
48.00000000 11.30333333 11.34000000
64.00000000 9.66333333 9.81666667
80.00000000 8.63000000 8.67666667
96.00000000 7.72666667 7.69333333
112.00000000 6.91333333 6.95666667
128.00000000 6.52000000 6.52000000
144.00000000 6.14333333 6.15666667
160.00000000 5.76666667 5.77333333
176.00000000 5.49333333 5.55666667
192.00000000 5.29666667 5.34000000
208.00000000 5.08333333 5.09666667
224.00000000 4.84333333 4.95333333
240.00000000 4.74666667 4.77333333
256.00000000 4.62000000 4.64000000
272.00000000 4.50000000 4.47666667
288.00000000 4.38333333 4.37000000
304.00000000 4.23666667 4.23000000
320.00000000 4.06333333 4.10333333
336.00000000 4.02000000 4.06000000
352.00000000 3.98333333 3.96000000
368.00000000 3.83333333 3.94000000
384.00000000 3.83333333 3.84000000
400.00000000 3.73333333 3.75666667
416.00000000 3.62666667 3.66666667
432.00000000 3.62000000 3.63333333
448.00000000 3.54000000 3.55666667
464.00000000 3.52333333 3.46000000
480.00000000 3.48666667 3.41333333
496.00000000 3.44333333 3.38333333
512.00000000 3.32666667 3.33666667
528.00000000 3.32333333 3.32666667
544.00000000 3.31666667 3.30000000
560.00000000 3.22666667 3.23333333
576.00000000 3.14333333 3.19333333
592.00000000 3.12666667 3.15666667
608.00000000 3.16333333 3.09666667
624.00000000 3.11000000 3.10333333
640.00000000 3.07666667 3.05333333
656.00000000 3.00000000 3.04333333
672.00000000 2.93000000 3.03333333
688.00000000 2.98000000 2.99666667
704.00000000 2.91333333 2.95333333
720.00000000 2.94000000 2.95000000
736.00000000 2.88333333 2.93666667
752.00000000 2.88666667 2.92666667
768.00000000 2.83333333 2.86333333
784.00000000 2.83000000 2.83333333
800.00000000 2.82000000 2.85333333
816.00000000 2.80333333 2.82666667
832.00000000 2.79333333 2.79666667
848.00000000 2.76000000 2.75000000
864.00000000 2.74333333 2.73666667
880.00000000 2.69000000 2.70000000
896.00000000 2.66000000 2.71666667
912.00000000 2.67333333 2.70666667
928.00000000 2.64333333 2.67333333
944.00000000 2.62666667 2.66000000
960.00000000 2.57000000 2.65666667
976.00000000 2.55666667 2.58333333
992.00000000 2.56333333 2.62000000
1008.00000000 2.58666667 2.56333333
1024.00000000 2.54000000 2.56666667
1040.00000000 2.51333333 2.54666667
1056.00000000 2.54666667 2.55000000
1072.00000000 2.54333333 2.56333333
1088.00000000 2.47333333 2.55666667
1104.00000000 2.49000000 2.50333333
1120.00000000 2.48000000 2.49666667
1136.00000000 2.46000000 2.48000000
1152.00000000 2.47666667 2.46333333
1168.00000000 2.48333333 2.47666667
1184.00000000 2.43333333 2.40333333
1200.00000000 2.43000000 2.45000000
1216.00000000 2.41666667 2.43333333
1232.00000000 2.41000000 2.42666667
1248.00000000 2.38333333 2.40000000
1264.00000000 2.39333333 2.40666667
1280.00000000 2.38666667 2.37666667
1296.00000000 2.35333333 2.35666667
1312.00000000 2.37333333 2.34666667
1328.00000000 2.32666667 2.36000000
1344.00000000 2.37000000 2.39666667
1360.00000000 2.33666667 2.33000000
1376.00000000 2.32666667 2.36000000
1392.00000000 2.28333333 2.27333333
1408.00000000 2.28666667 2.27333333
1424.00000000 2.28666667 2.32000000
1440.00000000 2.26333333 2.25666667
1456.00000000 2.29000000 2.29000000
1472.00000000 2.28666667 2.27333333
1488.00000000 2.27333333 2.26666667
1504.00000000 2.26333333 2.31000000
1520.00000000 2.25333333 2.26333333
1536.00000000 2.26000000 2.24333333
1552.00000000 2.24666667 2.24666667
1568.00000000 2.24666667 2.25000000
1584.00000000 2.25666667 2.21666667
1600.00000000 2.20666667 2.23000000
1616.00000000 2.22333333 2.19000000
1632.00000000 2.18666667 2.23333333
1648.00000000 2.20333333 2.21666667
1664.00000000 2.15666667 2.19000000
1680.00000000 2.15000000 2.14666667
1696.00000000 2.12000000 2.16000000
1712.00000000 2.16333333 2.14666667
1728.00000000 2.18666667 2.13666667
1744.00000000 2.18000000 2.15666667
1760.00000000 2.15333333 2.12333333
1776.00000000 2.14333333 2.13333333
1792.00000000 2.11666667 2.17666667
1808.00000000 2.10000000 2.16000000
1824.00000000 2.13000000 2.14666667
1840.00000000 2.08000000 2.10000000
1856.00000000 2.05333333 2.07000000
1872.00000000 2.07000000 2.09000000
1888.00000000 2.08000000 2.11000000
1904.00000000 2.05666667 2.10000000
1920.00000000 2.07666667 2.06666667
1936.00000000 2.02333333 2.07333333
1952.00000000 2.06000000 2.08666667
1968.00000000 2.02333333 2.07000000
1984.00000000 2.06666667 2.06666667
2000.00000000 2.04666667 2.03666667
2016.00000000 2.03333333 2.04333333
2032.00000000 2.02000000 2.03666667
2048.00000000 1.98666667 2.04000000
2064.00000000 2.02333333 2.02000000
2080.00000000 2.02333333 2.01333333
2096.00000000 2.00333333 1.96000000
2112.00000000 1.98333333 2.02000000
2128.00000000 1.97666667 1.97000000
2144.00000000 2.01666667 2.00666667
2160.00000000 2.01333333 2.00000000
2176.00000000 1.97000000 2.02666667
2192.00000000 1.95333333 2.01333333
2208.00000000 1.96000000 1.93666667
2224.00000000 1.97666667 1.96333333
2240.00000000 1.94333333 1.95000000
2256.00000000 1.94000000 1.98333333
2272.00000000 1.97000000 1.98000000
2288.00000000 1.95333333 1.97666667
2304.00000000 1.93000000 1.93333333
2320.00000000 1.92333333 1.93333333
2336.00000000 1.90666667 1.88666667
2352.00000000 1.90666667 1.92000000
2368.00000000 1.88333333 1.91000000
2384.00000000 1.90000000 1.91666667
2400.00000000 1.86000000 1.92000000
2416.00000000 1.88000000 1.89666667
2432.00000000 1.86666667 1.88333333
2448.00000000 1.87000000 1.87333333
2464.00000000 1.86333333 1.86000000
2480.00000000 1.90333333 1.89000000
2496.00000000 1.87666667 1.87666667
2512.00000000 1.87333333 1.87666667
2528.00000000 1.87333333 1.88000000
2544.00000000 1.84666667 1.89666667
2560.00000000 1.87666667 1.89333333
2576.00000000 1.84333333 1.89000000
2592.00000000 1.87000000 1.85666667
2608.00000000 1.85000000 1.86666667
2624.00000000 1.85000000 1.83666667
2640.00000000 1.85000000 1.88000000
2656.00000000 1.85333333 1.84666667
2672.00000000 1.83333333 1.82333333
2688.00000000 1.85333333 1.83666667
2704.00000000 1.84666667 1.85333333
2720.00000000 1.84666667 1.84000000
2736.00000000 1.83666667 1.82666667
2752.00000000 1.86333333 1.83000000
2768.00000000 1.83333333 1.87333333
2784.00000000 1.83000000 1.79666667
2800.00000000 1.81333333 1.82333333
2816.00000000 1.81333333 1.82666667
2832.00000000 1.82666667 1.78666667
2848.00000000 1.82666667 1.81666667
2864.00000000 1.82333333 1.80000000
2880.00000000 1.77666667 1.78666667
2896.00000000 1.81666667 1.80666667
2912.00000000 1.81000000 1.81666667
2928.00000000 1.78666667 1.79333333
2944.00000000 1.83000000 1.81666667
2960.00000000 1.78000000 1.80000000
2976.00000000 1.78666667 1.81666667
2992.00000000 1.78666667 1.79666667
3008.00000000 1.78333333 1.77333333
3024.00000000 1.78666667 1.78000000
3040.00000000 1.77000000 1.76000000
3056.00000000 1.76666667 1.78666667
3072.00000000 1.79666667 1.78333333
3088.00000000 1.75333333 1.78000000
3104.00000000 1.77666667 1.76666667
3120.00000000 1.75000000 1.76333333
3136.00000000 1.76333333 1.77666667
3152.00000000 1.75333333 1.80333333
3168.00000000 1.77666667 1.76333333
3184.00000000 1.72000000 1.75666667
3200.00000000 1.78333333 1.77333333
