0 1011.97272727 1014.60909091
25.00000000 22.68181818 22.91636364
50.00000000 13.47636364 13.54000000
75.00000000 9.88545454 9.97090909
100.00000000 7.92181818 7.96000000
125.00000000 6.64909091 6.71090909
150.00000000 5.76545455 5.88000000
175.00000000 5.13818182 5.19090909
200.00000000 4.62545454 4.69090909
225.00000000 4.25454545 4.30181818
250.00000000 3.90545455 3.94000000
275.00000000 3.62727273 3.66545455
300.00000000 3.34000000 3.37636364
325.00000000 3.13454546 3.15818182
350.00000000 2.94909091 2.99272727
375.00000000 2.81090909 2.84000000
400.00000000 2.67454545 2.67272727
425.00000000 2.51636363 2.52363637
450.00000000 2.43818182 2.42363637
475.00000000 2.33272728 2.36000000
500.00000000 2.19818181 2.22545455
525.00000000 2.13090909 2.17454545
550.00000000 2.04545455 2.08181818
575.00000000 1.98909091 1.99636363
600.00000000 1.89454546 1.91636363
625.00000000 1.83818182 1.86181818
650.00000000 1.76363636 1.79272727
675.00000000 1.68909091 1.71818182
700.00000000 1.66363636 1.66545455
725.00000000 1.59636364 1.62181818
750.00000000 1.58545455 1.58000000
775.00000000 1.53272728 1.54909091
800.00000000 1.48181818 1.51454545
825.00000000 1.42727273 1.47090909
850.00000000 1.39636363 1.40545455
875.00000000 1.34909091 1.39454545
900.00000000 1.32363637 1.31272727
925.00000000 1.30909091 1.30545454
950.00000000 1.26727273 1.24909091
975.00000000 1.22181818 1.24909091
1000.00000000 1.20181818 1.24727272
1025.00000000 1.17818182 1.20000000
1050.00000000 1.15272728 1.16363636
1075.00000000 1.11636363 1.14363636
1100.00000000 1.10363636 1.09818182
1125.00000000 1.04727273 1.07818182
1150.00000000 1.03818182 1.06727272
1175.00000000 1.02000000 1.04181818
1200.00000000 1.02000000 1.02363636
1225.00000000 1.01818182 1.01454545
1250.00000000 0.97636364 0.99090909
1275.00000000 0.96727273 0.96545454
1300.00000000 0.92909091 0.94000000
1325.00000000 0.92181818 0.92727272
1350.00000000 0.90363636 0.90000000
1375.00000000 0.86000000 0.86000000
1400.00000000 0.82909091 0.84545454
1425.00000000 0.82909091 0.83454546
1450.00000000 0.83454545 0.82909091
1475.00000000 0.81818182 0.81454545
1500.00000000 0.75454545 0.79818182
1525.00000000 0.76545454 0.76000000
1550.00000000 0.73636364 0.75090909
1575.00000000 0.71818182 0.72909091
1600.00000000 0.72545455 0.71090909
1625.00000000 0.70545454 0.69272727
1650.00000000 0.68181818 0.68363637
1675.00000000 0.66545454 0.66545455
1700.00000000 0.65818182 0.67636364
1725.00000000 0.65090909 0.65636364
1750.00000000 0.62181818 0.64363637
1775.00000000 0.60181818 0.63090909
1800.00000000 0.61818182 0.60909091
1825.00000000 0.59454546 0.60363636
1850.00000000 0.58727273 0.60181818
1875.00000000 0.55636363 0.57090909
1900.00000000 0.56000000 0.55090909
1925.00000000 0.53454545 0.53818182
1950.00000000 0.51636364 0.51272727
1975.00000000 0.52909091 0.52363636
2000.00000000 0.50363636 0.51272727
2025.00000000 0.50363637 0.49636364
2050.00000000 0.48363637 0.49818182
2075.00000000 0.48545455 0.48363636
2100.00000000 0.46545455 0.46909091
2125.00000000 0.45818182 0.46000000
2150.00000000 0.44000000 0.44181818
2175.00000000 0.43272728 0.43636364
2200.00000000 0.43090909 0.43090909
2225.00000000 0.41090909 0.40909091
2250.00000000 0.39454545 0.40909091
2275.00000000 0.38000000 0.39090909
2300.00000000 0.37818182 0.38909091
2325.00000000 0.37090909 0.38181818
2350.00000000 0.37090909 0.35818182
2375.00000000 0.36545455 0.37272727
2400.00000000 0.35818182 0.34909091
2425.00000000 0.36363637 0.36000000
2450.00000000 0.36363637 0.35636364
2475.00000000 0.35090909 0.36181818
2500.00000000 0.34363636 0.34545455
2525.00000000 0.34181818 0.34000000
2550.00000000 0.32363636 0.33818182
2575.00000000 0.31818182 0.32363636
2600.00000000 0.30000000 0.32363636
2625.00000000 0.30727273 0.31454546
2650.00000000 0.29272727 0.29454545
2675.00000000 0.29454545 0.29454545
2700.00000000 0.28363636 0.28181818
2725.00000000 0.28909091 0.28909091
2750.00000000 0.28727273 0.28181818
2775.00000000 0.27818182 0.26363636
2800.00000000 0.26363636 0.27818182
2825.00000000 0.25272727 0.25272727
2850.00000000 0.25454545 0.25818182
2875.00000000 0.25818182 0.24909091
2900.00000000 0.23636364 0.24909091
2925.00000000 0.25272727 0.25272727
2950.00000000 0.23636363 0.24545455
2975.00000000 0.23636364 0.23090909
3000.00000000 0.23454545 0.22727273
3025.00000000 0.23272727 0.22727273
3050.00000000 0.22363636 0.23090909
3075.00000000 0.21636363 0.22363636
3100.00000000 0.22181818 0.21818182
3125.00000000 0.21272727 0.21818182
3150.00000000 0.19272728 0.21090909
3175.00000000 0.18909090 0.19818182
3200.00000000 0.18545455 0.19454546
3225.00000000 0.19090909 0.18909091
3250.00000000 0.18363636 0.18727273
3275.00000000 0.17272728 0.17818182
3300.00000000 0.17090909 0.16727273
3325.00000000 0.16545454 0.18000000
3350.00000000 0.16545455 0.16363636
3375.00000000 0.16909091 0.16909091
3400.00000000 0.16181819 0.15818182
3425.00000000 0.15454545 0.15818181
3450.00000000 0.16181818 0.15454545
3475.00000000 0.15636364 0.15272727
3500.00000000 0.14727273 0.15272727
3525.00000000 0.14000000 0.15090909
3550.00000000 0.14000000 0.15090909
3575.00000000 0.12909091 0.13272728
3600.00000000 0.12545455 0.13454545
3625.00000000 0.13454545 0.13636363
3650.00000000 0.12363637 0.12727273
3675.00000000 0.12727273 0.13272727
3700.00000000 0.12545455 0.12181818
3725.00000000 0.12727273 0.12727273
3750.00000000 0.12000000 0.12363637
3775.00000000 0.11636364 0.11818182
3800.00000000 0.11636364 0.11272728
3825.00000000 0.11272728 0.11636364
3850.00000000 0.10545454 0.10545455
3875.00000000 0.10727273 0.10909091
3900.00000000 0.11090910 0.09636364
3925.00000000 0.10909091 0.10727272
3950.00000000 0.10181818 0.10545455
3975.00000000 0.10181818 0.10545455
4000.00000000 0.09818182 0.09636364
4025.00000000 0.09818182 0.09272727
4050.00000000 0.10181818 0.10000000
4075.00000000 0.09818182 0.09818182
4100.00000000 0.09090909 0.09818182
4125.00000000 0.10181818 0.09818182
4150.00000000 0.08909091 0.09272727
4175.00000000 0.08545455 0.08545455
4200.00000000 0.08181818 0.08363637
4225.00000000 0.07818182 0.08181818
4250.00000000 0.07636363 0.08363637
4275.00000000 0.07090909 0.08000000
4300.00000000 0.06727273 0.07090909
4325.00000000 0.07272727 0.07636363
4350.00000000 0.08000000 0.07636363
4375.00000000 0.06909091 0.07090909
4400.00000000 0.07636363 0.07636363
4425.00000000 0.07272727 0.07090909
4450.00000000 0.07090909 0.07454545
4475.00000000 0.07090909 0.07272727
4500.00000000 0.07272727 0.06909091
4525.00000000 0.07090909 0.06545455
4550.00000000 0.06545454 0.06363636
4575.00000000 0.06727273 0.06727273
4600.00000000 0.06545455 0.06363636
4625.00000000 0.06000000 0.06181818
4650.00000000 0.06000000 0.06363637
4675.00000000 0.06000000 0.06363637
4700.00000000 0.05818182 0.05636364
4725.00000000 0.05636364 0.05272727
4750.00000000 0.05454545 0.05272727
4775.00000000 0.05272727 0.05636364
4800.00000000 0.05090909 0.05090909
4825.00000000 0.05454545 0.05272727
4850.00000000 0.05818182 0.05636364
4875.00000000 0.04909091 0.04727273
4900.00000000 0.04181819 0.04727273
4925.00000000 0.04000000 0.04545454
4950.00000000 0.04363636 0.04909091
4975.00000000 0.04545455 0.04363637
5000.00000000 0.04545455 0.04545455
