0 1011.93720930 1014.58837209
25.00000000 22.63953488 22.81627907
50.00000000 13.39534884 13.46046512
75.00000000 9.87209302 9.97209302
100.00000000 7.90697674 7.97674419
125.00000000 6.69069767 6.72558140
150.00000000 5.76046512 5.86046512
175.00000000 5.16511628 5.20465116
200.00000000 4.63720930 4.67906977
225.00000000 4.25581395 4.30000000
250.00000000 3.89767442 3.90465116
275.00000000 3.61627907 3.66046512
300.00000000 3.34418605 3.36511628
325.00000000 3.14418605 3.17674419
350.00000000 2.95116279 3.01395349
375.00000000 2.82093023 2.84186047
400.00000000 2.65581395 2.65581395
425.00000000 2.48837209 2.50930233
450.00000000 2.43255814 2.41162791
475.00000000 2.32790698 2.34651163
500.00000000 2.19069767 2.21162791
525.00000000 2.10697674 2.15348837
550.00000000 2.04418605 2.06279070
575.00000000 1.96744186 1.98837209
600.00000000 1.89534884 1.91860465
625.00000000 1.81627907 1.85348837
650.00000000 1.73023256 1.77441860
675.00000000 1.69534884 1.70232558
700.00000000 1.65813953 1.64883721
725.00000000 1.58372093 1.60000000
750.00000000 1.58372093 1.57209302
775.00000000 1.54186047 1.54651163
800.00000000 1.48372093 1.51627907
825.00000000 1.41162791 1.47209302
850.00000000 1.38604651 1.40000000
875.00000000 1.34651163 1.38372093
900.00000000 1.31162791 1.30465116
925.00000000 1.30232558 1.28837209
950.00000000 1.24651163 1.23720930
975.00000000 1.21627907 1.23488372
1000.00000000 1.19302326 1.23720930
1025.00000000 1.16744186 1.19302326
1050.00000000 1.12790698 1.14883721
1075.00000000 1.10465116 1.13255814
1100.00000000 1.09767442 1.08837209
1125.00000000 1.03255814 1.07209302
1150.00000000 1.03488372 1.07209302
1175.00000000 1.02093023 1.04418605
1200.00000000 1.01162791 1.02093023
1225.00000000 1.01162791 1.01860465
1250.00000000 0.96744186 0.97906977
1275.00000000 0.96511628 0.97209302
1300.00000000 0.93720930 0.94651163
1325.00000000 0.92325581 0.93953488
1350.00000000 0.91627907 0.90930233
1375.00000000 0.86976744 0.86744186
1400.00000000 0.84186047 0.85348837
1425.00000000 0.84883721 0.84186047
1450.00000000 0.85116279 0.84186047
1475.00000000 0.83488372 0.82325581
1500.00000000 0.75581395 0.79767442
1525.00000000 0.76744186 0.76744186
1550.00000000 0.73023256 0.75116279
1575.00000000 0.71860465 0.73023256
1600.00000000 0.73255814 0.71395349
1625.00000000 0.70465116 0.67441860
1650.00000000 0.67209302 0.66046512
1675.00000000 0.65348837 0.64651163
1700.00000000 0.65348837 0.66511628
1725.00000000 0.62790698 0.64418605
1750.00000000 0.60465116 0.63023256
1775.00000000 0.58139535 0.62093023
1800.00000000 0.61395349 0.59302326
1825.00000000 0.58139535 0.58372093
1850.00000000 0.56744186 0.58139535
1875.00000000 0.53720930 0.55348837
1900.00000000 0.53720930 0.53953488
1925.00000000 0.52093023 0.52093023
1950.00000000 0.50232558 0.49069767
1975.00000000 0.51162791 0.50697674
2000.00000000 0.48837209 0.50000000
2025.00000000 0.49534884 0.49302326
2050.00000000 0.47906977 0.50000000
2075.00000000 0.47906977 0.47441860
2100.00000000 0.46511628 0.46511628
2125.00000000 0.45348837 0.46046512
2150.00000000 0.44186047 0.44418605
2175.00000000 0.44186047 0.43255814
2200.00000000 0.43255814 0.42325581
2225.00000000 0.41627907 0.40930233
2250.00000000 0.40232558 0.41395349
2275.00000000 0.38372093 0.39534884
2300.00000000 0.37674419 0.39302326
2325.00000000 0.37441860 0.37906977
2350.00000000 0.36744186 0.36046512
2375.00000000 0.36511628 0.37209302
2400.00000000 0.35348837 0.34651163
2425.00000000 0.36046512 0.36279070
2450.00000000 0.36046512 0.36046512
2475.00000000 0.35348837 0.36279070
2500.00000000 0.33720930 0.34418605
2525.00000000 0.33720930 0.33255814
2550.00000000 0.32093023 0.33488372
2575.00000000 0.31395349 0.32093023
2600.00000000 0.29534884 0.31860465
2625.00000000 0.30232558 0.30930233
2650.00000000 0.28837209 0.29767442
2675.00000000 0.29069767 0.29069767
2700.00000000 0.28604651 0.27906977
2725.00000000 0.28837209 0.28604651
2750.00000000 0.28604651 0.28139535
2775.00000000 0.27441860 0.26511628
2800.00000000 0.25348837 0.27441860
2825.00000000 0.24883721 0.24651163
2850.00000000 0.25813953 0.25348837
2875.00000000 0.25581395 0.24883721
2900.00000000 0.23023256 0.24651163
2925.00000000 0.24883721 0.25116279
2950.00000000 0.23953488 0.24186047
2975.00000000 0.23023256 0.22790698
3000.00000000 0.23720930 0.22558140
3025.00000000 0.23488372 0.22558140
3050.00000000 0.22093023 0.22790698
3075.00000000 0.21860465 0.22325581
3100.00000000 0.22093023 0.22093023
3125.00000000 0.21627907 0.21860465
3150.00000000 0.19302326 0.21860465
3175.00000000 0.19069767 0.19767442
3200.00000000 0.17906977 0.19534884
3225.00000000 0.19302326 0.19534884
3250.00000000 0.18372093 0.18604651
3275.00000000 0.17674419 0.17674419
3300.00000000 0.17674419 0.16744186
3325.00000000 0.16976744 0.17906977
3350.00000000 0.16511628 0.16511628
3375.00000000 0.16744186 0.16744186
3400.00000000 0.16046512 0.15581395
3425.00000000 0.15348837 0.15813953
3450.00000000 0.15813953 0.15116279
3475.00000000 0.16046512 0.15348837
3500.00000000 0.14883721 0.14883721
3525.00000000 0.14186047 0.14883721
3550.00000000 0.13720930 0.15116279
3575.00000000 0.13255814 0.14186047
3600.00000000 0.13255814 0.13953488
3625.00000000 0.13488372 0.13720930
3650.00000000 0.12558140 0.12558140
3675.00000000 0.12790698 0.13255814
3700.00000000 0.12790698 0.12558140
3725.00000000 0.12558140 0.12558140
3750.00000000 0.11860465 0.12558140
3775.00000000 0.11395349 0.11395349
3800.00000000 0.11395349 0.11162791
3825.00000000 0.10930233 0.11395349
3850.00000000 0.10697674 0.10232558
3875.00000000 0.10465116 0.10697674
3900.00000000 0.10930233 0.10000000
3925.00000000 0.10697674 0.10697674
3950.00000000 0.10000000 0.10232558
3975.00000000 0.10000000 0.10232558
4000.00000000 0.09767442 0.09534884
4025.00000000 0.09302326 0.08837209
4050.00000000 0.09767442 0.09534884
4075.00000000 0.09534884 0.09767442
4100.00000000 0.08604651 0.09534884
4125.00000000 0.09767442 0.09534884
4150.00000000 0.08837209 0.08604651
4175.00000000 0.08139535 0.08372093
4200.00000000 0.08139535 0.07674419
4225.00000000 0.07674419 0.07674419
4250.00000000 0.06976744 0.07906977
4275.00000000 0.06744186 0.07674419
4300.00000000 0.06279070 0.06511628
4325.00000000 0.06511628 0.06976744
4350.00000000 0.07441860 0.06976744
4375.00000000 0.06279070 0.06744186
4400.00000000 0.06976744 0.06976744
4425.00000000 0.06744186 0.06279070
4450.00000000 0.06976744 0.06976744
4475.00000000 0.06511628 0.06744186
4500.00000000 0.06511628 0.06046512
4525.00000000 0.06744186 0.06046512
4550.00000000 0.05813953 0.05813953
4575.00000000 0.06046512 0.06046512
4600.00000000 0.06279070 0.05813953
4625.00000000 0.05116279 0.05348837
4650.00000000 0.05348837 0.06046512
4675.00000000 0.05581395 0.06046512
4700.00000000 0.05348837 0.05348837
4725.00000000 0.05348837 0.04883721
4750.00000000 0.05348837 0.04651163
4775.00000000 0.04883721 0.05348837
4800.00000000 0.04651163 0.04651163
4825.00000000 0.05116279 0.04883721
4850.00000000 0.05348837 0.05116279
4875.00000000 0.04418605 0.04186047
4900.00000000 0.04186047 0.04186047
4925.00000000 0.03255814 0.03953488
4950.00000000 0.03953488 0.04418605
4975.00000000 0.04186047 0.04186047
5000.00000000 0.04186047 0.04418605
