0 1013.31428572 1015.83142857
25.00000000 22.74285714 23.00571428
50.00000000 13.45714286 13.55142857
75.00000000 9.88571429 9.96285715
100.00000000 7.87428571 7.89428572
125.00000000 6.61428571 6.67714285
150.00000000 5.76857143 5.89142857
175.00000000 5.11142857 5.15428572
200.00000000 4.57714285 4.62857143
225.00000000 4.17714285 4.24285714
250.00000000 3.86571428 3.92000000
275.00000000 3.58285714 3.61428571
300.00000000 3.29428571 3.33142857
325.00000000 3.09142857 3.10571429
350.00000000 2.92285715 2.93714286
375.00000000 2.76285714 2.79142857
400.00000000 2.63428572 2.62285714
425.00000000 2.50571429 2.50571429
450.00000000 2.40857143 2.37142857
475.00000000 2.28571428 2.34571429
500.00000000 2.14857143 2.16571428
525.00000000 2.10285714 2.11142857
550.00000000 1.99714286 2.03142857
575.00000000 1.97714286 1.93428571
600.00000000 1.84000000 1.89714286
625.00000000 1.81428572 1.84000000
650.00000000 1.74000000 1.76571428
675.00000000 1.63714286 1.71714286
700.00000000 1.65428571 1.66285714
725.00000000 1.58857143 1.60571429
750.00000000 1.57428571 1.54857142
775.00000000 1.49714285 1.53428571
800.00000000 1.45714286 1.48857143
825.00000000 1.42571428 1.44857143
850.00000000 1.39142857 1.38857143
875.00000000 1.34000000 1.37714286
900.00000000 1.31714286 1.29714286
925.00000000 1.29142857 1.29428572
950.00000000 1.28285714 1.24285714
975.00000000 1.24000000 1.24571428
1000.00000000 1.19142857 1.23714286
1025.00000000 1.18857143 1.19714286
1050.00000000 1.14571428 1.13714286
1075.00000000 1.12285714 1.12285714
1100.00000000 1.09714286 1.09142857
1125.00000000 1.03428571 1.07142857
1150.00000000 1.04000000 1.05428571
1175.00000000 0.99428572 1.01714285
1200.00000000 1.01142857 0.99142857
1225.00000000 1.00000000 0.99142857
1250.00000000 0.95714285 0.97714286
1275.00000000 0.96000000 0.94857143
1300.00000000 0.91142857 0.91142857
1325.00000000 0.89428572 0.90571428
1350.00000000 0.87428572 0.87714286
1375.00000000 0.83428571 0.84571428
1400.00000000 0.78857143 0.82571429
1425.00000000 0.78857143 0.82857142
1450.00000000 0.80857143 0.80285714
1475.00000000 0.79714285 0.78571428
1500.00000000 0.72000000 0.77142857
1525.00000000 0.73428571 0.73714285
1550.00000000 0.72285714 0.72571429
1575.00000000 0.69428572 0.70285714
1600.00000000 0.70571428 0.68571429
1625.00000000 0.68571428 0.69142857
1650.00000000 0.67428571 0.67428572
1675.00000000 0.66571428 0.66000000
1700.00000000 0.64285715 0.65714286
1725.00000000 0.62571429 0.65428571
1750.00000000 0.61428571 0.64285714
1775.00000000 0.61714286 0.62000000
1800.00000000 0.60857142 0.60285715
1825.00000000 0.58857143 0.59142857
1850.00000000 0.57714286 0.60285714
1875.00000000 0.54285714 0.55428571
1900.00000000 0.56571429 0.54285714
1925.00000000 0.52285714 0.54285714
1950.00000000 0.51714286 0.50857143
1975.00000000 0.52857143 0.50571428
2000.00000000 0.50285714 0.51142857
2025.00000000 0.48857143 0.47714286
2050.00000000 0.47428572 0.48285714
2075.00000000 0.47142857 0.46857143
2100.00000000 0.44000000 0.44571429
2125.00000000 0.43428572 0.44000000
2150.00000000 0.41714285 0.42571428
2175.00000000 0.40571428 0.42285714
2200.00000000 0.41714286 0.41428571
2225.00000000 0.39428571 0.39714286
2250.00000000 0.38857143 0.38571429
2275.00000000 0.37142857 0.38000000
2300.00000000 0.36857143 0.37142857
2325.00000000 0.35428571 0.37714286
2350.00000000 0.36571429 0.34857143
2375.00000000 0.36285715 0.36571429
2400.00000000 0.35142857 0.34000000
2425.00000000 0.34285715 0.35714286
2450.00000000 0.35142857 0.34285714
2475.00000000 0.34000000 0.34857143
2500.00000000 0.33428571 0.33428572
2525.00000000 0.33142857 0.33714286
2550.00000000 0.32000000 0.33428572
2575.00000000 0.31142857 0.31714285
2600.00000000 0.30000000 0.32285715
2625.00000000 0.30571428 0.31428572
2650.00000000 0.29428571 0.28857143
2675.00000000 0.28857143 0.29142857
2700.00000000 0.28000000 0.28000000
2725.00000000 0.28571429 0.28571429
2750.00000000 0.29142857 0.28000000
2775.00000000 0.28857143 0.26857143
2800.00000000 0.27428572 0.27714286
2825.00000000 0.24571429 0.25142857
2850.00000000 0.24571429 0.25428571
2875.00000000 0.25428572 0.24285714
2900.00000000 0.22857143 0.24857143
2925.00000000 0.24857143 0.24857143
2950.00000000 0.23142857 0.24571428
2975.00000000 0.24000000 0.22857143
3000.00000000 0.22857143 0.22857143
3025.00000000 0.22857143 0.22285714
3050.00000000 0.22000000 0.22857143
3075.00000000 0.21714286 0.21714286
3100.00000000 0.22285714 0.21714286
3125.00000000 0.20857143 0.22285715
3150.00000000 0.19428571 0.20285714
3175.00000000 0.19142857 0.18857143
3200.00000000 0.17714286 0.18857143
3225.00000000 0.18000000 0.18000000
3250.00000000 0.17428571 0.18285714
3275.00000000 0.17142857 0.18285714
3300.00000000 0.15714286 0.16000000
3325.00000000 0.15142857 0.17714285
3350.00000000 0.15714286 0.15428571
3375.00000000 0.16000000 0.16285714
3400.00000000 0.15142857 0.15142857
3425.00000000 0.14571428 0.14857143
3450.00000000 0.15428571 0.14857143
3475.00000000 0.15142857 0.14571429
3500.00000000 0.13714286 0.14571429
3525.00000000 0.13714285 0.14000000
3550.00000000 0.13142857 0.14000000
3575.00000000 0.11714286 0.12000000
3600.00000000 0.10857143 0.12000000
3625.00000000 0.13142857 0.12857143
3650.00000000 0.11428572 0.12000000
3675.00000000 0.12000000 0.12571428
3700.00000000 0.11714286 0.11142857
3725.00000000 0.12000000 0.12285714
3750.00000000 0.11142857 0.11714286
3775.00000000 0.11428571 0.11428572
3800.00000000 0.10857143 0.10571429
3825.00000000 0.11142857 0.11714286
3850.00000000 0.10285715 0.10571429
3875.00000000 0.10857143 0.10571429
3900.00000000 0.11142857 0.09142857
3925.00000000 0.10857143 0.10571429
3950.00000000 0.10000000 0.10285714
3975.00000000 0.09714286 0.10571429
4000.00000000 0.09428572 0.09142857
4025.00000000 0.09714286 0.08857143
4050.00000000 0.10000000 0.10000000
4075.00000000 0.09428571 0.09714285
4100.00000000 0.09142857 0.09714286
4125.00000000 0.10285714 0.09428571
4150.00000000 0.08571429 0.09142857
4175.00000000 0.08285714 0.08000000
4200.00000000 0.07714285 0.08571428
4225.00000000 0.07428571 0.08000000
4250.00000000 0.07714286 0.08000000
4275.00000000 0.07142857 0.07714286
4300.00000000 0.06571429 0.06285715
4325.00000000 0.06857143 0.07714286
4350.00000000 0.08000000 0.07714286
4375.00000000 0.07428571 0.07428571
4400.00000000 0.07714286 0.08000000
4425.00000000 0.07428571 0.07714286
4450.00000000 0.06857143 0.07428571
4475.00000000 0.07428571 0.07428571
4500.00000000 0.07428572 0.06857143
4525.00000000 0.07142857 0.06857143
4550.00000000 0.06571428 0.06285714
4575.00000000 0.06857143 0.07142858
4600.00000000 0.06571429 0.06857143
4625.00000000 0.06857143 0.06571428
4650.00000000 0.06000000 0.06571429
4675.00000000 0.06000000 0.06571429
4700.00000000 0.05714286 0.05428572
4725.00000000 0.05714286 0.05714286
4750.00000000 0.05428571 0.05714286
4775.00000000 0.05714286 0.06000000
4800.00000000 0.05428572 0.05428572
4825.00000000 0.05714286 0.06000000
4850.00000000 0.06285714 0.06000000
4875.00000000 0.05428572 0.05142857
4900.00000000 0.04571429 0.05142857
4925.00000000 0.04571429 0.04857143
4950.00000000 0.04857143 0.05428572
4975.00000000 0.04857143 0.04571429
5000.00000000 0.05142857 0.04857143
