0 649.34250000 650.34750000
16.00000000 19.40750000 19.37000000
32.00000000 11.20500000 11.15000000
48.00000000 7.98750000 7.93750000
64.00000000 6.17000000 6.25000000
80.00000000 5.24750000 5.23500000
96.00000000 4.47000000 4.46750000
112.00000000 3.84500000 3.84750000
128.00000000 3.34500000 3.42000000
144.00000000 3.12000000 3.14250000
160.00000000 2.79750000 2.82500000
176.00000000 2.53500000 2.56000000
192.00000000 2.39000000 2.42250000
208.00000000 2.23250000 2.24000000
224.00000000 2.08250000 2.11000000
240.00000000 1.95500000 1.96500000
256.00000000 1.80500000 1.84750000
272.00000000 1.69500000 1.74000000
288.00000000 1.65250000 1.66250000
304.00000000 1.57750000 1.59000000
320.00000000 1.47500000 1.49000000
336.00000000 1.42500000 1.41000000
352.00000000 1.32000000 1.32250000
368.00000000 1.29500000 1.26750000
384.00000000 1.21750000 1.21250000
400.00000000 1.19000000 1.20500000
416.00000000 1.11250000 1.14250000
432.00000000 1.08500000 1.08500000
448.00000000 1.01750000 1.03500000
464.00000000 0.99750000 0.97000000
480.00000000 0.96500000 0.98750000
496.00000000 0.92250000 0.92500000
512.00000000 0.90000000 0.90250000
528.00000000 0.83750000 0.87500000
544.00000000 0.81750000 0.82250000
560.00000000 0.78250000 0.76250000
576.00000000 0.71500000 0.76000000
592.00000000 0.69250000 0.72750000
608.00000000 0.69000000 0.68250000
624.00000000 0.64750000 0.67750000
640.00000000 0.63250000 0.64750000
656.00000000 0.59500000 0.59750000
672.00000000 0.59500000 0.59000000
688.00000000 0.53250000 0.53750000
704.00000000 0.54250000 0.50750000
720.00000000 0.51000000 0.50250000
736.00000000 0.48500000 0.47250000
752.00000000 0.44250000 0.46000000
768.00000000 0.44000000 0.44500000
784.00000000 0.41750000 0.40500000
800.00000000 0.39500000 0.40000000
816.00000000 0.38000000 0.38500000
832.00000000 0.37250000 0.36250000
848.00000000 0.34250000 0.35500000
864.00000000 0.32250000 0.33000000
880.00000000 0.30000000 0.31750000
896.00000000 0.31000000 0.29750000
912.00000000 0.30000000 0.30000000
928.00000000 0.26500000 0.26000000
944.00000000 0.24250000 0.25750000
960.00000000 0.24500000 0.25000000
976.00000000 0.23000000 0.22750000
992.00000000 0.21250000 0.23250000
1008.00000000 0.21250000 0.21750000
1024.00000000 0.20750000 0.20500000
1040.00000000 0.20750000 0.19250000
1056.00000000 0.19000000 0.18750000
1072.00000000 0.16500000 0.16250000
1088.00000000 0.16500000 0.15750000
1104.00000000 0.15500000 0.16000000
1120.00000000 0.14750000 0.15000000
1136.00000000 0.14750000 0.14000000
1152.00000000 0.14500000 0.13500000
1168.00000000 0.13000000 0.12750000
1184.00000000 0.13000000 0.13000000
1200.00000000 0.12750000 0.13250000
1216.00000000 0.12000000 0.12000000
1232.00000000 0.11000000 0.11500000
1248.00000000 0.10750000 0.10000000
1264.00000000 0.09250000 0.09500000
1280.00000000 0.09000000 0.08500000
1296.00000000 0.08250000 0.08000000
1312.00000000 0.08000000 0.07500000
1328.00000000 0.07250000 0.07000000
1344.00000000 0.06750000 0.07250000
1360.00000000 0.06250000 0.06250000
1376.00000000 0.06750000 0.07000000
1392.00000000 0.06250000 0.06500000
1408.00000000 0.05750000 0.05250000
1424.00000000 0.05000000 0.05000000
1440.00000000 0.04500000 0.04750000
1456.00000000 0.04750000 0.05000000
1472.00000000 0.04500000 0.04500000
1488.00000000 0.04500000 0.04500000
1504.00000000 0.03750000 0.03250000
1520.00000000 0.03750000 0.03500000
1536.00000000 0.03750000 0.03500000
1552.00000000 0.03750000 0.03750000
1568.00000000 0.03500000 0.03000000
1584.00000000 0.03250000 0.03500000
1600.00000000 0.03000000 0.03250000
1616.00000000 0.02500000 0.02750000
1632.00000000 0.02500000 0.02750000
1648.00000000 0.02500000 0.02250000
1664.00000000 0.02750000 0.02750000
1680.00000000 0.02250000 0.02750000
1696.00000000 0.02750000 0.02750000
1712.00000000 0.02750000 0.02500000
1728.00000000 0.02500000 0.02250000
1744.00000000 0.02500000 0.02500000
1760.00000000 0.02500000 0.02500000
1776.00000000 0.02000000 0.02500000
1792.00000000 0.02250000 0.02500000
1808.00000000 0.02500000 0.02500000
1824.00000000 0.02500000 0.02500000
1840.00000000 0.02500000 0.02250000
1856.00000000 0.02250000 0.02500000
1872.00000000 0.02000000 0.02250000
1888.00000000 0.02250000 0.02250000
1904.00000000 0.02250000 0.02250000
1920.00000000 0.02250000 0.02250000
1936.00000000 0.02000000 0.02250000
1952.00000000 0.01750000 0.02000000
1968.00000000 0.01750000 0.01500000
1984.00000000 0.01500000 0.01750000
2000.00000000 0.01750000 0.01750000
2016.00000000 0.01500000 0.01250000
2032.00000000 0.01250000 0.01500000
2048.00000000 0.01500000 0.01250000
2064.00000000 0.01500000 0.01500000
2080.00000000 0.01500000 0.01500000
2096.00000000 0.01500000 0.01500000
2112.00000000 0.01500000 0.01500000
2128.00000000 0.01500000 0.01500000
2144.00000000 0.01500000 0.01250000
2160.00000000 0.01000000 0.01250000
2176.00000000 0.01250000 0.01250000
2192.00000000 0.01000000 0.01250000
2208.00000000 0.01000000 0.00750000
2224.00000000 0.00750000 0.00750000
2240.00000000 0.01000000 0.01000000
2256.00000000 0.00750000 0.01000000
2272.00000000 0.01000000 0.01000000
2288.00000000 0.01000000 0.01000000
2304.00000000 0.00750000 0.01000000
2320.00000000 0.01000000 0.01000000
2336.00000000 0.01000000 0.01000000
2352.00000000 0.01000000 0.01000000
2368.00000000 0.00500000 0.00750000
2384.00000000 0.00750000 0.00750000
2400.00000000 0.00750000 0.00750000
2416.00000000 0.00750000 0.00750000
2432.00000000 0.00500000 0.00750000
2448.00000000 0.00750000 0.00750000
2464.00000000 0.00750000 0.00750000
2480.00000000 0.00750000 0.00500000
2496.00000000 0.00750000 0.00750000
2512.00000000 0.00750000 0.00750000
2528.00000000 0.00250000 0.00750000
2544.00000000 0.00750000 0.00750000
2560.00000000 0.00750000 0.00750000
2576.00000000 0.00750000 0.00750000
2592.00000000 0.00750000 0.00750000
2608.00000000 0.00750000 0.00750000
2624.00000000 0.00500000 0.00750000
2640.00000000 0.00750000 0.00750000
2656.00000000 0.00750000 0.00750000
2672.00000000 0.00750000 0.00750000
2688.00000000 0.00500000 0.00750000
2704.00000000 0.00500000 0.00750000
2720.00000000 0.00750000 0.00750000
2736.00000000 0.00750000 0.00750000
2752.00000000 0.00750000 0.00750000
2768.00000000 0.00750000 0.00750000
2784.00000000 0.00750000 0.00750000
2800.00000000 0.00500000 0.00500000
2816.00000000 0.00750000 0.00750000
2832.00000000 0.00500000 0.00500000
2848.00000000 0.00750000 0.00750000
2864.00000000 0.00750000 0.00750000
2880.00000000 0.00750000 0.00750000
2896.00000000 0.00750000 0.00500000
2912.00000000 0.00750000 0.00750000
2928.00000000 0.00750000 0.00750000
2944.00000000 0.00500000 0.00750000
2960.00000000 0.00500000 0.00750000
2976.00000000 0.00750000 0.00750000
2992.00000000 0.00750000 0.00750000
3008.00000000 0.00750000 0.00750000
3024.00000000 0.00750000 0.00750000
3040.00000000 0.00750000 0.00500000
3056.00000000 0.00500000 0.00750000
3072.00000000 0.00500000 0.00750000
3088.00000000 0.00500000 0.00500000
3104.00000000 0.00500000 0.00500000
3120.00000000 0.00500000 0.00500000
3136.00000000 0.00500000 0.00500000
3152.00000000 0.00250000 0.00500000
3168.00000000 0.00500000 0.00500000
3184.00000000 0.00500000 0.00500000
3200.00000000 0.00500000 0.00500000
