0 649.28666667 650.43333333
16.00000000 19.53666667 19.48666667
32.00000000 11.29000000 11.23666667
48.00000000 8.02666667 7.96666667
64.00000000 6.24666667 6.32666667
80.00000000 5.35333333 5.33000000
96.00000000 4.54000000 4.53000000
112.00000000 3.90000000 3.92000000
128.00000000 3.38333333 3.43333333
144.00000000 3.11666667 3.15000000
160.00000000 2.78333333 2.79666667
176.00000000 2.49666667 2.51666667
192.00000000 2.36333333 2.38666667
208.00000000 2.21000000 2.22000000
224.00000000 2.06666667 2.07000000
240.00000000 1.93666667 1.94666667
256.00000000 1.78666667 1.83000000
272.00000000 1.66000000 1.72666667
288.00000000 1.63666667 1.65000000
304.00000000 1.54333333 1.55333333
320.00000000 1.45333333 1.46666667
336.00000000 1.40666667 1.38333333
352.00000000 1.31000000 1.31666667
368.00000000 1.30666667 1.26333333
384.00000000 1.21666667 1.22333333
400.00000000 1.18333333 1.20333333
416.00000000 1.10333333 1.13000000
432.00000000 1.05666667 1.05666667
448.00000000 0.99333333 1.01666667
464.00000000 0.97000000 0.93666667
480.00000000 0.93333333 0.97000000
496.00000000 0.91000000 0.89666667
512.00000000 0.87666667 0.87666667
528.00000000 0.82333333 0.86666667
544.00000000 0.78333333 0.78666667
560.00000000 0.75666667 0.75666667
576.00000000 0.71333333 0.74000000
592.00000000 0.70000000 0.71333333
608.00000000 0.68000000 0.67333333
624.00000000 0.63333333 0.67000000
640.00000000 0.61000000 0.63000000
656.00000000 0.60000000 0.59000000
672.00000000 0.58000000 0.58333333
688.00000000 0.51000000 0.52000000
704.00000000 0.52333333 0.48000000
720.00000000 0.49333333 0.48000000
736.00000000 0.46666667 0.45666667
752.00000000 0.42333333 0.44000000
768.00000000 0.43000000 0.43000000
784.00000000 0.41000000 0.39666667
800.00000000 0.38333333 0.39333333
816.00000000 0.37000000 0.38000000
832.00000000 0.36000000 0.35000000
848.00000000 0.34666667 0.35000000
864.00000000 0.32333333 0.32666667
880.00000000 0.30000000 0.31000000
896.00000000 0.30666667 0.30000000
912.00000000 0.30000000 0.29666667
928.00000000 0.25666667 0.24333333
944.00000000 0.23666667 0.25666667
960.00000000 0.24000000 0.24666667
976.00000000 0.23000000 0.22333333
992.00000000 0.21333333 0.22666667
1008.00000000 0.20666667 0.21333333
1024.00000000 0.20666667 0.20333333
1040.00000000 0.20333333 0.19000000
1056.00000000 0.19666667 0.18333333
1072.00000000 0.16666667 0.16000000
1088.00000000 0.17666667 0.17333333
1104.00000000 0.16333333 0.17333333
1120.00000000 0.15666667 0.16333333
1136.00000000 0.16000000 0.15666667
1152.00000000 0.16000000 0.15000000
1168.00000000 0.14000000 0.14000000
1184.00000000 0.14000000 0.14333333
1200.00000000 0.14666667 0.14666667
1216.00000000 0.13666667 0.13666667
1232.00000000 0.12333333 0.13000000
1248.00000000 0.12000000 0.11000000
1264.00000000 0.10000000 0.10666667
1280.00000000 0.10000000 0.09666667
1296.00000000 0.09333333 0.09000000
1312.00000000 0.09333333 0.08666667
1328.00000000 0.08333333 0.08000000
1344.00000000 0.07666667 0.08333333
1360.00000000 0.07333333 0.07000000
1376.00000000 0.07666667 0.08000000
1392.00000000 0.07333333 0.07666667
1408.00000000 0.07000000 0.06333333
1424.00000000 0.06000000 0.06000000
1440.00000000 0.05666667 0.05666667
1456.00000000 0.05666667 0.06000000
1472.00000000 0.05333333 0.05333333
1488.00000000 0.05333333 0.05333333
1504.00000000 0.04666667 0.04000000
1520.00000000 0.04333333 0.04333333
1536.00000000 0.04333333 0.04000000
1552.00000000 0.04333333 0.04333333
1568.00000000 0.04000000 0.03666667
1584.00000000 0.04000000 0.04000000
1600.00000000 0.03333333 0.03666667
1616.00000000 0.02666667 0.03000000
1632.00000000 0.02666667 0.03000000
1648.00000000 0.02666667 0.02333333
1664.00000000 0.03000000 0.03000000
1680.00000000 0.02666667 0.03000000
1696.00000000 0.03000000 0.03000000
1712.00000000 0.03000000 0.02666667
1728.00000000 0.02666667 0.02333333
1744.00000000 0.02666667 0.02666667
1760.00000000 0.02666667 0.02666667
1776.00000000 0.02000000 0.02666667
1792.00000000 0.02333333 0.02666667
1808.00000000 0.02666667 0.02666667
1824.00000000 0.02666667 0.02666667
1840.00000000 0.02666667 0.02333333
1856.00000000 0.02333333 0.02666667
1872.00000000 0.02000000 0.02333333
1888.00000000 0.02333333 0.02333333
1904.00000000 0.02333333 0.02333333
1920.00000000 0.02333333 0.02333333
1936.00000000 0.02000000 0.02333333
1952.00000000 0.01666667 0.02000000
1968.00000000 0.01666667 0.01333333
1984.00000000 0.01333333 0.01666667
2000.00000000 0.01666667 0.01666667
2016.00000000 0.01333333 0.01000000
2032.00000000 0.01000000 0.01333333
2048.00000000 0.01333333 0.01000000
2064.00000000 0.01333333 0.01333333
2080.00000000 0.01333333 0.01333333
2096.00000000 0.01333333 0.01333333
2112.00000000 0.01333333 0.01333333
2128.00000000 0.01333333 0.01333333
2144.00000000 0.01333333 0.01333333
2160.00000000 0.00666667 0.01000000
2176.00000000 0.01000000 0.01000000
2192.00000000 0.01000000 0.01000000
2208.00000000 0.00666667 0.00666667
2224.00000000 0.00333333 0.00333333
2240.00000000 0.00666667 0.00666667
2256.00000000 0.00666667 0.00666667
2272.00000000 0.00666667 0.00666667
2288.00000000 0.00666667 0.00666667
2304.00000000 0.00333333 0.00666667
2320.00000000 0.00666667 0.00666667
2336.00000000 0.00666667 0.00666667
2352.00000000 0.00666667 0.00666667
2368.00000000 0.00333333 0.00333333
2384.00000000 0.00333333 0.00333333
2400.00000000 0.00333333 0.00333333
2416.00000000 0.00333333 0.00333333
2432.00000000 0.00333333 0.00333333
2448.00000000 0.00333333 0.00333333
2464.00000000 0.00333333 0.00333333
2480.00000000 0.00333333 0.00333333
2496.00000000 0.00333333 0.00333333
2512.00000000 0.00333333 0.00333333
2528.00000000 0.00333333 0.00333333
2544.00000000 0.00333333 0.00333333
2560.00000000 0.00333333 0.00333333
2576.00000000 0.00333333 0.00333333
2592.00000000 0.00333333 0.00333333
2608.00000000 0.00333333 0.00333333
2624.00000000 0.00333333 0.00333333
2640.00000000 0.00333333 0.00333333
2656.00000000 0.00333333 0.00333333
2672.00000000 0.00333333 0.00333333
2688.00000000 0.00000000 0.00333333
2704.00000000 0.00333333 0.00333333
2720.00000000 0.00333333 0.00333333
2736.00000000 0.00333333 0.00333333
2752.00000000 0.00333333 0.00333333
2768.00000000 0.00333333 0.00333333
2784.00000000 0.00333333 0.00333333
2800.00000000 0.00333333 0.00333333
2816.00000000 0.00333333 0.00333333
2832.00000000 0.00333333 0.00333333
2848.00000000 0.00333333 0.00333333
2864.00000000 0.00333333 0.00333333
2880.00000000 0.00333333 0.00333333
2896.00000000 0.00333333 0.00000000
2912.00000000 0.00333333 0.00333333
2928.00000000 0.00333333 0.00333333
2944.00000000 0.00333333 0.00333333
2960.00000000 0.00333333 0.00333333
2976.00000000 0.00333333 0.00333333
2992.00000000 0.00333333 0.00333333
3008.00000000 0.00333333 0.00333333
3024.00000000 0.00333333 0.00333333
3040.00000000 0.00333333 0.00000000
3056.00000000 0.00333333 0.00333333
3072.00000000 0.00000000 0.00333333
3088.00000000 0.00000000 0.00000000
3104.00000000 0.00000000 0.00000000
3120.00000000 0.00000000 0.00000000
3136.00000000 0.00000000 0.00000000
3152.00000000 0.00000000 0.00000000
3168.00000000 0.00000000 0.00000000
3184.00000000 0.00000000 0.00000000
3200.00000000 0.00000000 0.00000000
