0 1011.73500000 1013.48000000
25.00000000 19.76000000 19.76000000
50.00000000 10.97000000 10.99000000
75.00000000 7.79500000 7.80500000
100.00000000 6.02500000 6.08000000
125.00000000 4.79500000 4.79500000
150.00000000 4.19000000 4.21000000
175.00000000 3.74000000 3.74500000
200.00000000 3.28500000 3.24500000
225.00000000 3.00500000 2.98000000
250.00000000 2.59000000 2.71500000
275.00000000 2.39000000 2.40500000
300.00000000 2.22000000 2.26000000
325.00000000 2.06500000 2.09000000
350.00000000 1.97500000 1.95500000
375.00000000 1.82500000 1.84500000
400.00000000 1.73500000 1.75500000
425.00000000 1.59500000 1.59500000
450.00000000 1.57500000 1.57500000
475.00000000 1.49500000 1.45000000
500.00000000 1.42500000 1.42500000
525.00000000 1.29000000 1.36500000
550.00000000 1.24500000 1.29000000
575.00000000 1.20000000 1.17500000
600.00000000 1.12500000 1.10500000
625.00000000 1.15500000 1.12500000
650.00000000 1.03000000 1.06500000
675.00000000 0.99500000 0.96500000
700.00000000 0.96500000 0.92000000
725.00000000 0.86500000 0.85500000
750.00000000 0.82500000 0.83500000
775.00000000 0.78500000 0.76500000
800.00000000 0.73500000 0.75000000
825.00000000 0.70000000 0.71500000
850.00000000 0.68000000 0.72000000
875.00000000 0.61500000 0.63500000
900.00000000 0.63500000 0.61500000
925.00000000 0.60500000 0.58500000
950.00000000 0.54000000 0.55500000
975.00000000 0.54000000 0.52000000
1000.00000000 0.51000000 0.50500000
1025.00000000 0.46500000 0.48500000
1050.00000000 0.42500000 0.43000000
1075.00000000 0.39500000 0.39500000
1100.00000000 0.36000000 0.35500000
1125.00000000 0.34000000 0.33000000
1150.00000000 0.33500000 0.33500000
1175.00000000 0.30000000 0.32500000
1200.00000000 0.29500000 0.29000000
1225.00000000 0.25500000 0.28500000
1250.00000000 0.25000000 0.25500000
1275.00000000 0.24500000 0.26000000
1300.00000000 0.23500000 0.23500000
1325.00000000 0.23000000 0.22000000
1350.00000000 0.20000000 0.21500000
1375.00000000 0.20500000 0.19500000
1400.00000000 0.20000000 0.19500000
1425.00000000 0.18500000 0.17000000
1450.00000000 0.15000000 0.17000000
1475.00000000 0.16500000 0.15000000
1500.00000000 0.14000000 0.14000000
1525.00000000 0.14500000 0.13000000
1550.00000000 0.14000000 0.13000000
1575.00000000 0.12000000 0.12000000
1600.00000000 0.11500000 0.12500000
1625.00000000 0.10500000 0.11000000
1650.00000000 0.12000000 0.11500000
1675.00000000 0.11000000 0.11500000
1700.00000000 0.10000000 0.11000000
1725.00000000 0.11500000 0.10500000
1750.00000000 0.09500000 0.10000000
1775.00000000 0.08500000 0.09000000
1800.00000000 0.07500000 0.09500000
1825.00000000 0.09500000 0.09500000
1850.00000000 0.09500000 0.08500000
1875.00000000 0.07500000 0.08000000
1900.00000000 0.07500000 0.08000000
1925.00000000 0.07500000 0.08000000
1950.00000000 0.08000000 0.08000000
1975.00000000 0.06000000 0.07500000
2000.00000000 0.07000000 0.07000000
2025.00000000 0.07500000 0.06500000
2050.00000000 0.07000000 0.06000000
2075.00000000 0.06000000 0.06000000
2100.00000000 0.05500000 0.05000000
2125.00000000 0.04500000 0.05000000
2150.00000000 0.05000000 0.05000000
2175.00000000 0.05000000 0.05000000
2200.00000000 0.04500000 0.04000000
2225.00000000 0.04500000 0.04000000
2250.00000000 0.04500000 0.04500000
2275.00000000 0.04500000 0.04000000
2300.00000000 0.04500000 0.04000000
2325.00000000 0.04000000 0.04000000
2350.00000000 0.04000000 0.04000000
2375.00000000 0.04000000 0.04000000
2400.00000000 0.04000000 0.04000000
2425.00000000 0.03500000 0.03500000
2450.00000000 0.03500000 0.03500000
2475.00000000 0.03500000 0.03500000
2500.00000000 0.03000000 0.03000000
2525.00000000 0.03000000 0.02500000
2550.00000000 0.02500000 0.03000000
2575.00000000 0.03000000 0.03000000
2600.00000000 0.03000000 0.02500000
2625.00000000 0.03000000 0.02500000
2650.00000000 0.03000000 0.03000000
2675.00000000 0.03000000 0.03000000
2700.00000000 0.02500000 0.02000000
2725.00000000 0.02000000 0.02500000
2750.00000000 0.02500000 0.02500000
2775.00000000 0.02500000 0.02500000
2800.00000000 0.02000000 0.01500000
2825.00000000 0.02000000 0.02000000
2850.00000000 0.02000000 0.02000000
2875.00000000 0.02000000 0.01500000
2900.00000000 0.01500000 0.01500000
2925.00000000 0.01000000 0.01500000
2950.00000000 0.01500000 0.01500000
2975.00000000 0.01500000 0.01500000
3000.00000000 0.01500000 0.01500000
3025.00000000 0.01000000 0.01000000
3050.00000000 0.00500000 0.01000000
3075.00000000 0.01000000 0.01000000
3100.00000000 0.01000000 0.01000000
3125.00000000 0.01000000 0.00500000
3150.00000000 0.01000000 0.01000000
3175.00000000 0.01000000 0.01000000
3200.00000000 0.00500000 0.01000000
3225.00000000 0.01000000 0.01000000
3250.00000000 0.01000000 0.01000000
3275.00000000 0.00500000 0.01000000
3300.00000000 0.01000000 0.01000000
3325.00000000 0.01000000 0.01000000
3350.00000000 0.01000000 0.01000000
3375.00000000 0.01000000 0.01000000
3400.00000000 0.01000000 0.01000000
3425.00000000 0.01000000 0.01000000
3450.00000000 0.01000000 0.01000000
3475.00000000 0.00500000 0.01000000
3500.00000000 0.01000000 0.01000000
3525.00000000 0.01000000 0.01000000
3550.00000000 0.01000000 0.01000000
3575.00000000 0.01000000 0.01000000
3600.00000000 0.01000000 0.01000000
3625.00000000 0.01000000 0.00500000
3650.00000000 0.01000000 0.01000000
3675.00000000 0.01000000 0.01000000
3700.00000000 0.01000000 0.01000000
3725.00000000 0.01000000 0.01000000
3750.00000000 0.01000000 0.01000000
3775.00000000 0.01000000 0.01000000
3800.00000000 0.01000000 0.01000000
3825.00000000 0.01000000 0.01000000
3850.00000000 0.01000000 0.01000000
3875.00000000 0.00500000 0.01000000
3900.00000000 0.01000000 0.01000000
3925.00000000 0.00500000 0.01000000
3950.00000000 0.01000000 0.01000000
3975.00000000 0.00500000 0.01000000
4000.00000000 0.00500000 0.01000000
4025.00000000 0.01000000 0.01000000
4050.00000000 0.01000000 0.00500000
4075.00000000 0.00500000 0.01000000
4100.00000000 0.01000000 0.01000000
4125.00000000 0.01000000 0.00500000
4150.00000000 0.01000000 0.01000000
4175.00000000 0.01000000 0.01000000
4200.00000000 0.01000000 0.01000000
4225.00000000 0.01000000 0.01000000
4250.00000000 0.01000000 0.01000000
4275.00000000 0.01000000 0.01000000
4300.00000000 0.01000000 0.01000000
4325.00000000 0.01000000 0.01000000
4350.00000000 0.01000000 0.01000000
4375.00000000 0.01000000 0.01000000
4400.00000000 0.01000000 0.01000000
4425.00000000 0.01000000 0.01000000
4450.00000000 0.01000000 0.01000000
4475.00000000 0.01000000 0.01000000
4500.00000000 0.01000000 0.01000000
4525.00000000 0.01000000 0.01000000
4550.00000000 0.01000000 0.01000000
4575.00000000 0.00500000 0.01000000
4600.00000000 0.01000000 0.01000000
4625.00000000 0.01000000 0.01000000
4650.00000000 0.01000000 0.01000000
4675.00000000 0.00500000 0.01000000
4700.00000000 0.01000000 0.01000000
4725.00000000 0.01000000 0.00500000
4750.00000000 0.01000000 0.01000000
4775.00000000 0.01000000 0.01000000
4800.00000000 0.00500000 0.01000000
4825.00000000 0.01000000 0.00500000
4850.00000000 0.01000000 0.01000000
4875.00000000 0.01000000 0.01000000
4900.00000000 0.01000000 0.01000000
4925.00000000 0.01000000 0.01000000
4950.00000000 0.00500000 0.01000000
4975.00000000 0.00500000 0.00500000
5000.00000000 0.00500000 0.00500000
