0 5.70071e-05
128 0.0243443
256 0.0336829
384 0.0404102
512 0.0427484
640 0.0463699
768 0.0485482
896 0.0469016
1024 0.046098
1152 0.0468638
1280 0.0469602
1408 0.0448677
1536 0.046335
1664 0.0490247
1792 0.0483165
1920 0.0477842
2048 0.047218
2176 0.0473033
2304 0.0482937
2432 0.045778
2560 0.0455173
2688 0.0442575
2816 0.0452921
2944 0.0430908
3072 0.0418714
3200 0.0396022
3328 0.0385469
3456 0.0373734
3584 0.0369599
3712 0.0372372
3840 0.0388528
3968 0.0395933
4096 0.040002
4224 0.0385719
4352 0.037561
4480 0.0353688
4608 0.0336516
4736 0.0309516
4864 0.0295484
4992 0.0286268
5120 0.0284313
5248 0.0291375
5376 0.0296571
5504 0.0299036
5632 0.0294594
5760 0.0288693
5888 0.0285852
6016 0.0299192
6144 0.0286257
6272 0.0280307
6400 0.0290508
6528 0.0289958
6656 0.0286199
6784 0.0298724
6912 0.0299339
7040 0.0308416
7168 0.0309874
7296 0.0320788
7424 0.0304627
7552 0.0303695
7680 0.0302939
7808 0.0312497
7936 0.0312543
8064 0.0303013
8192 0.0300946
8320 0.0310067
8448 0.0309645
8576 0.030175
8704 0.0294508
8832 0.0296211
8960 0.0295237
9088 0.0301768
9216 0.0300469
9344 0.0302483
9472 0.0294193
9600 0.0290929
9728 0.0302981
9856 0.0292951
9984 0.0301775
10112 0.0305831
10240 0.0297514
10368 0.0289536
10496 0.0288122
10624 0.0297526
10752 0.0300107
10880 0.0300512
11008 0.0296982
11136 0.0300633
11264 0.0311684
11392 0.0298082
11520 0.0283774
11648 0.0278394
11776 0.0276883
11904 0.029545
12032 0.0304731
12160 0.0306535
12288 0.029571
12416 0.0277124
12544 0.0272219
12672 0.0277348
12800 0.0273
