0 5.79787e-09
128 0.00111523
256 0.00231258
384 0.0032741
512 0.00375601
640 0.0039126
768 0.00379446
896 0.00337681
1024 0.00350283
1152 0.00389928
1280 0.00351681
1408 0.00302883
1536 0.00350519
1664 0.00405556
1792 0.00401488
1920 0.00400405
2048 0.00379809
2176 0.00409792
2304 0.0045331
2432 0.00407031
2560 0.00380539
2688 0.00348018
2816 0.00364828
2944 0.00347753
3072 0.00327771
3200 0.00287308
3328 0.00293392
3456 0.00268529
3584 0.00249015
3712 0.00261928
3840 0.00272097
3968 0.0028934
4096 0.00276215
4224 0.00260289
4352 0.00264067
4480 0.00252814
4608 0.00231013
4736 0.00211348
4864 0.0022137
4992 0.00228414
5120 0.0022088
5248 0.00232676
5376 0.00246814
5504 0.0025199
5632 0.00233611
5760 0.00224065
5888 0.00218023
6016 0.0021573
6144 0.00198278
6272 0.00183854
6400 0.00197475
6528 0.00196649
6656 0.0018119
6784 0.00184293
6912 0.00175187
7040 0.00193403
7168 0.00190254
7296 0.00200511
7424 0.00182034
7552 0.00182833
7680 0.00189019
7808 0.00225584
7936 0.00251066
8064 0.00252282
8192 0.00245059
8320 0.00240085
8448 0.00240216
8576 0.00229827
8704 0.00208695
8832 0.00194155
8960 0.00191882
9088 0.00203167
9216 0.00200087
9344 0.00199375
9472 0.00184568
9600 0.00189116
9728 0.00204557
9856 0.00190589
9984 0.00196187
10112 0.00201217
10240 0.00198751
10368 0.0017301
10496 0.0017261
10624 0.00177196
10752 0.00177843
10880 0.0017732
11008 0.00181941
11136 0.00184979
11264 0.00194296
11392 0.00176067
11520 0.00157561
11648 0.00149524
11776 0.00157149
11904 0.00170565
12032 0.00185503
12160 0.00199007
12288 0.0018423
12416 0.00161723
12544 0.00154025
12672 0.00161755
12800 0.00152257
