0 5.44074e-05
128 0.0241969
256 0.0333979
384 0.0402386
512 0.0435948
640 0.0467962
768 0.0476418
896 0.045212
1024 0.0450223
1152 0.0460392
1280 0.0446916
1408 0.042836
1536 0.045001
1664 0.0477062
1792 0.0470604
1920 0.0461254
2048 0.0453314
2176 0.0458347
2304 0.0474666
2432 0.0453703
2560 0.0449011
2688 0.0434941
2816 0.0447415
2944 0.0426345
3072 0.0410586
3200 0.038931
3328 0.0379364
3456 0.0368546
3584 0.0362496
3712 0.036514
3840 0.0382019
3968 0.0385833
4096 0.0383307
4224 0.0367254
4352 0.0360064
4480 0.0341765
4608 0.0320581
4736 0.0289439
4864 0.0279687
4992 0.0274853
5120 0.0275587
5248 0.0285936
5376 0.0295727
5504 0.0303822
5632 0.0294803
5760 0.0290392
5888 0.0289331
6016 0.0301289
6144 0.0285655
6272 0.0278688
6400 0.0289222
6528 0.0290654
6656 0.0289342
6784 0.030094
6912 0.0301845
7040 0.0313573
7168 0.0314775
7296 0.0323481
7424 0.0306089
7552 0.0306791
7680 0.031039
7808 0.0321891
7936 0.0323512
8064 0.0313312
8192 0.0308424
8320 0.0314018
8448 0.0312031
8576 0.0305348
8704 0.0297182
8832 0.0296457
8960 0.029912
9088 0.0303339
9216 0.0304735
9344 0.0309106
9472 0.0302888
9600 0.030344
9728 0.0319182
9856 0.0308901
9984 0.0315657
10112 0.0319861
10240 0.0309666
10368 0.0297754
10496 0.0297992
10624 0.030471
10752 0.0306267
10880 0.0306421
11008 0.0303822
11136 0.0305104
11264 0.0314879
11392 0.030034
11520 0.0284637
11648 0.0278099
11776 0.0275721
11904 0.0293128
12032 0.0302572
12160 0.0305314
12288 0.0293589
12416 0.0275646
12544 0.0273874
12672 0.0282215
12800 0.027722
