0 -0.210417
128 0.0365776
256 -0.2909
384 0.0142342
512 0.0651271
640 0.245806
768 0.301945
896 0.310111
1024 0.204145
1152 0.111649
1280 0.146656
1408 0.239306
1536 0.231041
1664 0.184446
1792 0.151489
1920 0.110692
2048 0.145199
2176 0.0821171
2304 0.00208278
2432 0.0101567
2560 0.0689949
2688 0.0658743
2816 0.0520735
2944 -0.00869346
3072 -0.0405757
3200 -0.00916715
3328 -0.133967
3456 -0.0952554
3584 -0.00843631
3712 -0.0348351
3840 0.0316418
3968 -0.0078703
4096 0.00575991
4224 -0.0684645
4352 -0.0942061
4480 -0.125819
4608 -0.261413
4736 -0.649782
4864 -0.805083
4992 -0.866334
5120 -0.748692
5248 -0.705463
5376 -0.749703
5504 -0.70011
5632 -0.65056
5760 -0.625514
5888 -0.565367
6016 -0.327874
6144 -0.332684
6272 -0.244702
6400 -0.258853
6528 -0.254579
6656 -0.121588
6784 0.00643015
6912 0.108621
7040 0.0555068
7168 0.10287
7296 0.132317
7424 0.112607
7552 0.102925
7680 0.0643763
7808 -0.143282
7936 -0.369429
8064 -0.547952
8192 -0.52151
8320 -0.35716
8448 -0.384025
8576 -0.392746
8704 -0.323723
8832 -0.22616
8960 -0.17996
9088 -0.248618
9216 -0.15801
9344 -0.0765676
9472 0.0128729
9600 -0.0663025
9728 -0.0381041
9856 -0.0360261
9984 0.0103518
10112 -0.00393178
10240 -0.0995784
10368 0.00333118
10496 0.0263262
10624 0.0620352
10752 0.0664003
10880 0.0968919
11008 0.0132224
11136 0.0213703
11264 0.0483471
11392 0.0529912
11520 0.0629795
11648 0.0850949
11776 -0.0464151
11904 0.0275722
12032 0.00607239
12160 -0.0815813
12288 -0.0597613
12416 -0.0614495
12544 -0.0163002
12672 -0.0272898
12800 0.00633697
