0 0.0413684
128 0.0952261
256 -0.0732777
384 -0.0221157
512 0.0236816
640 0.213328
768 0.328242
896 0.348044
1024 0.271923
1152 0.16038
1280 0.239258
1408 0.349342
1536 0.269117
1664 0.218029
1792 0.187155
1920 0.118001
2048 0.151727
2176 0.049371
2304 -0.0119582
2432 0.0226439
2560 0.112509
2688 0.160328
2816 0.177499
2944 0.0868575
3072 0.0557032
3200 0.104357
3328 -0.0386212
3456 0.0229933
3584 0.10496
3712 0.0354516
3840 0.135542
3968 0.0563827
4096 0.120013
4224 0.0701589
4352 -0.0368306
4480 -0.164443
4608 -0.247805
4736 -0.522815
4864 -0.829923
4992 -1.02359
5120 -0.908291
5248 -0.845854
5376 -0.822191
5504 -0.729895
5632 -0.688008
5760 -0.657077
5888 -0.604432
6016 -0.376534
6144 -0.429906
6272 -0.36721
6400 -0.360746
6528 -0.327767
6656 -0.164261
6784 -0.0349314
6912 0.0772082
7040 0.0330816
7168 0.0798657
7296 0.083796
7424 0.0570669
7552 0.0574573
7680 0.0380408
7808 -0.177161
7936 -0.398871
8064 -0.569991
8192 -0.576177
8320 -0.434768
8448 -0.467215
8576 -0.46497
8704 -0.363021
8832 -0.209145
8960 -0.144589
9088 -0.20799
9216 -0.154638
9344 -0.0866807
9472 -0.0118252
9600 -0.0539178
9728 -0.00788445
9856 0.00263175
9984 0.0310327
10112 0.0332862
10240 -0.0726355
10368 0.0485597
10496 0.0561841
10624 0.0915414
10752 0.104002
10880 0.111492
11008 0.0289776
11136 0.0128593
11264 0.0403633
11392 0.0481336
11520 0.0552387
11648 0.0666548
11776 -0.0671492
11904 0.0149324
12032 -0.0262443
12160 -0.134882
12288 -0.137372
12416 -0.128476
12544 -0.0534804
12672 -0.0309447
12800 0.0187934
