0 2.43101e-11
40 5.22462e-07
80 4.25161e-07
120 3.31242e-07
160 3.25197e-07
200 1.67418e-07
240 8.20516e-08
280 1.87916e-07
320 3.46642e-07
360 3.9482e-07
400 1.61027e-07
440 2.29893e-07
480 2.17607e-07
520 3.6028e-07
560 4.32072e-07
600 2.7014e-07
640 2.11354e-07
680 2.98855e-07
720 1.97449e-07
760 2.07134e-07
800 2.87704e-07
840 2.12505e-07
880 1.15958e-07
920 2.19107e-07
960 3.49146e-07
1000 3.46375e-07
1040 2.79019e-07
1080 1.3602e-07
1120 1.23773e-07
1160 1.30793e-07
1200 1.22879e-07
1240 2.77215e-07
1280 1.71604e-07
1320 9.29862e-08
1360 1.51391e-07
1400 1.31082e-07
1440 2.03915e-07
1480 1.97e-07
1520 1.55524e-07
1560 1.83207e-07
1600 1.52313e-07
1640 8.07892e-08
1680 6.34e-08
1720 5.88814e-08
1760 7.35497e-08
1800 9.04729e-08
1840 7.55421e-08
1880 4.56236e-08
1920 7.91478e-08
1960 1.66957e-07
2000 8.49833e-08
2040 9.58982e-08
2080 1.39003e-07
2120 1.2774e-07
2160 1.2736e-07
2200 1.58938e-07
2240 9.01559e-08
2280 1.09266e-07
2320 1.43354e-07
2360 1.41922e-07
2400 1.78457e-07
2440 1.37114e-07
2480 9.38101e-08
2520 7.29655e-08
2560 9.71515e-08
2600 3.26567e-08
2640 5.33414e-08
2680 4.3997e-08
2720 4.72358e-08
2760 8.05506e-08
2800 6.14615e-08
2840 7.36939e-08
2880 6.65276e-08
2920 6.81059e-08
2960 4.14048e-08
3000 5.90088e-08
3040 6.66592e-08
3080 4.78518e-08
3120 6.44831e-08
3160 5.30685e-08
3200 5.89158e-08
3240 4.61336e-08
3280 5.73185e-08
3320 6.16371e-08
3360 6.61574e-08
3400 6.50359e-08
3440 8.66573e-08
3480 9.41526e-08
3520 1.02268e-07
3560 9.77334e-08
3600 1.32376e-07
3640 8.69609e-08
3680 1.14376e-07
3720 1.68421e-07
3760 1.08817e-07
3800 7.47776e-08
3840 4.67002e-08
3880 4.35285e-08
3920 5.05359e-08
3960 6.33146e-08
4000 5.23474e-08
