0 4.09463e-06
40 0.000421271
80 0.000867852
120 0.000776439
160 0.00067478
200 0.000302156
240 0.000117131
280 0.000284204
320 0.000247935
360 0.000287541
400 0.00017666
440 0.00017282
480 0.000242808
520 0.000225783
560 0.000296629
600 0.000287554
640 0.000206375
680 0.000187407
720 0.000223958
760 0.000317217
800 0.000212325
840 0.000101163
880 0.000154901
920 0.000158303
960 0.000118849
1000 9.55031e-05
1040 0.000121456
1080 0.000204627
1120 0.000184109
1160 0.000185583
1200 0.000172876
1240 0.000215233
1280 0.000216489
1320 0.000289511
1360 0.000297668
1400 0.000247605
1440 0.000172412
1480 0.000154273
1520 0.000164769
1560 0.000109506
1600 0.000189439
1640 0.000223872
1680 0.000270807
1720 0.000201614
1760 0.000258581
1800 0.000208448
1840 0.000184847
1880 0.000295867
1920 0.000397302
1960 0.000353211
2000 0.000217698
2040 0.000211021
2080 0.000159476
2120 8.28855e-05
2160 0.000110694
2200 0.000157529
2240 0.000124225
2280 0.000112422
2320 8.03987e-05
2360 0.000167622
2400 0.000245754
2440 0.000240804
2480 0.000202257
2520 0.000237488
2560 0.000184919
2600 0.000233876
2640 0.000140648
2680 0.000237499
2720 0.000315866
2760 0.000315719
2800 0.000212955
2840 0.000331755
2880 0.000284951
2920 0.000357825
2960 0.000194258
3000 0.000159915
3040 0.000181298
3080 0.000249479
3120 0.000183193
3160 0.000183385
3200 0.000166977
3240 0.000234546
3280 0.000411899
3320 0.000328057
3360 0.000280865
3400 0.000289071
3440 0.000143811
3480 0.00024961
3520 0.000213047
3560 0.000286809
3600 0.000237225
3640 0.000227903
3680 0.000210631
3720 0.000172986
3760 0.000129019
3800 0.000206528
3840 0.000227098
3880 0.000288816
3920 0.000239722
3960 0.000200232
4000 0.000157431
