0 3.8688e-06
40 0.00053504
80 0.000599969
120 0.000557044
160 0.000495559
200 0.000296986
240 0.000191096
280 0.000303721
320 0.000315746
360 0.00036246
400 0.00026051
440 0.000296271
480 0.000309887
520 0.000345441
560 0.000359515
600 0.000282871
640 0.000227316
680 0.000272914
720 0.000282013
760 0.000342058
800 0.000336189
840 0.000269536
880 0.000223094
920 0.000286868
960 0.000311421
1000 0.00032061
1040 0.000289725
1080 0.000242268
1120 0.000224354
1160 0.00023122
1200 0.000234739
1240 0.000306212
1280 0.000285272
1320 0.00024439
1360 0.000284581
1400 0.000267966
1440 0.000294875
1480 0.000276115
1520 0.000270765
1560 0.000256669
1600 0.000259872
1640 0.000223325
1680 0.000203798
1720 0.000177832
1760 0.000229149
1800 0.000242731
1840 0.000214346
1880 0.00021306
1920 0.000290364
1960 0.000317758
2000 0.000231205
2040 0.000230654
2080 0.000215866
2120 0.000158676
2160 0.000200053
2200 0.00023581
2240 0.000205557
2280 0.000205947
2320 0.000214471
2360 0.000251053
2400 0.000289714
2440 0.00027693
2480 0.000206646
2520 0.000204513
2560 0.000192288
2600 0.000174745
2640 0.000155391
2680 0.000190867
2720 0.000233122
2760 0.000244916
2800 0.000183138
2840 0.00024648
2880 0.000225639
2920 0.000246221
2960 0.000170849
3000 0.000174728
3040 0.000196914
3080 0.00018438
3120 0.000167255
3160 0.000171958
3200 0.00016841
3240 0.00019398
3280 0.00027076
3320 0.000249136
3360 0.000235533
3400 0.000240751
3440 0.000202785
3480 0.000247853
3520 0.000240902
3560 0.000258255
3600 0.000242894
3640 0.000214926
3680 0.000230577
3720 0.000213288
3760 0.000182961
3800 0.00020545
3840 0.00019495
3880 0.000205375
3920 0.000199132
3960 0.000189891
4000 0.000159779
