0 0.276706
40 0.508848
80 0.0423789
120 0.344766
160 0.0266425
200 0.0683627
240 0.422675
280 0.0877365
320 -0.835362
360 -0.468628
400 0.239505
440 0.206223
480 0.154961
520 -0.193565
560 -0.826808
600 -1.43268
640 -1.73795
680 -0.999171
720 -0.0409136
760 0.35156
800 0.18484
840 0.301585
880 0.246969
920 0.223072
960 -0.10044
1000 0.153958
1040 0.00373624
1080 0.00460892
1120 -0.0708449
1160 -0.0266785
1200 0.259043
1240 -0.241142
1280 0.320651
1320 0.110365
1360 0.0416273
1400 0.305678
1440 0.391993
1480 0.26574
1520 0.516308
1560 0.320203
1600 0.250844
1640 0.376161
1680 -0.186235
1720 -0.138303
1760 0.400458
1800 0.660338
1840 0.560676
1880 0.451668
1920 0.589649
1960 0.145304
2000 0.499183
2040 0.341619
2080 -0.333593
2120 -1.30586
2160 -0.126432
2200 -0.102408
2240 0.512909
2280 0.289038
2320 0.191032
2360 0.34423
2400 0.163137
2440 0.424349
2480 -0.150918
2520 -0.0638804
2560 -0.52964
2600 0.450598
2640 -0.0135123
2680 0.43279
2720 0.7153
2760 0.164994
2800 -0.171695
2840 0.226451
2880 0.26794
2920 0.121694
2960 0.365171
3000 0.22119
3040 0.409506
3080 -0.0758003
3120 -0.541491
3160 0.0798158
3200 -0.0596996
3240 0.470906
3280 0.569754
3320 0.598013
3360 0.539963
3400 0.613658
3440 0.393754
3480 0.456415
3520 0.425137
3560 0.35812
3600 -0.192279
3640 -0.00156478
3680 0.0233763
3720 -1.09064
3760 -0.469082
3800 0.219096
3840 0.540465
3880 0.374755
3920 0.419906
3960 0.144427
4000 -0.0206753
