0 0.226276
40 0.357867
80 -1.00445
120 -0.0252103
160 0.0453899
200 0.168782
240 0.263023
280 0.192631
320 -0.625774
360 -0.390504
400 0.131598
440 0.0679543
480 0.163479
520 -0.23238
560 -0.609395
600 -1.19519
640 -1.16748
680 -0.903382
720 -0.0483493
760 0.225662
800 0.0429
840 -0.0502676
880 0.221465
920 0.0774547
960 -0.492979
1000 -0.281557
1040 -0.339839
1080 0.0831722
1120 0.0298673
1160 0.0491734
1200 0.188581
1240 -0.253609
1280 0.22793
1320 -0.216428
1360 0.138937
1400 0.423348
1440 0.292352
1480 0.0461181
1520 0.369775
1560 0.0355791
1600 0.0221079
1640 0.139258
1680 -0.491869
1720 -0.152022
1760 0.321291
1800 0.680609
1840 0.508247
1880 0.219842
1920 0.188634
1960 0.192822
2000 0.494947
2040 0.285868
2080 -0.262817
2120 -1.50841
2160 -0.293534
2200 -0.212033
2240 0.321385
2280 0.0932525
2320 -0.141051
2360 0.279671
2400 0.219746
2440 0.271531
2480 -0.286226
2520 -0.48058
2560 -0.221487
2600 0.356948
2640 0.0784739
2680 0.335635
2720 0.387601
2760 0.198024
2800 0.165145
2840 -0.0599454
2880 -0.132039
2920 0.151324
2960 0.337731
3000 0.339795
3040 0.432164
3080 0.0613758
3120 -0.0793598
3160 0.175468
3200 0.167963
3240 0.386237
3280 0.0625182
3320 0.440039
3360 0.370576
3400 0.306329
3440 0.248913
3480 0.399372
3520 0.411467
3560 0.136496
3600 -0.153345
3640 -0.08421
3680 -0.274114
3720 -1.09046
3760 -0.61329
3800 0.204792
3840 0.454946
3880 0.0500925
3920 0.430368
3960 0.224618
4000 0.0534127
