0 0.14952
40 -0.0586359
80 -1.17878
120 -0.0282897
160 0.265787
200 0.360234
240 0.0912484
280 0.460639
320 0.502533
360 0.155142
400 0.130464
440 0.360059
480 0.407829
520 0.458031
560 0.321868
600 -0.741862
640 0.396166
680 0.546812
720 0.129393
760 -0.0724404
800 0.0439045
840 -0.134533
880 0.597886
920 0.546586
960 0.0858229
1000 0.813649
1040 -0.113885
1080 0.436277
1120 0.526285
1160 0.510379
1200 0.203732
1240 0.283813
1280 0.0919228
1320 -0.519394
1360 0.314131
1400 0.736325
1440 0.734528
1480 -0.22222
1520 0.25018
1560 0.179796
1600 -0.677745
1640 -0.331056
1680 -0.504725
1720 -0.125683
1760 0.245046
1800 0.797167
1840 0.404149
1880 0.272939
1920 0.100333
1960 0.288704
2000 0.493534
2040 0.163339
2080 0.493149
2120 0.613337
2160 0.314788
2200 -0.0605824
2240 -0.10415
2280 0.0940949
2320 0.647471
2360 0.525054
2400 0.48732
2440 -0.128802
2480 -0.573152
2520 -0.931229
2560 0.47598
2600 0.442322
2640 0.356515
2680 0.335185
2720 0.312036
2760 0.363057
2800 0.639511
2840 -0.0720413
2880 -0.37188
2920 0.437853
2960 0.337093
3000 0.668877
3040 0.507391
3080 0.360973
3120 0.643037
3160 0.343326
3200 0.635305
3240 0.365771
3280 0.164114
3320 0.446393
3360 0.239653
3400 0.0322564
3440 -0.0650668
3480 0.287788
3520 0.41307
3560 -0.156534
3600 -0.067944
3640 -0.212336
3680 -1.01955
3720 -0.838168
3760 -0.691572
3800 0.176699
3840 0.395274
3880 0.0857452
3920 0.509525
3960 0.368205
4000 0.208941
