0 253.32125000 254.13375000
6.25000000 15.86000000 15.88875000
12.50000000 9.31875000 9.31000000
18.75000000 6.91000000 6.92125000
25.00000000 5.57500000 5.58125000
31.25000000 4.65250000 4.70500000
37.50000000 4.11625000 4.13000000
43.75000000 3.64750000 3.68500000
50.00000000 3.28125000 3.35000000
56.25000000 3.05000000 3.03750000
62.50000000 2.77500000 2.80125000
68.75000000 2.60750000 2.62750000
75.00000000 2.43000000 2.44125000
81.25000000 2.26625000 2.25750000
87.50000000 2.14250000 2.16375000
93.75000000 2.03000000 2.04500000
100.00000000 1.92500000 1.91750000
106.25000000 1.83625000 1.82375000
112.50000000 1.74750000 1.76375000
118.75000000 1.67875000 1.66250000
125.00000000 1.59000000 1.60875000
131.25000000 1.50375000 1.52750000
137.50000000 1.45625000 1.47375000
143.75000000 1.40125000 1.42250000
150.00000000 1.36000000 1.36250000
156.25000000 1.29750000 1.29625000
162.50000000 1.28250000 1.30125000
168.75000000 1.23750000 1.22625000
175.00000000 1.21625000 1.20500000
181.25000000 1.18500000 1.17375000
187.50000000 1.14750000 1.14750000
193.75000000 1.13375000 1.12500000
200.00000000 1.08000000 1.06625000
206.25000000 1.04000000 1.03875000
212.50000000 0.98500000 0.99375000
218.75000000 0.95875000 0.96750000
225.00000000 0.93750000 0.94875000
231.25000000 0.91375000 0.92625000
237.50000000 0.88375000 0.88750000
243.75000000 0.86375000 0.85625000
250.00000000 0.83250000 0.83125000
256.25000000 0.79125000 0.81375000
262.50000000 0.78500000 0.78500000
268.75000000 0.75750000 0.74375000
275.00000000 0.71875000 0.71875000
281.25000000 0.69750000 0.70375000
287.50000000 0.68125000 0.68875000
293.75000000 0.65625000 0.66750000
300.00000000 0.60875000 0.63000000
306.25000000 0.60500000 0.60000000
312.50000000 0.58875000 0.58625000
318.75000000 0.56500000 0.57125000
325.00000000 0.54500000 0.54250000
331.25000000 0.52125000 0.52250000
337.50000000 0.52375000 0.53000000
343.75000000 0.50250000 0.50250000
350.00000000 0.49250000 0.50250000
356.25000000 0.48250000 0.48625000
362.50000000 0.46875000 0.47625000
368.75000000 0.44250000 0.45250000
375.00000000 0.42625000 0.43375000
381.25000000 0.42500000 0.43375000
387.50000000 0.40500000 0.41000000
393.75000000 0.38750000 0.38250000
400.00000000 0.38125000 0.37500000
406.25000000 0.36750000 0.37250000
412.50000000 0.35375000 0.35000000
418.75000000 0.34875000 0.34750000
425.00000000 0.33500000 0.32500000
431.25000000 0.32250000 0.32125000
437.50000000 0.30375000 0.30875000
443.75000000 0.29500000 0.28750000
450.00000000 0.28250000 0.28000000
456.25000000 0.27000000 0.26875000
462.50000000 0.26375000 0.26625000
468.75000000 0.25250000 0.25000000
475.00000000 0.24625000 0.24875000
481.25000000 0.23875000 0.23625000
487.50000000 0.23500000 0.23250000
493.75000000 0.22375000 0.21875000
500.00000000 0.21500000 0.20875000
506.25000000 0.19750000 0.18750000
512.50000000 0.18625000 0.18125000
518.75000000 0.18000000 0.18375000
525.00000000 0.17750000 0.17500000
531.25000000 0.16625000 0.17000000
537.50000000 0.16375000 0.16500000
543.75000000 0.16250000 0.16375000
550.00000000 0.16500000 0.16125000
556.25000000 0.15250000 0.15625000
562.50000000 0.14750000 0.14250000
568.75000000 0.14625000 0.14750000
575.00000000 0.13875000 0.13750000
581.25000000 0.14375000 0.13625000
587.50000000 0.13500000 0.14000000
593.75000000 0.13000000 0.12250000
600.00000000 0.11750000 0.12250000
606.25000000 0.11375000 0.11875000
612.50000000 0.11500000 0.10875000
618.75000000 0.10750000 0.10625000
625.00000000 0.10500000 0.10250000
631.25000000 0.10500000 0.10125000
637.50000000 0.09250000 0.10000000
643.75000000 0.09750000 0.10000000
650.00000000 0.08625000 0.09250000
656.25000000 0.09375000 0.09375000
662.50000000 0.08750000 0.08500000
668.75000000 0.08250000 0.08875000
675.00000000 0.07750000 0.07750000
681.25000000 0.07750000 0.08500000
687.50000000 0.07875000 0.08000000
693.75000000 0.08125000 0.08500000
700.00000000 0.08000000 0.08000000
706.25000000 0.07750000 0.07875000
712.50000000 0.07250000 0.07375000
718.75000000 0.06500000 0.07125000
725.00000000 0.06500000 0.06875000
731.25000000 0.06250000 0.06250000
737.50000000 0.06000000 0.05750000
743.75000000 0.06125000 0.06250000
750.00000000 0.06250000 0.05875000
756.25000000 0.05625000 0.05875000
762.50000000 0.05750000 0.05375000
768.75000000 0.05625000 0.05500000
775.00000000 0.05375000 0.05000000
781.25000000 0.05250000 0.04750000
787.50000000 0.04750000 0.05000000
793.75000000 0.04875000 0.04750000
800.00000000 0.04500000 0.04250000
806.25000000 0.04375000 0.04375000
812.50000000 0.04625000 0.04500000
818.75000000 0.04375000 0.03875000
825.00000000 0.04000000 0.04125000
831.25000000 0.04125000 0.03875000
837.50000000 0.03750000 0.03875000
843.75000000 0.03875000 0.03750000
850.00000000 0.03875000 0.04000000
856.25000000 0.03375000 0.03375000
862.50000000 0.03625000 0.03250000
868.75000000 0.03500000 0.03250000
875.00000000 0.03250000 0.03500000
881.25000000 0.02625000 0.02875000
887.50000000 0.02375000 0.02500000
893.75000000 0.02625000 0.02625000
900.00000000 0.02750000 0.02500000
906.25000000 0.02250000 0.02750000
912.50000000 0.02750000 0.02250000
918.75000000 0.02625000 0.02500000
925.00000000 0.02500000 0.02375000
931.25000000 0.02375000 0.02125000
937.50000000 0.02500000 0.02125000
943.75000000 0.02500000 0.02125000
950.00000000 0.02375000 0.02125000
956.25000000 0.02250000 0.02500000
962.50000000 0.02250000 0.02375000
968.75000000 0.02250000 0.02250000
975.00000000 0.02000000 0.02125000
981.25000000 0.02125000 0.01625000
987.50000000 0.02000000 0.01750000
993.75000000 0.01875000 0.01875000
1000.00000000 0.01500000 0.01625000
1006.25000000 0.01875000 0.01875000
1012.50000000 0.02000000 0.02000000
1018.75000000 0.01500000 0.01500000
1025.00000000 0.01750000 0.01750000
1031.25000000 0.01875000 0.01500000
1037.50000000 0.01500000 0.01875000
1043.75000000 0.01750000 0.01625000
1050.00000000 0.01625000 0.01500000
1056.25000000 0.01500000 0.01500000
1062.50000000 0.01500000 0.01375000
1068.75000000 0.01250000 0.01375000
1075.00000000 0.01250000 0.01250000
1081.25000000 0.01125000 0.01250000
1087.50000000 0.01250000 0.01125000
1093.75000000 0.01125000 0.01250000
1100.00000000 0.01125000 0.01250000
1106.25000000 0.01125000 0.01250000
1112.50000000 0.01125000 0.01250000
1118.75000000 0.01250000 0.01000000
1125.00000000 0.00625000 0.01125000
1131.25000000 0.01000000 0.00875000
1137.50000000 0.00875000 0.01000000
1143.75000000 0.00750000 0.00750000
1150.00000000 0.00625000 0.00875000
1156.25000000 0.00750000 0.00875000
1162.50000000 0.00750000 0.00625000
1168.75000000 0.00500000 0.00625000
1175.00000000 0.00500000 0.00875000
1181.25000000 0.00750000 0.00875000
1187.50000000 0.00875000 0.00750000
1193.75000000 0.00875000 0.00875000
1200.00000000 0.00875000 0.00875000
1206.25000000 0.00875000 0.00875000
1212.50000000 0.00625000 0.00625000
1218.75000000 0.00875000 0.00875000
1225.00000000 0.00750000 0.00875000
1231.25000000 0.00875000 0.00750000
1237.50000000 0.00750000 0.00875000
1243.75000000 0.00875000 0.00750000
1250.00000000 0.00875000 0.00875000
