0 649.16809117 650.70655271
16.00000000 19.79428571 19.85428571
32.00000000 11.29142857 11.25714286
48.00000000 8.23428571 8.20571429
64.00000000 6.62857143 6.59428571
80.00000000 5.50857143 5.54571429
96.00000000 4.76857143 4.81428571
112.00000000 4.13428571 4.18000000
128.00000000 3.77142857 3.74857143
144.00000000 3.35142857 3.37714286
160.00000000 3.12857143 3.16000000
176.00000000 2.88857143 2.88571429
192.00000000 2.60285714 2.68000000
208.00000000 2.42285714 2.43714286
224.00000000 2.28857143 2.30000000
240.00000000 2.17142857 2.19714286
256.00000000 2.06000000 2.04857143
272.00000000 1.90000000 1.93142857
288.00000000 1.80571429 1.79714286
304.00000000 1.68571429 1.72857143
320.00000000 1.66285714 1.65142857
336.00000000 1.55714286 1.58571429
352.00000000 1.47428571 1.48285714
368.00000000 1.41428571 1.42857143
384.00000000 1.33714286 1.37428571
400.00000000 1.32571429 1.32000000
416.00000000 1.28285714 1.30285714
432.00000000 1.25428571 1.27428571
448.00000000 1.22285714 1.20285714
464.00000000 1.16571429 1.18857143
480.00000000 1.18857143 1.17428571
496.00000000 1.12000000 1.10857143
512.00000000 1.06857143 1.10285714
528.00000000 1.04285714 1.06285714
544.00000000 1.01142857 1.02285714
560.00000000 0.97428571 0.97142857
576.00000000 0.95142857 0.97142857
592.00000000 0.94285714 0.91428571
608.00000000 0.88000000 0.88571429
624.00000000 0.84857143 0.84571429
640.00000000 0.80285714 0.80571429
656.00000000 0.77142857 0.79428571
672.00000000 0.73142857 0.74857143
688.00000000 0.73428571 0.72000000
704.00000000 0.69142857 0.68857143
720.00000000 0.66571429 0.68857143
736.00000000 0.66000000 0.66571429
752.00000000 0.62285714 0.62571429
768.00000000 0.61142857 0.58571429
784.00000000 0.60571429 0.58285714
800.00000000 0.57142857 0.55714286
816.00000000 0.54571429 0.56571429
832.00000000 0.52000000 0.51428571
848.00000000 0.48000000 0.48571429
864.00000000 0.47142857 0.46000000
880.00000000 0.43142857 0.42285714
896.00000000 0.42571429 0.43142857
912.00000000 0.38571429 0.39428571
928.00000000 0.37428571 0.37714286
944.00000000 0.34285714 0.35428571
960.00000000 0.34000000 0.34571429
976.00000000 0.31142857 0.31714286
992.00000000 0.28857143 0.30571429
1008.00000000 0.28857143 0.28571429
1024.00000000 0.27428571 0.29428571
1040.00000000 0.26857143 0.26571429
1056.00000000 0.24571429 0.25428571
1072.00000000 0.23714286 0.24000000
1088.00000000 0.22571429 0.24285714
1104.00000000 0.21714286 0.21428571
1120.00000000 0.22285714 0.22285714
1136.00000000 0.22285714 0.20000000
1152.00000000 0.21428571 0.21428571
1168.00000000 0.20000000 0.20571429
1184.00000000 0.20000000 0.19714286
1200.00000000 0.20000000 0.19714286
1216.00000000 0.18285714 0.18285714
1232.00000000 0.16857143 0.16857143
1248.00000000 0.16285714 0.15428571
1264.00000000 0.14285714 0.14571429
1280.00000000 0.14571429 0.14285714
1296.00000000 0.14000000 0.14285714
1312.00000000 0.13714286 0.14571429
1328.00000000 0.13714286 0.12285714
1344.00000000 0.12000000 0.12857143
1360.00000000 0.11714286 0.12000000
1376.00000000 0.11428571 0.11714286
1392.00000000 0.10285714 0.11714286
1408.00000000 0.10857143 0.10857143
1424.00000000 0.10857143 0.10571429
1440.00000000 0.09142857 0.09142857
1456.00000000 0.09428571 0.10000000
1472.00000000 0.09142857 0.10000000
1488.00000000 0.08571429 0.09142857
1504.00000000 0.08571429 0.06857143
1520.00000000 0.08857143 0.08000000
1536.00000000 0.07714286 0.08571429
1552.00000000 0.07714286 0.08000000
1568.00000000 0.07449857 0.06876791
1584.00000000 0.07736390 0.07163324
1600.00000000 0.06590258 0.07163324
1616.00000000 0.06303725 0.07163324
1632.00000000 0.06303725 0.06303725
1648.00000000 0.06876791 0.06876791
1664.00000000 0.06876791 0.06303725
1680.00000000 0.06303725 0.06876791
1696.00000000 0.06017192 0.06303725
1712.00000000 0.06017192 0.05444126
1728.00000000 0.05157593 0.06017192
1744.00000000 0.06303725 0.05730659
1760.00000000 0.05444126 0.05444126
1776.00000000 0.05730659 0.06017192
1792.00000000 0.05157593 0.05444126
1808.00000000 0.05157593 0.05157593
1824.00000000 0.04871060 0.04297994
1840.00000000 0.04011461 0.04297994
1856.00000000 0.03724928 0.04584527
1872.00000000 0.04011461 0.03724928
1888.00000000 0.03438395 0.04297994
1904.00000000 0.04011461 0.03724928
1920.00000000 0.03724928 0.03724928
1936.00000000 0.03151862 0.03438395
1952.00000000 0.03438395 0.03151862
1968.00000000 0.03438395 0.02865330
1984.00000000 0.03151862 0.03438395
2000.00000000 0.02865330 0.02865330
2016.00000000 0.02865330 0.03151862
2032.00000000 0.03151862 0.02865330
2048.00000000 0.03151862 0.03151862
2064.00000000 0.03151862 0.03151862
2080.00000000 0.02865330 0.02865330
2096.00000000 0.02865330 0.02292264
2112.00000000 0.02865330 0.02578797
2128.00000000 0.02578797 0.02865330
2144.00000000 0.02292264 0.02578797
2160.00000000 0.02005731 0.02005731
2176.00000000 0.02005731 0.02005731
2192.00000000 0.01146132 0.01432665
2208.00000000 0.01432665 0.01432665
2224.00000000 0.01432665 0.01432665
2240.00000000 0.01146132 0.01146132
2256.00000000 0.01146132 0.00859599
2272.00000000 0.01146132 0.01146132
2288.00000000 0.01146132 0.01146132
2304.00000000 0.01146132 0.01146132
2320.00000000 0.00859599 0.00859599
2336.00000000 0.00859599 0.00859599
2352.00000000 0.00859599 0.00859599
2368.00000000 0.00859599 0.00859599
2384.00000000 0.00859599 0.00573066
2400.00000000 0.00859599 0.00859599
2416.00000000 0.00859599 0.00859599
2432.00000000 0.00573066 0.00859599
2448.00000000 0.00573066 0.00573066
2464.00000000 0.00573066 0.00573066
2480.00000000 0.00573066 0.00573066
2496.00000000 0.00573066 0.00573066
2512.00000000 0.00573066 0.00573066
2528.00000000 0.00573066 0.00573066
2544.00000000 0.00573066 0.00573066
2560.00000000 0.00573066 0.00573066
2576.00000000 0.00573066 0.00573066
2592.00000000 0.00573066 0.00573066
2608.00000000 0.00573066 0.00573066
2624.00000000 0.00573066 0.00573066
2640.00000000 0.00573066 0.00573066
2656.00000000 0.00573066 0.00286533
2672.00000000 0.00573066 0.00573066
2688.00000000 0.00573066 0.00573066
2704.00000000 0.00573066 0.00573066
2720.00000000 0.00573066 0.00573066
2736.00000000 0.00573066 0.00573066
2752.00000000 0.00286533 0.00573066
2768.00000000 0.00573066 0.00573066
2784.00000000 0.00286533 0.00573066
2800.00000000 0.00573066 0.00573066
2816.00000000 0.00573066 0.00573066
2832.00000000 0.00573066 0.00573066
2848.00000000 0.00286533 0.00000000
2864.00000000 0.00286533 0.00286533
2880.00000000 0.00286533 0.00286533
2896.00000000 0.00000000 0.00000000
2912.00000000 0.00000000 0.00000000
2928.00000000 0.00000000 0.00000000
2944.00000000 0.00000000 0.00000000
2960.00000000 0.00000000 0.00000000
2976.00000000 0.00000000 0.00000000
2992.00000000 0.00000000 0.00000000
3008.00000000 0.00000000 0.00000000
3024.00000000 0.00000000 0.00000000
3040.00000000 0.00000000 0.00000000
3056.00000000 0.00000000 0.00000000
3072.00000000 0.00000000 0.00000000
3088.00000000 0.00000000 0.00000000
3104.00000000 0.00000000 0.00000000
3120.00000000 0.00000000 0.00000000
3136.00000000 0.00000000 0.00000000
3152.00000000 0.00000000 0.00000000
3168.00000000 0.00000000 0.00000000
3184.00000000 0.00000000 0.00000000
3200.00000000 0.00000000 0.00000000
