0 648.99335548 650.37873754
16.00000000 19.79666667 19.86000000
32.00000000 11.29666667 11.26333333
48.00000000 8.24333333 8.19333333
64.00000000 6.65666667 6.62000000
80.00000000 5.56333333 5.60000000
96.00000000 4.82000000 4.85666667
112.00000000 4.19333333 4.23000000
128.00000000 3.82666667 3.80666667
144.00000000 3.39666667 3.43000000
160.00000000 3.18333333 3.21000000
176.00000000 2.94333333 2.94333333
192.00000000 2.63333333 2.72333333
208.00000000 2.45000000 2.46666667
224.00000000 2.33666667 2.32333333
240.00000000 2.19666667 2.22000000
256.00000000 2.09666667 2.06666667
272.00000000 1.91333333 1.95333333
288.00000000 1.82666667 1.81333333
304.00000000 1.70666667 1.75000000
320.00000000 1.67333333 1.66333333
336.00000000 1.56666667 1.60333333
352.00000000 1.49000000 1.50333333
368.00000000 1.42333333 1.44333333
384.00000000 1.34000000 1.38666667
400.00000000 1.33333333 1.33000000
416.00000000 1.29000000 1.31333333
432.00000000 1.26000000 1.27666667
448.00000000 1.23333333 1.20333333
464.00000000 1.16666667 1.19666667
480.00000000 1.19333333 1.17666667
496.00000000 1.12666667 1.10666667
512.00000000 1.06666667 1.10000000
528.00000000 1.04000000 1.06000000
544.00000000 1.02666667 1.03333333
560.00000000 0.98000000 0.97666667
576.00000000 0.95666667 0.97333333
592.00000000 0.94333333 0.91333333
608.00000000 0.87333333 0.87666667
624.00000000 0.84333333 0.83333333
640.00000000 0.78333333 0.80000000
656.00000000 0.75666667 0.77666667
672.00000000 0.71666667 0.74333333
688.00000000 0.72333333 0.71000000
704.00000000 0.67666667 0.67000000
720.00000000 0.65333333 0.68666667
736.00000000 0.64333333 0.65000000
752.00000000 0.60000000 0.61333333
768.00000000 0.59000000 0.57666667
784.00000000 0.58666667 0.56000000
800.00000000 0.54666667 0.55333333
816.00000000 0.52333333 0.55000000
832.00000000 0.49666667 0.48666667
848.00000000 0.46333333 0.46333333
864.00000000 0.44666667 0.43666667
880.00000000 0.41333333 0.41000000
896.00000000 0.41333333 0.41666667
912.00000000 0.37333333 0.38000000
928.00000000 0.35333333 0.35666667
944.00000000 0.33333333 0.33333333
960.00000000 0.32333333 0.33333333
976.00000000 0.30000000 0.31000000
992.00000000 0.26666667 0.29000000
1008.00000000 0.28000000 0.27000000
1024.00000000 0.26000000 0.27666667
1040.00000000 0.25666667 0.25000000
1056.00000000 0.23333333 0.24333333
1072.00000000 0.22333333 0.23000000
1088.00000000 0.21000000 0.23000000
1104.00000000 0.20000000 0.20000000
1120.00000000 0.21000000 0.21333333
1136.00000000 0.21000000 0.18666667
1152.00000000 0.20000000 0.21000000
1168.00000000 0.18666667 0.19333333
1184.00000000 0.19333333 0.19000000
1200.00000000 0.19000000 0.18666667
1216.00000000 0.17666667 0.17333333
1232.00000000 0.16666667 0.16333333
1248.00000000 0.16333333 0.15333333
1264.00000000 0.15000000 0.14666667
1280.00000000 0.14666667 0.14666667
1296.00000000 0.14000000 0.14333333
1312.00000000 0.14000000 0.14666667
1328.00000000 0.13666667 0.12000000
1344.00000000 0.12000000 0.13000000
1360.00000000 0.11666667 0.12000000
1376.00000000 0.11666667 0.12000000
1392.00000000 0.10666667 0.12000000
1408.00000000 0.11333333 0.11333333
1424.00000000 0.11000000 0.10666667
1440.00000000 0.09666667 0.09333333
1456.00000000 0.10000000 0.10333333
1472.00000000 0.09333333 0.10333333
1488.00000000 0.09000000 0.10000000
1504.00000000 0.09000000 0.07000000
1520.00000000 0.09333333 0.08333333
1536.00000000 0.08000000 0.09000000
1552.00000000 0.08000000 0.08333333
1568.00000000 0.07692308 0.07023411
1584.00000000 0.08026756 0.07357860
1600.00000000 0.06688963 0.07357860
1616.00000000 0.06688963 0.07357860
1632.00000000 0.06688963 0.06354515
1648.00000000 0.07357860 0.07023411
1664.00000000 0.07023411 0.06354515
1680.00000000 0.06354515 0.07023411
1696.00000000 0.06354515 0.06688963
1712.00000000 0.06354515 0.05685619
1728.00000000 0.05351171 0.06354515
1744.00000000 0.06688963 0.06020067
1760.00000000 0.05685619 0.06020067
1776.00000000 0.06020067 0.06354515
1792.00000000 0.05685619 0.05685619
1808.00000000 0.05685619 0.05685619
1824.00000000 0.05351171 0.05016722
1840.00000000 0.04347826 0.04682274
1856.00000000 0.04013378 0.05016722
1872.00000000 0.04682274 0.04347826
1888.00000000 0.04013378 0.05016722
1904.00000000 0.04682274 0.04347826
1920.00000000 0.04347826 0.04347826
1936.00000000 0.03678930 0.04013378
1952.00000000 0.04013378 0.03678930
1968.00000000 0.04013378 0.03344482
1984.00000000 0.03678930 0.04013378
2000.00000000 0.03344482 0.03344482
2016.00000000 0.03344482 0.03678930
2032.00000000 0.03678930 0.03344482
2048.00000000 0.03678930 0.03678930
2064.00000000 0.03678930 0.03678930
2080.00000000 0.03344482 0.03344482
2096.00000000 0.03344482 0.02675585
2112.00000000 0.03344482 0.03010033
2128.00000000 0.03010033 0.03344482
2144.00000000 0.02675585 0.03010033
2160.00000000 0.02341137 0.02341137
2176.00000000 0.02341137 0.02341137
2192.00000000 0.01337793 0.01672241
2208.00000000 0.01672241 0.01672241
2224.00000000 0.01672241 0.01672241
2240.00000000 0.01337793 0.01337793
2256.00000000 0.01337793 0.01003344
2272.00000000 0.01337793 0.01337793
2288.00000000 0.01337793 0.01337793
2304.00000000 0.01337793 0.01337793
2320.00000000 0.01003344 0.01003344
2336.00000000 0.01003344 0.01003344
2352.00000000 0.01003344 0.01003344
2368.00000000 0.01003344 0.01003344
2384.00000000 0.01003344 0.00668896
2400.00000000 0.01003344 0.01003344
2416.00000000 0.01003344 0.01003344
2432.00000000 0.00668896 0.01003344
2448.00000000 0.00668896 0.00668896
2464.00000000 0.00668896 0.00668896
2480.00000000 0.00668896 0.00668896
2496.00000000 0.00668896 0.00668896
2512.00000000 0.00668896 0.00668896
2528.00000000 0.00668896 0.00668896
2544.00000000 0.00668896 0.00668896
2560.00000000 0.00668896 0.00668896
2576.00000000 0.00668896 0.00668896
2592.00000000 0.00668896 0.00668896
2608.00000000 0.00668896 0.00668896
2624.00000000 0.00668896 0.00668896
2640.00000000 0.00668896 0.00668896
2656.00000000 0.00668896 0.00334448
2672.00000000 0.00668896 0.00668896
2688.00000000 0.00668896 0.00668896
2704.00000000 0.00668896 0.00668896
2720.00000000 0.00668896 0.00668896
2736.00000000 0.00668896 0.00668896
2752.00000000 0.00334448 0.00668896
2768.00000000 0.00668896 0.00668896
2784.00000000 0.00334448 0.00668896
2800.00000000 0.00668896 0.00668896
2816.00000000 0.00668896 0.00668896
2832.00000000 0.00668896 0.00668896
2848.00000000 0.00334448 0.00000000
2864.00000000 0.00334448 0.00334448
2880.00000000 0.00334448 0.00334448
2896.00000000 0.00000000 0.00000000
2912.00000000 0.00000000 0.00000000
2928.00000000 0.00000000 0.00000000
2944.00000000 0.00000000 0.00000000
2960.00000000 0.00000000 0.00000000
2976.00000000 0.00000000 0.00000000
2992.00000000 0.00000000 0.00000000
3008.00000000 0.00000000 0.00000000
3024.00000000 0.00000000 0.00000000
3040.00000000 0.00000000 0.00000000
3056.00000000 0.00000000 0.00000000
3072.00000000 0.00000000 0.00000000
3088.00000000 0.00000000 0.00000000
3104.00000000 0.00000000 0.00000000
3120.00000000 0.00000000 0.00000000
3136.00000000 0.00000000 0.00000000
3152.00000000 0.00000000 0.00000000
3168.00000000 0.00000000 0.00000000
3184.00000000 0.00000000 0.00000000
3200.00000000 0.00000000 0.00000000
