0 819.55250000 820.55500000
20.25000000 20.96750000 21.10500000
40.50000000 12.23000000 12.34000000
60.75000000 8.96750000 9.00000000
81.00000000 7.07500000 7.13250000
101.25000000 5.94750000 5.96250000
121.50000000 5.12000000 5.14000000
141.75000000 4.50500000 4.49250000
162.00000000 3.94750000 3.98500000
182.25000000 3.58750000 3.64000000
202.50000000 3.32000000 3.33250000
222.75000000 3.09500000 3.12250000
243.00000000 2.90750000 2.90750000
263.25000000 2.74500000 2.73500000
283.50000000 2.57000000 2.54500000
303.75000000 2.45500000 2.44500000
324.00000000 2.32250000 2.36000000
344.25000000 2.23000000 2.22750000
364.50000000 2.15000000 2.14750000
384.75000000 2.06500000 2.04250000
405.00000000 1.98000000 1.99000000
425.25000000 1.95500000 1.93000000
445.50000000 1.85000000 1.87500000
465.75000000 1.80750000 1.81250000
486.00000000 1.72750000 1.75500000
506.25000000 1.63250000 1.62750000
526.50000000 1.56750000 1.57250000
546.75000000 1.50500000 1.55250000
567.00000000 1.47250000 1.51250000
587.25000000 1.37500000 1.43250000
607.50000000 1.33500000 1.38000000
627.75000000 1.30250000 1.32250000
648.00000000 1.27750000 1.26750000
668.25000000 1.23500000 1.24250000
688.50000000 1.18500000 1.21000000
708.75000000 1.13750000 1.16000000
729.00000000 1.08750000 1.10250000
749.25000000 1.09500000 1.06250000
769.50000000 1.04750000 1.06000000
789.75000000 0.99750000 1.02250000
810.00000000 1.01500000 1.00500000
830.25000000 0.96500000 0.97000000
850.50000000 0.95250000 0.97000000
870.75000000 0.92000000 0.92250000
891.00000000 0.88250000 0.88000000
911.25000000 0.85750000 0.87750000
931.50000000 0.84500000 0.83500000
951.75000000 0.80000000 0.82750000
972.00000000 0.79500000 0.78000000
992.25000000 0.77000000 0.79500000
1012.50000000 0.75500000 0.76000000
1032.75000000 0.73500000 0.73750000
1053.00000000 0.70250000 0.70750000
1073.25000000 0.71250000 0.69000000
1093.50000000 0.65750000 0.69250000
1113.75000000 0.65750000 0.66250000
1134.00000000 0.61250000 0.66000000
1154.25000000 0.62000000 0.62250000
1174.50000000 0.59500000 0.60000000
1194.75000000 0.59000000 0.58250000
1215.00000000 0.58250000 0.56750000
1235.25000000 0.55750000 0.56000000
1255.50000000 0.54750000 0.54500000
1275.75000000 0.51750000 0.52500000
1296.00000000 0.49500000 0.51250000
1316.25000000 0.49500000 0.47250000
1336.50000000 0.48250000 0.46750000
1356.75000000 0.44750000 0.47000000
1377.00000000 0.43500000 0.42500000
1397.25000000 0.42250000 0.43250000
1417.50000000 0.40500000 0.41750000
1437.75000000 0.39250000 0.39750000
1458.00000000 0.39750000 0.38500000
1478.25000000 0.36750000 0.36250000
1498.50000000 0.36250000 0.36500000
1518.75000000 0.35750000 0.37000000
1539.00000000 0.33750000 0.34250000
1559.25000000 0.33500000 0.32750000
1579.50000000 0.32250000 0.32000000
1599.75000000 0.31750000 0.31000000
1620.00000000 0.30500000 0.31500000
1640.25000000 0.31750000 0.31000000
1660.50000000 0.30250000 0.28250000
1680.75000000 0.29500000 0.29500000
1701.00000000 0.30250000 0.29750000
1721.25000000 0.29000000 0.28500000
1741.50000000 0.27000000 0.28000000
1761.75000000 0.27000000 0.26250000
1782.00000000 0.25250000 0.24000000
1802.25000000 0.24750000 0.24750000
1822.50000000 0.24750000 0.23500000
1842.75000000 0.24250000 0.24250000
1863.00000000 0.24000000 0.23500000
1883.25000000 0.23000000 0.22750000
1903.50000000 0.23500000 0.24250000
1923.75000000 0.22750000 0.22750000
1944.00000000 0.20250000 0.20750000
1964.25000000 0.21000000 0.20250000
1984.50000000 0.19250000 0.19750000
2004.75000000 0.19000000 0.19250000
2025.00000000 0.19250000 0.19000000
2045.25000000 0.19500000 0.18750000
2065.50000000 0.17000000 0.17500000
2085.75000000 0.16250000 0.16750000
2106.00000000 0.16500000 0.15250000
2126.25000000 0.16500000 0.17250000
2146.50000000 0.14500000 0.15750000
2166.75000000 0.15000000 0.16000000
2187.00000000 0.15000000 0.14500000
2207.25000000 0.14250000 0.14250000
2227.50000000 0.13500000 0.14750000
2247.75000000 0.14000000 0.14000000
2268.00000000 0.14000000 0.14250000
2288.25000000 0.13750000 0.14000000
2308.50000000 0.13000000 0.13750000
2328.75000000 0.13000000 0.14000000
2349.00000000 0.12750000 0.12750000
2369.25000000 0.12500000 0.13000000
2389.50000000 0.12250000 0.13250000
2409.75000000 0.13000000 0.12750000
2430.00000000 0.12000000 0.12500000
2450.25000000 0.11500000 0.11250000
2470.50000000 0.10250000 0.10250000
2490.75000000 0.09500000 0.09500000
2511.00000000 0.08500000 0.08750000
2531.25000000 0.09000000 0.08500000
2551.50000000 0.09250000 0.07750000
2571.75000000 0.08500000 0.08500000
2592.00000000 0.08000000 0.09000000
2612.25000000 0.08000000 0.07750000
2632.50000000 0.08500000 0.08250000
2652.75000000 0.08750000 0.07500000
2673.00000000 0.07250000 0.08000000
2693.25000000 0.07750000 0.07500000
2713.50000000 0.07750000 0.07500000
2733.75000000 0.07750000 0.07250000
2754.00000000 0.07750000 0.08000000
2774.25000000 0.07000000 0.07250000
2794.50000000 0.07000000 0.06500000
2814.75000000 0.07000000 0.06500000
2835.00000000 0.06500000 0.06500000
2855.25000000 0.05500000 0.06000000
2875.50000000 0.05500000 0.06250000
2895.75000000 0.05750000 0.05750000
2916.00000000 0.05500000 0.05500000
2936.25000000 0.05250000 0.05250000
2956.50000000 0.04750000 0.04750000
2976.75000000 0.05000000 0.05000000
2997.00000000 0.05000000 0.05250000
3017.25000000 0.05250000 0.05500000
3037.50000000 0.04750000 0.05250000
3057.75000000 0.05000000 0.05500000
3078.00000000 0.05250000 0.05250000
3098.25000000 0.04250000 0.04750000
3118.50000000 0.04250000 0.05000000
3138.75000000 0.04250000 0.04000000
3159.00000000 0.04750000 0.04000000
3179.25000000 0.04500000 0.03500000
3199.50000000 0.04500000 0.04250000
3219.75000000 0.03750000 0.04500000
3240.00000000 0.04500000 0.04250000
3260.25000000 0.04250000 0.03250000
3280.50000000 0.03750000 0.03750000
3300.75000000 0.04000000 0.03750000
3321.00000000 0.03500000 0.04250000
3341.25000000 0.04000000 0.04000000
3361.50000000 0.04000000 0.04000000
3381.75000000 0.04250000 0.04250000
3402.00000000 0.04000000 0.04250000
3422.25000000 0.04000000 0.04000000
3442.50000000 0.03750000 0.04250000
3462.75000000 0.03750000 0.03750000
3483.00000000 0.03750000 0.03750000
3503.25000000 0.03500000 0.03750000
3523.50000000 0.03000000 0.04000000
3543.75000000 0.03750000 0.03750000
3564.00000000 0.03750000 0.04000000
3584.25000000 0.03500000 0.03250000
3604.50000000 0.04000000 0.03750000
3624.75000000 0.03750000 0.03750000
3645.00000000 0.03750000 0.03250000
3665.25000000 0.03500000 0.03250000
3685.50000000 0.03750000 0.03000000
3705.75000000 0.03000000 0.03250000
3726.00000000 0.02750000 0.02500000
3746.25000000 0.02250000 0.02500000
3766.50000000 0.02500000 0.02000000
3786.75000000 0.02250000 0.02500000
3807.00000000 0.02500000 0.02500000
3827.25000000 0.02500000 0.02250000
3847.50000000 0.01500000 0.02250000
3867.75000000 0.02000000 0.02000000
3888.00000000 0.02000000 0.02250000
3908.25000000 0.02250000 0.02250000
3928.50000000 0.02250000 0.02250000
3948.75000000 0.02000000 0.01500000
3969.00000000 0.02000000 0.02000000
3989.25000000 0.02000000 0.01750000
4009.50000000 0.02000000 0.02000000
4029.75000000 0.02000000 0.01750000
4050.00000000 0.02000000 0.01500000
