0 1012.23500000 1014.74500000
25.00000000 20.59500000 20.49500000
50.00000000 11.56500000 11.66500000
75.00000000 8.12500000 8.23000000
100.00000000 6.36500000 6.44000000
125.00000000 5.20000000 5.27500000
150.00000000 4.53500000 4.55500000
175.00000000 3.92000000 3.96500000
200.00000000 3.61500000 3.61000000
225.00000000 3.28000000 3.31000000
250.00000000 2.97500000 2.94500000
275.00000000 2.75500000 2.76500000
300.00000000 2.62500000 2.57000000
325.00000000 2.38000000 2.39500000
350.00000000 2.22000000 2.18000000
375.00000000 2.13000000 2.12500000
400.00000000 1.92000000 1.96000000
425.00000000 1.86000000 1.87000000
450.00000000 1.73000000 1.77000000
475.00000000 1.70000000 1.67000000
500.00000000 1.59500000 1.60500000
525.00000000 1.50500000 1.49000000
550.00000000 1.38000000 1.35000000
575.00000000 1.24000000 1.33500000
600.00000000 1.27500000 1.26000000
625.00000000 1.18000000 1.20500000
650.00000000 1.16000000 1.15000000
675.00000000 1.11500000 1.13000000
700.00000000 1.02500000 1.01500000
725.00000000 1.01500000 0.96500000
750.00000000 0.97500000 0.95000000
775.00000000 0.90500000 0.91000000
800.00000000 0.86500000 0.84500000
825.00000000 0.82000000 0.81500000
850.00000000 0.76000000 0.78000000
875.00000000 0.74000000 0.72000000
900.00000000 0.70000000 0.72000000
925.00000000 0.67000000 0.69500000
950.00000000 0.68000000 0.68500000
975.00000000 0.65000000 0.68000000
1000.00000000 0.62000000 0.62000000
1025.00000000 0.59500000 0.62000000
1050.00000000 0.56500000 0.58000000
1075.00000000 0.55000000 0.54500000
1100.00000000 0.55000000 0.56000000
1125.00000000 0.53500000 0.50500000
1150.00000000 0.50000000 0.50000000
1175.00000000 0.47000000 0.47500000
1200.00000000 0.44500000 0.44500000
1225.00000000 0.45500000 0.43000000
1250.00000000 0.43500000 0.40500000
1275.00000000 0.40500000 0.40000000
1300.00000000 0.39000000 0.41000000
1325.00000000 0.37500000 0.39500000
1350.00000000 0.36500000 0.39000000
1375.00000000 0.36000000 0.37000000
1400.00000000 0.34500000 0.36000000
1425.00000000 0.35500000 0.35500000
1450.00000000 0.33500000 0.33500000
1475.00000000 0.33500000 0.30500000
1500.00000000 0.31500000 0.31500000
1525.00000000 0.30000000 0.30500000
1550.00000000 0.29000000 0.29000000
1575.00000000 0.27000000 0.27500000
1600.00000000 0.24500000 0.26500000
1625.00000000 0.25000000 0.25000000
1650.00000000 0.24000000 0.23500000
1675.00000000 0.24000000 0.23500000
1700.00000000 0.20000000 0.21500000
1725.00000000 0.21500000 0.20000000
1750.00000000 0.19500000 0.20000000
1775.00000000 0.19000000 0.18000000
1800.00000000 0.18000000 0.19000000
1825.00000000 0.18000000 0.15500000
1850.00000000 0.15500000 0.16000000
1875.00000000 0.16500000 0.16500000
1900.00000000 0.12500000 0.14500000
1925.00000000 0.13500000 0.12500000
1950.00000000 0.11500000 0.11500000
1975.00000000 0.12000000 0.11000000
2000.00000000 0.10500000 0.11500000
2025.00000000 0.11000000 0.11000000
2050.00000000 0.10500000 0.11000000
2075.00000000 0.09500000 0.10000000
2100.00000000 0.08000000 0.07500000
2125.00000000 0.07500000 0.07500000
2150.00000000 0.07000000 0.06500000
2175.00000000 0.04500000 0.05000000
2200.00000000 0.03500000 0.04500000
2225.00000000 0.03500000 0.04500000
2250.00000000 0.04500000 0.04000000
2275.00000000 0.03500000 0.04000000
2300.00000000 0.04000000 0.04000000
2325.00000000 0.03500000 0.03500000
2350.00000000 0.03000000 0.03000000
2375.00000000 0.02000000 0.02500000
2400.00000000 0.03000000 0.02500000
2425.00000000 0.03000000 0.02500000
2450.00000000 0.02500000 0.03000000
2475.00000000 0.02500000 0.03000000
2500.00000000 0.03000000 0.03000000
2525.00000000 0.02000000 0.03000000
2550.00000000 0.02500000 0.02500000
2575.00000000 0.02500000 0.02500000
2600.00000000 0.02500000 0.02500000
2625.00000000 0.02500000 0.02500000
2650.00000000 0.02000000 0.02000000
2675.00000000 0.02500000 0.02000000
2700.00000000 0.02500000 0.02500000
2725.00000000 0.02000000 0.02500000
2750.00000000 0.02500000 0.02500000
2775.00000000 0.02000000 0.02000000
2800.00000000 0.02500000 0.02500000
2825.00000000 0.02500000 0.02500000
2850.00000000 0.02000000 0.02500000
2875.00000000 0.02500000 0.02500000
2900.00000000 0.02500000 0.02500000
2925.00000000 0.02500000 0.02000000
2950.00000000 0.02000000 0.02000000
2975.00000000 0.02000000 0.02000000
3000.00000000 0.00500000 0.01000000
3025.00000000 0.01000000 0.01000000
3050.00000000 0.01000000 0.01000000
3075.00000000 0.01000000 0.00500000
3100.00000000 0.01000000 0.01000000
3125.00000000 0.01000000 0.01000000
3150.00000000 0.01000000 0.01000000
3175.00000000 0.01000000 0.01000000
3200.00000000 0.01000000 0.00500000
3225.00000000 0.01000000 0.01000000
3250.00000000 0.00500000 0.01000000
3275.00000000 0.01000000 0.00500000
3300.00000000 0.01000000 0.01000000
3325.00000000 0.01000000 0.01000000
3350.00000000 0.01000000 0.01000000
3375.00000000 0.01000000 0.01000000
3400.00000000 0.00500000 0.01000000
3425.00000000 0.01000000 0.01000000
3450.00000000 0.01000000 0.01000000
3475.00000000 0.01000000 0.01000000
3500.00000000 0.01000000 0.01000000
3525.00000000 0.01000000 0.01000000
3550.00000000 0.01000000 0.01000000
3575.00000000 0.01000000 0.01000000
3600.00000000 0.01000000 0.01000000
3625.00000000 0.01000000 0.01000000
3650.00000000 0.01000000 0.01000000
3675.00000000 0.01000000 0.01000000
3700.00000000 0.01000000 0.01000000
3725.00000000 0.01000000 0.01000000
3750.00000000 0.01000000 0.00500000
3775.00000000 0.00500000 0.00500000
3800.00000000 0.00500000 0.00500000
3825.00000000 0.00000000 0.00500000
3850.00000000 0.00000000 0.00000000
3875.00000000 0.00000000 0.00000000
3900.00000000 0.00000000 0.00000000
3925.00000000 0.00000000 0.00000000
3950.00000000 0.00000000 0.00000000
3975.00000000 0.00000000 0.00000000
4000.00000000 0.00000000 0.00000000
4025.00000000 0.00000000 0.00000000
4050.00000000 0.00000000 0.00000000
4075.00000000 0.00000000 0.00000000
4100.00000000 0.00000000 0.00000000
4125.00000000 0.00000000 0.00000000
4150.00000000 0.00000000 0.00000000
4175.00000000 0.00000000 0.00000000
4200.00000000 0.00000000 0.00000000
4225.00000000 0.00000000 0.00000000
4250.00000000 0.00000000 0.00000000
4275.00000000 0.00000000 0.00000000
4300.00000000 0.00000000 0.00000000
4325.00000000 0.00000000 0.00000000
4350.00000000 0.00000000 0.00000000
4375.00000000 0.00000000 0.00000000
4400.00000000 0.00000000 0.00000000
4425.00000000 0.00000000 0.00000000
4450.00000000 0.00000000 0.00000000
4475.00000000 0.00000000 0.00000000
4500.00000000 0.00000000 0.00000000
4525.00000000 0.00000000 0.00000000
4550.00000000 0.00000000 0.00000000
4575.00000000 0.00000000 0.00000000
4600.00000000 0.00000000 0.00000000
4625.00000000 0.00000000 0.00000000
4650.00000000 0.00000000 0.00000000
4675.00000000 0.00000000 0.00000000
4700.00000000 0.00000000 0.00000000
4725.00000000 0.00000000 0.00000000
4750.00000000 0.00000000 0.00000000
4775.00000000 0.00000000 0.00000000
4800.00000000 0.00000000 0.00000000
4825.00000000 0.00000000 0.00000000
4850.00000000 0.00000000 0.00000000
4875.00000000 0.00000000 0.00000000
4900.00000000 0.00000000 0.00000000
4925.00000000 0.00000000 0.00000000
4950.00000000 0.00000000 0.00000000
4975.00000000 0.00000000 0.00000000
5000.00000000 0.00000000 0.00000000
