0 1011.79000000 1015.00250000
25.00000000 20.67750000 20.72250000
50.00000000 11.66250000 11.79500000
75.00000000 8.38000000 8.39500000
100.00000000 6.46250000 6.50500000
125.00000000 5.31750000 5.36750000
150.00000000 4.59250000 4.59750000
175.00000000 4.01000000 4.01000000
200.00000000 3.63500000 3.63000000
225.00000000 3.27250000 3.31250000
250.00000000 2.97250000 2.98750000
275.00000000 2.75000000 2.77250000
300.00000000 2.61000000 2.57000000
325.00000000 2.38500000 2.40250000
350.00000000 2.20750000 2.21750000
375.00000000 2.09750000 2.11750000
400.00000000 1.91750000 1.97000000
425.00000000 1.81250000 1.85000000
450.00000000 1.74250000 1.75500000
475.00000000 1.67250000 1.67000000
500.00000000 1.57500000 1.57750000
525.00000000 1.47500000 1.48500000
550.00000000 1.37000000 1.37500000
575.00000000 1.27750000 1.31750000
600.00000000 1.26750000 1.27250000
625.00000000 1.20750000 1.21250000
650.00000000 1.15500000 1.15500000
675.00000000 1.09500000 1.09500000
700.00000000 1.01000000 1.02500000
725.00000000 1.00750000 0.98500000
750.00000000 0.96000000 0.94750000
775.00000000 0.90500000 0.90250000
800.00000000 0.82500000 0.83250000
825.00000000 0.81250000 0.80250000
850.00000000 0.74000000 0.76250000
875.00000000 0.72750000 0.71500000
900.00000000 0.70000000 0.70000000
925.00000000 0.66500000 0.68500000
950.00000000 0.66500000 0.66250000
975.00000000 0.63000000 0.64000000
1000.00000000 0.60250000 0.59250000
1025.00000000 0.56250000 0.58250000
1050.00000000 0.53500000 0.55250000
1075.00000000 0.51500000 0.52250000
1100.00000000 0.51000000 0.52250000
1125.00000000 0.49250000 0.47000000
1150.00000000 0.46500000 0.45000000
1175.00000000 0.42750000 0.44000000
1200.00000000 0.40750000 0.42250000
1225.00000000 0.41250000 0.39250000
1250.00000000 0.39000000 0.38500000
1275.00000000 0.36500000 0.37500000
1300.00000000 0.35750000 0.35750000
1325.00000000 0.33500000 0.35000000
1350.00000000 0.32250000 0.33750000
1375.00000000 0.31500000 0.32500000
1400.00000000 0.31250000 0.31750000
1425.00000000 0.30500000 0.31250000
1450.00000000 0.29500000 0.28750000
1475.00000000 0.29750000 0.28250000
1500.00000000 0.28000000 0.28250000
1525.00000000 0.27250000 0.27250000
1550.00000000 0.26250000 0.25500000
1575.00000000 0.24000000 0.24500000
1600.00000000 0.23000000 0.23250000
1625.00000000 0.22000000 0.22250000
1650.00000000 0.22000000 0.21250000
1675.00000000 0.20500000 0.21000000
1700.00000000 0.18750000 0.19750000
1725.00000000 0.20250000 0.19500000
1750.00000000 0.18000000 0.17750000
1775.00000000 0.18000000 0.17500000
1800.00000000 0.16750000 0.17250000
1825.00000000 0.16250000 0.15000000
1850.00000000 0.14500000 0.14500000
1875.00000000 0.15000000 0.14500000
1900.00000000 0.12500000 0.13000000
1925.00000000 0.13000000 0.12750000
1950.00000000 0.11500000 0.12000000
1975.00000000 0.12000000 0.11500000
2000.00000000 0.11000000 0.11000000
2025.00000000 0.10500000 0.11000000
2050.00000000 0.10500000 0.11000000
2075.00000000 0.09250000 0.09750000
2100.00000000 0.09000000 0.08250000
2125.00000000 0.08500000 0.08500000
2150.00000000 0.08250000 0.08000000
2175.00000000 0.06750000 0.07000000
2200.00000000 0.05750000 0.06500000
2225.00000000 0.05250000 0.05750000
2250.00000000 0.06250000 0.05750000
2275.00000000 0.04500000 0.04500000
2300.00000000 0.04500000 0.04500000
2325.00000000 0.04500000 0.04750000
2350.00000000 0.04250000 0.04250000
2375.00000000 0.03500000 0.03750000
2400.00000000 0.04000000 0.03750000
2425.00000000 0.03750000 0.03500000
2450.00000000 0.03000000 0.03250000
2475.00000000 0.03000000 0.03250000
2500.00000000 0.03000000 0.02750000
2525.00000000 0.02500000 0.03000000
2550.00000000 0.02000000 0.02750000
2575.00000000 0.02750000 0.02750000
2600.00000000 0.02500000 0.02500000
2625.00000000 0.02500000 0.02250000
2650.00000000 0.02000000 0.02250000
2675.00000000 0.02250000 0.02250000
2700.00000000 0.02500000 0.02250000
2725.00000000 0.02250000 0.02500000
2750.00000000 0.02250000 0.02500000
2775.00000000 0.02000000 0.02250000
2800.00000000 0.02500000 0.02500000
2825.00000000 0.02500000 0.02500000
2850.00000000 0.02250000 0.02250000
2875.00000000 0.02500000 0.02500000
2900.00000000 0.02250000 0.02250000
2925.00000000 0.02250000 0.02000000
2950.00000000 0.02000000 0.02000000
2975.00000000 0.02000000 0.02000000
3000.00000000 0.01000000 0.01500000
3025.00000000 0.01250000 0.01500000
3050.00000000 0.01500000 0.01500000
3075.00000000 0.01500000 0.01250000
3100.00000000 0.01500000 0.01500000
3125.00000000 0.01500000 0.01500000
3150.00000000 0.01500000 0.01500000
3175.00000000 0.01500000 0.01500000
3200.00000000 0.01500000 0.01250000
3225.00000000 0.01500000 0.01500000
3250.00000000 0.01250000 0.01500000
3275.00000000 0.01000000 0.00750000
3300.00000000 0.01000000 0.00750000
3325.00000000 0.00750000 0.01000000
3350.00000000 0.01000000 0.01000000
3375.00000000 0.00750000 0.01000000
3400.00000000 0.00750000 0.01000000
3425.00000000 0.01000000 0.01000000
3450.00000000 0.01000000 0.01000000
3475.00000000 0.01000000 0.01000000
3500.00000000 0.01000000 0.01000000
3525.00000000 0.01000000 0.01000000
3550.00000000 0.01000000 0.01000000
3575.00000000 0.01000000 0.01000000
3600.00000000 0.01000000 0.01000000
3625.00000000 0.01000000 0.00750000
3650.00000000 0.01000000 0.01000000
3675.00000000 0.01000000 0.01000000
3700.00000000 0.01000000 0.01000000
3725.00000000 0.01000000 0.01000000
3750.00000000 0.01000000 0.00750000
3775.00000000 0.00750000 0.00750000
3800.00000000 0.00500000 0.00500000
3825.00000000 0.00250000 0.00500000
3850.00000000 0.00250000 0.00250000
3875.00000000 0.00000000 0.00000000
3900.00000000 0.00000000 0.00000000
3925.00000000 0.00000000 0.00000000
3950.00000000 0.00000000 0.00000000
3975.00000000 0.00000000 0.00000000
4000.00000000 0.00000000 0.00000000
4025.00000000 0.00000000 0.00000000
4050.00000000 0.00000000 0.00000000
4075.00000000 0.00000000 0.00000000
4100.00000000 0.00000000 0.00000000
4125.00000000 0.00000000 0.00000000
4150.00000000 0.00000000 0.00000000
4175.00000000 0.00000000 0.00000000
4200.00000000 0.00000000 0.00000000
4225.00000000 0.00000000 0.00000000
4250.00000000 0.00000000 0.00000000
4275.00000000 0.00000000 0.00000000
4300.00000000 0.00000000 0.00000000
4325.00000000 0.00000000 0.00000000
4350.00000000 0.00000000 0.00000000
4375.00000000 0.00000000 0.00000000
4400.00000000 0.00000000 0.00000000
4425.00000000 0.00000000 0.00000000
4450.00000000 0.00000000 0.00000000
4475.00000000 0.00000000 0.00000000
4500.00000000 0.00000000 0.00000000
4525.00000000 0.00000000 0.00000000
4550.00000000 0.00000000 0.00000000
4575.00000000 0.00000000 0.00000000
4600.00000000 0.00000000 0.00000000
4625.00000000 0.00000000 0.00000000
4650.00000000 0.00000000 0.00000000
4675.00000000 0.00000000 0.00000000
4700.00000000 0.00000000 0.00000000
4725.00000000 0.00000000 0.00000000
4750.00000000 0.00000000 0.00000000
4775.00000000 0.00000000 0.00000000
4800.00000000 0.00000000 0.00000000
4825.00000000 0.00000000 0.00000000
4850.00000000 0.00000000 0.00000000
4875.00000000 0.00000000 0.00000000
4900.00000000 0.00000000 0.00000000
4925.00000000 0.00000000 0.00000000
4950.00000000 0.00000000 0.00000000
4975.00000000 0.00000000 0.00000000
5000.00000000 0.00000000 0.00000000
