0 1011.34500000 1015.26000000
25.00000000 20.76000000 20.95000000
50.00000000 11.76000000 11.92500000
75.00000000 8.63500000 8.56000000
100.00000000 6.56000000 6.57000000
125.00000000 5.43500000 5.46000000
150.00000000 4.65000000 4.64000000
175.00000000 4.10000000 4.05500000
200.00000000 3.65500000 3.65000000
225.00000000 3.26500000 3.31500000
250.00000000 2.97000000 3.03000000
275.00000000 2.74500000 2.78000000
300.00000000 2.59500000 2.57000000
325.00000000 2.39000000 2.41000000
350.00000000 2.19500000 2.25500000
375.00000000 2.06500000 2.11000000
400.00000000 1.91500000 1.98000000
425.00000000 1.76500000 1.83000000
450.00000000 1.75500000 1.74000000
475.00000000 1.64500000 1.67000000
500.00000000 1.55500000 1.55000000
525.00000000 1.44500000 1.48000000
550.00000000 1.36000000 1.40000000
575.00000000 1.31500000 1.30000000
600.00000000 1.26000000 1.28500000
625.00000000 1.23500000 1.22000000
650.00000000 1.15000000 1.16000000
675.00000000 1.07500000 1.06000000
700.00000000 0.99500000 1.03500000
725.00000000 1.00000000 1.00500000
750.00000000 0.94500000 0.94500000
775.00000000 0.90500000 0.89500000
800.00000000 0.78500000 0.82000000
825.00000000 0.80500000 0.79000000
850.00000000 0.72000000 0.74500000
875.00000000 0.71500000 0.71000000
900.00000000 0.70000000 0.68000000
925.00000000 0.66000000 0.67500000
950.00000000 0.65000000 0.64000000
975.00000000 0.61000000 0.60000000
1000.00000000 0.58500000 0.56500000
1025.00000000 0.53000000 0.54500000
1050.00000000 0.50500000 0.52500000
1075.00000000 0.48000000 0.50000000
1100.00000000 0.47000000 0.48500000
1125.00000000 0.45000000 0.43500000
1150.00000000 0.43000000 0.40000000
1175.00000000 0.38500000 0.40500000
1200.00000000 0.37000000 0.40000000
1225.00000000 0.37000000 0.35500000
1250.00000000 0.34500000 0.36500000
1275.00000000 0.32500000 0.35000000
1300.00000000 0.32500000 0.30500000
1325.00000000 0.29500000 0.30500000
1350.00000000 0.28000000 0.28500000
1375.00000000 0.27000000 0.28000000
1400.00000000 0.28000000 0.27500000
1425.00000000 0.25500000 0.27000000
1450.00000000 0.25500000 0.24000000
1475.00000000 0.26000000 0.26000000
1500.00000000 0.24500000 0.25000000
1525.00000000 0.24500000 0.24000000
1550.00000000 0.23500000 0.22000000
1575.00000000 0.21000000 0.21500000
1600.00000000 0.21500000 0.20000000
1625.00000000 0.19000000 0.19500000
1650.00000000 0.20000000 0.19000000
1675.00000000 0.17000000 0.18500000
1700.00000000 0.17500000 0.18000000
1725.00000000 0.19000000 0.19000000
1750.00000000 0.16500000 0.15500000
1775.00000000 0.17000000 0.17000000
1800.00000000 0.15500000 0.15500000
1825.00000000 0.14500000 0.14500000
1850.00000000 0.13500000 0.13000000
1875.00000000 0.13500000 0.12500000
1900.00000000 0.12500000 0.11500000
1925.00000000 0.12500000 0.13000000
1950.00000000 0.11500000 0.12500000
1975.00000000 0.12000000 0.12000000
2000.00000000 0.11500000 0.10500000
2025.00000000 0.10000000 0.11000000
2050.00000000 0.10500000 0.11000000
2075.00000000 0.09000000 0.09500000
2100.00000000 0.10000000 0.09000000
2125.00000000 0.09500000 0.09500000
2150.00000000 0.09500000 0.09500000
2175.00000000 0.09000000 0.09000000
2200.00000000 0.08000000 0.08500000
2225.00000000 0.07000000 0.07000000
2250.00000000 0.08000000 0.07500000
2275.00000000 0.05500000 0.05000000
2300.00000000 0.05000000 0.05000000
2325.00000000 0.05500000 0.06000000
2350.00000000 0.05500000 0.05500000
2375.00000000 0.05000000 0.05000000
2400.00000000 0.05000000 0.05000000
2425.00000000 0.04500000 0.04500000
2450.00000000 0.03500000 0.03500000
2475.00000000 0.03500000 0.03500000
2500.00000000 0.03000000 0.02500000
2525.00000000 0.03000000 0.03000000
2550.00000000 0.01500000 0.03000000
2575.00000000 0.03000000 0.03000000
2600.00000000 0.02500000 0.02500000
2625.00000000 0.02500000 0.02000000
2650.00000000 0.02000000 0.02500000
2675.00000000 0.02000000 0.02500000
2700.00000000 0.02500000 0.02000000
2725.00000000 0.02500000 0.02500000
2750.00000000 0.02000000 0.02500000
2775.00000000 0.02000000 0.02500000
2800.00000000 0.02500000 0.02500000
2825.00000000 0.02500000 0.02500000
2850.00000000 0.02500000 0.02000000
2875.00000000 0.02500000 0.02500000
2900.00000000 0.02000000 0.02000000
2925.00000000 0.02000000 0.02000000
2950.00000000 0.02000000 0.02000000
2975.00000000 0.02000000 0.02000000
3000.00000000 0.01500000 0.02000000
3025.00000000 0.01500000 0.02000000
3050.00000000 0.02000000 0.02000000
3075.00000000 0.02000000 0.02000000
3100.00000000 0.02000000 0.02000000
3125.00000000 0.02000000 0.02000000
3150.00000000 0.02000000 0.02000000
3175.00000000 0.02000000 0.02000000
3200.00000000 0.02000000 0.02000000
3225.00000000 0.02000000 0.02000000
3250.00000000 0.02000000 0.02000000
3275.00000000 0.01000000 0.01000000
3300.00000000 0.01000000 0.00500000
3325.00000000 0.00500000 0.01000000
3350.00000000 0.01000000 0.01000000
3375.00000000 0.00500000 0.01000000
3400.00000000 0.01000000 0.01000000
3425.00000000 0.01000000 0.01000000
3450.00000000 0.01000000 0.01000000
3475.00000000 0.01000000 0.01000000
3500.00000000 0.01000000 0.01000000
3525.00000000 0.01000000 0.01000000
3550.00000000 0.01000000 0.01000000
3575.00000000 0.01000000 0.01000000
3600.00000000 0.01000000 0.01000000
3625.00000000 0.01000000 0.00500000
3650.00000000 0.01000000 0.01000000
3675.00000000 0.01000000 0.01000000
3700.00000000 0.01000000 0.01000000
3725.00000000 0.01000000 0.01000000
3750.00000000 0.01000000 0.01000000
3775.00000000 0.01000000 0.01000000
3800.00000000 0.00500000 0.00500000
3825.00000000 0.00500000 0.00500000
3850.00000000 0.00500000 0.00500000
3875.00000000 0.00000000 0.00000000
3900.00000000 0.00000000 0.00000000
3925.00000000 0.00000000 0.00000000
3950.00000000 0.00000000 0.00000000
3975.00000000 0.00000000 0.00000000
4000.00000000 0.00000000 0.00000000
4025.00000000 0.00000000 0.00000000
4050.00000000 0.00000000 0.00000000
4075.00000000 0.00000000 0.00000000
4100.00000000 0.00000000 0.00000000
4125.00000000 0.00000000 0.00000000
4150.00000000 0.00000000 0.00000000
4175.00000000 0.00000000 0.00000000
4200.00000000 0.00000000 0.00000000
4225.00000000 0.00000000 0.00000000
4250.00000000 0.00000000 0.00000000
4275.00000000 0.00000000 0.00000000
4300.00000000 0.00000000 0.00000000
4325.00000000 0.00000000 0.00000000
4350.00000000 0.00000000 0.00000000
4375.00000000 0.00000000 0.00000000
4400.00000000 0.00000000 0.00000000
4425.00000000 0.00000000 0.00000000
4450.00000000 0.00000000 0.00000000
4475.00000000 0.00000000 0.00000000
4500.00000000 0.00000000 0.00000000
4525.00000000 0.00000000 0.00000000
4550.00000000 0.00000000 0.00000000
4575.00000000 0.00000000 0.00000000
4600.00000000 0.00000000 0.00000000
4625.00000000 0.00000000 0.00000000
4650.00000000 0.00000000 0.00000000
4675.00000000 0.00000000 0.00000000
4700.00000000 0.00000000 0.00000000
4725.00000000 0.00000000 0.00000000
4750.00000000 0.00000000 0.00000000
4775.00000000 0.00000000 0.00000000
4800.00000000 0.00000000 0.00000000
4825.00000000 0.00000000 0.00000000
4850.00000000 0.00000000 0.00000000
4875.00000000 0.00000000 0.00000000
4900.00000000 0.00000000 0.00000000
4925.00000000 0.00000000 0.00000000
4950.00000000 0.00000000 0.00000000
4975.00000000 0.00000000 0.00000000
5000.00000000 0.00000000 0.00000000
