0 654.20000000 653.90000000
1.00000000 512.95000000 513.20000000
2.00000000 499.65000000 502.10000000
3.00000000 505.90000000 508.75000000
4.00000000 507.75000000 510.10000000
5.00000000 504.20000000 506.10000000
6.00000000 500.50000000 501.85000000
7.00000000 506.05000000 506.30000000
8.00000000 511.15000000 513.25000000
9.00000000 509.70000000 513.75000000
10.00000000 503.15000000 505.70000000
11.00000000 506.00000000 504.75000000
12.00000000 505.10000000 506.65000000
13.00000000 502.25000000 504.75000000
14.00000000 504.35000000 507.70000000
15.00000000 501.95000000 501.80000000
16.00000000 505.20000000 503.95000000
17.00000000 503.75000000 503.90000000
18.00000000 509.05000000 508.40000000
19.00000000 504.10000000 503.10000000
20.00000000 501.80000000 505.05000000
21.00000000 507.50000000 507.05000000
22.00000000 503.05000000 504.05000000
23.00000000 509.90000000 511.50000000
24.00000000 504.50000000 504.65000000
25.00000000 502.10000000 503.95000000
26.00000000 505.95000000 507.35000000
27.00000000 506.80000000 506.15000000
28.00000000 499.85000000 502.40000000
29.00000000 502.75000000 502.10000000
30.00000000 501.60000000 503.65000000
31.00000000 506.00000000 505.00000000
32.00000000 509.70000000 510.40000000
33.00000000 503.30000000 506.00000000
34.00000000 507.55000000 509.80000000
35.00000000 509.40000000 510.35000000
36.00000000 508.20000000 509.60000000
37.00000000 510.45000000 511.70000000
38.00000000 502.30000000 501.95000000
39.00000000 501.75000000 503.20000000
40.00000000 501.00000000 503.05000000
41.00000000 509.40000000 511.45000000
42.00000000 504.45000000 506.25000000
43.00000000 512.60000000 511.05000000
44.00000000 502.75000000 503.20000000
45.00000000 503.55000000 503.75000000
46.00000000 508.15000000 506.55000000
47.00000000 510.50000000 508.85000000
48.00000000 507.15000000 508.90000000
49.00000000 504.20000000 507.10000000
50.00000000 504.40000000 502.75000000
51.00000000 502.30000000 503.20000000
52.00000000 500.85000000 503.85000000
53.00000000 507.50000000 509.20000000
54.00000000 506.25000000 506.05000000
55.00000000 501.75000000 504.35000000
56.00000000 504.00000000 504.00000000
57.00000000 507.20000000 508.70000000
58.00000000 505.00000000 504.60000000
59.00000000 502.25000000 502.60000000
60.00000000 498.05000000 500.30000000
61.00000000 509.20000000 507.65000000
62.00000000 506.80000000 506.60000000
63.00000000 507.10000000 506.85000000
64.00000000 505.65000000 505.25000000
65.00000000 509.40000000 510.85000000
66.00000000 504.10000000 507.10000000
67.00000000 510.10000000 509.35000000
68.00000000 501.85000000 503.65000000
69.00000000 507.55000000 507.85000000
70.00000000 502.30000000 504.60000000
71.00000000 509.15000000 509.30000000
72.00000000 509.45000000 509.20000000
73.00000000 497.75000000 500.35000000
74.00000000 506.25000000 509.05000000
75.00000000 506.95000000 507.00000000
76.00000000 506.70000000 506.30000000
77.00000000 501.15000000 502.80000000
78.00000000 497.55000000 499.70000000
79.00000000 510.65000000 509.05000000
80.00000000 508.30000000 508.70000000
81.00000000 508.75000000 513.60000000
82.00000000 506.20000000 505.50000000
83.00000000 498.85000000 502.65000000
84.00000000 507.95000000 508.60000000
85.00000000 508.20000000 509.20000000
86.00000000 505.05000000 503.65000000
87.00000000 506.50000000 507.40000000
88.00000000 509.90000000 510.35000000
89.00000000 512.65000000 512.95000000
90.00000000 501.40000000 505.60000000
91.00000000 501.80000000 507.30000000
92.00000000 503.35000000 503.80000000
93.00000000 502.95000000 504.45000000
94.00000000 505.15000000 504.45000000
95.00000000 508.45000000 509.45000000
96.00000000 504.75000000 505.80000000
97.00000000 505.85000000 506.15000000
98.00000000 506.60000000 506.45000000
99.00000000 508.30000000 508.90000000
100.00000000 508.85000000 509.65000000
101.00000000 507.25000000 508.70000000
102.00000000 499.65000000 503.25000000
103.00000000 511.80000000 512.95000000
104.00000000 507.85000000 508.80000000
105.00000000 506.40000000 506.65000000
106.00000000 501.65000000 502.80000000
107.00000000 507.00000000 507.10000000
108.00000000 503.80000000 504.60000000
109.00000000 500.55000000 503.00000000
110.00000000 503.50000000 505.15000000
111.00000000 500.20000000 500.95000000
112.00000000 503.70000000 504.70000000
113.00000000 508.40000000 508.60000000
114.00000000 502.90000000 505.25000000
115.00000000 510.55000000 510.90000000
116.00000000 500.40000000 501.55000000
117.00000000 502.80000000 505.40000000
118.00000000 502.70000000 502.10000000
119.00000000 501.40000000 503.70000000
120.00000000 503.00000000 505.00000000
121.00000000 510.35000000 510.40000000
122.00000000 505.45000000 508.00000000
123.00000000 506.65000000 506.50000000
124.00000000 506.95000000 506.60000000
125.00000000 510.45000000 511.85000000
126.00000000 506.45000000 508.30000000
127.00000000 505.50000000 505.90000000
128.00000000 506.85000000 506.60000000
129.00000000 507.10000000 507.25000000
130.00000000 506.25000000 506.35000000
131.00000000 504.55000000 506.60000000
132.00000000 506.00000000 506.55000000
133.00000000 507.95000000 509.85000000
134.00000000 507.25000000 508.95000000
135.00000000 500.50000000 504.10000000
136.00000000 506.05000000 505.80000000
137.00000000 503.00000000 505.40000000
138.00000000 507.15000000 509.75000000
139.00000000 505.25000000 506.70000000
140.00000000 502.10000000 502.95000000
141.00000000 502.50000000 502.90000000
142.00000000 502.15000000 505.00000000
143.00000000 504.80000000 505.55000000
144.00000000 506.10000000 507.55000000
145.00000000 504.90000000 505.00000000
146.00000000 501.75000000 503.20000000
147.00000000 501.45000000 501.70000000
148.00000000 498.85000000 500.00000000
149.00000000 504.15000000 504.95000000
150.00000000 501.55000000 502.05000000
151.00000000 505.95000000 506.95000000
152.00000000 512.55000000 513.70000000
153.00000000 501.90000000 505.45000000
154.00000000 505.60000000 507.75000000
155.00000000 498.95000000 500.35000000
156.00000000 509.25000000 509.80000000
157.00000000 504.60000000 505.15000000
158.00000000 512.95000000 512.10000000
159.00000000 502.20000000 501.00000000
160.00000000 503.60000000 503.35000000
161.00000000 507.55000000 510.60000000
162.00000000 510.80000000 508.35000000
163.00000000 508.25000000 508.40000000
164.00000000 506.05000000 509.30000000
165.00000000 501.60000000 503.20000000
166.00000000 504.95000000 508.75000000
167.00000000 503.95000000 503.30000000
168.00000000 504.75000000 507.05000000
169.00000000 505.05000000 504.30000000
170.00000000 498.65000000 498.40000000
171.00000000 509.20000000 508.90000000
172.00000000 503.80000000 506.15000000
173.00000000 505.55000000 506.95000000
174.00000000 503.95000000 506.70000000
175.00000000 503.50000000 504.95000000
176.00000000 503.45000000 504.90000000
177.00000000 509.10000000 509.65000000
178.00000000 509.50000000 510.85000000
179.00000000 501.15000000 501.90000000
180.00000000 506.70000000 509.70000000
181.00000000 504.85000000 506.10000000
182.00000000 503.40000000 504.70000000
183.00000000 501.65000000 502.70000000
184.00000000 508.75000000 507.80000000
185.00000000 507.80000000 510.65000000
186.00000000 504.25000000 503.95000000
187.00000000 509.35000000 510.85000000
188.00000000 510.90000000 511.30000000
189.00000000 500.55000000 500.05000000
190.00000000 506.80000000 510.15000000
191.00000000 500.20000000 503.10000000
192.00000000 503.90000000 503.70000000
193.00000000 499.90000000 501.20000000
194.00000000 504.65000000 503.80000000
195.00000000 503.90000000 504.35000000
196.00000000 501.40000000 502.70000000
197.00000000 510.70000000 510.40000000
198.00000000 505.90000000 504.50000000
199.00000000 503.90000000 503.20000000
200.00000000 503.35000000 502.10000000
201.00000000 499.20000000 499.50000000
202.00000000 505.65000000 508.25000000
203.00000000 499.95000000 504.20000000
204.00000000 508.80000000 509.15000000
205.00000000 500.30000000 504.00000000
206.00000000 503.10000000 508.00000000
207.00000000 508.60000000 509.45000000
208.00000000 504.05000000 503.00000000
209.00000000 504.00000000 504.65000000
210.00000000 503.75000000 505.90000000
211.00000000 507.00000000 509.00000000
212.00000000 499.10000000 499.85000000
213.00000000 507.20000000 510.30000000
214.00000000 504.60000000 509.30000000
215.00000000 503.45000000 506.95000000
216.00000000 508.30000000 508.30000000
217.00000000 505.85000000 507.40000000
218.00000000 498.00000000 499.80000000
219.00000000 503.70000000 503.50000000
220.00000000 513.80000000 512.00000000
221.00000000 505.95000000 509.55000000
222.00000000 503.80000000 502.40000000
223.00000000 507.80000000 507.35000000
224.00000000 504.90000000 505.80000000
225.00000000 505.45000000 505.90000000
226.00000000 500.20000000 502.45000000
227.00000000 505.00000000 505.95000000
228.00000000 500.35000000 500.45000000
229.00000000 504.65000000 505.30000000
230.00000000 512.35000000 513.65000000
231.00000000 510.60000000 512.15000000
232.00000000 515.65000000 515.05000000
233.00000000 506.40000000 508.50000000
234.00000000 509.25000000 509.60000000
235.00000000 506.75000000 508.45000000
236.00000000 511.90000000 513.05000000
237.00000000 501.20000000 501.80000000
238.00000000 508.85000000 507.60000000
239.00000000 508.25000000 507.45000000
240.00000000 509.60000000 510.60000000
241.00000000 504.15000000 506.30000000
242.00000000 504.60000000 504.20000000
243.00000000 502.15000000 503.60000000
244.00000000 506.05000000 506.90000000
245.00000000 501.40000000 503.80000000
246.00000000 507.50000000 509.00000000
247.00000000 511.00000000 509.20000000
248.00000000 501.95000000 506.15000000
249.00000000 500.95000000 504.40000000
250.00000000 504.95000000 506.00000000
251.00000000 508.70000000 510.35000000
252.00000000 507.00000000 507.95000000
253.00000000 503.65000000 504.55000000
254.00000000 508.70000000 509.65000000
255.00000000 504.80000000 505.35000000
256.00000000 504.65000000 506.80000000
257.00000000 502.65000000 502.90000000
258.00000000 507.20000000 510.70000000
259.00000000 497.00000000 499.70000000
260.00000000 507.60000000 508.10000000
261.00000000 506.60000000 508.30000000
262.00000000 507.55000000 506.80000000
263.00000000 507.40000000 505.85000000
264.00000000 512.50000000 513.10000000
265.00000000 504.10000000 506.70000000
266.00000000 501.30000000 504.30000000
267.00000000 507.45000000 507.90000000
268.00000000 507.75000000 507.65000000
269.00000000 505.90000000 507.60000000
270.00000000 504.25000000 503.85000000
271.00000000 501.65000000 504.70000000
272.00000000 510.40000000 510.35000000
273.00000000 505.35000000 503.40000000
274.00000000 503.05000000 506.15000000
275.00000000 514.30000000 513.35000000
276.00000000 509.35000000 508.20000000
277.00000000 510.10000000 509.65000000
278.00000000 504.10000000 507.55000000
279.00000000 510.25000000 511.75000000
280.00000000 500.40000000 501.80000000
281.00000000 505.40000000 507.55000000
282.00000000 502.05000000 503.85000000
283.00000000 505.95000000 504.75000000
284.00000000 503.75000000 508.40000000
285.00000000 505.60000000 505.95000000
286.00000000 500.35000000 504.65000000
287.00000000 516.95000000 517.60000000
288.00000000 507.25000000 508.05000000
289.00000000 503.85000000 507.70000000
290.00000000 505.40000000 505.05000000
291.00000000 507.65000000 508.65000000
292.00000000 500.20000000 502.45000000
293.00000000 507.55000000 508.50000000
294.00000000 507.20000000 508.50000000
295.00000000 502.30000000 502.15000000
296.00000000 503.35000000 505.25000000
297.00000000 509.05000000 508.05000000
298.00000000 507.40000000 508.55000000
299.00000000 505.45000000 506.05000000
300.00000000 499.70000000 501.15000000
301.00000000 514.15000000 515.30000000
302.00000000 503.40000000 506.65000000
303.00000000 502.35000000 504.60000000
304.00000000 505.70000000 506.50000000
305.00000000 509.40000000 508.85000000
306.00000000 502.60000000 503.30000000
307.00000000 502.65000000 503.65000000
308.00000000 502.85000000 503.15000000
309.00000000 501.30000000 502.25000000
310.00000000 505.65000000 506.25000000
311.00000000 505.75000000 505.00000000
312.00000000 507.55000000 508.60000000
313.00000000 507.25000000 507.35000000
314.00000000 508.95000000 510.45000000
315.00000000 505.60000000 507.95000000
316.00000000 507.10000000 509.50000000
317.00000000 504.85000000 506.95000000
318.00000000 505.20000000 507.20000000
319.00000000 507.50000000 506.85000000
320.00000000 502.20000000 501.55000000
321.00000000 499.95000000 504.85000000
322.00000000 506.75000000 505.35000000
323.00000000 503.90000000 504.95000000
324.00000000 514.35000000 516.50000000
325.00000000 505.35000000 507.30000000
326.00000000 500.10000000 499.15000000
327.00000000 508.05000000 507.65000000
328.00000000 504.05000000 504.90000000
329.00000000 504.65000000 507.65000000
330.00000000 508.35000000 509.15000000
331.00000000 502.40000000 505.70000000
332.00000000 511.15000000 511.45000000
333.00000000 507.95000000 507.75000000
334.00000000 502.10000000 503.55000000
335.00000000 506.05000000 508.15000000
336.00000000 507.25000000 508.30000000
337.00000000 508.10000000 508.10000000
338.00000000 508.80000000 508.95000000
339.00000000 503.55000000 506.75000000
340.00000000 508.20000000 510.20000000
341.00000000 506.95000000 508.10000000
342.00000000 503.25000000 503.15000000
343.00000000 503.40000000 502.65000000
344.00000000 504.75000000 503.35000000
345.00000000 513.35000000 515.30000000
346.00000000 502.25000000 503.80000000
347.00000000 499.55000000 500.50000000
348.00000000 508.05000000 510.05000000
349.00000000 506.45000000 508.55000000
350.00000000 504.45000000 506.80000000
351.00000000 498.35000000 498.10000000
352.00000000 504.40000000 504.50000000
353.00000000 509.60000000 509.55000000
354.00000000 505.15000000 506.05000000
355.00000000 498.35000000 502.15000000
356.00000000 503.25000000 504.75000000
357.00000000 500.80000000 503.55000000
358.00000000 501.05000000 501.20000000
359.00000000 505.80000000 507.15000000
360.00000000 502.65000000 502.70000000
361.00000000 503.05000000 501.55000000
362.00000000 505.60000000 507.20000000
363.00000000 505.15000000 506.30000000
364.00000000 497.20000000 497.65000000
365.00000000 507.05000000 509.15000000
366.00000000 510.70000000 510.65000000
367.00000000 512.60000000 513.45000000
368.00000000 503.05000000 505.15000000
369.00000000 498.55000000 501.95000000
370.00000000 503.05000000 503.25000000
371.00000000 505.25000000 507.60000000
372.00000000 499.90000000 500.35000000
373.00000000 502.30000000 503.65000000
374.00000000 504.70000000 506.10000000
375.00000000 509.80000000 510.00000000
376.00000000 505.30000000 505.50000000
377.00000000 510.75000000 508.05000000
378.00000000 507.10000000 509.55000000
379.00000000 505.20000000 505.25000000
380.00000000 510.75000000 510.35000000
381.00000000 506.05000000 503.15000000
382.00000000 499.60000000 500.00000000
383.00000000 501.00000000 500.65000000
384.00000000 505.25000000 507.80000000
385.00000000 504.90000000 505.45000000
386.00000000 501.40000000 504.55000000
387.00000000 502.80000000 503.00000000
388.00000000 504.80000000 509.65000000
389.00000000 505.50000000 507.35000000
390.00000000 509.05000000 510.00000000
391.00000000 512.50000000 510.30000000
392.00000000 501.20000000 501.75000000
393.00000000 507.35000000 508.50000000
394.00000000 498.80000000 501.75000000
395.00000000 508.75000000 510.50000000
396.00000000 505.20000000 507.05000000
397.00000000 503.35000000 506.30000000
398.00000000 501.20000000 504.80000000
399.00000000 504.05000000 504.75000000
400.00000000 505.30000000 507.00000000
