0 -0.623794
1 0.347223
2 -0.193089
3 0.150973
4 -0.219639
5 0.228613
6 -0.23558
7 0.0234534
8 -0.642376
9 -0.997301
10 0.11786
11 0.606973
12 0.540806
13 0.667273
14 0.462161
15 0.204328
16 0.245915
17 -0.562639
18 -0.00416501
19 0.410185
20 0.147729
21 -1.05851
22 -0.794772
23 -0.241752
24 0.349558
25 0.650065
26 0.658219
27 -0.472476
28 -0.127336
29 0.0307516
30 0.15391
31 -0.543577
32 0.395266
33 0.207144
34 -0.286116
35 0.584757
36 0.080607
37 0.180617
38 0.251234
39 0.375797
40 0.399246
41 0.110409
42 0.283401
43 0.335116
44 -0.347315
45 -0.321239
46 0.439754
47 0.132125
48 -0.00790133
49 -0.0774941
50 0.444028
51 0.363953
52 -0.304051
53 0.224134
54 0.158637
55 0.0395159
56 -0.503988
57 -0.400683
58 -0.0269395
59 0.0446023
60 0.116593
61 0.297884
62 0.119864
63 -0.489036
64 -0.373946
65 -0.121397
66 -0.654881
67 -0.56271
68 -0.310786
69 0.67488
70 0.509144
71 -0.424489
72 -0.642536
73 -0.444877
74 0.319315
75 0.1335
76 0.208787
77 0.209987
78 0.487201
79 0.336359
80 0.317221
81 0.207748
82 0.308374
83 0.272354
84 0.331472
85 -0.00982136
86 0.0107728
87 0.257212
88 0.110956
89 0.15318
90 0.222726
91 0.127718
92 0.422661
93 0.0263268
94 0.156117
95 0.396918
96 0.552031
97 0.4021
98 0.576771
99 -0.324689
100 0.381984
101 0.369213
102 0.420742
103 0.176807
104 0.281604
105 0.448103
106 0.272697
107 0.478037
108 0.414492
109 0.623946
110 0.272051
111 0.0191225
112 0.0101779
113 0.0730781
114 0.372667
115 0.0653814
116 0.194803
117 -0.167066
118 0.45928
119 -0.400831
120 -0.0182058
121 0.0373422
122 0.427421
123 0.616683
124 0.5214
125 -0.00197486
126 -0.497743
127 0.343044
128 0.44141
129 0.0236555
130 -0.277278
131 0.0755325
132 -0.0141713
133 0.177304
134 0.00775599
135 -0.25012
136 0.169195
137 -0.291053
138 -0.131628
139 0.116171
140 0.250705
141 0.0510678
142 0.185372
143 0.542117
144 0.606101
145 0.411043
146 -0.00908039
147 -0.14124
148 0.0550931
149 0.44717
150 0.405549
151 0.0376282
152 0.18079
153 0.296503
154 -0.0250687
155 -0.107995
156 -0.376622
157 -0.586017
158 -0.396001
159 0.102976
160 -0.163076
161 -0.0296815
162 -0.309291
163 0.31894
164 0.564115
165 0.535306
166 0.558638
167 0.470063
168 0.61919
169 0.448309
170 0.413825
171 0.464954
172 0.178149
173 0.451126
174 0.388942
175 0.382641
176 0.344733
177 -0.013196
178 -0.578547
179 -0.385219
180 -0.893128
181 -0.246783
182 0.180747
183 0.181722
184 0.412638
185 0.330601
186 0.07171
187 -0.238234
188 -0.0598395
189 0.0603568
190 0.0820298
191 0.319271
192 0.353421
193 0.384181
194 -0.0357214
195 0.144061
196 -0.0534209
197 0.309004
198 0.315948
199 0.375919
200 0.294328
201 0.208138
202 0.0575953
203 0.155446
204 -0.199443
205 0.253792
206 0.120329
207 0.303526
208 -0.0399597
209 0.0614643
210 0.283354
211 -0.145679
212 -0.0872408
213 -0.898308
214 0.241241
215 0.345736
216 0.435663
217 0.282342
218 0.463509
219 0.125764
220 -0.0294501
221 -0.00902853
222 0.269805
223 0.590513
224 0.500785
225 0.126593
226 0.428402
227 0.451539
228 0.533266
229 0.497954
230 0.593448
231 0.38228
232 -0.224185
233 0.292184
234 0.517439
235 0.388496
236 0.331413
237 0.469597
238 0.116785
239 0.238904
240 0.263767
241 0.434382
242 0.225847
243 0.635753
244 0.131845
245 0.238091
246 -0.174141
247 -0.00855357
248 0.127467
249 0.287283
250 -0.159116
251 0.365647
252 -0.124949
253 -0.128868
254 0.183055
255 -0.106952
256 0.328719
257 0.660307
258 0.490969
259 -0.12316
260 0.16212
261 0.198911
262 0.00584511
263 0.122868
264 0.522968
265 0.39114
266 0.281279
267 0.137323
268 0.165856
269 -0.301039
270 0.321494
271 -0.310726
272 -0.356785
273 -0.229155
274 -0.197094
275 0.190801
276 0.0411179
277 -0.439813
278 0.420319
279 0.176111
280 0.136496
281 0.364666
282 -0.161612
283 -0.207935
284 0.259462
285 0.369776
286 0.163681
287 0.433452
288 0.465992
289 0.305397
290 0.396808
291 0.55208
292 0.0471857
293 0.237619
294 0.473443
295 0.317184
296 0.537206
297 0.514093
298 -0.234716
299 0.439593
300 -0.151052
301 -0.121355
302 0.303964
303 0.293312
304 0.297049
305 0.417547
306 0.598118
307 0.330249
308 -0.00115875
309 -0.364445
310 -0.0542283
311 0.340745
312 -0.115704
313 0.167866
314 0.545182
315 0.342889
316 -0.401687
317 0.112064
318 0.340418
319 0.496499
320 0.511101
321 0.554566
322 -0.238029
323 0.151811
324 0.0679531
325 0.411722
326 0.268958
327 0.146152
328 0.143443
329 -0.327035
330 -0.169052
331 -0.263039
332 0.111941
333 -0.0138314
334 -0.237863
335 0.198195
336 0.0978767
337 0.287908
338 0.4935
339 0.0308212
340 0.474523
341 0.133777
342 0.353652
343 -0.124916
344 -0.345231
345 0.000268248
346 0.411338
347 -0.121465
348 -0.290373
349 0.0277191
350 0.142047
351 0.129704
352 0.0468197
353 -0.343098
354 -0.169487
355 -0.620194
356 0.157786
357 0.0372369
358 0.636646
359 0.400433
360 0.601044
361 0.561787
362 0.512152
363 0.394183
364 0.301343
365 0.0527473
366 0.084622
367 0.213087
368 -0.011793
369 -0.0331879
370 0.181799
371 0.0643277
372 0.509418
373 0.193457
374 0.420617
375 0.467484
376 0.121211
377 0.364043
378 0.103437
379 -0.101206
380 -1.00024
381 -0.930434
382 0.154189
383 0.400781
384 0.634066
385 0.276223
386 0.41775
387 0.185321
388 -0.0495577
389 -0.390472
390 -0.377802
391 0.198353
392 -0.0221516
393 -0.280514
394 0.119299
395 0.177449
396 -0.172645
397 0.406457
398 0.393584
399 0.413205
400 0.183465
