0 0.302422
1 -0.462678
2 0.205035
3 0.0675742
4 0.0475001
5 0.35812
6 0.350508
7 0.398423
8 0.333267
9 0.298417
10 0.509054
11 0.683587
12 0.481433
13 0.509774
14 0.510568
15 0.572847
16 0.483734
17 0.345207
18 0.422713
19 0.347326
20 0.149373
21 0.262469
22 0.328225
23 0.214402
24 0.274015
25 0.244887
26 0.155281
27 0.235724
28 0.383464
29 0.53067
30 0.53513
31 0.580377
32 0.581408
33 0.668537
34 0.661916
35 0.6057
36 0.589545
37 0.648325
38 0.542649
39 0.402158
40 0.422129
41 0.477567
42 0.417798
43 0.287954
44 0.296039
45 0.383706
46 0.296644
47 0.285725
48 0.215167
49 0.159424
50 0.306565
51 0.129797
52 0.122627
53 0.159951
54 0.182434
55 0.312328
56 0.367646
57 0.445009
58 0.392515
59 0.439647
60 0.433476
61 0.453575
62 0.494282
63 0.519448
64 0.547062
65 0.557993
66 0.541622
67 0.47807
68 0.339617
69 0.423938
70 0.525472
71 0.59152
72 0.569973
73 0.60492
74 0.564864
75 0.529072
76 0.51935
77 0.40515
78 0.468813
79 0.432566
80 0.422534
81 0.417164
82 0.396255
83 0.383765
84 0.315298
85 0.371026
86 0.50053
87 0.424771
88 0.484073
89 0.351789
90 0.354003
91 0.337737
92 0.361637
93 0.338954
94 0.453158
95 0.400149
96 0.431805
97 0.447615
98 0.384078
99 0.334214
100 0.336918
101 0.270973
102 0.415961
103 0.530186
104 0.454572
105 0.440495
106 0.406816
107 0.4565
108 0.546702
109 0.573806
110 0.542259
111 0.533398
112 0.577008
113 0.521317
114 0.534746
115 0.50877
116 0.551095
117 0.541105
118 0.50975
119 0.439869
120 0.443027
121 0.545209
122 0.517347
123 0.476108
124 0.489234
125 0.481601
126 0.416641
127 0.510108
128 0.506263
129 0.497461
130 0.521911
131 0.454858
132 0.426739
133 0.389158
134 0.373243
135 0.321515
136 0.38478
137 0.413974
138 0.400027
139 0.377241
140 0.356673
141 0.307149
142 0.207631
143 0.220751
144 0.302437
145 0.342296
146 0.30552
147 0.305742
148 0.278188
149 0.398118
150 0.281283
151 0.313495
152 0.272287
153 0.322148
154 0.298919
155 0.380786
156 0.379267
157 0.459503
158 0.399935
159 0.407036
160 0.437215
161 0.423018
162 0.391389
163 0.429131
164 0.460146
165 0.513428
166 0.534539
167 0.499115
168 0.429601
169 0.368356
170 0.343846
171 0.344161
172 0.363146
173 0.356387
174 0.324212
175 0.383811
176 0.36012
177 0.385352
178 0.363992
179 0.386114
180 0.305486
181 0.298449
182 0.319136
183 0.319932
184 0.345258
185 0.276814
186 0.268926
187 0.260651
188 0.247471
189 0.208671
190 0.286934
191 0.287616
192 0.344542
193 0.359574
194 0.364746
195 0.323635
196 0.321755
197 0.315006
198 0.342085
199 0.281169
200 0.317275
201 0.344829
202 0.415372
203 0.440756
204 0.431967
205 0.408414
206 0.463065
207 0.451183
208 0.483933
209 0.530934
210 0.52892
211 0.540608
212 0.524468
213 0.491522
214 0.450071
215 0.410969
216 0.461484
217 0.465676
218 0.467412
219 0.475911
220 0.46861
221 0.480099
222 0.436818
223 0.450726
224 0.494539
225 0.495257
226 0.483592
227 0.472995
228 0.552133
229 0.527234
230 0.522527
231 0.531621
232 0.507851
233 0.486852
234 0.472262
235 0.464994
236 0.4172
237 0.436032
238 0.452171
239 0.493351
240 0.534493
241 0.514481
242 0.529837
243 0.583155
244 0.585417
245 0.521567
246 0.526581
247 0.553312
248 0.515079
249 0.470945
250 0.516174
251 0.505869
252 0.486028
253 0.44698
254 0.467179
255 0.463216
256 0.462862
257 0.417321
258 0.395565
259 0.346078
260 0.361894
261 0.387497
262 0.401601
263 0.452757
264 0.425075
265 0.358421
266 0.387608
267 0.38751
268 0.387135
269 0.361096
270 0.371227
271 0.364556
272 0.380069
273 0.365751
274 0.374665
275 0.457143
276 0.438932
277 0.451743
278 0.429793
279 0.428688
280 0.403268
281 0.40249
282 0.407668
283 0.519457
284 0.468086
285 0.471942
286 0.45684
287 0.3873
288 0.347237
289 0.309115
290 0.326107
291 0.34733
292 0.338508
293 0.303758
294 0.322292
295 0.251385
296 0.255538
297 0.253109
298 0.307725
299 0.257155
300 0.298161
301 0.360559
302 0.351267
303 0.357436
304 0.387388
305 0.379821
306 0.38984
307 0.322116
308 0.327332
309 0.378585
310 0.303569
311 0.361503
312 0.357602
313 0.391038
314 0.456046
315 0.435634
316 0.450705
317 0.46704
318 0.4103
319 0.443791
320 0.386899
321 0.408847
322 0.409486
323 0.385499
324 0.356807
325 0.358865
326 0.331677
327 0.292586
328 0.329202
329 0.326194
330 0.311081
331 0.295695
332 0.325967
333 0.351102
334 0.337076
335 0.371877
336 0.401002
337 0.410219
338 0.455499
339 0.455806
340 0.423178
341 0.397186
342 0.433995
343 0.399234
344 0.484803
345 0.447077
346 0.442503
347 0.460744
348 0.468124
349 0.43359
350 0.426615
351 0.407381
352 0.359139
353 0.307836
354 0.325988
355 0.460384
356 0.467836
357 0.498362
358 0.50073
359 0.501658
360 0.519121
361 0.52335
362 0.533157
363 0.552114
364 0.512973
365 0.532247
366 0.516997
367 0.453461
368 0.453389
369 0.504497
370 0.503321
371 0.557748
372 0.586395
373 0.520915
374 0.513428
375 0.508274
376 0.560772
377 0.538479
378 0.538123
379 0.551479
380 0.499309
381 0.505061
382 0.498693
383 0.53017
384 0.535723
385 0.559933
386 0.594207
387 0.612518
388 0.599594
389 0.603966
390 0.642955
391 0.627533
392 0.572764
393 0.570011
394 0.602564
395 0.590907
396 0.55558
397 0.551793
398 0.538452
399 0.559959
400 0.587729
