0 5.13494e-11
40 4.72657e-06
80 1.56787e-05
120 3.2732e-05
160 5.21753e-05
200 8.0188e-05
240 0.000122415
280 0.000162512
320 0.000194925
360 0.000230467
400 0.000272509
440 0.000318717
480 0.000356516
520 0.000394536
560 0.000442281
600 0.000528923
640 0.00058648
680 0.000685824
720 0.000740305
760 0.000799708
800 0.000868139
840 0.000970342
880 0.00103353
920 0.00112146
960 0.00121321
1000 0.00131274
1040 0.00137209
1080 0.00146067
1120 0.00157376
1160 0.00165632
1200 0.00177856
1240 0.00198698
1280 0.0021289
1320 0.00228849
1360 0.00243479
1400 0.00261309
1440 0.00274974
1480 0.00291282
1520 0.0030404
1560 0.00322689
1600 0.00343428
1640 0.00377758
1680 0.0041133
1720 0.0043631
1760 0.00452197
1800 0.00477597
1840 0.00498474
1880 0.00534434
1920 0.00556483
1960 0.00568517
2000 0.00594823
2040 0.00622446
2080 0.00646946
2120 0.00676437
2160 0.00698299
2200 0.00714937
2240 0.0073526
2280 0.00774392
2320 0.00800972
2360 0.00838011
2400 0.00880264
2440 0.00914083
2480 0.00939438
2520 0.00960642
2560 0.00996964
2600 0.0102863
2640 0.0105053
2680 0.0110178
2720 0.0113825
2760 0.0117252
2800 0.011937
2840 0.0122974
2880 0.0125573
2920 0.013002
2960 0.0136165
3000 0.0142711
3040 0.0146054
3080 0.0152128
3120 0.015789
3160 0.0162789
3200 0.0168157
3240 0.0172522
3280 0.0179145
3320 0.0185643
3360 0.0192907
3400 0.0197635
3440 0.020324
3480 0.0210374
3520 0.0215147
3560 0.0223317
3600 0.0230667
3640 0.0238491
3680 0.0247328
3720 0.0249954
3760 0.0255284
3800 0.0260789
3840 0.0268619
3880 0.027537
3920 0.0281821
3960 0.0287552
4000 0.029464
