0 5.78074e-11
40 1.26051e-06
80 4.71888e-06
120 9.08175e-06
160 1.58323e-05
200 2.34141e-05
240 3.45637e-05
280 5.49897e-05
320 8.70404e-05
360 0.00011181
400 0.000139068
440 0.00015793
480 0.00019065
520 0.000231278
560 0.000274222
600 0.000318529
640 0.000368057
680 0.000415709
720 0.000460189
760 0.000499812
800 0.000587127
840 0.000667721
880 0.000753595
920 0.000830341
960 0.000892066
1000 0.000978678
1040 0.00106255
1080 0.00115776
1120 0.00122231
1160 0.0013456
1200 0.00147436
1240 0.0015831
1280 0.00168459
1320 0.00171379
1360 0.00175172
1400 0.0018788
1440 0.0019831
1480 0.00203817
1520 0.00212456
1560 0.00235486
1600 0.00254688
1640 0.00269661
1680 0.00291262
1720 0.00307576
1760 0.00322508
1800 0.00342455
1840 0.00363725
1880 0.00383016
1920 0.00395694
1960 0.00440681
2000 0.00456011
2040 0.00469246
2080 0.00489367
2120 0.00514246
2160 0.005522
2200 0.00596456
2240 0.00630966
2280 0.00660555
2320 0.00692869
2360 0.00722891
2400 0.00757093
2440 0.00785275
2480 0.00810363
2520 0.00820955
2560 0.00862713
2600 0.00889045
2640 0.00937503
2680 0.00991585
2720 0.0102658
2760 0.0108786
2800 0.011346
2840 0.011621
2880 0.0119217
2920 0.012196
2960 0.0124871
3000 0.0127074
3040 0.0130712
3080 0.0134351
3120 0.0138453
3160 0.0142588
3200 0.0146697
3240 0.0150684
3280 0.0153846
3320 0.0163714
3360 0.0168526
3400 0.0173655
3440 0.0180147
3480 0.0183587
3520 0.0188142
3560 0.0189925
3600 0.0193868
3640 0.0198792
3680 0.0200935
3720 0.0206709
3760 0.0212763
3800 0.0219596
3840 0.0225854
3880 0.023315
3920 0.0242416
3960 0.0252377
4000 0.0255939
