0 5.0469e-06
40 0.000867063
80 0.00170472
120 0.00244962
160 0.00323694
200 0.00392251
240 0.0046842
280 0.00586688
320 0.00734841
360 0.00823613
400 0.00919129
440 0.00974009
480 0.0106531
520 0.0114948
560 0.0125191
600 0.0134304
640 0.0141656
680 0.0149375
720 0.015656
760 0.0160982
800 0.0173582
840 0.0184584
880 0.0196397
920 0.0207505
960 0.0216539
1000 0.0228213
1040 0.0235765
1080 0.0242978
1120 0.0247438
1160 0.0261717
1200 0.0272839
1240 0.0285243
1280 0.0294134
1320 0.029714
1360 0.0303187
1400 0.0314644
1440 0.032516
1480 0.0330755
1520 0.0340902
1560 0.0357438
1600 0.0372023
1640 0.0384092
1680 0.0401419
1720 0.0410689
1760 0.0421376
1800 0.0433592
1840 0.0447106
1880 0.0461156
1920 0.0467421
1960 0.0491071
2000 0.0499566
2040 0.0504921
2080 0.0514415
2120 0.0527176
2160 0.0548407
2200 0.0569459
2240 0.0585541
2280 0.0599213
2320 0.0614451
2360 0.0630554
2400 0.0646818
2440 0.066073
2480 0.066879
2520 0.0676736
2560 0.0693617
2600 0.070682
2640 0.072302
2680 0.0743883
2720 0.0756255
2760 0.0778089
2800 0.079574
2840 0.0809266
2880 0.0820916
2920 0.0832347
2960 0.0846162
3000 0.0854271
3040 0.0867098
3080 0.0882208
3120 0.0898489
3160 0.0912285
3200 0.0928349
3240 0.0941925
3280 0.0954391
3320 0.097847
3360 0.0990225
3400 0.100527
3440 0.10245
3480 0.103414
3520 0.104364
3560 0.105136
3600 0.106129
3640 0.107495
3680 0.108202
3720 0.10978
3760 0.111118
3800 0.113012
3840 0.114547
3880 0.116527
3920 0.119116
3960 0.121321
4000 0.122089
