0 4.59519e-06
40 0.00145029
80 0.00264687
120 0.00382915
160 0.00491575
200 0.00606543
240 0.00738495
280 0.00861302
320 0.00970534
360 0.0105116
400 0.0114349
440 0.0122103
480 0.0129502
520 0.0136823
560 0.0145996
600 0.0156869
640 0.0164204
680 0.0173456
720 0.0181115
760 0.018777
800 0.0196675
840 0.0208222
880 0.021694
920 0.0226685
960 0.0235626
1000 0.0244471
1040 0.0250524
1080 0.0257779
1120 0.0266771
1160 0.0274579
1200 0.0285592
1240 0.0299219
1280 0.0309125
1320 0.0318275
1360 0.0326776
1400 0.0337432
1440 0.0347489
1480 0.0355488
1520 0.0364681
1560 0.0377177
1600 0.0389934
1640 0.0405796
1680 0.0421093
1720 0.0431501
1760 0.0441862
1800 0.0453897
1840 0.0466207
1880 0.048016
1920 0.0488456
1960 0.0501624
2000 0.0513529
2040 0.0527229
2080 0.0538577
2120 0.0550573
2160 0.0564558
2200 0.0577202
2240 0.0587229
2280 0.0601903
2320 0.0613413
2360 0.0625992
2400 0.064126
2440 0.0653977
2480 0.0662833
2520 0.0671366
2560 0.0685259
2600 0.0697723
2640 0.070641
2680 0.072473
2720 0.0736732
2760 0.0752336
2800 0.0763673
2840 0.0776732
2880 0.0785699
2920 0.0795858
2960 0.0811379
3000 0.0824587
3040 0.0834351
3080 0.0849916
3120 0.0862608
3160 0.0875066
3200 0.0888599
3240 0.0902266
3280 0.0916752
3320 0.0934781
3360 0.0949308
3400 0.0960519
3440 0.0975713
3480 0.0988943
3520 0.100044
3560 0.101579
3600 0.102811
3640 0.104414
3680 0.105859
3720 0.106624
3760 0.108093
3800 0.109773
3840 0.11153
3880 0.113163
3920 0.114746
3960 0.11593
4000 0.117136
