0 3.58821e-06
40 0.000569855
80 0.0012638
120 0.00195783
160 0.00243264
200 0.00294285
240 0.00331005
280 0.00349305
320 0.00389333
360 0.00437519
400 0.00493861
440 0.0056738
480 0.00637204
520 0.00733395
560 0.00814724
600 0.00931769
640 0.0102978
680 0.0115684
720 0.0123421
760 0.0129141
800 0.0138464
840 0.0142978
880 0.0152281
920 0.0157673
960 0.0166782
1000 0.0172984
1040 0.0183706
1080 0.0188031
1120 0.0196088
1160 0.0206051
1200 0.0216273
1240 0.0220081
1280 0.0226775
1320 0.0237211
1360 0.0247202
1400 0.0254283
1440 0.026204
1480 0.026439
1520 0.0271313
1560 0.0279281
1600 0.0285828
1640 0.0291563
1680 0.0297929
1720 0.0303909
1760 0.0308763
1800 0.0319225
1840 0.0328131
1880 0.0337858
1920 0.0349046
1960 0.0361082
2000 0.0370586
2040 0.0376555
2080 0.0377129
2120 0.0383898
2160 0.0389663
2200 0.0397175
2240 0.0403555
2280 0.0403801
2320 0.0408395
2360 0.0412854
2400 0.0418716
2440 0.042387
2480 0.0425506
2520 0.0432105
2560 0.0432805
2600 0.0436547
2640 0.0442268
2680 0.0448261
2720 0.0455252
2760 0.0462759
2800 0.0467858
2840 0.0472781
2880 0.0485852
2920 0.0492155
2960 0.0500938
3000 0.051105
3040 0.0519186
3080 0.0523059
3120 0.0533
3160 0.0544002
3200 0.0550197
3240 0.0552168
3280 0.0562361
3320 0.0571462
3360 0.0574085
3400 0.0574674
3440 0.0579695
3480 0.0592055
3520 0.0603712
3560 0.0610008
3600 0.0614686
3640 0.0615308
3680 0.0631548
3720 0.0643087
3760 0.0654335
3800 0.0663718
3840 0.0669348
3880 0.0674633
3920 0.0677007
3960 0.068437
4000 0.0685673
