0 2.51972e-11
40 6.52499e-07
80 2.82679e-06
120 6.19348e-06
160 8.7951e-06
200 1.24138e-05
240 1.43922e-05
280 1.55005e-05
320 1.92026e-05
360 2.49013e-05
400 3.31636e-05
440 4.56786e-05
480 5.97958e-05
520 8.04107e-05
560 0.000101189
600 0.000137187
640 0.000169605
680 0.000210852
720 0.000237572
760 0.00026125
800 0.000296709
840 0.000314279
880 0.000355531
920 0.000379024
960 0.000431223
1000 0.000463288
1040 0.000509167
1080 0.000528046
1120 0.00056718
1160 0.000623093
1200 0.00067919
1240 0.000707053
1280 0.000749506
1320 0.000817679
1360 0.000882239
1400 0.000922658
1440 0.000969191
1480 0.000984039
1520 0.00101557
1560 0.00108629
1600 0.00112138
1640 0.00118061
1680 0.00122448
1720 0.00126974
1760 0.00131755
1800 0.00141458
1840 0.00149731
1880 0.00156028
1920 0.00168012
1960 0.00180791
2000 0.00189141
2040 0.00193496
2080 0.00195603
2120 0.00202915
2160 0.00209355
2200 0.00216654
2240 0.00222847
2280 0.00224409
2320 0.00229995
2360 0.00232942
2400 0.00238755
2440 0.00244238
2480 0.00247542
2520 0.00254468
2560 0.00257094
2600 0.00265735
2640 0.00272342
2680 0.00280476
2720 0.00291443
2760 0.00305363
2800 0.00316403
2840 0.00321997
2880 0.00343811
2920 0.00355932
2960 0.00365373
3000 0.00377573
3040 0.00394052
3080 0.00401811
3120 0.00421259
3160 0.00438076
3200 0.0045562
3240 0.00455761
3280 0.00469903
3320 0.00486494
3360 0.00490398
3400 0.0049673
3440 0.00514202
3480 0.00539372
3520 0.00562442
3560 0.00571816
3600 0.00583219
3640 0.00582442
3680 0.00612967
3720 0.00642886
3760 0.00670108
3800 0.00696583
3840 0.00717439
3880 0.00739572
3920 0.00745915
3960 0.00762162
4000 0.00763161
