0 4.36933e-06
40 0.0017419
80 0.00311794
120 0.00451891
160 0.00575515
200 0.00713689
240 0.00873532
280 0.00998609
320 0.0108838
360 0.0116493
400 0.0125567
440 0.0134454
480 0.0140987
520 0.014776
560 0.0156399
600 0.0168152
640 0.0175478
680 0.0185496
720 0.0193392
760 0.0201164
800 0.0208222
840 0.0220041
880 0.0227212
920 0.0236275
960 0.024517
1000 0.02526
1040 0.0257903
1080 0.026518
1120 0.0276437
1160 0.028101
1200 0.0291969
1240 0.0306207
1280 0.0316621
1320 0.0328843
1360 0.033857
1400 0.0348826
1440 0.0358653
1480 0.0367854
1520 0.0376571
1560 0.0387046
1600 0.039889
1640 0.0416648
1680 0.043093
1720 0.0441907
1760 0.0452105
1800 0.046405
1840 0.0475757
1880 0.0489662
1920 0.0498973
1960 0.0506901
2000 0.0520511
2040 0.0538383
2080 0.0550658
2120 0.0562272
2160 0.0572634
2200 0.0581073
2240 0.0588073
2280 0.0603248
2320 0.0612894
2360 0.0623711
2400 0.0638481
2440 0.06506
2480 0.0659855
2520 0.0668681
2560 0.068108
2600 0.0693174
2640 0.0698105
2680 0.0715154
2720 0.0726971
2760 0.0739459
2800 0.074764
2840 0.0760465
2880 0.076809
2920 0.0777613
2960 0.0793987
3000 0.0809745
3040 0.0817977
3080 0.083377
3120 0.0844667
3160 0.0856457
3200 0.0868724
3240 0.0882436
3280 0.0897933
3320 0.0912936
3360 0.0928849
3400 0.0938144
3440 0.095132
3480 0.0966345
3520 0.0978838
3560 0.0998008
3600 0.101152
3640 0.102874
3680 0.104688
3720 0.105046
3760 0.106581
3800 0.108154
3840 0.110022
3880 0.111481
3920 0.112561
3960 0.113235
4000 0.11466
