0 -0.533753
40 0.302116
80 0.283529
120 0.305281
160 0.342161
200 0.334757
240 0.292343
280 0.292475
320 0.312374
360 0.27216
400 0.256086
440 0.221752
480 0.203846
520 0.18318
560 0.187837
600 0.135599
640 0.0948959
680 0.0197817
720 0.027795
760 0.0153408
800 -0.00218349
840 -0.00539784
880 0.00221794
920 0.0064248
960 0.00762499
1000 -0.0101472
1040 -0.0217772
1080 -0.0461945
1120 -0.046761
1160 -0.0595198
1200 -0.056276
1240 -0.0689286
1280 -0.0728635
1320 -0.0700298
1360 -0.0669149
1400 -0.0800275
1440 -0.0656124
1480 -0.0742576
1520 -0.0565976
1560 -0.0639443
1600 -0.064127
1640 -0.0752101
1680 -0.0940039
1720 -0.112853
1760 -0.0946685
1800 -0.0995234
1840 -0.0867747
1880 -0.099127
1920 -0.107753
1960 -0.0900184
2000 -0.080116
2040 -0.0555401
2080 -0.0492624
2120 -0.0531498
2160 -0.0381114
2200 -0.0273735
2240 -0.0313757
2280 -0.0327693
2320 -0.0329191
2360 -0.0405896
2400 -0.0408016
2440 -0.036887
2480 -0.0403255
2520 -0.0279879
2560 -0.027799
2600 -0.0173943
2640 -0.0297068
2680 -0.0277595
2720 -0.0285157
2760 -0.0216995
2800 -0.013042
2840 -0.00094169
2880 0.000164349
2920 -0.0103483
2960 -0.0111382
3000 -0.0222066
3040 -0.0245897
3080 -0.0239617
3120 -0.0348425
3160 -0.0379647
3200 -0.0390324
3240 -0.0298004
3280 -0.0312342
3320 -0.0408594
3360 -0.0504113
3400 -0.0555192
3440 -0.0539805
3480 -0.059746
3520 -0.0596459
3560 -0.0564011
3600 -0.0662116
3640 -0.0661411
3680 -0.0690662
3720 -0.0718241
3760 -0.0635643
3800 -0.0502424
3840 -0.0448886
3880 -0.0404453
3920 -0.0406566
3960 -0.0523083
4000 -0.0533583
