0 0.0429735
40 -0.0093253
80 0.230134
120 0.384213
160 0.513779
200 0.566604
240 0.686417
280 0.729615
320 0.733172
360 0.699147
400 0.640273
440 0.58106
480 0.527299
520 0.505012
560 0.475546
600 0.419858
640 0.40064
680 0.424455
720 0.440379
760 0.433509
800 0.452405
840 0.462637
880 0.466838
920 0.475419
960 0.449748
1000 0.45175
1040 0.49127
1080 0.506472
1120 0.524913
1160 0.532411
1200 0.547934
1240 0.540216
1280 0.542582
1320 0.546842
1360 0.556286
1400 0.573054
1440 0.588523
1480 0.592259
1520 0.620354
1560 0.607293
1600 0.627405
1640 0.611196
1680 0.620491
1720 0.625238
1760 0.617968
1800 0.611856
1840 0.60935
1880 0.633109
1920 0.620966
1960 0.613356
2000 0.622764
2040 0.635365
2080 0.624706
2120 0.623163
2160 0.621182
2200 0.626579
2240 0.631635
2280 0.623724
2320 0.621022
2360 0.633357
2400 0.638199
2440 0.640599
2480 0.632783
2520 0.637125
2560 0.627515
2600 0.605601
2640 0.607667
2680 0.604167
2720 0.593786
2760 0.574041
2800 0.554522
2840 0.559442
2880 0.543498
2920 0.530521
2960 0.543978
3000 0.554316
3040 0.538135
3080 0.531343
3120 0.517161
3160 0.519704
3200 0.494899
3240 0.505158
3280 0.51414
3320 0.510284
3360 0.512021
3400 0.4959
3440 0.46985
3480 0.461263
3520 0.456814
3560 0.463313
3600 0.456435
3640 0.461604
3680 0.463176
3720 0.445489
3760 0.434892
3800 0.418732
3840 0.398671
3880 0.37503
3920 0.372566
3960 0.372707
4000 0.376761
