0 0.000440633
9 0.0290213
18 0.0483731
27 0.0649287
36 0.079297
45 0.0925652
54 0.105398
63 0.115945
72 0.125608
81 0.134979
90 0.144608
99 0.155129
108 0.163563
117 0.171846
126 0.180551
135 0.189653
144 0.198766
153 0.205921
162 0.210962
171 0.217302
180 0.223817
189 0.23103
198 0.23638
207 0.241555
216 0.246663
225 0.250102
234 0.254058
243 0.255812
252 0.259651
261 0.262553
270 0.266614
279 0.269287
288 0.273279
297 0.27709
306 0.280514
315 0.283988
324 0.288176
333 0.292008
342 0.296808
351 0.300681
360 0.304484
369 0.308018
378 0.311692
387 0.31497
396 0.317924
405 0.321914
414 0.324426
423 0.32706
432 0.330518
441 0.332661
450 0.334913
459 0.338378
468 0.341122
477 0.34292
486 0.34449
495 0.346492
504 0.349108
513 0.351035
522 0.353475
531 0.356288
540 0.359011
549 0.362081
558 0.363258
567 0.365369
576 0.366425
585 0.369262
594 0.370792
603 0.373359
612 0.376784
621 0.379161
630 0.381183
639 0.383547
648 0.386402
657 0.389421
666 0.392849
675 0.395312
684 0.397734
693 0.39943
702 0.400075
711 0.400914
720 0.401124
729 0.403028
738 0.404872
747 0.407306
756 0.408381
765 0.410305
774 0.411934
783 0.413384
792 0.413643
801 0.415153
810 0.416353
819 0.416999
828 0.417994
837 0.420137
846 0.422056
855 0.424446
864 0.424718
873 0.426327
882 0.428717
891 0.431302
900 0.43327
909 0.436165
918 0.437285
927 0.437862
936 0.439161
945 0.439006
954 0.440369
963 0.441454
972 0.440632
981 0.440331
990 0.441651
999 0.443473
1008 0.445274
1017 0.447832
1026 0.449981
1035 0.452441
1044 0.454409
1053 0.456728
1062 0.460452
1071 0.463082
1080 0.465011
1089 0.466779
1098 0.465926
1107 0.467728
1116 0.469256
1125 0.470233
1134 0.472178
1143 0.472052
1152 0.472989
1161 0.473254
1170 0.474098
1179 0.474529
1188 0.474617
1197 0.474965
1206 0.475492
1215 0.475721
1224 0.475764
1233 0.475648
1242 0.475864
1251 0.475133
1260 0.475686
1269 0.475202
1278 0.475219
1287 0.475801
1296 0.476373
1305 0.476974
1314 0.477419
1323 0.476883
1332 0.477078
1341 0.47706
1350 0.477977
1359 0.478588
1368 0.479755
1377 0.48028
1386 0.480956
1395 0.482052
1404 0.482633
1413 0.482626
1422 0.483363
1431 0.484257
1440 0.48439
1449 0.484435
1458 0.48433
1467 0.485285
1476 0.486177
1485 0.487622
1494 0.489355
1503 0.489678
1512 0.489729
1521 0.48969
1530 0.48967
1539 0.490007
1548 0.49129
1557 0.491953
1566 0.493114
1575 0.493905
1584 0.494766
1593 0.49475
1602 0.494283
1611 0.493986
1620 0.494612
1629 0.494147
1638 0.494857
1647 0.495127
1656 0.495645
1665 0.496269
1674 0.496756
1683 0.497442
1692 0.498847
1701 0.499246
1710 0.500221
1719 0.501488
1728 0.502654
1737 0.50274
1746 0.503626
1755 0.504569
1764 0.505447
1773 0.505733
1782 0.506117
1791 0.506965
1800 0.506947
