0 4.00326e-07
9 0.00183287
18 0.00479594
27 0.00858268
36 0.0123255
45 0.0165518
54 0.0208348
63 0.0248349
72 0.0287254
81 0.0328812
90 0.0376448
99 0.0436291
108 0.0482861
117 0.0528914
126 0.0583909
135 0.0644031
144 0.070559
153 0.0760773
162 0.0805142
171 0.0855544
180 0.0908726
189 0.0965272
198 0.100454
207 0.104982
216 0.108892
225 0.11101
234 0.113662
243 0.114927
252 0.117795
261 0.119847
270 0.123359
279 0.126625
288 0.130188
297 0.133247
306 0.136924
315 0.140161
324 0.144197
333 0.148181
342 0.153164
351 0.157631
360 0.161678
369 0.165012
378 0.168267
387 0.17167
396 0.175306
405 0.179206
414 0.181857
423 0.184979
432 0.188459
441 0.191498
450 0.19356
459 0.197359
468 0.200074
477 0.202476
486 0.204859
495 0.207057
504 0.209796
513 0.211654
522 0.214493
531 0.21718
540 0.220299
549 0.223801
558 0.2255
567 0.227497
576 0.229265
585 0.23209
594 0.234123
603 0.236835
612 0.240929
621 0.24405
630 0.246363
639 0.249349
648 0.253163
657 0.256006
666 0.260067
675 0.262791
684 0.265862
693 0.26845
702 0.269438
711 0.270268
720 0.271391
729 0.273602
738 0.275654
747 0.278492
756 0.280207
765 0.282336
774 0.284082
783 0.285869
792 0.287052
801 0.28883
810 0.290657
819 0.292066
828 0.293927
837 0.296852
846 0.299806
855 0.303087
864 0.304234
873 0.306759
882 0.310223
891 0.313412
900 0.316191
909 0.319643
918 0.321739
927 0.322827
936 0.324256
945 0.324728
954 0.326311
963 0.328102
972 0.328034
981 0.328904
990 0.330395
999 0.332761
1008 0.335442
1017 0.339081
1026 0.341628
1035 0.345269
1044 0.348271
1053 0.351475
1062 0.356872
1071 0.360504
1080 0.363772
1089 0.366492
1098 0.367717
1107 0.370267
1116 0.372728
1125 0.374566
1134 0.377503
1143 0.378667
1152 0.380538
1161 0.38147
1170 0.38294
1179 0.383832
1188 0.384189
1197 0.385049
1206 0.385688
1215 0.386111
1224 0.386602
1233 0.386758
1242 0.387421
1251 0.387102
1260 0.38758
1269 0.387584
1278 0.387774
1287 0.388079
1296 0.38891
1305 0.389739
1314 0.389695
1323 0.389839
1332 0.389855
1341 0.389784
1350 0.391274
1359 0.391927
1368 0.392806
1377 0.39305
1386 0.393762
1395 0.395288
1404 0.39646
1413 0.396977
1422 0.398205
1431 0.399037
1440 0.399514
1449 0.400373
1458 0.400651
1467 0.401565
1476 0.402786
1485 0.404229
1494 0.406673
1503 0.407245
1512 0.408047
1521 0.408856
1530 0.409454
1539 0.410059
1548 0.410909
1557 0.411341
1566 0.412728
1575 0.41393
1584 0.414572
1593 0.414906
1602 0.414721
1611 0.414626
1620 0.414998
1629 0.41463
1638 0.415431
1647 0.416025
1656 0.41682
1665 0.417473
1674 0.418289
1683 0.418959
1692 0.420765
1701 0.421503
1710 0.42253
1719 0.423791
1728 0.425338
1737 0.426287
1746 0.427198
1755 0.428533
1764 0.430336
1773 0.430786
1782 0.431616
1791 0.432931
1800 0.432998
