0 0.160898
2.25 0.0835059
4.5 0.0959522
6.75 0.0958979
9 0.103812
11.25 0.0921102
13.5 0.113117
15.75 0.140553
18 0.174645
20.25 0.204178
22.5 0.246975
24.75 0.288418
27 0.326661
29.25 0.36609
31.5 0.399903
33.75 0.429144
36 0.455784
38.25 0.474709
40.5 0.492834
42.75 0.510575
45 0.52853
47.25 0.551224
49.5 0.567062
51.75 0.583973
54 0.598098
56.25 0.612629
58.5 0.627002
60.75 0.642054
63 0.656445
65.25 0.670041
67.5 0.683175
69.75 0.695219
72 0.706488
74.25 0.71804
76.5 0.72712
78.75 0.735553
81 0.742871
83.25 0.751605
85.5 0.76067
87.75 0.770094
90 0.777674
92.25 0.78673
94.5 0.795875
96.75 0.803134
99 0.809755
101.25 0.816902
103.5 0.824322
105.75 0.830988
108 0.838234
110.25 0.843627
112.5 0.84983
114.75 0.854708
117 0.85974
119.25 0.865228
121.5 0.870879
123.75 0.875275
126 0.879017
128.25 0.883592
130.5 0.888595
132.75 0.892501
135 0.896361
137.25 0.900095
139.5 0.9038
141.75 0.907707
144 0.910888
146.25 0.913858
148.5 0.916765
150.75 0.919388
153 0.921892
155.25 0.924604
157.5 0.926797
159.75 0.929087
162 0.930919
164.25 0.932947
166.5 0.935009
168.75 0.936874
171 0.938778
173.25 0.939949
175.5 0.941552
177.75 0.943369
180 0.94526
182.25 0.946523
184.5 0.947866
186.75 0.949278
189 0.950907
191.25 0.952514
193.5 0.954208
195.75 0.95614
198 0.957553
200.25 0.958784
202.5 0.960003
204.75 0.960984
207 0.962055
209.25 0.96302
211.5 0.963848
213.75 0.964976
216 0.965926
218.25 0.967144
220.5 0.968163
222.75 0.969389
225 0.970219
227.25 0.971253
229.5 0.972008
231.75 0.972911
234 0.974047
236.25 0.974844
238.5 0.975801
240.75 0.976473
243 0.977136
245.25 0.977622
247.5 0.978125
249.75 0.978798
252 0.979298
254.25 0.979894
256.5 0.980279
258.75 0.980764
261 0.981191
263.25 0.981599
265.5 0.982162
267.75 0.982362
270 0.982711
272.25 0.983064
274.5 0.983421
276.75 0.983826
279 0.983965
281.25 0.984303
283.5 0.98477
285.75 0.985152
288 0.985552
290.25 0.985566
292.5 0.98598
294.75 0.986194
297 0.986196
299.25 0.986365
301.5 0.986647
303.75 0.986905
306 0.987017
308.25 0.987142
310.5 0.987363
312.75 0.987481
315 0.987736
317.25 0.987653
319.5 0.987783
321.75 0.987928
324 0.988166
326.25 0.988357
328.5 0.988376
330.75 0.988731
333 0.988869
335.25 0.989039
337.5 0.989191
339.75 0.989355
342 0.989413
344.25 0.98959
346.5 0.989912
348.75 0.990021
351 0.990143
353.25 0.990355
355.5 0.990412
357.75 0.990502
360 0.990599
362.25 0.990571
364.5 0.990602
366.75 0.990743
369 0.990914
371.25 0.991136
373.5 0.991237
375.75 0.991432
378 0.991704
380.25 0.991884
382.5 0.991884
384.75 0.991838
387 0.991861
389.25 0.992013
391.5 0.992055
393.75 0.992071
396 0.99214
398.25 0.992196
400.5 0.99227
402.75 0.992367
405 0.992437
407.25 0.992522
409.5 0.992624
411.75 0.992557
414 0.99253
416.25 0.992561
418.5 0.992561
420.75 0.99249
423 0.992481
425.25 0.992505
427.5 0.992581
429.75 0.992638
432 0.992623
434.25 0.992583
436.5 0.992542
438.75 0.992559
441 0.992524
443.25 0.992537
445.5 0.992566
447.75 0.992583
450 0.99249
