0 6.92795e-08
20.25 0.00134519
40.5 0.00373467
60.75 0.00673376
81 0.010521
101.25 0.0146196
121.5 0.0194802
141.75 0.0257208
162 0.0323457
182.25 0.039132
202.5 0.0466259
222.75 0.0540295
243 0.061414
263.25 0.0684764
283.5 0.0754183
303.75 0.0829832
324 0.0912396
344.25 0.100083
364.5 0.110212
384.75 0.118451
405 0.12575
425.25 0.133799
445.5 0.143114
465.75 0.152867
486 0.16224
506.25 0.172567
526.5 0.182846
546.75 0.191496
567 0.199845
587.25 0.208707
607.5 0.217803
627.75 0.226819
648 0.23466
668.25 0.243141
688.5 0.251951
708.75 0.259115
729 0.266656
749.25 0.276231
769.5 0.284875
789.75 0.296503
810 0.305867
830.25 0.315129
850.5 0.324724
870.75 0.332623
891 0.343409
911.25 0.353007
931.5 0.363893
951.75 0.373229
972 0.381736
992.25 0.389708
1012.5 0.397881
1032.75 0.405342
1053 0.414305
1073.25 0.422959
1093.5 0.43209
1113.75 0.439879
1134 0.448313
1154.25 0.457488
1174.5 0.466055
1194.75 0.473358
1215 0.480505
1235.25 0.488071
1255.5 0.495996
1275.75 0.502964
1296 0.511344
1316.25 0.518858
1336.5 0.525471
1356.75 0.533244
1377 0.540565
1397.25 0.547592
1417.5 0.554361
1437.75 0.559975
1458 0.567565
1478.25 0.574148
1498.5 0.578889
1518.75 0.585858
1539 0.591258
1559.25 0.598106
1579.5 0.601851
1599.75 0.605244
1620 0.610441
1640.25 0.615095
1660.5 0.618146
1680.75 0.623235
1701 0.628855
1721.25 0.63289
1741.5 0.638567
1761.75 0.643095
1782 0.64664
1802.25 0.652283
1822.5 0.657673
1842.75 0.664038
1863 0.669541
1883.25 0.673681
1903.5 0.679552
1923.75 0.684429
1944 0.690404
1964.25 0.695284
1984.5 0.70174
2004.75 0.707726
2025 0.712747
2045.25 0.717964
2065.5 0.722898
2085.75 0.727222
2106 0.730164
2126.25 0.733393
2146.5 0.736046
2166.75 0.738771
2187 0.740599
2207.25 0.743381
2227.5 0.748092
2247.75 0.75138
2268 0.755729
2288.25 0.757733
2308.5 0.758251
2328.75 0.761555
2349 0.763944
2369.25 0.765901
2389.5 0.767707
2409.75 0.771913
2430 0.774174
2450.25 0.775096
2470.5 0.777083
2490.75 0.7785
2511 0.781388
2531.25 0.783899
2551.5 0.785886
2571.75 0.788178
2592 0.790362
2612.25 0.792425
2632.5 0.794331
2652.75 0.794708
2673 0.796499
2693.25 0.798191
2713.5 0.799655
2733.75 0.799027
2754 0.799926
2774.25 0.802122
2794.5 0.804568
2814.75 0.804962
2835 0.806669
2855.25 0.808422
2875.5 0.809868
2895.75 0.810535
2916 0.812709
2936.25 0.81287
2956.5 0.813845
2976.75 0.81626
2997 0.815573
3017.25 0.81736
3037.5 0.818678
3057.75 0.82003
3078 0.820167
3098.25 0.821157
3118.5 0.822643
3138.75 0.82486
3159 0.824685
3179.25 0.825884
3199.5 0.825556
3219.75 0.827253
3240 0.827229
3260.25 0.827703
3280.5 0.829127
3300.75 0.82956
3321 0.830331
3341.25 0.831621
3361.5 0.833687
3381.75 0.835906
3402 0.836491
3422.25 0.837119
3442.5 0.837698
3462.75 0.83885
3483 0.839935
3503.25 0.840345
3523.5 0.842104
3543.75 0.843149
3564 0.843876
3584.25 0.84532
3604.5 0.845267
3624.75 0.847632
3645 0.848855
3665.25 0.85044
3685.5 0.8511
3705.75 0.852701
3726 0.85459
3746.25 0.854479
3766.5 0.856055
3786.75 0.857595
3807 0.858412
3827.25 0.858803
3847.5 0.859699
3867.75 0.861022
3888 0.863125
3908.25 0.862422
3928.5 0.864609
3948.75 0.865951
3969 0.866694
3989.25 0.86756
4009.5 0.868175
4029.75 0.870484
4050 0.871219
