0 0.000189266
20.25 0.0281144
40.5 0.0485835
60.75 0.066722
81 0.0836053
101.25 0.0991734
121.5 0.114864
141.75 0.131362
162 0.146699
182.25 0.161768
202.5 0.175979
222.75 0.188969
243 0.201873
263.25 0.213848
283.5 0.224652
303.75 0.236927
324 0.24915
344.25 0.261775
364.5 0.274323
384.75 0.285611
405 0.296563
425.25 0.308132
445.5 0.32005
465.75 0.331569
486 0.341343
506.25 0.352726
526.5 0.363369
546.75 0.373237
567 0.383583
587.25 0.393338
607.5 0.403618
627.75 0.414057
648 0.422956
668.25 0.432377
688.5 0.441389
708.75 0.449578
729 0.457876
749.25 0.467016
769.5 0.475995
789.75 0.486326
810 0.496002
830.25 0.504922
850.5 0.512847
870.75 0.520163
891 0.527909
911.25 0.535676
931.5 0.544065
951.75 0.550606
972 0.557606
992.25 0.56399
1012.5 0.571376
1032.75 0.578003
1053 0.584977
1073.25 0.592248
1093.5 0.599233
1113.75 0.605619
1134 0.612401
1154.25 0.619052
1174.5 0.625206
1194.75 0.630603
1215 0.636291
1235.25 0.642349
1255.5 0.648003
1275.75 0.653426
1296 0.659008
1316.25 0.664931
1336.5 0.669901
1356.75 0.675199
1377 0.681166
1397.25 0.685858
1417.5 0.690827
1437.75 0.694999
1458 0.699965
1478.25 0.705045
1498.5 0.708892
1518.75 0.713726
1539 0.718411
1559.25 0.723078
1579.5 0.727045
1599.75 0.731126
1620 0.73485
1640.25 0.738825
1660.5 0.741234
1680.75 0.744717
1701 0.748479
1721.25 0.751982
1741.5 0.755591
1761.75 0.758607
1782 0.762227
1802.25 0.766628
1822.5 0.770305
1842.75 0.773975
1863 0.777268
1883.25 0.780569
1903.5 0.784461
1923.75 0.787815
1944 0.791013
1964.25 0.794428
1984.5 0.798368
2004.75 0.802082
2025 0.804895
2045.25 0.807851
2065.5 0.81076
2085.75 0.813734
2106 0.816546
2126.25 0.818362
2146.5 0.820707
2166.75 0.823082
2187 0.824763
2207.25 0.827135
2227.5 0.829797
2247.75 0.831948
2268 0.834385
2288.25 0.835677
2308.5 0.837068
2328.75 0.838816
2349 0.840925
2369.25 0.843146
2389.5 0.844617
2409.75 0.846551
2430 0.848339
2450.25 0.84893
2470.5 0.850586
2490.75 0.852386
2511 0.854335
2531.25 0.856461
2551.5 0.85797
2571.75 0.858933
2592 0.860575
2612.25 0.862164
2632.5 0.863462
2652.75 0.864317
2673 0.865892
2693.25 0.867161
2713.5 0.868159
2733.75 0.868679
2754 0.869134
2774.25 0.870761
2794.5 0.871894
2814.75 0.872637
2835 0.874041
2855.25 0.87469
2875.5 0.875931
2895.75 0.877184
2916 0.878268
2936.25 0.87886
2956.5 0.879526
2976.75 0.881378
2997 0.881668
3017.25 0.882631
3037.5 0.884163
3057.75 0.885418
3078 0.885829
3098.25 0.886918
3118.5 0.888217
3138.75 0.889747
3159 0.890489
3179.25 0.891754
3199.5 0.891988
3219.75 0.893089
3240 0.893928
3260.25 0.894889
3280.5 0.895809
3300.75 0.896453
3321 0.897217
3341.25 0.897926
3361.5 0.89917
3381.75 0.899967
3402 0.900985
3422.25 0.901784
3442.5 0.902426
3462.75 0.903528
3483 0.903784
3503.25 0.904513
3523.5 0.905209
3543.75 0.906325
3564 0.907139
3584.25 0.907755
3604.5 0.908404
3624.75 0.909704
3645 0.910393
3665.25 0.911107
3685.5 0.911667
3705.75 0.912596
3726 0.9137
3746.25 0.91417
3766.5 0.915385
3786.75 0.916488
3807 0.917045
3827.25 0.917461
3847.5 0.918353
3867.75 0.918634
3888 0.919431
3908.25 0.919806
3928.5 0.92063
3948.75 0.921251
3969 0.921401
3989.25 0.921818
4009.5 0.922608
4029.75 0.923768
4050 0.924436
