0 0.000188632
20.25 0.0258715
40.5 0.0434811
60.75 0.058816
81 0.0741988
101.25 0.0881173
121.5 0.102098
141.75 0.117251
162 0.131959
182.25 0.146286
202.5 0.160625
222.75 0.173243
243 0.185999
263.25 0.197178
283.5 0.208138
303.75 0.220353
324 0.232266
344.25 0.245155
364.5 0.258415
384.75 0.269032
405 0.278533
425.25 0.288476
445.5 0.299796
465.75 0.310827
486 0.321532
506.25 0.332126
526.5 0.343256
546.75 0.353161
567 0.362991
587.25 0.372122
607.5 0.38207
627.75 0.391278
648 0.399381
668.25 0.408325
688.5 0.417195
708.75 0.424427
729 0.431771
749.25 0.440386
769.5 0.448801
789.75 0.45994
810 0.468686
830.25 0.477595
850.5 0.486371
870.75 0.493151
891 0.502449
911.25 0.511163
931.5 0.519907
951.75 0.527647
972 0.535089
992.25 0.541681
1012.5 0.549295
1032.75 0.555739
1053 0.562869
1073.25 0.570229
1093.5 0.578308
1113.75 0.585245
1134 0.592191
1154.25 0.599961
1174.5 0.606402
1194.75 0.612538
1215 0.618016
1235.25 0.624231
1255.5 0.63041
1275.75 0.63595
1296 0.642252
1316.25 0.648291
1336.5 0.653747
1356.75 0.660323
1377 0.666417
1397.25 0.671715
1417.5 0.676998
1437.75 0.680924
1458 0.686444
1478.25 0.691624
1498.5 0.694969
1518.75 0.700427
1539 0.705202
1559.25 0.710739
1579.5 0.713852
1599.75 0.717006
1620 0.720903
1640.25 0.725152
1660.5 0.728034
1680.75 0.732237
1701 0.736855
1721.25 0.740212
1741.5 0.744591
1761.75 0.748116
1782 0.750985
1802.25 0.755265
1822.5 0.759457
1842.75 0.764434
1863 0.768607
1883.25 0.771694
1903.5 0.775994
1923.75 0.779691
1944 0.784112
1964.25 0.787918
1984.5 0.792426
2004.75 0.796533
2025 0.800051
2045.25 0.803846
2065.5 0.807276
2085.75 0.810426
2106 0.812859
2126.25 0.814694
2146.5 0.81686
2166.75 0.818632
2187 0.819927
2207.25 0.821823
2227.5 0.82496
2247.75 0.827811
2268 0.831119
2288.25 0.832795
2308.5 0.833762
2328.75 0.836392
2349 0.838189
2369.25 0.839569
2389.5 0.840966
2409.75 0.843963
2430 0.845768
2450.25 0.847006
2470.5 0.848705
2490.75 0.849872
2511 0.851812
2531.25 0.853684
2551.5 0.855136
2571.75 0.85706
2592 0.858946
2612.25 0.860577
2632.5 0.861594
2652.75 0.861866
2673 0.863205
2693.25 0.864519
2713.5 0.865345
2733.75 0.865269
2754 0.866085
2774.25 0.867681
2794.5 0.869607
2814.75 0.869822
2835 0.871557
2855.25 0.872781
2875.5 0.873976
2895.75 0.874785
2916 0.876264
2936.25 0.876395
2956.5 0.877223
2976.75 0.879098
2997 0.878822
3017.25 0.880135
3037.5 0.881367
3057.75 0.882114
3078 0.882142
3098.25 0.883379
3118.5 0.884536
3138.75 0.885758
3159 0.885988
3179.25 0.887404
3199.5 0.887607
3219.75 0.888802
3240 0.889356
3260.25 0.889871
3280.5 0.890985
3300.75 0.891247
3321 0.892113
3341.25 0.89335
3361.5 0.8947
3381.75 0.896242
3402 0.896885
3422.25 0.897314
3442.5 0.898006
3462.75 0.898833
3483 0.899549
3503.25 0.900291
3523.5 0.901448
3543.75 0.902299
3564 0.903031
3584.25 0.904192
3604.5 0.904391
3624.75 0.906061
3645 0.907035
3665.25 0.907998
3685.5 0.908809
3705.75 0.909897
3726 0.911295
3746.25 0.911443
3766.5 0.912807
3786.75 0.914229
3807 0.914757
3827.25 0.915311
3847.5 0.915954
3867.75 0.916917
3888 0.918121
3908.25 0.9179
3928.5 0.919332
3948.75 0.920346
3969 0.92083
3989.25 0.921431
4009.5 0.922031
4029.75 0.923448
4050 0.924058
