0 -0.0261612
20.25 0.0787798
40.5 0.108524
60.75 0.126903
81 0.135819
101.25 0.138196
121.5 0.140809
141.75 0.148946
162 0.154165
182.25 0.178184
202.5 0.199918
222.75 0.217664
243 0.240005
263.25 0.260952
283.5 0.275323
303.75 0.304193
324 0.320561
344.25 0.341632
364.5 0.355431
384.75 0.369472
405 0.378665
425.25 0.390882
445.5 0.404633
465.75 0.415529
486 0.427908
506.25 0.438926
526.5 0.453385
546.75 0.46428
567 0.478141
587.25 0.48955
607.5 0.501713
627.75 0.512299
648 0.522495
668.25 0.535649
688.5 0.546608
708.75 0.555914
729 0.565869
749.25 0.574239
769.5 0.584972
789.75 0.596748
810 0.607159
830.25 0.618063
850.5 0.627126
870.75 0.63439
891 0.640047
911.25 0.649512
931.5 0.657324
951.75 0.663009
972 0.671504
992.25 0.67696
1012.5 0.686251
1032.75 0.69336
1053 0.700621
1073.25 0.708912
1093.5 0.716735
1113.75 0.72334
1134 0.731101
1154.25 0.738031
1174.5 0.743614
1194.75 0.748472
1215 0.753712
1235.25 0.76021
1255.5 0.766049
1275.75 0.77008
1296 0.774415
1316.25 0.780011
1336.5 0.78499
1356.75 0.7902
1377 0.795251
1397.25 0.798294
1417.5 0.801961
1437.75 0.80458
1458 0.807884
1478.25 0.812128
1498.5 0.814601
1518.75 0.818161
1539 0.822357
1559.25 0.826369
1579.5 0.830275
1599.75 0.834099
1620 0.83673
1640.25 0.840663
1660.5 0.842942
1680.75 0.846108
1701 0.849106
1721.25 0.851946
1741.5 0.854766
1761.75 0.857513
1782 0.860451
1802.25 0.863531
1822.5 0.866466
1842.75 0.869309
1863 0.871501
1883.25 0.873828
1903.5 0.876838
1923.75 0.878865
1944 0.88073
1964.25 0.883395
1984.5 0.885783
2004.75 0.88771
2025 0.889705
2045.25 0.89167
2065.5 0.89335
2085.75 0.895767
2106 0.898031
2126.25 0.899044
2146.5 0.900544
2166.75 0.901928
2187 0.903324
2207.25 0.904463
2227.5 0.906084
2247.75 0.907818
2268 0.909842
2288.25 0.91108
2308.5 0.91246
2328.75 0.914165
2349 0.915889
2369.25 0.91715
2389.5 0.917993
2409.75 0.919225
2430 0.920767
2450.25 0.92197
2470.5 0.923408
2490.75 0.925012
2511 0.926163
2531.25 0.927645
2551.5 0.928576
2571.75 0.929332
2592 0.930963
2612.25 0.93241
2632.5 0.932776
2652.75 0.933388
2673 0.934447
2693.25 0.935204
2713.5 0.935644
2733.75 0.936211
2754 0.936823
2774.25 0.937516
2794.5 0.938657
2814.75 0.939548
2835 0.941014
2855.25 0.941409
2875.5 0.942164
2895.75 0.943487
2916 0.943917
2936.25 0.944427
2956.5 0.944989
2976.75 0.94613
2997 0.946685
3017.25 0.947258
3037.5 0.948486
3057.75 0.949419
3078 0.94965
3098.25 0.951233
3118.5 0.952195
3138.75 0.952682
3159 0.953627
3179.25 0.954987
3199.5 0.955702
3219.75 0.956351
3240 0.957256
3260.25 0.957967
3280.5 0.959022
3300.75 0.959429
3321 0.960405
3341.25 0.961083
3361.5 0.961617
3381.75 0.962073
3402 0.962866
3422.25 0.963411
3442.5 0.963839
3462.75 0.964477
3483 0.964737
3503.25 0.965414
3523.5 0.966006
3543.75 0.966855
3564 0.967268
3584.25 0.967932
3604.5 0.9685
3624.75 0.969066
3645 0.969676
3665.25 0.970001
3685.5 0.970543
3705.75 0.971289
3726 0.971903
3746.25 0.972367
3766.5 0.973278
3786.75 0.974054
3807 0.97421
3827.25 0.974431
3847.5 0.974947
3867.75 0.975351
3888 0.975779
3908.25 0.976329
3928.5 0.976926
3948.75 0.977368
3969 0.97752
3989.25 0.977898
4009.5 0.978478
4029.75 0.978765
4050 0.979244
