0 2594.01764706 2599.50000000
128.00000000 14.71176471 14.82352941
256.00000000 8.08823529 8.18823530
384.00000000 5.81176470 5.92941177
512.00000000 4.53529412 4.52941176
640.00000000 3.76470588 3.72941177
768.00000000 3.25882353 3.19411765
896.00000000 2.91764706 2.89411765
1024.00000000 2.60000000 2.58823529
1152.00000000 2.27058824 2.21764706
1280.00000000 2.02352941 2.02941177
1408.00000000 1.78235294 1.82352941
1536.00000000 1.64117647 1.62941176
1664.00000000 1.44705882 1.50000000
1792.00000000 1.37647059 1.34705882
1920.00000000 1.22352941 1.22352941
2048.00000000 1.15294118 1.11176470
2176.00000000 1.04705882 1.07058824
2304.00000000 0.94117647 0.94117647
2432.00000000 0.88823529 0.91764706
2560.00000000 0.81764706 0.80588235
2688.00000000 0.76470588 0.78235294
2816.00000000 0.70000000 0.68823530
2944.00000000 0.65294117 0.63529412
3072.00000000 0.60588236 0.60588235
3200.00000000 0.58823530 0.60000000
3328.00000000 0.54117647 0.54705882
3456.00000000 0.54117647 0.54117647
3584.00000000 0.47647059 0.51176470
3712.00000000 0.44705882 0.47058824
3840.00000000 0.43529411 0.46470589
3968.00000000 0.40588236 0.38823530
4096.00000000 0.38235294 0.37647059
4224.00000000 0.36470589 0.35294118
4352.00000000 0.33529411 0.33529411
4480.00000000 0.30588235 0.30000000
4608.00000000 0.28235294 0.28235294
4736.00000000 0.24117647 0.25882353
4864.00000000 0.24705882 0.23529412
4992.00000000 0.21176471 0.21176471
5120.00000000 0.20588235 0.20000000
5248.00000000 0.21176471 0.18823529
5376.00000000 0.18235294 0.18235294
5504.00000000 0.15294117 0.15882353
5632.00000000 0.14705883 0.17058823
5760.00000000 0.15882353 0.14705883
5888.00000000 0.15294117 0.14117647
6016.00000000 0.11176471 0.13529411
6144.00000000 0.10000000 0.12941177
6272.00000000 0.12352941 0.10588235
6400.00000000 0.10588235 0.11764706
6528.00000000 0.09411765 0.10000000
6656.00000000 0.08235294 0.08235294
6784.00000000 0.07647059 0.07058824
6912.00000000 0.07647059 0.07647059
7040.00000000 0.06470588 0.07647059
7168.00000000 0.06470588 0.06470588
7296.00000000 0.06470588 0.05882353
7424.00000000 0.06470588 0.05882353
7552.00000000 0.07058824 0.05294118
7680.00000000 0.06470588 0.06470588
7808.00000000 0.06470588 0.06470588
7936.00000000 0.05882353 0.05882353
8064.00000000 0.04705882 0.05882353
8192.00000000 0.05294118 0.05294118
8320.00000000 0.05882353 0.05882353
8448.00000000 0.05882353 0.05882353
8576.00000000 0.04705882 0.05294118
8704.00000000 0.05294118 0.05294118
8832.00000000 0.05294118 0.04117647
8960.00000000 0.04705882 0.05294118
9088.00000000 0.04705882 0.04705882
9216.00000000 0.02352941 0.01764706
9344.00000000 0.02352941 0.02352941
9472.00000000 0.01764706 0.01764706
9600.00000000 0.02352941 0.02352941
9728.00000000 0.02352941 0.02352941
9856.00000000 0.02352941 0.02352941
9984.00000000 0.02352941 0.01764706
10112.00000000 0.02352941 0.02352941
10240.00000000 0.02352941 0.02352941
10368.00000000 0.02352941 0.01764706
10496.00000000 0.01764706 0.01764706
10624.00000000 0.01176470 0.01764706
10752.00000000 0.01176470 0.01764706
10880.00000000 0.01176470 0.01764706
11008.00000000 0.01764706 0.01764706
11136.00000000 0.01764706 0.01764706
11264.00000000 0.01764706 0.01176470
11392.00000000 0.01176470 0.01176470
11520.00000000 0.01764706 0.01764706
11648.00000000 0.01176470 0.01764706
11776.00000000 0.01176470 0.01764706
11904.00000000 0.00588236 0.00588236
12032.00000000 0.01176470 0.01176470
12160.00000000 0.01176470 0.01176470
12288.00000000 0.00588236 0.01176470
12416.00000000 0.01176470 0.01176470
12544.00000000 0.00588236 0.00588236
12672.00000000 0.00588236 0.00588236
12800.00000000 0.00588236 0.00588236
