0 2593.58636364 2599.90000000
128.00000000 14.76363637 14.87272727
256.00000000 8.17272727 8.25000000
384.00000000 5.81363636 5.95454546
512.00000000 4.58181818 4.55909091
640.00000000 3.79545454 3.76818182
768.00000000 3.26363636 3.20909091
896.00000000 2.93636364 2.90454546
1024.00000000 2.58181818 2.56818181
1152.00000000 2.26363637 2.22727273
1280.00000000 2.01363636 2.00909091
1408.00000000 1.82272727 1.83181818
1536.00000000 1.66363636 1.67272727
1664.00000000 1.47727272 1.49090909
1792.00000000 1.39090909 1.36363636
1920.00000000 1.24090909 1.23636364
2048.00000000 1.18636364 1.15454545
2176.00000000 1.06818182 1.08181819
2304.00000000 0.96363636 0.95000000
2432.00000000 0.90909091 0.93181818
2560.00000000 0.84090909 0.81363636
2688.00000000 0.78181818 0.80454545
2816.00000000 0.71818182 0.69545455
2944.00000000 0.66818181 0.65909091
3072.00000000 0.62272728 0.62272727
3200.00000000 0.60000000 0.61363636
3328.00000000 0.54545455 0.56363636
3456.00000000 0.54090909 0.55909091
3584.00000000 0.47272727 0.50909090
3712.00000000 0.45454545 0.47272728
3840.00000000 0.44090909 0.46363637
3968.00000000 0.40909091 0.39090910
4096.00000000 0.39090909 0.38181818
4224.00000000 0.36818182 0.34545455
4352.00000000 0.33636363 0.33636363
4480.00000000 0.31363636 0.30000000
4608.00000000 0.29090909 0.29545454
4736.00000000 0.25454545 0.27272727
4864.00000000 0.25000000 0.24090909
4992.00000000 0.22727273 0.22272728
5120.00000000 0.21818182 0.21363636
5248.00000000 0.22272728 0.19545454
5376.00000000 0.19090909 0.19090909
5504.00000000 0.16818181 0.17272727
5632.00000000 0.15909091 0.17272727
5760.00000000 0.16363636 0.15000000
5888.00000000 0.14999999 0.15000000
6016.00000000 0.12272728 0.14545454
6144.00000000 0.11363636 0.13636364
6272.00000000 0.13181818 0.11818182
6400.00000000 0.10909091 0.11818182
6528.00000000 0.09545455 0.10000000
6656.00000000 0.08181818 0.08636364
6784.00000000 0.08636364 0.07727273
6912.00000000 0.08181818 0.08181818
7040.00000000 0.07272727 0.08181818
7168.00000000 0.06363636 0.06818182
7296.00000000 0.06363636 0.06363636
7424.00000000 0.06818182 0.06363636
7552.00000000 0.06818182 0.05454546
7680.00000000 0.06363636 0.06363636
7808.00000000 0.06363636 0.06363636
7936.00000000 0.05454545 0.05909091
8064.00000000 0.05000000 0.05909091
8192.00000000 0.05000000 0.05454546
8320.00000000 0.05454545 0.05909091
8448.00000000 0.05454545 0.05909091
8576.00000000 0.04545454 0.05000000
8704.00000000 0.05000000 0.04545455
8832.00000000 0.05000000 0.04090909
8960.00000000 0.04090909 0.04545455
9088.00000000 0.03636363 0.03636363
9216.00000000 0.01818182 0.01363636
9344.00000000 0.01818182 0.01818182
9472.00000000 0.01363636 0.01363636
9600.00000000 0.01818182 0.01818182
9728.00000000 0.01818182 0.01818182
9856.00000000 0.01818182 0.01818182
9984.00000000 0.01818182 0.01363636
10112.00000000 0.01818182 0.01818182
10240.00000000 0.01818182 0.01818182
10368.00000000 0.01818182 0.01363636
10496.00000000 0.01363636 0.01363636
10624.00000000 0.00909090 0.01363636
10752.00000000 0.00909090 0.01363636
10880.00000000 0.00909090 0.01363636
11008.00000000 0.01363636 0.01363636
11136.00000000 0.01363636 0.01363636
11264.00000000 0.01363636 0.00909090
11392.00000000 0.00909090 0.00909090
11520.00000000 0.01363636 0.01363636
11648.00000000 0.00909090 0.01363636
11776.00000000 0.00909090 0.01363636
11904.00000000 0.00454546 0.00454546
12032.00000000 0.00909090 0.00909090
12160.00000000 0.00909090 0.00909090
12288.00000000 0.00454546 0.00909090
12416.00000000 0.00909090 0.00909090
12544.00000000 0.00454546 0.00454546
12672.00000000 0.00454546 0.00454546
12800.00000000 0.00454546 0.00454546
