0 2593.33846154 2600.11153846
128.00000000 14.81923077 14.90384615
256.00000000 8.20769230 8.25769231
384.00000000 5.81153846 5.94615385
512.00000000 4.56153846 4.51923077
640.00000000 3.77692308 3.75384616
768.00000000 3.26153846 3.20769231
896.00000000 2.88461538 2.87307692
1024.00000000 2.53846154 2.54230769
1152.00000000 2.25769231 2.22692308
1280.00000000 2.00000000 2.00000000
1408.00000000 1.81538462 1.84230769
1536.00000000 1.66153846 1.67692307
1664.00000000 1.50000000 1.51538461
1792.00000000 1.41923077 1.39615384
1920.00000000 1.28461538 1.28076923
2048.00000000 1.18846154 1.17692307
2176.00000000 1.08076923 1.10000000
2304.00000000 0.98846154 0.98846154
2432.00000000 0.94615384 0.96923077
2560.00000000 0.87307692 0.85384615
2688.00000000 0.81538461 0.83461538
2816.00000000 0.74230769 0.74615385
2944.00000000 0.70384615 0.70769231
3072.00000000 0.65384616 0.64615384
3200.00000000 0.63461539 0.63846154
3328.00000000 0.58461539 0.59615384
3456.00000000 0.56923077 0.58846154
3584.00000000 0.50384616 0.53076923
3712.00000000 0.48461538 0.49230769
3840.00000000 0.46538461 0.47692308
3968.00000000 0.41923077 0.41538462
4096.00000000 0.41153846 0.40000000
4224.00000000 0.38846154 0.35769231
4352.00000000 0.35000000 0.34615384
4480.00000000 0.32692308 0.31923077
4608.00000000 0.30769231 0.30769231
4736.00000000 0.27307692 0.28461538
4864.00000000 0.25384615 0.25000000
4992.00000000 0.23461539 0.22692308
5120.00000000 0.22307692 0.21538461
5248.00000000 0.21923077 0.20384615
5376.00000000 0.19615384 0.19615384
5504.00000000 0.17692307 0.18076923
5632.00000000 0.16538462 0.18076923
5760.00000000 0.16538462 0.15384616
5888.00000000 0.14999999 0.15000000
6016.00000000 0.13076923 0.14615384
6144.00000000 0.11538461 0.13076923
6272.00000000 0.13076923 0.11538461
6400.00000000 0.11153846 0.11923077
6528.00000000 0.10000000 0.10000000
6656.00000000 0.08846154 0.09230769
6784.00000000 0.08846154 0.08076923
6912.00000000 0.08461539 0.08461539
7040.00000000 0.07692308 0.08461539
7168.00000000 0.06538461 0.06923077
7296.00000000 0.06538461 0.06538462
7424.00000000 0.06923077 0.06538462
7552.00000000 0.06923077 0.05769231
7680.00000000 0.05769230 0.06538461
7808.00000000 0.06538461 0.06538461
7936.00000000 0.05769231 0.06153846
8064.00000000 0.05384615 0.05769231
8192.00000000 0.05384616 0.05769231
8320.00000000 0.05769231 0.06153846
8448.00000000 0.05769231 0.06153846
8576.00000000 0.05000000 0.05000000
8704.00000000 0.05000000 0.05000000
8832.00000000 0.05384616 0.04230769
8960.00000000 0.04615384 0.04615385
9088.00000000 0.04230769 0.03846154
9216.00000000 0.02692307 0.02307692
9344.00000000 0.02692307 0.02692307
9472.00000000 0.01923077 0.02307692
9600.00000000 0.02307692 0.02692307
9728.00000000 0.02692307 0.02692307
9856.00000000 0.02692307 0.02692307
9984.00000000 0.02307692 0.01923077
10112.00000000 0.02307692 0.02307692
10240.00000000 0.01923077 0.01923077
10368.00000000 0.01923077 0.01538462
10496.00000000 0.01538462 0.01538462
10624.00000000 0.01153846 0.01538462
10752.00000000 0.01153846 0.01538462
10880.00000000 0.01153846 0.01538462
11008.00000000 0.01538462 0.01538462
11136.00000000 0.01538462 0.01538462
11264.00000000 0.01538462 0.01153846
11392.00000000 0.01153846 0.01153846
11520.00000000 0.01153846 0.01153846
11648.00000000 0.00769230 0.01153846
11776.00000000 0.00769230 0.01153846
11904.00000000 0.00384616 0.00384616
12032.00000000 0.00769230 0.00769230
12160.00000000 0.00769230 0.00769230
12288.00000000 0.00384616 0.00769230
12416.00000000 0.00769230 0.00769230
12544.00000000 0.00384616 0.00384616
12672.00000000 0.00384616 0.00384616
12800.00000000 0.00384616 0.00384616
