0 2593.74666667 2599.81333333
128.00000000 14.68666667 14.80666667
256.00000000 8.12000000 8.22666667
384.00000000 5.87333333 5.96666667
512.00000000 4.54666667 4.53333333
640.00000000 3.76000000 3.74666667
768.00000000 3.28666667 3.22000000
896.00000000 2.93333333 2.90666667
1024.00000000 2.61333333 2.62000000
1152.00000000 2.32000000 2.26666667
1280.00000000 2.06000000 2.06666667
1408.00000000 1.81333333 1.86000000
1536.00000000 1.68666667 1.68000000
1664.00000000 1.50000000 1.54000000
1792.00000000 1.42000000 1.38000000
1920.00000000 1.27333333 1.26666667
2048.00000000 1.20000000 1.15333333
2176.00000000 1.08000000 1.10666667
2304.00000000 0.97333333 0.98666667
2432.00000000 0.91333333 0.94666667
2560.00000000 0.84666667 0.83333333
2688.00000000 0.79333333 0.81333333
2816.00000000 0.73333333 0.70666667
2944.00000000 0.67333333 0.66666667
3072.00000000 0.62666667 0.64000000
3200.00000000 0.60666667 0.62000000
3328.00000000 0.56000000 0.57333333
3456.00000000 0.56000000 0.56000000
3584.00000000 0.49333333 0.53333333
3712.00000000 0.46000000 0.48666667
3840.00000000 0.45333333 0.48666667
3968.00000000 0.42666667 0.40666667
4096.00000000 0.40000000 0.39333333
4224.00000000 0.38666667 0.38000000
4352.00000000 0.35333333 0.35333333
4480.00000000 0.33333333 0.33333333
4608.00000000 0.31333333 0.31333333
4736.00000000 0.26666667 0.28666667
4864.00000000 0.27333333 0.26000000
4992.00000000 0.24000000 0.24000000
5120.00000000 0.23333333 0.22666667
5248.00000000 0.24000000 0.21333333
5376.00000000 0.20666667 0.20666667
5504.00000000 0.17333333 0.18000000
5632.00000000 0.16666667 0.19333333
5760.00000000 0.18000000 0.16666667
5888.00000000 0.17333333 0.16000000
6016.00000000 0.12666667 0.15333333
6144.00000000 0.11333333 0.14666667
6272.00000000 0.14000000 0.12000000
6400.00000000 0.12000000 0.13333333
6528.00000000 0.10666667 0.11333333
6656.00000000 0.09333333 0.09333333
6784.00000000 0.08666667 0.08000000
6912.00000000 0.08666667 0.08666667
7040.00000000 0.07333333 0.08666667
7168.00000000 0.07333333 0.07333333
7296.00000000 0.07333333 0.06666667
7424.00000000 0.07333333 0.06666667
7552.00000000 0.08000000 0.06000000
7680.00000000 0.07333333 0.07333333
7808.00000000 0.07333333 0.07333333
7936.00000000 0.06666667 0.06666667
8064.00000000 0.05333333 0.06666667
8192.00000000 0.06000000 0.06000000
8320.00000000 0.06666667 0.06666667
8448.00000000 0.06666667 0.06666667
8576.00000000 0.05333333 0.06000000
8704.00000000 0.06000000 0.06000000
8832.00000000 0.06000000 0.04666667
8960.00000000 0.05333333 0.06000000
9088.00000000 0.05333333 0.05333333
9216.00000000 0.02666667 0.02000000
9344.00000000 0.02666667 0.02666667
9472.00000000 0.02000000 0.02000000
9600.00000000 0.02666667 0.02666667
9728.00000000 0.02666667 0.02666667
9856.00000000 0.02666667 0.02666667
9984.00000000 0.02666667 0.02000000
10112.00000000 0.02666667 0.02666667
10240.00000000 0.02666667 0.02666667
10368.00000000 0.02666667 0.02000000
10496.00000000 0.02000000 0.02000000
10624.00000000 0.01333333 0.02000000
10752.00000000 0.01333333 0.02000000
10880.00000000 0.01333333 0.02000000
11008.00000000 0.02000000 0.02000000
11136.00000000 0.02000000 0.02000000
11264.00000000 0.02000000 0.01333333
11392.00000000 0.01333333 0.01333333
11520.00000000 0.02000000 0.02000000
11648.00000000 0.01333333 0.02000000
11776.00000000 0.01333333 0.02000000
11904.00000000 0.00666667 0.00666667
12032.00000000 0.01333333 0.01333333
12160.00000000 0.01333333 0.01333333
12288.00000000 0.00666667 0.01333333
12416.00000000 0.01333333 0.01333333
12544.00000000 0.00666667 0.00666667
12672.00000000 0.00666667 0.00666667
12800.00000000 0.00666667 0.00666667
