0 1.31999e-07
16 0.00084376
32 0.00139645
48 0.00175537
64 0.0017554
80 0.00151229
96 0.00153566
112 0.00158874
128 0.00149816
144 0.00146954
160 0.00135191
176 0.00132417
192 0.00117327
208 0.00122007
224 0.00130051
240 0.00130794
256 0.00129609
272 0.00112966
288 0.00103099
304 0.00096422
320 0.00096889
336 0.00108393
352 0.00105778
368 0.00100623
384 0.00101402
400 0.000862548
416 0.000872655
432 0.000943023
448 0.000838215
464 0.000824225
480 0.000835827
496 0.000791726
512 0.000713004
528 0.000677547
544 0.000633356
560 0.000685858
576 0.000722481
592 0.000846942
608 0.000989081
624 0.00127747
640 0.00139286
656 0.00163949
672 0.00192203
688 0.00239266
704 0.00268396
720 0.00287425
736 0.00302779
752 0.00320034
768 0.00331087
784 0.00331469
800 0.00345958
816 0.00357735
832 0.00362018
848 0.00369714
864 0.00353719
880 0.00356249
896 0.00354369
912 0.00356427
928 0.00366875
944 0.00375521
960 0.00376211
976 0.00370193
992 0.00370089
1008 0.00365766
1024 0.0036722
1040 0.00370892
1056 0.0036712
1072 0.00378422
1088 0.00376382
1104 0.00375217
1120 0.00380148
1136 0.00372214
1152 0.00377724
1168 0.00379028
1184 0.00386606
1200 0.00380754
1216 0.00370093
1232 0.00377482
1248 0.00394993
1264 0.00387847
1280 0.00374442
1296 0.00368424
1312 0.00376683
1328 0.00371043
1344 0.00364562
1360 0.00375877
1376 0.00373674
1392 0.0036235
1408 0.00365837
1424 0.00360335
1440 0.003619
1456 0.0036668
1472 0.0036634
1488 0.00368107
1504 0.00366031
1520 0.00366144
1536 0.00368401
1552 0.0036672
1568 0.0036115
1584 0.00365509
1600 0.00370274
1616 0.00366785
1632 0.00366174
1648 0.00379789
1664 0.00371728
1680 0.00375762
1696 0.00370744
1712 0.00365786
1728 0.00359032
1744 0.00354672
1760 0.00348996
1776 0.00352484
1792 0.00350964
1808 0.00356644
1824 0.00364494
1840 0.00363659
1856 0.00365629
1872 0.00357839
1888 0.00355601
1904 0.00357754
1920 0.00357209
1936 0.00354048
1952 0.0034807
1968 0.0034705
1984 0.00352577
2000 0.00358897
2016 0.00368387
2032 0.00361329
2048 0.00351988
2064 0.00363376
2080 0.00360516
2096 0.00366954
2112 0.00393127
2128 0.00427448
2144 0.00487578
2160 0.00569327
2176 0.00639507
2192 0.0069012
2208 0.00751288
2224 0.00795401
2240 0.00829984
2256 0.00872634
2272 0.00924956
2288 0.00968753
2304 0.0101104
2320 0.0106179
2336 0.011041
2352 0.0113086
2368 0.0120302
2384 0.0125729
2400 0.0129725
2416 0.0133942
2432 0.0138023
2448 0.0140962
2464 0.0143076
2480 0.0145727
2496 0.0149095
2512 0.0150166
2528 0.0152957
2544 0.0154349
2560 0.0155005
2576 0.0157618
2592 0.015966
2608 0.0163121
2624 0.0165973
2640 0.0167059
2656 0.0171685
2672 0.0175593
2688 0.0178604
2704 0.0181606
2720 0.0185179
2736 0.0188188
2752 0.0192486
2768 0.0195189
2784 0.0199894
2800 0.0201129
2816 0.0203108
2832 0.0204564
2848 0.0206977
2864 0.0209863
2880 0.0210566
2896 0.0213707
2912 0.0214779
2928 0.021458
2944 0.0215443
2960 0.0215302
2976 0.0213969
2992 0.0213365
3008 0.021367
3024 0.0215553
3040 0.0217522
3056 0.021614
3072 0.0216806
3088 0.0217034
3104 0.0216255
3120 0.021622
3136 0.0216644
3152 0.0216034
3168 0.0213998
3184 0.0214289
3200 0.0215282
