0 0.000250263
16 0.0203151
32 0.0260852
48 0.0289538
64 0.0298495
80 0.0293759
96 0.0294241
112 0.0285057
128 0.0274824
144 0.0266345
160 0.0258894
176 0.0258622
192 0.0247557
208 0.0242963
224 0.0247034
240 0.0254811
256 0.0254699
272 0.0241068
288 0.0232097
304 0.0226788
320 0.022624
336 0.0235563
352 0.022974
368 0.022416
384 0.0224573
400 0.0206749
416 0.0202496
432 0.0203727
448 0.020093
464 0.0207556
480 0.0207657
496 0.0196664
512 0.0183448
528 0.0181661
544 0.0182458
560 0.0189689
576 0.0192311
592 0.0203106
608 0.0208565
624 0.0219067
640 0.0217308
656 0.0213649
672 0.0210739
688 0.0215944
704 0.0215078
720 0.020113
736 0.0192706
752 0.019398
768 0.0191552
784 0.0193365
800 0.0202089
816 0.0215176
832 0.0222766
848 0.022713
864 0.0214286
880 0.0211746
896 0.0207119
912 0.0207184
928 0.0219495
944 0.0223611
960 0.0221014
976 0.0214791
992 0.0212806
1008 0.0210553
1024 0.0211481
1040 0.0212459
1056 0.0214563
1072 0.0229001
1088 0.0234114
1104 0.0230919
1120 0.0231405
1136 0.0227771
1152 0.0227161
1168 0.0232169
1184 0.0233014
1200 0.0229387
1216 0.0222012
1232 0.0227238
1248 0.0237837
1264 0.0227689
1280 0.0224525
1296 0.0222896
1312 0.0226975
1328 0.0220713
1344 0.0218122
1360 0.0219138
1376 0.0217133
1392 0.021297
1408 0.0213073
1424 0.0206813
1440 0.0213363
1456 0.0220611
1472 0.0218101
1488 0.0221995
1504 0.0218374
1520 0.0214699
1536 0.0213545
1552 0.0210808
1568 0.0207232
1584 0.0207069
1600 0.0206094
1616 0.0198889
1632 0.0200458
1648 0.0208516
1664 0.0204952
1680 0.0204723
1696 0.020259
1712 0.0203532
1728 0.0198119
1744 0.0193547
1760 0.019159
1776 0.0190603
1792 0.0192512
1808 0.0195899
1824 0.0201792
1840 0.0203406
1856 0.0204342
1872 0.0194824
1888 0.0194824
1904 0.0192769
1920 0.0189796
1936 0.0189127
1952 0.0188596
1968 0.0195967
1984 0.0206086
2000 0.0205541
2016 0.0209843
2032 0.0208405
2048 0.0204865
2064 0.0212666
2080 0.0211804
2096 0.0206563
2112 0.0211046
2128 0.0213184
2144 0.0220033
2160 0.022531
2176 0.0233222
2192 0.0236964
2208 0.0243514
2224 0.0250203
2240 0.024894
2256 0.0249816
2272 0.0256047
2288 0.0262325
2304 0.0267865
2320 0.0266528
2336 0.0264276
2352 0.0267718
2368 0.0281631
2384 0.0293708
2400 0.0300944
2416 0.0301454
2432 0.0298714
2448 0.0297589
2464 0.0300085
2480 0.030078
2496 0.0304315
2512 0.0303284
2528 0.0310915
2544 0.0317597
2560 0.0322594
2576 0.0333289
2592 0.0332997
2608 0.0332457
2624 0.0334256
2640 0.0330067
2656 0.0331121
2672 0.0330469
2688 0.032798
2704 0.0335882
2720 0.0345397
2736 0.0352843
2752 0.0365374
2768 0.0367919
2784 0.0371435
2800 0.0366625
2816 0.036126
2832 0.0357082
2848 0.0360448
2864 0.0366576
2880 0.0369991
2896 0.0365954
2912 0.0368269
2928 0.0368232
2944 0.0366403
2960 0.0362243
2976 0.0361256
2992 0.035929
3008 0.0361783
3024 0.0368402
3040 0.0375526
3056 0.0377263
3072 0.0378008
3088 0.0376674
3104 0.0376501
3120 0.0371669
3136 0.0375742
3152 0.0377442
3168 0.0374724
3184 0.037391
3200 0.0380157
