0 -0.107543
16 -0.0444743
32 -0.05228
48 -0.0939099
64 0.029832
80 0.247523
96 0.226258
112 0.0448055
128 0.016424
144 -0.0715469
160 -0.0169927
176 0.0202353
192 0.085534
208 -0.0668244
224 -0.131095
240 -0.0144248
256 0.00206389
272 0.0561275
288 0.0861037
304 0.125278
320 0.10707
336 0.0466205
352 -0.00410344
368 -0.00254473
384 -0.0106294
400 -0.017876
416 -0.128191
432 -0.272094
448 -0.0761894
464 0.0867265
480 0.0616963
496 -0.0470303
512 -0.118693
528 -0.0531199
544 0.0975008
560 0.0938873
576 0.0464764
592 -0.0530825
608 -0.273772
624 -0.66194
640 -0.94954
656 -1.59175
672 -2.32782
688 -3.13095
704 -3.80208
720 -5.10514
736 -6.15336
752 -6.50512
768 -7.0234
784 -6.86522
800 -6.47107
816 -5.72636
832 -5.29514
848 -5.16665
864 -5.70321
880 -5.94554
896 -6.2607
912 -6.30344
928 -5.61502
944 -5.51013
960 -5.7018
976 -6.02412
992 -6.17216
1008 -6.25049
1024 -6.21076
1040 -6.21672
1056 -5.97445
1072 -5.21606
1088 -4.86713
1104 -5.03664
1120 -5.09915
1136 -5.17457
1152 -5.31994
1168 -5.03172
1184 -5.12041
1200 -5.23612
1216 -5.50861
1232 -5.31028
1248 -4.98281
1264 -5.48126
1280 -5.42773
1296 -5.41553
1312 -5.31175
1328 -5.61673
1344 -5.66252
1360 -5.82723
1376 -5.92578
1392 -5.98899
1408 -6.05805
1424 -6.42459
1440 -5.9497
1456 -5.53415
1472 -5.70138
1488 -5.46941
1504 -5.67565
1520 -5.94312
1536 -6.07874
1552 -6.252
1568 -6.40956
1584 -6.52449
1600 -6.71755
1616 -7.2724
1632 -7.11257
1648 -6.735
1664 -6.84955
1680 -6.96556
1696 -7.03315
1712 -6.83001
1728 -7.14708
1744 -7.46788
1760 -7.50767
1776 -7.70241
1792 -7.46998
1808 -7.29336
1824 -6.9512
1840 -6.78959
1856 -6.75644
1872 -7.42762
1888 -7.36863
1904 -7.62742
1920 -7.91624
1936 -7.89819
1952 -7.7859
1968 -7.03707
1984 -6.30153
2000 -6.49522
2016 -6.36593
2032 -6.31926
2048 -6.38672
2064 -6.03455
2080 -6.03635
2096 -6.60018
2112 -6.82633
2128 -7.4053
2144 -8.07092
2160 -9.21508
2176 -9.7573
2192 -10.2902
2208 -10.6695
2224 -10.7057
2240 -11.3931
2256 -11.9827
2272 -12.1086
2288 -12.0777
2304 -12.0908
2320 -12.947
2336 -13.8085
2352 -13.778
2368 -13.1675
2384 -12.5749
2400 -12.3236
2416 -12.7392
2432 -13.4683
2448 -13.9172
2464 -13.8884
2480 -14.108
2496 -14.0996
2512 -14.3257
2528 -13.8229
2544 -13.3021
2560 -12.8948
2576 -12.1893
2592 -12.3985
2608 -12.7584
2624 -12.8553
2640 -13.3344
2656 -13.6588
2672 -14.0785
2688 -14.6034
2704 -14.0975
2720 -13.5222
2736 -13.1157
2752 -12.4186
2768 -12.4195
2784 -12.4889
2800 -12.9634
2816 -13.5628
2832 -14.0432
2848 -13.9308
2864 -13.6174
2880 -13.3818
2896 -13.9576
2912 -13.8366
2928 -13.8251
2944 -14.0477
2960 -14.4077
2976 -14.3953
2992 -14.5284
3008 -14.3247
3024 -13.8822
3040 -13.4249
3056 -13.1861
3072 -13.1729
3088 -13.2967
3104 -13.2558
3120 -13.6525
3136 -13.345
3152 -13.1643
3168 -13.2401
3184 -13.3273
3200 -12.8964
