0 9.95192e-08
16 0.0013505
32 0.00351343
48 0.00604694
64 0.00873736
80 0.0111347
96 0.0135372
112 0.0155854
128 0.0180571
144 0.0205236
160 0.0229021
176 0.0246703
192 0.0262644
208 0.0281673
224 0.0297244
240 0.0315813
256 0.0337034
272 0.0360196
288 0.0383175
304 0.0397574
320 0.0410715
336 0.0425323
352 0.0438059
368 0.0456957
384 0.0475009
400 0.0493638
416 0.0510169
432 0.0529613
448 0.0550664
464 0.0573678
480 0.0589459
496 0.0609596
512 0.062687
528 0.0646141
544 0.0670722
560 0.0685993
576 0.0702249
592 0.0717156
608 0.0737066
624 0.0750547
640 0.0771922
656 0.0790679
672 0.08015
688 0.0811865
704 0.0820263
720 0.0833204
736 0.0844972
752 0.0857927
768 0.0870255
784 0.0882335
800 0.0889642
816 0.0894125
832 0.0902433
848 0.0909423
864 0.0919636
880 0.0934582
896 0.0949568
912 0.0965319
928 0.0978614
944 0.0990829
960 0.100263
976 0.101981
992 0.103334
1008 0.105061
1024 0.106196
1040 0.107006
1056 0.107975
1072 0.108846
1088 0.109383
1104 0.110078
1120 0.110575
1136 0.110815
1152 0.110851
1168 0.11046
1184 0.110977
1200 0.110952
1216 0.110925
1232 0.111263
1248 0.111717
1264 0.111961
1280 0.111934
1296 0.112296
1312 0.112647
1328 0.113692
1344 0.114568
1360 0.115135
1376 0.115488
1392 0.116374
1408 0.117135
1424 0.118218
1440 0.11902
1456 0.119816
1472 0.121661
1488 0.122264
1504 0.123178
1520 0.124244
1536 0.125274
1552 0.126237
1568 0.126978
1584 0.127581
1600 0.127819
1616 0.128451
1632 0.12846
1648 0.128745
1664 0.128922
1680 0.129446
1696 0.129669
1712 0.129772
1728 0.129935
1744 0.130573
1760 0.131298
1776 0.131936
1792 0.132073
1808 0.132315
1824 0.133097
1840 0.134331
1856 0.134921
1872 0.135169
1888 0.135643
1904 0.136558
1920 0.137385
1936 0.137871
1952 0.138539
1968 0.138993
1984 0.139029
2000 0.138969
2016 0.139135
2032 0.139067
2048 0.139001
2064 0.138952
2080 0.13925
2096 0.139284
2112 0.139534
2128 0.13996
2144 0.140414
2160 0.141034
2176 0.141195
2192 0.141661
2208 0.142259
2224 0.143278
2240 0.14357
2256 0.144033
2272 0.144724
2288 0.145217
2304 0.145469
2320 0.145462
2336 0.145651
2352 0.146255
2368 0.14601
2384 0.1463
2400 0.146548
2416 0.146675
2432 0.147117
2448 0.147684
2464 0.147984
2480 0.148569
2496 0.14916
2512 0.149944
2528 0.15059
2544 0.151061
2560 0.15054
2576 0.150486
2592 0.15039
2608 0.150903
2624 0.150983
2640 0.152069
2656 0.152143
2672 0.151896
2688 0.152207
2704 0.152287
2720 0.152376
2736 0.152922
2752 0.153098
2768 0.153667
2784 0.154002
2800 0.154869
2816 0.155298
2832 0.155813
2848 0.15701
2864 0.157523
2880 0.157273
2896 0.158147
2912 0.158503
2928 0.158691
2944 0.158571
2960 0.158989
2976 0.159366
2992 0.15943
3008 0.15994
3024 0.160577
3040 0.160948
3056 0.161277
3072 0.161832
3088 0.16273
3104 0.163532
3120 0.164046
3136 0.164655
3152 0.164789
3168 0.164677
3184 0.165527
3200 0.165738
