0 1.06776e-07
16 0.00138429
32 0.00350515
48 0.00590595
64 0.00847422
80 0.0108013
96 0.013058
112 0.0149475
128 0.0173403
144 0.0198166
160 0.0221067
176 0.0238464
192 0.0253812
208 0.0272149
224 0.0289764
240 0.0310644
256 0.0332244
272 0.0353869
288 0.0375969
304 0.0388933
320 0.0401188
336 0.0415969
352 0.0428763
368 0.0445649
384 0.0461534
400 0.0476321
416 0.0489895
432 0.0506846
448 0.0527518
464 0.0548788
480 0.0564598
496 0.0585577
512 0.0603564
528 0.0623114
544 0.0648069
560 0.0664762
576 0.0683469
592 0.0699971
608 0.071697
624 0.0728355
640 0.074682
656 0.0763649
672 0.0774831
688 0.0784161
704 0.0791186
720 0.0804455
736 0.0817813
752 0.0829209
768 0.0839468
784 0.0850193
800 0.0856537
816 0.0859577
832 0.0866156
848 0.0874555
864 0.0882429
880 0.0897076
896 0.0910173
912 0.092478
928 0.0938277
944 0.0949797
960 0.0961758
976 0.0978066
992 0.0989282
1008 0.100653
1024 0.101925
1040 0.102775
1056 0.103596
1072 0.104686
1088 0.105343
1104 0.105995
1120 0.106776
1136 0.107214
1152 0.107422
1168 0.107086
1184 0.107604
1200 0.107638
1216 0.107919
1232 0.108539
1248 0.109333
1264 0.109925
1280 0.110216
1296 0.110852
1312 0.111337
1328 0.112267
1344 0.113199
1360 0.113994
1376 0.114414
1392 0.115555
1408 0.116655
1424 0.118096
1440 0.119179
1456 0.120177
1472 0.121946
1488 0.12267
1504 0.123728
1520 0.124817
1536 0.125977
1552 0.127289
1568 0.128002
1584 0.128829
1600 0.129404
1616 0.129991
1632 0.130096
1648 0.130782
1664 0.131027
1680 0.131444
1696 0.131578
1712 0.131748
1728 0.131879
1744 0.132365
1760 0.133057
1776 0.133362
1792 0.133234
1808 0.133695
1824 0.134294
1840 0.1354
1856 0.13574
1872 0.135948
1888 0.136201
1904 0.136942
1920 0.137693
1936 0.138177
1952 0.138583
1968 0.138983
1984 0.138866
2000 0.138808
2016 0.138899
2032 0.139313
2048 0.13926
2064 0.139562
2080 0.140211
2096 0.14026
2112 0.140582
2128 0.140988
2144 0.141447
2160 0.142124
2176 0.142357
2192 0.142726
2208 0.143388
2224 0.144459
2240 0.144611
2256 0.145111
2272 0.145628
2288 0.146017
2304 0.146383
2320 0.146283
2336 0.146258
2352 0.146785
2368 0.146597
2384 0.146801
2400 0.146884
2416 0.146854
2432 0.14718
2448 0.147878
2464 0.148121
2480 0.148841
2496 0.149538
2512 0.150144
2528 0.150727
2544 0.151131
2560 0.150994
2576 0.151359
2592 0.151507
2608 0.15206
2624 0.152184
2640 0.153078
2656 0.153415
2672 0.153132
2688 0.153756
2704 0.154082
2720 0.154236
2736 0.154931
2752 0.155523
2768 0.156209
2784 0.157073
2800 0.157978
2816 0.158637
2832 0.159313
2848 0.160787
2864 0.161778
2880 0.161854
2896 0.162574
2912 0.163176
2928 0.163691
2944 0.163679
2960 0.164285
2976 0.164558
2992 0.164767
3008 0.165144
3024 0.165674
3040 0.166032
3056 0.166118
3072 0.166619
3088 0.167293
3104 0.16792
3120 0.168059
3136 0.168592
3152 0.168789
3168 0.168809
3184 0.169356
3200 0.169616
