0 1.09448e-07
16 0.00147094
32 0.00383037
48 0.00650645
64 0.00916197
80 0.01144
96 0.013793
112 0.0159189
128 0.0185698
144 0.0212195
160 0.0239707
176 0.0256229
192 0.0270364
208 0.0288579
224 0.0309002
240 0.0329883
256 0.0349357
272 0.0370564
288 0.0390603
304 0.0407045
320 0.0417454
336 0.0438459
352 0.0455239
368 0.0475341
384 0.0499046
400 0.0518951
416 0.0535526
432 0.0555967
448 0.0579547
464 0.0604063
480 0.0618757
496 0.0637132
512 0.0654224
528 0.0672459
544 0.069918
560 0.0709531
576 0.0720869
592 0.0737355
608 0.0756062
624 0.0765001
640 0.0790212
656 0.0807689
672 0.0821731
688 0.0832361
704 0.0838539
720 0.0853383
736 0.0869874
752 0.0879831
768 0.0894958
784 0.0905218
800 0.0913937
816 0.092107
832 0.0929847
848 0.0935164
864 0.0948553
880 0.0949125
896 0.0953884
912 0.0963337
928 0.096728
944 0.0973793
960 0.0982483
976 0.099246
992 0.101266
1008 0.103225
1024 0.104718
1040 0.10571
1056 0.106996
1072 0.108569
1088 0.109502
1104 0.110936
1120 0.111871
1136 0.111867
1152 0.111978
1168 0.111728
1184 0.112548
1200 0.112762
1216 0.112598
1232 0.113461
1248 0.113944
1264 0.114626
1280 0.114774
1296 0.114886
1312 0.114536
1328 0.114885
1344 0.115416
1360 0.115516
1376 0.115472
1392 0.115866
1408 0.116845
1424 0.118495
1440 0.119701
1456 0.120678
1472 0.12281
1488 0.1235
1504 0.124861
1520 0.126305
1536 0.126856
1552 0.127711
1568 0.128663
1584 0.129603
1600 0.129675
1616 0.129947
1632 0.130189
1648 0.130408
1664 0.131369
1680 0.132135
1696 0.132421
1712 0.132891
1728 0.133153
1744 0.134092
1760 0.134938
1776 0.135124
1792 0.135342
1808 0.135406
1824 0.135945
1840 0.137521
1856 0.138456
1872 0.139105
1888 0.140033
1904 0.14159
1920 0.142585
1936 0.143543
1952 0.144203
1968 0.144646
1984 0.144547
2000 0.144718
2016 0.144729
2032 0.14499
2048 0.145023
2064 0.144974
2080 0.145311
2096 0.145373
2112 0.145486
2128 0.146131
2144 0.146606
2160 0.147732
2176 0.148029
2192 0.1489
2208 0.149328
2224 0.149988
2240 0.150258
2256 0.150807
2272 0.151285
2288 0.151806
2304 0.152608
2320 0.152586
2336 0.152978
2352 0.153681
2368 0.153331
2384 0.153585
2400 0.153764
2416 0.154224
2432 0.154165
2448 0.15492
2464 0.155736
2480 0.156247
2496 0.157149
2512 0.158014
2528 0.158906
2544 0.159708
2560 0.159331
2576 0.15978
2592 0.159742
2608 0.160289
2624 0.159407
2640 0.160404
2656 0.159782
2672 0.159096
2688 0.158789
2704 0.158663
2720 0.158548
2736 0.159071
2752 0.159342
2768 0.159598
2784 0.160003
2800 0.160978
2816 0.160895
2832 0.162086
2848 0.163524
2864 0.164218
2880 0.164163
2896 0.165238
2912 0.16577
2928 0.166158
2944 0.166238
2960 0.166412
2976 0.166715
2992 0.166595
3008 0.166817
3024 0.167164
3040 0.167238
3056 0.167177
3072 0.167486
3088 0.168103
3104 0.168407
3120 0.168917
3136 0.168915
3152 0.169091
3168 0.16931
3184 0.169771
3200 0.169977
