0 0.00023716
16 0.0279231
32 0.0449262
48 0.0588197
64 0.0697779
80 0.0784968
96 0.0862908
112 0.0928281
128 0.100992
144 0.108018
160 0.114523
176 0.11988
192 0.123919
208 0.128458
224 0.13335
240 0.138763
256 0.143296
272 0.148069
288 0.152318
304 0.155816
320 0.157553
336 0.161103
352 0.164622
368 0.168612
384 0.172286
400 0.176114
416 0.178929
432 0.181746
448 0.185249
464 0.188337
480 0.190629
496 0.19199
512 0.193449
528 0.194885
544 0.19735
560 0.197902
576 0.199217
592 0.200679
608 0.20255
624 0.203494
640 0.206599
656 0.20866
672 0.209408
688 0.210306
704 0.21079
720 0.211831
736 0.213409
752 0.214578
768 0.215784
784 0.216764
800 0.217816
816 0.218547
832 0.219821
848 0.21996
864 0.221761
880 0.221519
896 0.22126
912 0.22237
928 0.222134
944 0.222709
960 0.223482
976 0.224591
992 0.226383
1008 0.228286
1024 0.229206
1040 0.229683
1056 0.230303
1072 0.231783
1088 0.231584
1104 0.23253
1120 0.232554
1136 0.231905
1152 0.23072
1168 0.229973
1184 0.230652
1200 0.230224
1216 0.22932
1232 0.229376
1248 0.230052
1264 0.23065
1280 0.230362
1296 0.229916
1312 0.229874
1328 0.229837
1344 0.230256
1360 0.23037
1376 0.230154
1392 0.231066
1408 0.232178
1424 0.233354
1440 0.23434
1456 0.235142
1472 0.237125
1488 0.236424
1504 0.236797
1520 0.237968
1536 0.238245
1552 0.238286
1568 0.238545
1584 0.239093
1600 0.238427
1616 0.238102
1632 0.237898
1648 0.237525
1664 0.237885
1680 0.238174
1696 0.237368
1712 0.23755
1728 0.23669
1744 0.237309
1760 0.23818
1776 0.23821
1792 0.238327
1808 0.238274
1824 0.238552
1840 0.241072
1856 0.242527
1872 0.242749
1888 0.243134
1904 0.24417
1920 0.244992
1936 0.245966
1952 0.246332
1968 0.246588
1984 0.245346
2000 0.244975
2016 0.244532
2032 0.244117
2048 0.244794
2064 0.244375
2080 0.24416
2096 0.243774
2112 0.243668
2128 0.244238
2144 0.244131
2160 0.244895
2176 0.244817
2192 0.24514
2208 0.245148
2224 0.245023
2240 0.244745
2256 0.244613
2272 0.24467
2288 0.245054
2304 0.246258
2320 0.246709
2336 0.247
2352 0.247267
2368 0.246665
2384 0.246688
2400 0.24698
2416 0.247093
2432 0.246435
2448 0.24722
2464 0.24759
2480 0.248185
2496 0.248799
2512 0.249214
2528 0.249627
2544 0.250455
2560 0.249964
2576 0.250838
2592 0.250623
2608 0.250625
2624 0.249171
2640 0.250081
2656 0.248709
2672 0.248058
2688 0.247253
2704 0.247461
2720 0.247145
2736 0.247852
2752 0.247971
2768 0.247913
2784 0.248248
2800 0.249482
2816 0.24871
2832 0.25007
2848 0.251482
2864 0.251917
2880 0.251203
2896 0.252168
2912 0.252596
2928 0.25291
2944 0.252725
2960 0.252305
2976 0.252491
2992 0.252083
3008 0.251815
3024 0.252247
3040 0.252197
3056 0.252377
3072 0.252561
3088 0.25266
3104 0.25287
3120 0.253245
3136 0.252714
3152 0.252444
3168 0.252748
3184 0.253403
3200 0.253283
