0 0.000225188
16 0.0264372
32 0.0425137
48 0.0558572
64 0.0673206
80 0.0766427
96 0.0846829
112 0.0913089
128 0.0994023
144 0.10676
160 0.113705
176 0.119584
192 0.124149
208 0.128579
224 0.132759
240 0.137943
256 0.142795
272 0.147761
288 0.15228
304 0.156094
320 0.158067
336 0.161322
352 0.16426
368 0.167823
384 0.170724
400 0.174015
416 0.176809
432 0.179565
448 0.182794
464 0.185593
480 0.187748
496 0.189524
512 0.191147
528 0.19328
544 0.196219
560 0.197572
576 0.199934
592 0.201861
608 0.204304
624 0.205701
640 0.208818
656 0.211238
672 0.211687
688 0.213018
704 0.21417
720 0.215194
736 0.216466
752 0.218174
768 0.219425
784 0.220672
800 0.221504
816 0.222148
832 0.223534
848 0.223413
864 0.224324
880 0.2251
896 0.225583
912 0.227062
928 0.227147
944 0.227927
960 0.228816
976 0.229817
992 0.230894
1008 0.232973
1024 0.233815
1040 0.234297
1056 0.235012
1072 0.236083
1088 0.235943
1104 0.236466
1120 0.236033
1136 0.235258
1152 0.233884
1168 0.233641
1184 0.23413
1200 0.233739
1216 0.233067
1232 0.233207
1248 0.233545
1264 0.233873
1280 0.233803
1296 0.234112
1312 0.234482
1328 0.235293
1344 0.236144
1360 0.236593
1376 0.237012
1392 0.238157
1408 0.239213
1424 0.23978
1440 0.240088
1456 0.240513
1472 0.242472
1488 0.242084
1504 0.242642
1520 0.243462
1536 0.243927
1552 0.244161
1568 0.24439
1584 0.244462
1600 0.243686
1616 0.244024
1632 0.243662
1648 0.243417
1664 0.243294
1680 0.243498
1696 0.242516
1712 0.242137
1728 0.241244
1744 0.241896
1760 0.242823
1776 0.243335
1792 0.243352
1808 0.243314
1824 0.244021
1840 0.245659
1856 0.246348
1872 0.246344
1888 0.246718
1904 0.24773
1920 0.248456
1936 0.249214
1952 0.249711
1968 0.250121
1984 0.249866
2000 0.249732
2016 0.249506
2032 0.249238
2048 0.249939
2064 0.249842
2080 0.249362
2096 0.249176
2112 0.249186
2128 0.249463
2144 0.249461
2160 0.249682
2176 0.249341
2192 0.24963
2208 0.249677
2224 0.249682
2240 0.249249
2256 0.248919
2272 0.249151
2288 0.249757
2304 0.250569
2320 0.251063
2336 0.251742
2352 0.252133
2368 0.251552
2384 0.251623
2400 0.251978
2416 0.251944
2432 0.251825
2448 0.252625
2464 0.253323
2480 0.253901
2496 0.254843
2512 0.255711
2528 0.255921
2544 0.256435
2560 0.255574
2576 0.256053
2592 0.255825
2608 0.255988
2624 0.255355
2640 0.256511
2656 0.255236
2672 0.255306
2688 0.254957
2704 0.254997
2720 0.255044
2736 0.255657
2752 0.25594
2768 0.256031
2784 0.256345
2800 0.257255
2816 0.256689
2832 0.25728
2848 0.25835
2864 0.258566
2880 0.257471
2896 0.25839
2912 0.258886
2928 0.25921
2944 0.25886
2960 0.258687
2976 0.258889
2992 0.258509
3008 0.258266
3024 0.258929
3040 0.258922
3056 0.259093
3072 0.259405
3088 0.26002
3104 0.260018
3120 0.259567
3136 0.25907
3152 0.258257
3168 0.257796
3184 0.258604
3200 0.258429
