0 0.000227462
16 0.026414
32 0.0428271
48 0.0561877
64 0.0673921
80 0.0765034
96 0.084164
112 0.0908842
128 0.0985742
144 0.105302
160 0.111039
176 0.116137
192 0.120402
208 0.124859
224 0.128919
240 0.133792
256 0.138434
272 0.142956
288 0.147221
304 0.150285
320 0.152598
336 0.154981
352 0.15784
368 0.16192
384 0.16526
400 0.168651
416 0.17172
432 0.174397
448 0.177406
464 0.179955
480 0.181916
496 0.183705
512 0.18547
528 0.187465
544 0.190093
560 0.191699
576 0.194256
592 0.195471
608 0.197591
624 0.199187
640 0.201997
656 0.204325
672 0.204963
688 0.206381
704 0.207644
720 0.208887
736 0.209934
752 0.211285
768 0.212213
784 0.213469
800 0.213989
816 0.214426
832 0.215341
848 0.215683
864 0.216429
880 0.217667
896 0.218536
912 0.219952
928 0.220618
944 0.22155
960 0.222604
976 0.224262
992 0.225386
1008 0.226912
1024 0.22745
1040 0.227918
1056 0.228187
1072 0.228922
1088 0.228624
1104 0.228977
1120 0.228617
1136 0.227947
1152 0.227263
1168 0.226474
1184 0.227027
1200 0.226517
1216 0.226205
1232 0.226002
1248 0.226325
1264 0.226657
1280 0.226781
1296 0.22703
1312 0.227701
1328 0.228557
1344 0.229057
1360 0.229565
1376 0.229866
1392 0.230912
1408 0.23153
1424 0.231961
1440 0.231973
1456 0.232139
1472 0.233736
1488 0.233242
1504 0.233416
1520 0.234111
1536 0.235027
1552 0.235224
1568 0.23544
1584 0.235325
1600 0.234855
1616 0.234938
1632 0.234719
1648 0.234494
1664 0.234318
1680 0.234504
1696 0.233921
1712 0.233726
1728 0.233237
1744 0.233844
1760 0.23459
1776 0.23533
1792 0.23517
1808 0.235435
1824 0.236027
1840 0.237796
1856 0.238583
1872 0.238123
1888 0.238241
1904 0.238759
1920 0.239554
1936 0.240105
1952 0.240551
1968 0.240833
1984 0.240418
2000 0.240358
2016 0.240178
2032 0.23968
2048 0.239892
2064 0.239575
2080 0.23913
2096 0.238679
2112 0.238646
2128 0.238878
2144 0.238761
2160 0.238705
2176 0.238271
2192 0.238246
2208 0.238644
2224 0.239166
2240 0.238933
2256 0.238632
2272 0.238749
2288 0.239129
2304 0.239604
2320 0.239967
2336 0.240387
2352 0.240642
2368 0.240111
2384 0.240417
2400 0.24068
2416 0.240579
2432 0.241038
2448 0.241785
2464 0.241892
2480 0.242384
2496 0.24303
2512 0.243763
2528 0.244272
2544 0.244532
2560 0.243701
2576 0.243874
2592 0.243711
2608 0.244075
2624 0.243872
2640 0.244828
2656 0.244457
2672 0.244527
2688 0.244645
2704 0.244875
2720 0.244873
2736 0.245579
2752 0.245659
2768 0.24599
2784 0.245979
2800 0.247089
2816 0.246994
2832 0.247501
2848 0.248549
2864 0.248807
2880 0.247861
2896 0.248835
2912 0.249299
2928 0.249605
2944 0.249112
2960 0.249294
2976 0.249338
2992 0.24899
3008 0.248792
3024 0.249728
3040 0.250037
3056 0.250613
3072 0.251249
3088 0.252016
3104 0.252424
3120 0.252269
3136 0.252253
3152 0.25147
3168 0.251305
3184 0.252025
3200 0.251672
