0 1.10394e-07
16 0.00143052
32 0.00358263
48 0.00600214
64 0.00859899
80 0.010878
96 0.0131031
112 0.0150496
128 0.0174618
144 0.019962
160 0.0223147
176 0.0242901
192 0.0259246
208 0.0279023
224 0.0297795
240 0.0318635
256 0.0339603
272 0.0360097
288 0.038049
304 0.0392554
320 0.0405169
336 0.0418592
352 0.0431006
368 0.044661
384 0.0461858
400 0.0475892
416 0.0489617
432 0.0506897
448 0.0527815
464 0.0548247
480 0.0563872
496 0.0584506
512 0.0601883
528 0.0621586
544 0.0649497
560 0.0667926
576 0.0685612
592 0.0701483
608 0.0717355
624 0.0729096
640 0.074813
656 0.0764468
672 0.0777609
688 0.0788989
704 0.079841
720 0.0812026
736 0.0826975
752 0.0838869
768 0.084917
784 0.0861222
800 0.0867717
816 0.0871188
832 0.0877669
848 0.0885687
864 0.0894946
880 0.0909035
896 0.0921508
912 0.0934538
928 0.0947453
944 0.0958719
960 0.09724
976 0.098951
992 0.100138
1008 0.101855
1024 0.103289
1040 0.104362
1056 0.105384
1072 0.106399
1088 0.107152
1104 0.107775
1120 0.108627
1136 0.109178
1152 0.109835
1168 0.109877
1184 0.110801
1200 0.111183
1216 0.111728
1232 0.11234
1248 0.113195
1264 0.113905
1280 0.114345
1296 0.115049
1312 0.115598
1328 0.116492
1344 0.117278
1360 0.118011
1376 0.118326
1392 0.119526
1408 0.120602
1424 0.121911
1440 0.122998
1456 0.124012
1472 0.125791
1488 0.126559
1504 0.127697
1520 0.128797
1536 0.130033
1552 0.131211
1568 0.131914
1584 0.132815
1600 0.133302
1616 0.134006
1632 0.133964
1648 0.134699
1664 0.134819
1680 0.135224
1696 0.135313
1712 0.135429
1728 0.135515
1744 0.135891
1760 0.136651
1776 0.13695
1792 0.13689
1808 0.137349
1824 0.137952
1840 0.139137
1856 0.139587
1872 0.139843
1888 0.140249
1904 0.140946
1920 0.141654
1936 0.142059
1952 0.14257
1968 0.143094
1984 0.143251
2000 0.143402
2016 0.143515
2032 0.14402
2048 0.143935
2064 0.144321
2080 0.144997
2096 0.144989
2112 0.145299
2128 0.145828
2144 0.146335
2160 0.147081
2176 0.147487
2192 0.148162
2208 0.148945
2224 0.150114
2240 0.150419
2256 0.151036
2272 0.151553
2288 0.152142
2304 0.15234
2320 0.152226
2336 0.15202
2352 0.152503
2368 0.152325
2384 0.152487
2400 0.152435
2416 0.152281
2432 0.152566
2448 0.153212
2464 0.153681
2480 0.154602
2496 0.155433
2512 0.156081
2528 0.156697
2544 0.157155
2560 0.157161
2576 0.157548
2592 0.157748
2608 0.158368
2624 0.158426
2640 0.159173
2656 0.159367
2672 0.158974
2688 0.159576
2704 0.15983
2720 0.160054
2736 0.16097
2752 0.161548
2768 0.162208
2784 0.163174
2800 0.164221
2816 0.1648
2832 0.165533
2848 0.166907
2864 0.16787
2880 0.16796
2896 0.168632
2912 0.16916
2928 0.169684
2944 0.169658
2960 0.170308
2976 0.170662
2992 0.170765
3008 0.171135
3024 0.171757
3040 0.171967
3056 0.172009
3072 0.172497
3088 0.173058
3104 0.173664
3120 0.173768
3136 0.17428
3152 0.174535
3168 0.17457
3184 0.175033
3200 0.175458
