0 0.00023798
16 0.0279002
32 0.0450358
48 0.0584695
64 0.0695898
80 0.0788577
96 0.0866194
112 0.0936307
128 0.101154
144 0.108042
160 0.114096
176 0.119149
192 0.123523
208 0.12835
224 0.13345
240 0.138457
256 0.143097
272 0.147207
288 0.151013
304 0.154002
320 0.156625
336 0.159314
352 0.162489
368 0.166305
384 0.16913
400 0.172185
416 0.174771
432 0.177204
448 0.180027
464 0.1822
480 0.184099
496 0.185974
512 0.187973
528 0.189819
544 0.192654
560 0.194291
576 0.197147
592 0.198852
608 0.200493
624 0.202224
640 0.204579
656 0.20659
672 0.207988
688 0.209833
704 0.210866
720 0.211839
736 0.213266
752 0.214018
768 0.214367
784 0.215514
800 0.215973
816 0.2162
832 0.21668
848 0.217606
864 0.218128
880 0.219095
896 0.219479
912 0.220804
928 0.221902
944 0.222776
960 0.224414
976 0.226093
992 0.227315
1008 0.229078
1024 0.229901
1040 0.230859
1056 0.231261
1072 0.232023
1088 0.232354
1104 0.232494
1120 0.232765
1136 0.232637
1152 0.23281
1168 0.232531
1184 0.233252
1200 0.233219
1216 0.23364
1232 0.233603
1248 0.23436
1264 0.234817
1280 0.235157
1296 0.235521
1312 0.236079
1328 0.236658
1344 0.237161
1360 0.237799
1376 0.237787
1392 0.238676
1408 0.239888
1424 0.240515
1440 0.241105
1456 0.241811
1472 0.243388
1488 0.243121
1504 0.243319
1520 0.244101
1536 0.245203
1552 0.245783
1568 0.245987
1584 0.246189
1600 0.246064
1616 0.246131
1632 0.246256
1648 0.246794
1664 0.246957
1680 0.247227
1696 0.246476
1712 0.246001
1728 0.245416
1744 0.245595
1760 0.246176
1776 0.246455
1792 0.245741
1808 0.246137
1824 0.246482
1840 0.247743
1856 0.248184
1872 0.248122
1888 0.248082
1904 0.248191
1920 0.248488
1936 0.248822
1952 0.249093
1968 0.249499
1984 0.249295
2000 0.249132
2016 0.248656
2032 0.248653
2048 0.249103
2064 0.249376
2080 0.24958
2096 0.249125
2112 0.24919
2128 0.249203
2144 0.249108
2160 0.24944
2176 0.249233
2192 0.249459
2208 0.249695
2224 0.2502
2240 0.250037
2256 0.250165
2272 0.250187
2288 0.250888
2304 0.251393
2320 0.25163
2336 0.25166
2352 0.251962
2368 0.251345
2384 0.25135
2400 0.251643
2416 0.251044
2432 0.250899
2448 0.251425
2464 0.251442
2480 0.252095
2496 0.252919
2512 0.252998
2528 0.253434
2544 0.253679
2560 0.253555
2576 0.253971
2592 0.254148
2608 0.254409
2624 0.254302
2640 0.254796
2656 0.25492
2672 0.254679
2688 0.254942
2704 0.255081
2720 0.25486
2736 0.255938
2752 0.256242
2768 0.256543
2784 0.257178
2800 0.258096
2816 0.258039
2832 0.258589
2848 0.259349
2864 0.260054
2880 0.259496
2896 0.259974
2912 0.26006
2928 0.26055
2944 0.260414
2960 0.260761
2976 0.260931
2992 0.260853
3008 0.260792
3024 0.261407
3040 0.26172
3056 0.262046
3072 0.262362
3088 0.262572
3104 0.262791
3120 0.262338
3136 0.262176
3152 0.261846
3168 0.261933
3184 0.262149
3200 0.262163
