0 0.0765109
16 0.064344
32 0.0844472
48 0.084629
64 0.0761907
80 0.0975378
96 0.0889288
112 0.113137
128 0.141674
144 0.14913
160 0.142529
176 0.170912
192 0.188253
208 0.19323
224 0.211534
240 0.235699
256 0.241308
272 0.23749
288 0.232112
304 0.239704
320 0.23623
336 0.229222
352 0.241687
368 0.2571
384 0.260724
400 0.264484
416 0.269885
432 0.258681
448 0.250349
464 0.228501
480 0.218803
496 0.193656
512 0.177661
528 0.161392
544 0.143866
560 0.133284
576 0.13902
592 0.123068
608 0.112123
624 0.108289
640 0.108158
656 0.106096
672 0.0921134
688 0.093898
704 0.0975436
720 0.0904667
736 0.0827601
752 0.0781841
768 0.0675746
784 0.0637419
800 0.0571749
816 0.0553409
832 0.0539091
848 0.0450613
864 0.036708
880 0.0274243
896 0.0117102
912 0.00466331
928 -0.0106182
944 -0.0186161
960 -0.0233582
976 -0.0277147
992 -0.0341831
1008 -0.040464
1024 -0.0527497
1040 -0.0599264
1056 -0.0736777
1072 -0.0770177
1088 -0.0927026
1104 -0.0994916
1120 -0.115623
1136 -0.132715
1152 -0.146257
1168 -0.15362
1184 -0.153183
1200 -0.162377
1216 -0.167828
1232 -0.17834
1248 -0.180976
1264 -0.179361
1280 -0.176451
1296 -0.178699
1312 -0.172644
1328 -0.176407
1344 -0.183611
1360 -0.18472
1376 -0.185667
1392 -0.182528
1408 -0.185104
1424 -0.197117
1440 -0.211802
1456 -0.223398
1472 -0.226902
1488 -0.247426
1504 -0.260847
1520 -0.266891
1536 -0.267917
1552 -0.281522
1568 -0.290701
1584 -0.303839
1600 -0.317372
1616 -0.327187
1632 -0.331692
1648 -0.341357
1664 -0.348097
1680 -0.353898
1696 -0.369721
1712 -0.375571
1728 -0.388535
1744 -0.38781
1760 -0.385838
1776 -0.382374
1792 -0.3881
1808 -0.387077
1824 -0.389173
1840 -0.375565
1856 -0.370299
1872 -0.383825
1888 -0.389827
1904 -0.395519
1920 -0.394049
1936 -0.391495
1952 -0.394175
1968 -0.396415
1984 -0.405325
2000 -0.405478
2016 -0.411973
2032 -0.420804
2048 -0.415383
2064 -0.420926
2080 -0.43515
2096 -0.444958
2112 -0.450041
2128 -0.452746
2144 -0.463104
2160 -0.475136
2176 -0.487004
2192 -0.495728
2208 -0.497921
2224 -0.504833
2240 -0.514853
2256 -0.529317
2272 -0.538964
2288 -0.539532
2304 -0.533847
2320 -0.526077
2336 -0.52052
2352 -0.525616
2368 -0.532554
2384 -0.531131
2400 -0.529886
2416 -0.53421
2432 -0.532178
2448 -0.526226
2464 -0.529143
2480 -0.528846
2496 -0.525409
2512 -0.523448
2528 -0.523766
2544 -0.526267
2560 -0.534756
2576 -0.530259
2592 -0.532025
2608 -0.533104
2624 -0.538664
2640 -0.536982
2656 -0.545946
2672 -0.540334
2688 -0.543092
2704 -0.539641
2720 -0.541168
2736 -0.535652
2752 -0.536909
2768 -0.539495
2784 -0.545243
2800 -0.536634
2816 -0.545619
2832 -0.543596
2848 -0.541585
2864 -0.544603
2880 -0.559979
2896 -0.554091
2912 -0.550333
2928 -0.547106
2944 -0.555251
2960 -0.558252
2976 -0.563413
2992 -0.571617
3008 -0.583942
3024 -0.574848
3040 -0.574405
3056 -0.56783
3072 -0.563625
3088 -0.56219
3104 -0.566496
3120 -0.577726
3136 -0.587638
3152 -0.605898
3168 -0.607537
3184 -0.606039
3200 -0.616697
