0 0.00181261
16 -0.0236324
32 0.0486321
48 0.0724283
64 0.0923236
80 0.11686
96 0.120811
112 0.142969
128 0.156397
144 0.16355
160 0.171405
176 0.194882
192 0.215497
208 0.225386
224 0.243102
240 0.257069
256 0.264909
272 0.270264
288 0.269731
304 0.286563
320 0.282216
336 0.279934
352 0.28857
368 0.301977
384 0.304928
400 0.307319
416 0.308815
432 0.304085
448 0.300761
464 0.287496
480 0.282557
496 0.264637
512 0.25187
528 0.235625
544 0.217636
560 0.205591
576 0.209842
592 0.196743
608 0.188972
624 0.188049
640 0.184735
656 0.183163
672 0.173242
688 0.170958
704 0.167492
720 0.158493
736 0.149749
752 0.137657
768 0.124824
784 0.119888
800 0.111273
816 0.105555
832 0.0975937
848 0.0929646
864 0.0839513
880 0.0749105
896 0.0592452
912 0.0555541
928 0.0438607
944 0.0334024
960 0.0284178
976 0.0196982
992 0.0117787
1008 0.00643435
1024 -0.00781023
1040 -0.0133687
1056 -0.0286719
1072 -0.0362296
1088 -0.0473782
1104 -0.0547883
1120 -0.066577
1136 -0.0786482
1152 -0.0883651
1168 -0.0963645
1184 -0.103117
1200 -0.114095
1216 -0.120423
1232 -0.131969
1248 -0.135522
1264 -0.139975
1280 -0.142058
1296 -0.149222
1312 -0.147563
1328 -0.152936
1344 -0.157674
1360 -0.157135
1376 -0.161373
1392 -0.159768
1408 -0.155484
1424 -0.163943
1440 -0.171846
1456 -0.179034
1472 -0.178496
1488 -0.19181
1504 -0.203654
1520 -0.207625
1536 -0.207329
1552 -0.214807
1568 -0.221693
1584 -0.229979
1600 -0.237978
1616 -0.246281
1632 -0.248018
1648 -0.24996
1664 -0.25301
1680 -0.257109
1696 -0.271878
1712 -0.282287
1728 -0.295727
1744 -0.29712
1760 -0.297077
1776 -0.295948
1792 -0.308425
1808 -0.30771
1824 -0.309478
1840 -0.303138
1856 -0.299739
1872 -0.305984
1888 -0.312639
1904 -0.318961
1920 -0.321467
1936 -0.321493
1952 -0.325355
1968 -0.327428
1984 -0.33521
2000 -0.337558
2016 -0.348165
2032 -0.354031
2048 -0.346569
2064 -0.348646
2080 -0.355791
2096 -0.363305
2112 -0.365025
2128 -0.37101
2144 -0.380329
2160 -0.385663
2176 -0.393855
2192 -0.401092
2208 -0.404653
2224 -0.411238
2240 -0.418948
2256 -0.425543
2272 -0.433305
2288 -0.431031
2304 -0.425936
2320 -0.423647
2336 -0.422481
2352 -0.424507
2368 -0.434221
2384 -0.43462
2400 -0.431386
2416 -0.44004
2432 -0.444996
2448 -0.445189
2464 -0.44972
2480 -0.44923
2496 -0.444114
2512 -0.45128
2528 -0.451339
2544 -0.453737
2560 -0.457377
2576 -0.45411
2592 -0.455871
2608 -0.459375
2624 -0.463989
2640 -0.463596
2656 -0.46667
2672 -0.465748
2688 -0.468403
2704 -0.466789
2720 -0.471858
2736 -0.465828
2752 -0.466972
2768 -0.469643
2784 -0.472969
2800 -0.469129
2816 -0.480426
2832 -0.481657
2848 -0.486128
2864 -0.485291
2880 -0.496139
2896 -0.496236
2912 -0.499567
2928 -0.497756
2944 -0.501504
2960 -0.503374
2976 -0.504943
2992 -0.507971
3008 -0.514216
3024 -0.509222
3040 -0.506885
3056 -0.502307
3072 -0.500383
3088 -0.503986
3104 -0.507198
3120 -0.517329
3136 -0.523784
3152 -0.534177
3168 -0.534064
3184 -0.535729
3200 -0.540779
