0 0.0713711
16 0.0926931
32 0.0859519
48 0.0750194
64 0.0642672
80 0.102741
96 0.112941
112 0.133722
128 0.17046
144 0.182142
160 0.172979
176 0.202174
192 0.21901
208 0.227006
224 0.24342
240 0.267455
256 0.279202
272 0.290531
288 0.290034
304 0.294608
320 0.289915
336 0.287147
352 0.299451
368 0.310669
384 0.309377
400 0.317314
416 0.320342
432 0.307454
448 0.298204
464 0.277638
480 0.264411
496 0.236827
512 0.21387
528 0.195302
544 0.16895
560 0.152812
576 0.150721
592 0.134053
608 0.121918
624 0.113702
640 0.109211
656 0.107618
672 0.088326
688 0.088466
704 0.0887539
720 0.0787612
736 0.0711796
752 0.070175
768 0.0608858
784 0.0591928
800 0.0568607
816 0.0573568
832 0.0610566
848 0.0504987
864 0.0450449
880 0.0371834
896 0.0242851
912 0.0234561
928 0.0120043
944 0.00985708
960 0.00780787
976 0.00531473
992 -0.000194019
1008 -0.000626808
1024 -0.00867412
1040 -0.0168951
1056 -0.0268896
1072 -0.029857
1088 -0.0458716
1104 -0.0551459
1120 -0.071277
1136 -0.0884561
1152 -0.109557
1168 -0.112095
1184 -0.112212
1200 -0.118938
1216 -0.128662
1232 -0.137839
1248 -0.140323
1264 -0.139862
1280 -0.139693
1296 -0.143208
1312 -0.138402
1328 -0.141245
1344 -0.142882
1360 -0.143676
1376 -0.144595
1392 -0.139095
1408 -0.137741
1424 -0.151094
1440 -0.163755
1456 -0.172944
1472 -0.175478
1488 -0.197871
1504 -0.212749
1520 -0.219727
1536 -0.22643
1552 -0.240911
1568 -0.252072
1584 -0.263464
1600 -0.281506
1616 -0.289607
1632 -0.298073
1648 -0.307407
1664 -0.316099
1680 -0.323652
1696 -0.345641
1712 -0.353279
1728 -0.370299
1744 -0.372081
1760 -0.36689
1776 -0.367169
1792 -0.372813
1808 -0.377394
1824 -0.37774
1840 -0.364537
1856 -0.359721
1872 -0.370951
1888 -0.377729
1904 -0.379871
1920 -0.380898
1936 -0.377444
1952 -0.379635
1968 -0.38228
1984 -0.390941
2000 -0.394714
2016 -0.401483
2032 -0.409062
2048 -0.397295
2064 -0.399238
2080 -0.412005
2096 -0.419312
2112 -0.422501
2128 -0.424415
2144 -0.433539
2160 -0.443857
2176 -0.453701
2192 -0.459601
2208 -0.466202
2224 -0.476584
2240 -0.485982
2256 -0.49973
2272 -0.506466
2288 -0.50246
2304 -0.493026
2320 -0.482674
2336 -0.47547
2352 -0.479969
2368 -0.487629
2384 -0.488254
2400 -0.483398
2416 -0.487477
2432 -0.491639
2448 -0.487547
2464 -0.485364
2480 -0.481646
2496 -0.477288
2512 -0.476098
2528 -0.479411
2544 -0.47841
2560 -0.486764
2576 -0.480974
2592 -0.48315
2608 -0.487976
2624 -0.497224
2640 -0.492708
2656 -0.511277
2672 -0.506096
2688 -0.513194
2704 -0.51241
2720 -0.512945
2736 -0.509915
2752 -0.508664
2768 -0.513262
2784 -0.514536
2800 -0.508003
2816 -0.519001
2832 -0.516017
2848 -0.510958
2864 -0.515156
2880 -0.532854
2896 -0.527284
2912 -0.52286
2928 -0.52004
2944 -0.5265
2960 -0.532769
2976 -0.535332
2992 -0.54045
3008 -0.550073
3024 -0.544662
3040 -0.546319
3056 -0.540854
3072 -0.537781
3088 -0.536621
3104 -0.542891
3120 -0.552486
3136 -0.562932
3152 -0.578298
3168 -0.582719
3184 -0.575609
3200 -0.578658
