0 0.0540719
16 0.113452
32 0.102242
48 0.119387
64 0.118289
80 0.14339
96 0.147628
112 0.152623
128 0.179327
144 0.181372
160 0.172357
176 0.217061
192 0.239352
208 0.251183
224 0.262301
240 0.286792
256 0.298626
272 0.3098
288 0.316424
304 0.323439
320 0.318278
336 0.310649
352 0.320167
368 0.328033
384 0.31871
400 0.326838
416 0.327301
432 0.316857
448 0.311205
464 0.297007
480 0.297292
496 0.271488
512 0.251785
528 0.229449
544 0.204788
560 0.188356
576 0.183627
592 0.169068
608 0.157136
624 0.152608
640 0.148658
656 0.144907
672 0.126106
688 0.118047
704 0.112777
720 0.0981938
736 0.0900145
752 0.0891477
768 0.0779557
784 0.0734614
800 0.0736366
816 0.071567
832 0.0757048
848 0.0671373
864 0.0711811
880 0.065808
896 0.0515526
912 0.051833
928 0.0397073
944 0.0366731
960 0.0328366
976 0.0324464
992 0.0240641
1008 0.0192659
1024 0.00669918
1040 -0.00380331
1056 -0.0172877
1072 -0.0209011
1088 -0.0417628
1104 -0.0517032
1120 -0.0685666
1136 -0.0800788
1152 -0.10359
1168 -0.112561
1184 -0.11556
1200 -0.127452
1216 -0.141151
1232 -0.156498
1248 -0.152966
1264 -0.154646
1280 -0.16283
1296 -0.173339
1312 -0.16751
1328 -0.174818
1344 -0.176912
1360 -0.176656
1376 -0.179911
1392 -0.170119
1408 -0.167545
1424 -0.176051
1440 -0.179735
1456 -0.182568
1472 -0.184132
1488 -0.209433
1504 -0.226781
1520 -0.230408
1536 -0.234936
1552 -0.249216
1568 -0.261072
1584 -0.267171
1600 -0.281098
1616 -0.29214
1632 -0.30035
1648 -0.31146
1664 -0.321457
1680 -0.329334
1696 -0.350232
1712 -0.354964
1728 -0.376793
1744 -0.381075
1760 -0.378618
1776 -0.3813
1792 -0.382779
1808 -0.384985
1824 -0.3889
1840 -0.366332
1856 -0.353922
1872 -0.360619
1888 -0.368852
1904 -0.374907
1920 -0.375576
1936 -0.372648
1952 -0.376462
1968 -0.378824
1984 -0.401316
2000 -0.411468
2016 -0.420397
2032 -0.433012
2048 -0.420115
2064 -0.427583
2080 -0.437516
2096 -0.446292
2112 -0.450327
2128 -0.449707
2144 -0.459835
2160 -0.463288
2176 -0.469814
2192 -0.477803
2208 -0.484767
2224 -0.498293
2240 -0.508478
2256 -0.520358
2272 -0.527171
2288 -0.527944
2304 -0.516499
2320 -0.506952
2336 -0.507455
2352 -0.513561
2368 -0.52008
2384 -0.523793
2400 -0.520753
2416 -0.525992
2432 -0.538537
2448 -0.534775
2464 -0.540512
2480 -0.536652
2496 -0.538722
2512 -0.544179
2528 -0.550096
2544 -0.546058
2560 -0.550022
2576 -0.539429
2592 -0.543185
2608 -0.551856
2624 -0.567519
2640 -0.564801
2656 -0.583125
2672 -0.585541
2688 -0.59739
2704 -0.590962
2720 -0.595717
2736 -0.58945
2752 -0.59137
2768 -0.596744
2784 -0.5963
2800 -0.586342
2816 -0.601097
2832 -0.591939
2848 -0.585644
2864 -0.587662
2880 -0.601513
2896 -0.598537
2912 -0.598093
2928 -0.597695
2944 -0.602772
2960 -0.614155
2976 -0.615068
2992 -0.621666
3008 -0.630743
3024 -0.627178
3040 -0.629395
3056 -0.624681
3072 -0.625698
3088 -0.633316
3104 -0.63368
3120 -0.633852
3136 -0.644886
3152 -0.653329
3168 -0.650364
3184 -0.643855
3200 -0.6496
