0 6.57892e-08
20.25 0.00134825
40.5 0.00463005
60.75 0.00887543
81 0.0145684
101.25 0.0210392
121.5 0.0283816
141.75 0.0359755
162 0.0437195
182.25 0.052277
202.5 0.0600424
222.75 0.0680774
243 0.0762871
263.25 0.086369
283.5 0.0955962
303.75 0.105511
324 0.115553
344.25 0.12711
364.5 0.139666
384.75 0.14959
405 0.161036
425.25 0.171625
445.5 0.18306
465.75 0.194563
486 0.206491
506.25 0.218996
526.5 0.230209
546.75 0.241442
567 0.252274
587.25 0.261961
607.5 0.272251
627.75 0.281277
648 0.291104
668.25 0.302266
688.5 0.312423
708.75 0.322604
729 0.33299
749.25 0.343267
769.5 0.352265
789.75 0.360595
810 0.371633
830.25 0.380648
850.5 0.388681
870.75 0.397355
891 0.40593
911.25 0.414339
931.5 0.422161
951.75 0.430567
972 0.438813
992.25 0.446758
1012.5 0.454188
1032.75 0.460172
1053 0.465604
1073.25 0.473028
1093.5 0.481074
1113.75 0.487583
1134 0.496185
1154.25 0.503169
1174.5 0.511339
1194.75 0.51467
1215 0.520537
1235.25 0.527043
1255.5 0.533176
1275.75 0.540252
1296 0.54598
1316.25 0.551162
1336.5 0.556927
1356.75 0.562482
1377 0.568247
1397.25 0.574984
1417.5 0.579999
1437.75 0.586214
1458 0.593439
1478.25 0.598987
1498.5 0.605506
1518.75 0.611176
1539 0.617744
1559.25 0.623175
1579.5 0.628987
1599.75 0.638119
1620 0.645227
1640.25 0.650655
1660.5 0.655445
1680.75 0.660437
1701 0.664376
1721.25 0.670091
1741.5 0.676931
1761.75 0.685506
1782 0.689867
1802.25 0.693524
1822.5 0.698454
1842.75 0.702067
1863 0.706651
1883.25 0.710835
1903.5 0.715689
1923.75 0.719018
1944 0.723311
1964.25 0.727153
1984.5 0.731226
2004.75 0.736005
2025 0.741194
2045.25 0.745778
2065.5 0.749206
2085.75 0.753205
2106 0.757359
2126.25 0.760892
2146.5 0.763872
2166.75 0.766817
2187 0.768108
2207.25 0.771939
2227.5 0.774952
2247.75 0.777203
2268 0.779186
2288.25 0.781375
2308.5 0.78376
2328.75 0.785631
2349 0.787912
2369.25 0.789658
2389.5 0.792009
2409.75 0.793566
2430 0.794659
2450.25 0.797666
2470.5 0.798807
2490.75 0.800131
2511 0.800243
2531.25 0.801013
2551.5 0.803975
2571.75 0.806545
2592 0.806757
2612.25 0.808386
2632.5 0.809009
2652.75 0.809448
2673 0.811325
2693.25 0.811746
2713.5 0.813068
2733.75 0.813862
2754 0.815383
2774.25 0.816378
2794.5 0.817948
2814.75 0.819259
2835 0.820404
2855.25 0.822177
2875.5 0.823795
2895.75 0.824501
2916 0.826461
2936.25 0.827095
2956.5 0.828073
2976.75 0.829154
2997 0.829859
3017.25 0.830191
3037.5 0.831348
3057.75 0.832209
3078 0.833475
3098.25 0.833422
3118.5 0.833554
3138.75 0.835858
3159 0.837572
3179.25 0.838386
3199.5 0.838889
3219.75 0.83873
3240 0.839638
3260.25 0.839822
3280.5 0.840937
3300.75 0.842804
3321 0.843037
3341.25 0.844105
3361.5 0.844323
3381.75 0.845725
3402 0.845432
3422.25 0.847441
3442.5 0.848233
3462.75 0.849186
3483 0.84931
3503.25 0.850974
3523.5 0.852308
3543.75 0.853396
3564 0.853676
3584.25 0.854613
3604.5 0.855563
3624.75 0.855686
3645 0.857063
3665.25 0.857693
3685.5 0.858019
3705.75 0.859158
3726 0.861048
3746.25 0.861586
3766.5 0.862419
3786.75 0.864079
3807 0.86496
3827.25 0.865738
3847.5 0.866589
3867.75 0.868364
3888 0.869266
3908.25 0.869955
3928.5 0.870695
3948.75 0.871251
3969 0.873423
3989.25 0.873595
4009.5 0.874113
4029.75 0.874725
4050 0.875774
