0 0.000187992
20.25 0.0243722
40.5 0.045224
60.75 0.0623991
81 0.0806675
101.25 0.0973833
121.5 0.113473
141.75 0.127742
162 0.141927
182.25 0.156507
202.5 0.169758
222.75 0.182398
243 0.195141
263.25 0.209035
283.5 0.223044
303.75 0.236094
324 0.249551
344.25 0.262681
364.5 0.277235
384.75 0.289312
405 0.301321
425.25 0.313211
445.5 0.324201
465.75 0.335244
486 0.346689
506.25 0.358297
526.5 0.369931
546.75 0.379674
567 0.390066
587.25 0.399433
607.5 0.409067
627.75 0.41816
648 0.427093
668.25 0.43694
688.5 0.445922
708.75 0.455289
729 0.464875
749.25 0.473961
769.5 0.482797
789.75 0.490394
810 0.498837
830.25 0.506185
850.5 0.51426
870.75 0.521515
891 0.528532
911.25 0.535792
931.5 0.543349
951.75 0.550907
972 0.558238
992.25 0.564933
1012.5 0.571805
1032.75 0.577101
1053 0.583595
1073.25 0.59071
1093.5 0.597434
1113.75 0.603381
1134 0.610486
1154.25 0.617394
1174.5 0.624734
1194.75 0.628649
1215 0.634445
1235.25 0.63954
1255.5 0.644441
1275.75 0.650464
1296 0.65627
1316.25 0.660701
1336.5 0.666408
1356.75 0.670795
1377 0.676415
1397.25 0.682234
1417.5 0.686167
1437.75 0.691331
1458 0.69642
1478.25 0.701686
1498.5 0.707138
1518.75 0.711814
1539 0.717152
1559.25 0.720854
1579.5 0.726175
1599.75 0.733047
1620 0.737654
1640.25 0.742682
1660.5 0.746223
1680.75 0.75024
1701 0.753786
1721.25 0.758276
1741.5 0.76376
1761.75 0.769068
1782 0.773191
1802.25 0.776754
1822.5 0.780488
1842.75 0.783714
1863 0.787485
1883.25 0.790719
1903.5 0.794275
1923.75 0.797582
1944 0.801446
1964.25 0.805155
1984.5 0.808019
2004.75 0.810934
2025 0.814856
2045.25 0.81835
2065.5 0.821307
2085.75 0.824131
2106 0.827445
2126.25 0.830505
2146.5 0.833474
2166.75 0.835784
2187 0.838631
2207.25 0.841859
2227.5 0.844471
2247.75 0.846566
2268 0.849054
2288.25 0.850773
2308.5 0.852634
2328.75 0.854407
2349 0.856729
2369.25 0.858021
2389.5 0.859965
2409.75 0.861596
2430 0.862159
2450.25 0.864451
2470.5 0.865899
2490.75 0.867256
2511 0.867834
2531.25 0.868905
2551.5 0.870836
2571.75 0.872653
2592 0.873588
2612.25 0.875089
2632.5 0.87597
2652.75 0.876609
2673 0.878244
2693.25 0.879123
2713.5 0.879614
2733.75 0.880689
2754 0.881624
2774.25 0.882945
2794.5 0.884566
2814.75 0.88604
2835 0.887092
2855.25 0.888911
2875.5 0.890425
2895.75 0.891333
2916 0.892561
2936.25 0.89293
2956.5 0.893804
2976.75 0.89445
2997 0.895133
3017.25 0.896038
3037.5 0.897312
3057.75 0.898153
3078 0.899219
3098.25 0.899787
3118.5 0.900183
3138.75 0.901539
3159 0.902886
3179.25 0.903735
3199.5 0.904522
3219.75 0.904901
3240 0.90553
3260.25 0.906007
3280.5 0.907125
3300.75 0.908606
3321 0.908916
3341.25 0.909771
3361.5 0.910299
3381.75 0.911193
3402 0.91137
3422.25 0.91222
3442.5 0.912797
3462.75 0.913441
3483 0.91411
3503.25 0.915142
3523.5 0.916252
3543.75 0.916987
3564 0.917266
3584.25 0.918459
3604.5 0.919425
3624.75 0.920002
3645 0.920557
3665.25 0.920926
3685.5 0.921423
3705.75 0.922102
3726 0.923223
3746.25 0.92386
3766.5 0.924532
3786.75 0.92573
3807 0.926281
3827.25 0.926727
3847.5 0.927258
3867.75 0.928025
3888 0.928448
3908.25 0.929383
3928.5 0.929706
3948.75 0.93053
3969 0.931451
3989.25 0.931605
4009.5 0.931751
4029.75 0.932543
4050 0.933265
