0 7.07734e-08
20.25 0.00118641
40.5 0.0040397
60.75 0.00756364
81 0.0123837
101.25 0.0179416
121.5 0.0241004
141.75 0.030189
162 0.0369198
182.25 0.0444171
202.5 0.0518654
222.75 0.0595406
243 0.0672857
263.25 0.0766987
283.5 0.0866135
303.75 0.0963561
324 0.106644
344.25 0.11731
364.5 0.128599
384.75 0.138572
405 0.148914
425.25 0.159384
445.5 0.169826
465.75 0.180179
486 0.191299
506.25 0.202749
526.5 0.213844
546.75 0.224011
567 0.233941
587.25 0.243749
607.5 0.253306
627.75 0.262883
648 0.272658
668.25 0.283332
688.5 0.293076
708.75 0.303257
729 0.313387
749.25 0.323839
769.5 0.333942
789.75 0.342185
810 0.35195
830.25 0.360502
850.5 0.369535
870.75 0.378045
891 0.385933
911.25 0.393573
931.5 0.401723
951.75 0.40981
972 0.418466
992.25 0.425997
1012.5 0.433567
1032.75 0.439359
1053 0.446224
1073.25 0.454443
1093.5 0.462303
1113.75 0.469543
1134 0.478024
1154.25 0.486419
1174.5 0.494852
1194.75 0.499988
1215 0.507011
1235.25 0.512872
1255.5 0.519023
1275.75 0.526127
1296 0.533064
1316.25 0.537974
1336.5 0.544382
1356.75 0.549712
1377 0.556016
1397.25 0.563368
1417.5 0.56818
1437.75 0.574303
1458 0.580996
1478.25 0.58771
1498.5 0.594211
1518.75 0.599597
1539 0.605917
1559.25 0.610996
1579.5 0.617332
1599.75 0.626123
1620 0.632102
1640.25 0.638216
1660.5 0.642689
1680.75 0.647603
1701 0.651719
1721.25 0.657351
1741.5 0.664281
1761.75 0.671858
1782 0.677513
1802.25 0.682085
1822.5 0.686837
1842.75 0.690797
1863 0.695738
1883.25 0.699863
1903.5 0.704769
1923.75 0.70827
1944 0.713576
1964.25 0.718666
1984.5 0.722489
2004.75 0.726348
2025 0.731866
2045.25 0.736482
2065.5 0.740593
2085.75 0.744701
2106 0.74918
2126.25 0.753284
2146.5 0.756998
2166.75 0.760368
2187 0.763804
2207.25 0.768078
2227.5 0.771742
2247.75 0.774438
2268 0.778041
2288.25 0.780587
2308.5 0.782816
2328.75 0.785158
2349 0.788438
2369.25 0.790069
2389.5 0.79268
2409.75 0.794655
2430 0.795339
2450.25 0.798736
2470.5 0.800519
2490.75 0.802103
2511 0.802326
2531.25 0.803464
2551.5 0.806175
2571.75 0.80866
2592 0.809712
2612.25 0.811892
2632.5 0.812944
2652.75 0.813708
2673 0.815681
2693.25 0.816532
2713.5 0.816934
2733.75 0.817961
2754 0.818904
2774.25 0.820231
2794.5 0.822491
2814.75 0.824438
2835 0.825516
2855.25 0.828297
2875.5 0.829988
2895.75 0.831049
2916 0.832707
2936.25 0.833186
2956.5 0.834255
2976.75 0.8351
2997 0.835812
3017.25 0.83673
3037.5 0.838402
3057.75 0.839091
3078 0.84056
3098.25 0.841166
3118.5 0.841355
3138.75 0.843348
3159 0.84517
3179.25 0.846425
3199.5 0.847414
3219.75 0.847637
3240 0.848532
3260.25 0.849009
3280.5 0.850367
3300.75 0.85211
3321 0.852183
3341.25 0.853288
3361.5 0.85377
3381.75 0.855053
3402 0.855161
3422.25 0.856484
3442.5 0.856812
3462.75 0.857731
3483 0.858929
3503.25 0.86017
3523.5 0.861476
3543.75 0.862377
3564 0.862483
3584.25 0.863866
3604.5 0.865134
3624.75 0.866133
3645 0.866605
3665.25 0.866881
3685.5 0.867212
3705.75 0.867912
3726 0.869618
3746.25 0.87025
3766.5 0.87136
3786.75 0.872947
3807 0.87375
3827.25 0.87407
3847.5 0.874626
3867.75 0.875905
3888 0.876305
3908.25 0.877694
3928.5 0.877896
3948.75 0.879243
3969 0.880751
3989.25 0.880803
4009.5 0.880927
4029.75 0.881984
4050 0.883012
