0 0.000186918
20.25 0.0261809
40.5 0.0486615
60.75 0.0672529
81 0.0866783
101.25 0.104651
121.5 0.121969
141.75 0.138018
162 0.152552
182.25 0.168319
202.5 0.181339
222.75 0.19408
243 0.207159
263.25 0.221573
283.5 0.23482
303.75 0.248896
324 0.262186
344.25 0.276626
364.5 0.291915
384.75 0.303742
405 0.316576
425.25 0.327896
445.5 0.33955
465.75 0.350919
486 0.36287
506.25 0.374751
526.5 0.386256
546.75 0.396904
567 0.407528
587.25 0.416707
607.5 0.426387
627.75 0.43491
648 0.443412
668.25 0.453536
688.5 0.462371
708.75 0.471226
729 0.480911
749.25 0.489985
769.5 0.497541
789.75 0.505189
810 0.515056
830.25 0.522724
850.5 0.529785
870.75 0.537532
891 0.544665
911.25 0.552261
931.5 0.559699
951.75 0.567506
972 0.574572
992.25 0.581231
1012.5 0.588029
1032.75 0.593011
1053 0.598475
1073.25 0.604737
1093.5 0.611581
1113.75 0.61673
1134 0.624055
1154.25 0.630228
1174.5 0.63709
1194.75 0.639799
1215 0.644638
1235.25 0.650476
1255.5 0.655115
1275.75 0.661541
1296 0.666557
1316.25 0.671422
1336.5 0.67652
1356.75 0.681165
1377 0.686096
1397.25 0.691409
1417.5 0.695242
1437.75 0.700631
1458 0.706041
1478.25 0.710452
1498.5 0.715643
1518.75 0.720174
1539 0.725596
1559.25 0.729696
1579.5 0.734285
1599.75 0.74127
1620 0.746425
1640.25 0.750707
1660.5 0.754287
1680.75 0.758148
1701 0.761339
1721.25 0.76607
1741.5 0.77125
1761.75 0.777146
1782 0.78029
1802.25 0.783101
1822.5 0.786991
1842.75 0.789828
1863 0.793543
1883.25 0.796762
1903.5 0.800027
1923.75 0.802925
1944 0.806109
1964.25 0.809042
1984.5 0.812073
2004.75 0.815152
2025 0.818696
2045.25 0.821914
2065.5 0.824183
2085.75 0.827207
2106 0.829928
2126.25 0.8326
2146.5 0.835186
2166.75 0.837256
2187 0.838738
2207.25 0.841591
2227.5 0.843461
2247.75 0.845171
2268 0.84682
2288.25 0.848454
2308.5 0.850521
2328.75 0.851971
2349 0.853725
2369.25 0.854902
2389.5 0.856719
2409.75 0.858075
2430 0.85895
2450.25 0.86087
2470.5 0.861787
2490.75 0.86304
2511 0.863492
2531.25 0.864304
2551.5 0.86628
2571.75 0.868254
2592 0.868618
2612.25 0.869812
2632.5 0.870366
2652.75 0.870927
2673 0.872469
2693.25 0.873162
2713.5 0.874228
2733.75 0.875162
2754 0.876419
2774.25 0.877517
2794.5 0.878758
2814.75 0.879758
2835 0.880648
2855.25 0.882054
2875.5 0.883581
2895.75 0.884275
2916 0.885799
2936.25 0.88624
2956.5 0.887044
2976.75 0.887863
2997 0.888445
3017.25 0.888952
3037.5 0.889821
3057.75 0.890824
3078 0.891874
3098.25 0.892145
3118.5 0.892595
3138.75 0.894349
3159 0.8956
3179.25 0.896242
3199.5 0.896801
3219.75 0.89691
3240 0.897567
3260.25 0.897981
3280.5 0.899001
3300.75 0.900668
3321 0.901217
3341.25 0.901983
3361.5 0.902425
3381.75 0.903383
3402 0.903392
3422.25 0.904694
3442.5 0.905541
3462.75 0.906248
3483 0.9064
3503.25 0.90778
3523.5 0.90903
3543.75 0.90996
3564 0.910386
3584.25 0.911347
3604.5 0.912255
3624.75 0.912329
3645 0.913439
3665.25 0.914077
3685.5 0.914669
3705.75 0.915705
3726 0.917011
3746.25 0.917601
3766.5 0.918116
3786.75 0.919577
3807 0.920252
3827.25 0.921079
3847.5 0.921911
3867.75 0.922948
3888 0.923701
3908.25 0.924247
3928.5 0.924941
3948.75 0.925449
3969 0.92676
3989.25 0.926975
4009.5 0.927505
4029.75 0.928153
4050 0.929018
