0 7.08057e-08
20.25 0.00151335
40.5 0.00481967
60.75 0.00884677
81 0.0140057
101.25 0.0199831
121.5 0.0267991
141.75 0.0342652
162 0.0418923
182.25 0.0501751
202.5 0.059207
222.75 0.0679391
243 0.0769025
263.25 0.0869497
283.5 0.0971461
303.75 0.107762
324 0.118756
344.25 0.12963
364.5 0.140596
384.75 0.151472
405 0.162704
425.25 0.173685
445.5 0.184513
465.75 0.195729
486 0.207057
506.25 0.218382
526.5 0.229888
546.75 0.241076
567 0.251844
587.25 0.262626
607.5 0.273185
627.75 0.28346
648 0.293587
668.25 0.304868
688.5 0.315134
708.75 0.32465
729 0.334422
749.25 0.344639
769.5 0.353871
789.75 0.363167
810 0.37259
830.25 0.381961
850.5 0.39113
870.75 0.400346
891 0.408821
911.25 0.417574
931.5 0.426717
951.75 0.43436
972 0.443795
992.25 0.452132
1012.5 0.460563
1032.75 0.468016
1053 0.475598
1073.25 0.48324
1093.5 0.491598
1113.75 0.499362
1134 0.50804
1154.25 0.51567
1174.5 0.524359
1194.75 0.530569
1215 0.538145
1235.25 0.544982
1255.5 0.552073
1275.75 0.559135
1296 0.566591
1316.25 0.572979
1336.5 0.579934
1356.75 0.586048
1377 0.592095
1397.25 0.599214
1417.5 0.604794
1437.75 0.611407
1458 0.61791
1478.25 0.624178
1498.5 0.62973
1518.75 0.635927
1539 0.641369
1559.25 0.646279
1579.5 0.652079
1599.75 0.658985
1620 0.66461
1640.25 0.6696
1660.5 0.674482
1680.75 0.678551
1701 0.683095
1721.25 0.687776
1741.5 0.693355
1761.75 0.699013
1782 0.703373
1802.25 0.707357
1822.5 0.711718
1842.75 0.715813
1863 0.720551
1883.25 0.724745
1903.5 0.729244
1923.75 0.732587
1944 0.736887
1964.25 0.741278
1984.5 0.744744
2004.75 0.74826
2025 0.752319
2045.25 0.756074
2065.5 0.759576
2085.75 0.762533
2106 0.765912
2126.25 0.769005
2146.5 0.772192
2166.75 0.775419
2187 0.778326
2207.25 0.781792
2227.5 0.784957
2247.75 0.78774
2268 0.790799
2288.25 0.793337
2308.5 0.795349
2328.75 0.797524
2349 0.800255
2369.25 0.802323
2389.5 0.804882
2409.75 0.807095
2430 0.808353
2450.25 0.810977
2470.5 0.81315
2490.75 0.815278
2511 0.816389
2531.25 0.817955
2551.5 0.820174
2571.75 0.822107
2592 0.823078
2612.25 0.825178
2632.5 0.826359
2652.75 0.82713
2673 0.828573
2693.25 0.829493
2713.5 0.830548
2733.75 0.831278
2754 0.832225
2774.25 0.833398
2794.5 0.835077
2814.75 0.836986
2835 0.838195
2855.25 0.839691
2875.5 0.840629
2895.75 0.841181
2916 0.842422
2936.25 0.843214
2956.5 0.844328
2976.75 0.844741
2997 0.845592
3017.25 0.846365
3037.5 0.847857
3057.75 0.848129
3078 0.848659
3098.25 0.849293
3118.5 0.850031
3138.75 0.85089
3159 0.851793
3179.25 0.852823
3199.5 0.853923
3219.75 0.854417
3240 0.854884
3260.25 0.855519
3280.5 0.85647
3300.75 0.857732
3321 0.858156
3341.25 0.858373
3361.5 0.858856
3381.75 0.859755
3402 0.860141
3422.25 0.861037
3442.5 0.861777
3462.75 0.862091
3483 0.862654
3503.25 0.863612
3523.5 0.864495
3543.75 0.865111
3564 0.865229
3584.25 0.866106
3604.5 0.866704
3624.75 0.867782
3645 0.868052
3665.25 0.868408
3685.5 0.868774
3705.75 0.869338
3726 0.870412
3746.25 0.870847
3766.5 0.871198
3786.75 0.872162
3807 0.872677
3827.25 0.872582
3847.5 0.8731
3867.75 0.873725
3888 0.874547
3908.25 0.874857
3928.5 0.875036
3948.75 0.875391
3969 0.876383
3989.25 0.87633
4009.5 0.876871
4029.75 0.877626
4050 0.878019
