0 0.000186606
20.25 0.0274665
40.5 0.0493803
60.75 0.0678297
81 0.0861171
101.25 0.103154
121.5 0.120121
141.75 0.136386
162 0.151324
182.25 0.166928
202.5 0.182006
222.75 0.195984
243 0.209957
263.25 0.224372
283.5 0.238508
303.75 0.252256
324 0.266379
344.25 0.279658
364.5 0.292993
384.75 0.305936
405 0.318466
425.25 0.330473
445.5 0.34194
465.75 0.353864
486 0.365241
506.25 0.376824
526.5 0.388625
546.75 0.39969
567 0.410587
587.25 0.420819
607.5 0.43143
627.75 0.440954
648 0.45012
668.25 0.460693
688.5 0.470288
708.75 0.479051
729 0.488264
749.25 0.497487
769.5 0.505434
789.75 0.513717
810 0.521814
830.25 0.530044
850.5 0.537881
870.75 0.545863
891 0.553273
911.25 0.56114
931.5 0.569315
951.75 0.576079
972 0.583969
992.25 0.591111
1012.5 0.598347
1032.75 0.604719
1053 0.611449
1073.25 0.618122
1093.5 0.625063
1113.75 0.631671
1134 0.638805
1154.25 0.644979
1174.5 0.651975
1194.75 0.657114
1215 0.663289
1235.25 0.668894
1255.5 0.674405
1275.75 0.680031
1296 0.685868
1316.25 0.690931
1336.5 0.696728
1356.75 0.701636
1377 0.706556
1397.25 0.712065
1417.5 0.716277
1437.75 0.721576
1458 0.726498
1478.25 0.731377
1498.5 0.735926
1518.75 0.740722
1539 0.744987
1559.25 0.748717
1579.5 0.753308
1599.75 0.758609
1620 0.762897
1640.25 0.766988
1660.5 0.770849
1680.75 0.774014
1701 0.777513
1721.25 0.781108
1741.5 0.785504
1761.75 0.789627
1782 0.793033
1802.25 0.796087
1822.5 0.799435
1842.75 0.802637
1863 0.806183
1883.25 0.809314
1903.5 0.812754
1923.75 0.815557
1944 0.81871
1964.25 0.822014
1984.5 0.824553
2004.75 0.827155
2025 0.829992
2045.25 0.832805
2065.5 0.83532
2085.75 0.837555
2106 0.840172
2126.25 0.842593
2146.5 0.845065
2166.75 0.847508
2187 0.84977
2207.25 0.852375
2227.5 0.854672
2247.75 0.856793
2268 0.858893
2288.25 0.860731
2308.5 0.862283
2328.75 0.863967
2349 0.865906
2369.25 0.867384
2389.5 0.869204
2409.75 0.870989
2430 0.872007
2450.25 0.873929
2470.5 0.875514
2490.75 0.877005
2511 0.877974
2531.25 0.879219
2551.5 0.880807
2571.75 0.882107
2592 0.882958
2612.25 0.884457
2632.5 0.885411
2652.75 0.886112
2673 0.887285
2693.25 0.888082
2713.5 0.88888
2733.75 0.889497
2754 0.890384
2774.25 0.891372
2794.5 0.892561
2814.75 0.893862
2835 0.894855
2855.25 0.895821
2875.5 0.896648
2895.75 0.897223
2916 0.898201
2936.25 0.898837
2956.5 0.899783
2976.75 0.900164
2997 0.90082
3017.25 0.901529
3037.5 0.902581
3057.75 0.90299
3078 0.903479
3098.25 0.903984
3118.5 0.904626
3138.75 0.905284
3159 0.906057
3179.25 0.90681
3199.5 0.907538
3219.75 0.908062
3240 0.908375
3260.25 0.908939
3280.5 0.909645
3300.75 0.910587
3321 0.910967
3341.25 0.91129
3361.5 0.911795
3381.75 0.912436
3402 0.912734
3422.25 0.9133
3442.5 0.913978
3462.75 0.914314
3483 0.914688
3503.25 0.915375
3523.5 0.91613
3543.75 0.916585
3564 0.916838
3584.25 0.917526
3604.5 0.918037
3624.75 0.918749
3645 0.919017
3665.25 0.919339
3685.5 0.919683
3705.75 0.920132
3726 0.920816
3746.25 0.92122
3766.5 0.921531
3786.75 0.922237
3807 0.92257
3827.25 0.92269
3847.5 0.923162
3867.75 0.923601
3888 0.92425
3908.25 0.924519
3928.5 0.924787
3948.75 0.925027
3969 0.925663
3989.25 0.925737
4009.5 0.926056
4029.75 0.926587
4050 0.926914
