0 0.116995
20.25 0.0330105
40.5 0.0446949
60.75 0.0376925
81 0.0609462
101.25 0.0789474
121.5 0.0921705
141.75 0.111412
162 0.121373
182.25 0.1548
202.5 0.174095
222.75 0.192646
243 0.222354
263.25 0.240764
283.5 0.266315
303.75 0.296811
324 0.319026
344.25 0.338905
364.5 0.36101
384.75 0.378591
405 0.393185
425.25 0.403715
445.5 0.412232
465.75 0.420043
486 0.431804
506.25 0.440625
526.5 0.456979
546.75 0.467355
567 0.481006
587.25 0.491401
607.5 0.502521
627.75 0.512915
648 0.519417
668.25 0.530513
688.5 0.538626
708.75 0.547181
729 0.560204
749.25 0.570233
769.5 0.576982
789.75 0.587098
810 0.599105
830.25 0.606915
850.5 0.615181
870.75 0.624786
891 0.631666
911.25 0.641477
931.5 0.652376
951.75 0.663099
972 0.670802
992.25 0.677563
1012.5 0.686473
1032.75 0.691436
1053 0.700056
1073.25 0.706537
1093.5 0.713815
1113.75 0.718088
1134 0.725918
1154.25 0.733168
1174.5 0.740185
1194.75 0.742692
1215 0.74738
1235.25 0.754386
1255.5 0.757676
1275.75 0.765524
1296 0.77114
1316.25 0.77739
1336.5 0.783149
1356.75 0.787716
1377 0.792833
1397.25 0.797219
1417.5 0.800071
1437.75 0.8058
1458 0.809535
1478.25 0.813281
1498.5 0.817706
1518.75 0.821604
1539 0.826674
1559.25 0.829624
1579.5 0.833426
1599.75 0.83869
1620 0.841916
1640.25 0.845458
1660.5 0.847974
1680.75 0.850991
1701 0.853808
1721.25 0.858183
1741.5 0.86197
1761.75 0.864972
1782 0.866938
1802.25 0.869094
1822.5 0.872287
1842.75 0.874583
1863 0.877817
1883.25 0.880274
1903.5 0.881813
1923.75 0.884705
1944 0.886892
1964.25 0.889077
1984.5 0.89118
2004.75 0.892347
2025 0.894174
2045.25 0.896031
2065.5 0.897055
2085.75 0.89926
2106 0.900436
2126.25 0.902385
2146.5 0.904898
2166.75 0.906105
2187 0.908133
2207.25 0.910114
2227.5 0.910708
2247.75 0.911958
2268 0.913428
2288.25 0.914568
2308.5 0.916541
2328.75 0.917647
2349 0.918962
2369.25 0.919546
2389.5 0.920921
2409.75 0.922214
2430 0.922928
2450.25 0.92367
2470.5 0.924423
2490.75 0.925765
2511 0.926738
2531.25 0.927725
2551.5 0.928663
2571.75 0.93012
2592 0.930737
2612.25 0.931516
2632.5 0.932054
2652.75 0.932849
2673 0.934154
2693.25 0.935292
2713.5 0.936156
2733.75 0.93739
2754 0.938456
2774.25 0.939818
2794.5 0.940779
2814.75 0.941491
2835 0.942153
2855.25 0.943244
2875.5 0.94482
2895.75 0.945574
2916 0.946701
2936.25 0.946942
2956.5 0.947607
2976.75 0.948176
2997 0.948659
3017.25 0.949439
3037.5 0.950028
3057.75 0.951307
3078 0.952183
3098.25 0.952886
3118.5 0.953775
3138.75 0.954996
3159 0.955776
3179.25 0.956257
3199.5 0.956934
3219.75 0.957383
3240 0.957782
3260.25 0.958515
3280.5 0.959496
3300.75 0.961044
3321 0.962022
3341.25 0.962472
3361.5 0.963221
3381.75 0.963701
3402 0.964079
3422.25 0.964604
3442.5 0.965575
3462.75 0.966029
3483 0.966223
3503.25 0.967344
3523.5 0.968569
3543.75 0.969362
3564 0.969989
3584.25 0.971032
3604.5 0.971937
3624.75 0.971956
3645 0.972803
3665.25 0.973483
3685.5 0.974421
3705.75 0.975382
3726 0.976052
3746.25 0.976729
3766.5 0.976889
3786.75 0.978173
3807 0.978633
3827.25 0.979547
3847.5 0.980388
3867.75 0.980595
3888 0.981198
3908.25 0.981594
3928.5 0.982258
3948.75 0.982726
3969 0.983071
3989.25 0.983345
4009.5 0.983903
4029.75 0.984611
4050 0.985286
