0 -0.00258079
20.25 0.00269833
40.5 0.0248014
60.75 0.0574441
81 0.0969376
101.25 0.108132
121.5 0.128289
141.75 0.14995
162 0.167129
182.25 0.186643
202.5 0.200236
222.75 0.210331
243 0.233051
263.25 0.244707
283.5 0.258984
303.75 0.271348
324 0.287557
344.25 0.299886
364.5 0.326832
384.75 0.344447
405 0.359881
425.25 0.375301
445.5 0.384245
465.75 0.396822
486 0.408405
506.25 0.420675
526.5 0.437374
546.75 0.446009
567 0.462445
587.25 0.472239
607.5 0.486236
627.75 0.496587
648 0.505236
668.25 0.515938
688.5 0.52612
708.75 0.537022
729 0.549865
749.25 0.558399
769.5 0.567343
789.75 0.577114
810 0.585631
830.25 0.593017
850.5 0.602697
870.75 0.610013
891 0.618439
911.25 0.629011
931.5 0.639278
951.75 0.649712
972 0.657169
992.25 0.66521
1012.5 0.67395
1032.75 0.680786
1053 0.689824
1073.25 0.697639
1093.5 0.704772
1113.75 0.71029
1134 0.717381
1154.25 0.723895
1174.5 0.7321
1194.75 0.734848
1215 0.74041
1235.25 0.746069
1255.5 0.750257
1275.75 0.756506
1296 0.762303
1316.25 0.767603
1336.5 0.774191
1356.75 0.778325
1377 0.784765
1397.25 0.789611
1417.5 0.793226
1437.75 0.798375
1458 0.802072
1478.25 0.806349
1498.5 0.811682
1518.75 0.816614
1539 0.821878
1559.25 0.82417
1579.5 0.829324
1599.75 0.834811
1620 0.838333
1640.25 0.842924
1660.5 0.845846
1680.75 0.849441
1701 0.852998
1721.25 0.856748
1741.5 0.861223
1761.75 0.864079
1782 0.866702
1802.25 0.869497
1822.5 0.872487
1842.75 0.875305
1863 0.878083
1883.25 0.880643
1903.5 0.882867
1923.75 0.886607
1944 0.889056
1964.25 0.891419
1984.5 0.893407
2004.75 0.895479
2025 0.897777
2045.25 0.900276
2065.5 0.902086
2085.75 0.903549
2106 0.90577
2126.25 0.907872
2146.5 0.910291
2166.75 0.911482
2187 0.913975
2207.25 0.916256
2227.5 0.917811
2247.75 0.9194
2268 0.920726
2288.25 0.921566
2308.5 0.9232
2328.75 0.924459
2349 0.925812
2369.25 0.926828
2389.5 0.928143
2409.75 0.92954
2430 0.930016
2450.25 0.931136
2470.5 0.932328
2490.75 0.933563
2511 0.934686
2531.25 0.935802
2551.5 0.936943
2571.75 0.938102
2592 0.938996
2612.25 0.939785
2632.5 0.940546
2652.75 0.941097
2673 0.942477
2693.25 0.94349
2713.5 0.94415
2733.75 0.945399
2754 0.946424
2774.25 0.947872
2794.5 0.948834
2814.75 0.94985
2835 0.95097
2855.25 0.951739
2875.5 0.953167
2895.75 0.953963
2916 0.954761
2936.25 0.955023
2956.5 0.955727
2976.75 0.956178
2997 0.956882
3017.25 0.957845
3037.5 0.958725
3057.75 0.959819
3078 0.960469
3098.25 0.961031
3118.5 0.961712
3138.75 0.962382
3159 0.96324
3179.25 0.96365
3199.5 0.964244
3219.75 0.964839
3240 0.965186
3260.25 0.965694
3280.5 0.966592
3300.75 0.967846
3321 0.968461
3341.25 0.969065
3361.5 0.969679
3381.75 0.970153
3402 0.970425
3422.25 0.970752
3442.5 0.97166
3462.75 0.972006
3483 0.972077
3503.25 0.972912
3523.5 0.973844
3543.75 0.974416
3564 0.974914
3584.25 0.975936
3604.5 0.976588
3624.75 0.97669
3645 0.977367
3665.25 0.977862
3685.5 0.978573
3705.75 0.979253
3726 0.97973
3746.25 0.980395
3766.5 0.98058
3786.75 0.981364
3807 0.98164
3827.25 0.982247
3847.5 0.982765
3867.75 0.98296
3888 0.983424
3908.25 0.983861
3928.5 0.984331
3948.75 0.984573
3969 0.984842
3989.25 0.985118
4009.5 0.985293
4029.75 0.9858
4050 0.986189
