0 1012.38750000 1014.49750000
25.00000000 22.11000000 22.24000000
50.00000000 12.86250000 12.90000000
75.00000000 9.33500000 9.44750000
100.00000000 7.48000000 7.42750000
125.00000000 6.19750000 6.27500000
150.00000000 5.31500000 5.32750000
175.00000000 4.71000000 4.73250000
200.00000000 4.28750000 4.26750000
225.00000000 3.86000000 3.89750000
250.00000000 3.54500000 3.56500000
275.00000000 3.27500000 3.34500000
300.00000000 3.03000000 3.03250000
325.00000000 2.84000000 2.90000000
350.00000000 2.64250000 2.64750000
375.00000000 2.51500000 2.54750000
400.00000000 2.36500000 2.38750000
425.00000000 2.25250000 2.23750000
450.00000000 2.13500000 2.14500000
475.00000000 2.03000000 2.04500000
500.00000000 1.95500000 1.97750000
525.00000000 1.88250000 1.87500000
550.00000000 1.76500000 1.81000000
575.00000000 1.73250000 1.72000000
600.00000000 1.71250000 1.70500000
625.00000000 1.60500000 1.60500000
650.00000000 1.54000000 1.56500000
675.00000000 1.47500000 1.48000000
700.00000000 1.44750000 1.45000000
725.00000000 1.39250000 1.40750000
750.00000000 1.34000000 1.33000000
775.00000000 1.30500000 1.29250000
800.00000000 1.24500000 1.27000000
825.00000000 1.20500000 1.21250000
850.00000000 1.16250000 1.15000000
875.00000000 1.12750000 1.12750000
900.00000000 1.12250000 1.10250000
925.00000000 1.09500000 1.09500000
950.00000000 1.04500000 1.03750000
975.00000000 1.04000000 1.05000000
1000.00000000 0.96500000 0.98750000
1025.00000000 0.98250000 0.97000000
1050.00000000 0.92500000 0.94250000
1075.00000000 0.90250000 0.91250000
1100.00000000 0.87250000 0.88750000
1125.00000000 0.85000000 0.88000000
1150.00000000 0.81500000 0.85500000
1175.00000000 0.82750000 0.84750000
1200.00000000 0.79750000 0.83000000
1225.00000000 0.80250000 0.79250000
1250.00000000 0.73000000 0.76000000
1275.00000000 0.72500000 0.74000000
1300.00000000 0.66500000 0.70250000
1325.00000000 0.67750000 0.68750000
1350.00000000 0.66750000 0.67750000
1375.00000000 0.62750000 0.63500000
1400.00000000 0.60000000 0.62250000
1425.00000000 0.61500000 0.59500000
1450.00000000 0.55500000 0.57250000
1475.00000000 0.55500000 0.56000000
1500.00000000 0.52000000 0.53750000
1525.00000000 0.51750000 0.52750000
1550.00000000 0.50500000 0.49500000
1575.00000000 0.47750000 0.50000000
1600.00000000 0.48750000 0.47000000
1625.00000000 0.46500000 0.45000000
1650.00000000 0.43750000 0.44250000
1675.00000000 0.42000000 0.44750000
1700.00000000 0.42500000 0.42750000
1725.00000000 0.40750000 0.41000000
1750.00000000 0.41500000 0.39750000
1775.00000000 0.38250000 0.39750000
1800.00000000 0.37500000 0.37500000
1825.00000000 0.35750000 0.36500000
1850.00000000 0.37500000 0.36500000
1875.00000000 0.35500000 0.35250000
1900.00000000 0.35500000 0.34250000
1925.00000000 0.33000000 0.32250000
1950.00000000 0.32750000 0.32500000
1975.00000000 0.31250000 0.31250000
2000.00000000 0.31500000 0.30250000
2025.00000000 0.30000000 0.31000000
2050.00000000 0.29250000 0.28250000
2075.00000000 0.28500000 0.27500000
2100.00000000 0.25500000 0.26500000
2125.00000000 0.26000000 0.25750000
2150.00000000 0.25500000 0.24250000
2175.00000000 0.24000000 0.24250000
2200.00000000 0.22750000 0.23500000
2225.00000000 0.23000000 0.22500000
2250.00000000 0.21750000 0.23250000
2275.00000000 0.20500000 0.20750000
2300.00000000 0.20500000 0.20500000
2325.00000000 0.20500000 0.19500000
2350.00000000 0.18500000 0.20000000
2375.00000000 0.19500000 0.19000000
2400.00000000 0.18250000 0.18000000
2425.00000000 0.18250000 0.18000000
2450.00000000 0.14750000 0.17250000
2475.00000000 0.16250000 0.16250000
2500.00000000 0.15750000 0.16750000
2525.00000000 0.16250000 0.16500000
2550.00000000 0.15250000 0.15500000
2575.00000000 0.15000000 0.14750000
2600.00000000 0.14000000 0.14250000
2625.00000000 0.13250000 0.14000000
2650.00000000 0.13500000 0.14000000
2675.00000000 0.12000000 0.13000000
2700.00000000 0.12750000 0.13500000
2725.00000000 0.11750000 0.12250000
2750.00000000 0.10500000 0.12000000
2775.00000000 0.10750000 0.11000000
2800.00000000 0.11250000 0.10750000
2825.00000000 0.10000000 0.11500000
2850.00000000 0.10000000 0.10250000
2875.00000000 0.09750000 0.09750000
2900.00000000 0.10250000 0.10500000
2925.00000000 0.10500000 0.09250000
2950.00000000 0.10000000 0.09250000
2975.00000000 0.09750000 0.10500000
3000.00000000 0.10500000 0.10250000
3025.00000000 0.10000000 0.09750000
3050.00000000 0.08250000 0.09250000
3075.00000000 0.08250000 0.09000000
3100.00000000 0.09000000 0.08750000
3125.00000000 0.09250000 0.08750000
3150.00000000 0.08500000 0.08250000
3175.00000000 0.08000000 0.08250000
3200.00000000 0.08250000 0.08500000
3225.00000000 0.08500000 0.08250000
3250.00000000 0.08500000 0.08000000
3275.00000000 0.07000000 0.08250000
3300.00000000 0.08500000 0.08250000
3325.00000000 0.07750000 0.07750000
3350.00000000 0.06750000 0.06500000
3375.00000000 0.07500000 0.07000000
3400.00000000 0.06500000 0.07500000
3425.00000000 0.07250000 0.06750000
3450.00000000 0.06750000 0.07250000
3475.00000000 0.06500000 0.05750000
3500.00000000 0.06500000 0.07000000
3525.00000000 0.05750000 0.06500000
3550.00000000 0.06000000 0.06000000
3575.00000000 0.06250000 0.06250000
3600.00000000 0.05750000 0.05750000
3625.00000000 0.05750000 0.05750000
3650.00000000 0.05250000 0.06000000
3675.00000000 0.05250000 0.05000000
3700.00000000 0.05000000 0.05500000
3725.00000000 0.04750000 0.04500000
3750.00000000 0.04750000 0.04500000
3775.00000000 0.04750000 0.04500000
3800.00000000 0.04750000 0.04750000
3825.00000000 0.04750000 0.04500000
3850.00000000 0.04250000 0.04250000
3875.00000000 0.04500000 0.04500000
3900.00000000 0.03750000 0.04250000
3925.00000000 0.03750000 0.04250000
3950.00000000 0.04250000 0.03750000
3975.00000000 0.04250000 0.04000000
4000.00000000 0.03500000 0.03500000
4025.00000000 0.03000000 0.02750000
4050.00000000 0.03250000 0.03250000
4075.00000000 0.03000000 0.03250000
4100.00000000 0.03000000 0.03250000
4125.00000000 0.02750000 0.03000000
4150.00000000 0.02250000 0.02500000
4175.00000000 0.02750000 0.02500000
4200.00000000 0.02250000 0.02500000
4225.00000000 0.02000000 0.02250000
4250.00000000 0.01750000 0.01750000
4275.00000000 0.01500000 0.01750000
4300.00000000 0.01000000 0.01500000
4325.00000000 0.01000000 0.01500000
4350.00000000 0.01250000 0.01500000
4375.00000000 0.01000000 0.01500000
4400.00000000 0.01000000 0.01000000
4425.00000000 0.01250000 0.01250000
4450.00000000 0.01250000 0.01250000
4475.00000000 0.00750000 0.00500000
4500.00000000 0.00750000 0.00500000
4525.00000000 0.00750000 0.00750000
4550.00000000 0.00750000 0.00500000
4575.00000000 0.00750000 0.00750000
4600.00000000 0.00750000 0.00750000
4625.00000000 0.00750000 0.00750000
4650.00000000 0.00750000 0.00750000
4675.00000000 0.00750000 0.00500000
4700.00000000 0.00750000 0.00750000
4725.00000000 0.00750000 0.00750000
4750.00000000 0.00750000 0.00500000
4775.00000000 0.00750000 0.00750000
4800.00000000 0.00750000 0.00500000
4825.00000000 0.00500000 0.00750000
4850.00000000 0.00500000 0.00500000
4875.00000000 0.00750000 0.00500000
4900.00000000 0.00750000 0.00750000
4925.00000000 0.00750000 0.00750000
4950.00000000 0.00500000 0.00750000
4975.00000000 0.00750000 0.00750000
5000.00000000 0.00750000 0.00750000
