0 1011.42000000 1013.55000000
25.00000000 22.05000000 22.22500000
50.00000000 12.80500000 12.83000000
75.00000000 9.19000000 9.32500000
100.00000000 7.34000000 7.27000000
125.00000000 5.98000000 6.03500000
150.00000000 5.09000000 5.13500000
175.00000000 4.65000000 4.59500000
200.00000000 4.16000000 4.21500000
225.00000000 3.77500000 3.82500000
250.00000000 3.44000000 3.51000000
275.00000000 3.18000000 3.26500000
300.00000000 2.93500000 2.93500000
325.00000000 2.79000000 2.81000000
350.00000000 2.60000000 2.56500000
375.00000000 2.43000000 2.45500000
400.00000000 2.28500000 2.34000000
425.00000000 2.14500000 2.17500000
450.00000000 2.14500000 2.11000000
475.00000000 1.99000000 1.99500000
500.00000000 1.91500000 1.93000000
525.00000000 1.86500000 1.83000000
550.00000000 1.66000000 1.71500000
575.00000000 1.66000000 1.62000000
600.00000000 1.63000000 1.58000000
625.00000000 1.51500000 1.50500000
650.00000000 1.45500000 1.47000000
675.00000000 1.37000000 1.37500000
700.00000000 1.35000000 1.34000000
725.00000000 1.29000000 1.32500000
750.00000000 1.23000000 1.24000000
775.00000000 1.20000000 1.18000000
800.00000000 1.16000000 1.16500000
825.00000000 1.10000000 1.10000000
850.00000000 1.04000000 1.04000000
875.00000000 1.03000000 0.98000000
900.00000000 1.00000000 0.96500000
925.00000000 0.96500000 0.97000000
950.00000000 0.91000000 0.92500000
975.00000000 0.90500000 0.92000000
1000.00000000 0.87000000 0.86000000
1025.00000000 0.83500000 0.85000000
1050.00000000 0.80500000 0.84000000
1075.00000000 0.78000000 0.80000000
1100.00000000 0.78000000 0.77000000
1125.00000000 0.77500000 0.77000000
1150.00000000 0.71500000 0.75000000
1175.00000000 0.70500000 0.73500000
1200.00000000 0.69500000 0.73000000
1225.00000000 0.69500000 0.67500000
1250.00000000 0.61500000 0.65000000
1275.00000000 0.63500000 0.63500000
1300.00000000 0.58000000 0.58500000
1325.00000000 0.57000000 0.59000000
1350.00000000 0.56000000 0.58000000
1375.00000000 0.54000000 0.55000000
1400.00000000 0.55000000 0.54000000
1425.00000000 0.53000000 0.51500000
1450.00000000 0.48500000 0.47500000
1475.00000000 0.48500000 0.48500000
1500.00000000 0.47000000 0.48500000
1525.00000000 0.46500000 0.48000000
1550.00000000 0.45500000 0.45500000
1575.00000000 0.44000000 0.46000000
1600.00000000 0.45000000 0.44000000
1625.00000000 0.42500000 0.39000000
1650.00000000 0.37000000 0.39000000
1675.00000000 0.36500000 0.40500000
1700.00000000 0.38500000 0.38000000
1725.00000000 0.37000000 0.37500000
1750.00000000 0.37000000 0.38000000
1775.00000000 0.33500000 0.34500000
1800.00000000 0.31500000 0.33500000
1825.00000000 0.31000000 0.32000000
1850.00000000 0.32000000 0.30500000
1875.00000000 0.29500000 0.30500000
1900.00000000 0.30500000 0.30000000
1925.00000000 0.28500000 0.28500000
1950.00000000 0.26500000 0.29000000
1975.00000000 0.27000000 0.25500000
2000.00000000 0.26500000 0.26000000
2025.00000000 0.25500000 0.25500000
2050.00000000 0.24000000 0.23000000
2075.00000000 0.22000000 0.21500000
2100.00000000 0.19500000 0.20500000
2125.00000000 0.19500000 0.19000000
2150.00000000 0.18500000 0.17500000
2175.00000000 0.17500000 0.16000000
2200.00000000 0.16500000 0.16000000
2225.00000000 0.17500000 0.18000000
2250.00000000 0.15500000 0.17000000
2275.00000000 0.14500000 0.15500000
2300.00000000 0.15500000 0.15500000
2325.00000000 0.15000000 0.14500000
2350.00000000 0.14000000 0.14500000
2375.00000000 0.15000000 0.15000000
2400.00000000 0.14500000 0.13500000
2425.00000000 0.14500000 0.14000000
2450.00000000 0.12000000 0.13500000
2475.00000000 0.13000000 0.13500000
2500.00000000 0.12500000 0.13500000
2525.00000000 0.13000000 0.14000000
2550.00000000 0.13000000 0.13500000
2575.00000000 0.12000000 0.13000000
2600.00000000 0.11500000 0.11500000
2625.00000000 0.11500000 0.11500000
2650.00000000 0.11000000 0.11500000
2675.00000000 0.09500000 0.10000000
2700.00000000 0.10000000 0.10500000
2725.00000000 0.09500000 0.09000000
2750.00000000 0.09500000 0.09500000
2775.00000000 0.09500000 0.08500000
2800.00000000 0.09000000 0.08000000
2825.00000000 0.09000000 0.09000000
2850.00000000 0.08000000 0.08000000
2875.00000000 0.07500000 0.08000000
2900.00000000 0.09000000 0.08500000
2925.00000000 0.08500000 0.07500000
2950.00000000 0.08000000 0.07000000
2975.00000000 0.07000000 0.08500000
3000.00000000 0.08500000 0.08500000
3025.00000000 0.08500000 0.08500000
3050.00000000 0.07000000 0.07500000
3075.00000000 0.06000000 0.07000000
3100.00000000 0.07500000 0.07500000
3125.00000000 0.07500000 0.07000000
3150.00000000 0.07500000 0.07500000
3175.00000000 0.06500000 0.07000000
3200.00000000 0.06500000 0.06500000
3225.00000000 0.07000000 0.06000000
3250.00000000 0.07000000 0.07000000
3275.00000000 0.05500000 0.06500000
3300.00000000 0.07000000 0.06500000
3325.00000000 0.07000000 0.07000000
3350.00000000 0.04500000 0.05000000
3375.00000000 0.06000000 0.05000000
3400.00000000 0.04000000 0.06000000
3425.00000000 0.06000000 0.04500000
3450.00000000 0.05500000 0.05500000
3475.00000000 0.05500000 0.04500000
3500.00000000 0.05500000 0.05500000
3525.00000000 0.04500000 0.05000000
3550.00000000 0.05000000 0.04500000
3575.00000000 0.05000000 0.05000000
3600.00000000 0.04000000 0.04000000
3625.00000000 0.04500000 0.04500000
3650.00000000 0.03500000 0.04500000
3675.00000000 0.04500000 0.04000000
3700.00000000 0.04500000 0.04500000
3725.00000000 0.04000000 0.04000000
3750.00000000 0.03500000 0.03500000
3775.00000000 0.04000000 0.03500000
3800.00000000 0.04000000 0.04000000
3825.00000000 0.04000000 0.04000000
3850.00000000 0.03000000 0.04000000
3875.00000000 0.04000000 0.04000000
3900.00000000 0.03000000 0.04000000
3925.00000000 0.03500000 0.04000000
3950.00000000 0.04000000 0.03000000
3975.00000000 0.04000000 0.04000000
4000.00000000 0.03500000 0.03500000
4025.00000000 0.03000000 0.02500000
4050.00000000 0.03000000 0.03000000
4075.00000000 0.03000000 0.03000000
4100.00000000 0.02500000 0.03000000
4125.00000000 0.02500000 0.03000000
4150.00000000 0.02000000 0.02000000
4175.00000000 0.02500000 0.02500000
4200.00000000 0.02500000 0.02500000
4225.00000000 0.02000000 0.02000000
4250.00000000 0.01000000 0.01000000
4275.00000000 0.01000000 0.01000000
4300.00000000 0.00500000 0.01000000
4325.00000000 0.00500000 0.01000000
4350.00000000 0.01000000 0.01000000
4375.00000000 0.01000000 0.01000000
4400.00000000 0.00500000 0.00500000
4425.00000000 0.01000000 0.01000000
4450.00000000 0.01000000 0.01000000
4475.00000000 0.01000000 0.00500000
4500.00000000 0.01000000 0.01000000
4525.00000000 0.01000000 0.01000000
4550.00000000 0.01000000 0.00500000
4575.00000000 0.01000000 0.01000000
4600.00000000 0.01000000 0.01000000
4625.00000000 0.01000000 0.01000000
4650.00000000 0.01000000 0.01000000
4675.00000000 0.01000000 0.01000000
4700.00000000 0.01000000 0.01000000
4725.00000000 0.01000000 0.01000000
4750.00000000 0.01000000 0.01000000
4775.00000000 0.01000000 0.01000000
4800.00000000 0.01000000 0.01000000
4825.00000000 0.00500000 0.01000000
4850.00000000 0.00500000 0.00500000
4875.00000000 0.01000000 0.00500000
4900.00000000 0.01000000 0.01000000
4925.00000000 0.01000000 0.01000000
4950.00000000 0.01000000 0.01000000
4975.00000000 0.01000000 0.01000000
5000.00000000 0.01000000 0.01000000
