0 1012.08000000 1013.97666667
25.00000000 22.05666667 22.14666667
50.00000000 12.89000000 12.96333333
75.00000000 9.35333333 9.42833333
100.00000000 7.44833333 7.45166667
125.00000000 6.20333333 6.26333333
150.00000000 5.34833333 5.35833333
175.00000000 4.71000000 4.72500000
200.00000000 4.26666667 4.26500000
225.00000000 3.82000000 3.86000000
250.00000000 3.49333333 3.51666667
275.00000000 3.24666667 3.29833333
300.00000000 3.03333333 3.04333333
325.00000000 2.82333333 2.87833333
350.00000000 2.64000000 2.66000000
375.00000000 2.51500000 2.52166667
400.00000000 2.36833333 2.39333333
425.00000000 2.26000000 2.24000000
450.00000000 2.14333333 2.16166667
475.00000000 2.05000000 2.05666667
500.00000000 1.96833333 1.97166667
525.00000000 1.88000000 1.86833333
550.00000000 1.77333333 1.81500000
575.00000000 1.70333333 1.71333333
600.00000000 1.67833333 1.69000000
625.00000000 1.58333333 1.59500000
650.00000000 1.51500000 1.53500000
675.00000000 1.46500000 1.47166667
700.00000000 1.42833333 1.43500000
725.00000000 1.37833333 1.38666667
750.00000000 1.33333333 1.32333333
775.00000000 1.30333333 1.29166667
800.00000000 1.24500000 1.27333333
825.00000000 1.20166667 1.21166667
850.00000000 1.16833333 1.15666667
875.00000000 1.13666667 1.14500000
900.00000000 1.12500000 1.11666667
925.00000000 1.10833333 1.10000000
950.00000000 1.05166667 1.05166667
975.00000000 1.03833333 1.05000000
1000.00000000 0.98666667 0.99333333
1025.00000000 0.99333333 0.99166667
1050.00000000 0.95000000 0.96166667
1075.00000000 0.91833333 0.93166667
1100.00000000 0.89333333 0.90666667
1125.00000000 0.88333333 0.89833333
1150.00000000 0.84666667 0.87000000
1175.00000000 0.85000000 0.86500000
1200.00000000 0.82500000 0.84833333
1225.00000000 0.81500000 0.80833333
1250.00000000 0.75666667 0.77166667
1275.00000000 0.73833333 0.75833333
1300.00000000 0.69333333 0.72166667
1325.00000000 0.69166667 0.70666667
1350.00000000 0.68166667 0.68333333
1375.00000000 0.65500000 0.67000000
1400.00000000 0.62500000 0.65000000
1425.00000000 0.62500000 0.61500000
1450.00000000 0.57500000 0.59166667
1475.00000000 0.57333333 0.57666667
1500.00000000 0.53166667 0.55333333
1525.00000000 0.53000000 0.54000000
1550.00000000 0.51500000 0.50166667
1575.00000000 0.48333333 0.49333333
1600.00000000 0.48833333 0.47833333
1625.00000000 0.47333333 0.45333333
1650.00000000 0.45000000 0.45333333
1675.00000000 0.42833333 0.44333333
1700.00000000 0.43000000 0.43833333
1725.00000000 0.42166667 0.41833333
1750.00000000 0.42500000 0.41333333
1775.00000000 0.39500000 0.41000000
1800.00000000 0.38833333 0.38833333
1825.00000000 0.37500000 0.37833333
1850.00000000 0.38666667 0.37833333
1875.00000000 0.36666667 0.37000000
1900.00000000 0.36166667 0.35833333
1925.00000000 0.33500000 0.32666667
1950.00000000 0.32833333 0.33166667
1975.00000000 0.31833333 0.31333333
2000.00000000 0.31833333 0.31166667
2025.00000000 0.30166667 0.30833333
2050.00000000 0.29500000 0.28666667
2075.00000000 0.28166667 0.28000000
2100.00000000 0.25500000 0.26333333
2125.00000000 0.25333333 0.25833333
2150.00000000 0.25500000 0.25166667
2175.00000000 0.24333333 0.23500000
2200.00000000 0.23000000 0.23166667
2225.00000000 0.23166667 0.22666667
2250.00000000 0.22500000 0.22833333
2275.00000000 0.21666667 0.22000000
2300.00000000 0.21500000 0.21500000
2325.00000000 0.20666667 0.20500000
2350.00000000 0.19666667 0.20666667
2375.00000000 0.19666667 0.19833333
2400.00000000 0.19500000 0.18833333
2425.00000000 0.18666667 0.19000000
2450.00000000 0.15666667 0.18000000
2475.00000000 0.16833333 0.17166667
2500.00000000 0.16500000 0.17000000
2525.00000000 0.16666667 0.16333333
2550.00000000 0.15500000 0.16000000
2575.00000000 0.15166667 0.15000000
2600.00000000 0.14666667 0.14666667
2625.00000000 0.13500000 0.14000000
2650.00000000 0.13666667 0.14666667
2675.00000000 0.12833333 0.13833333
2700.00000000 0.13333333 0.13666667
2725.00000000 0.12333333 0.12333333
2750.00000000 0.11333333 0.12166667
2775.00000000 0.11333333 0.11500000
2800.00000000 0.11333333 0.11500000
2825.00000000 0.10666667 0.11666667
2850.00000000 0.10500000 0.10500000
2875.00000000 0.10000000 0.09833333
2900.00000000 0.10166667 0.10500000
2925.00000000 0.10500000 0.09333333
2950.00000000 0.09833333 0.09166667
2975.00000000 0.09666667 0.10000000
3000.00000000 0.10000000 0.10000000
3025.00000000 0.09500000 0.09333333
3050.00000000 0.08666667 0.09166667
3075.00000000 0.08333333 0.08833333
3100.00000000 0.08000000 0.08666667
3125.00000000 0.08666667 0.08500000
3150.00000000 0.08000000 0.08166667
3175.00000000 0.07500000 0.07833333
3200.00000000 0.08000000 0.08000000
3225.00000000 0.08000000 0.08000000
3250.00000000 0.07833333 0.07666667
3275.00000000 0.07166667 0.07666667
3300.00000000 0.07833333 0.07666667
3325.00000000 0.07166667 0.07500000
3350.00000000 0.06500000 0.06500000
3375.00000000 0.07166667 0.06833333
3400.00000000 0.06500000 0.07000000
3425.00000000 0.06833333 0.06333333
3450.00000000 0.06500000 0.06666667
3475.00000000 0.06333333 0.05666667
3500.00000000 0.06333333 0.06666667
3525.00000000 0.05666667 0.06333333
3550.00000000 0.05333333 0.05833333
3575.00000000 0.06000000 0.05666667
3600.00000000 0.05500000 0.05333333
3625.00000000 0.05000000 0.05333333
3650.00000000 0.04833333 0.05166667
3675.00000000 0.04666667 0.04500000
3700.00000000 0.04500000 0.04833333
3725.00000000 0.04333333 0.04000000
3750.00000000 0.04000000 0.03833333
3775.00000000 0.04166667 0.04000000
3800.00000000 0.04333333 0.04333333
3825.00000000 0.04166667 0.04166667
3850.00000000 0.04000000 0.04000000
3875.00000000 0.04166667 0.04166667
3900.00000000 0.03666667 0.03833333
3925.00000000 0.03666667 0.04000000
3950.00000000 0.03833333 0.03666667
3975.00000000 0.03500000 0.03500000
4000.00000000 0.03000000 0.03166667
4025.00000000 0.02666667 0.02666667
4050.00000000 0.03000000 0.03000000
4075.00000000 0.02833333 0.03000000
4100.00000000 0.02666667 0.02833333
4125.00000000 0.02666667 0.02833333
4150.00000000 0.02000000 0.02500000
4175.00000000 0.02666667 0.02500000
4200.00000000 0.02333333 0.02500000
4225.00000000 0.02166667 0.02166667
4250.00000000 0.02000000 0.02000000
4275.00000000 0.01833333 0.02000000
4300.00000000 0.01333333 0.01500000
4325.00000000 0.01166667 0.01666667
4350.00000000 0.01333333 0.01500000
4375.00000000 0.01166667 0.01333333
4400.00000000 0.01166667 0.01166667
4425.00000000 0.01166667 0.01000000
4450.00000000 0.01166667 0.01166667
4475.00000000 0.00833333 0.00666667
4500.00000000 0.00833333 0.00666667
4525.00000000 0.00833333 0.00833333
4550.00000000 0.00833333 0.00666667
4575.00000000 0.00666667 0.00666667
4600.00000000 0.00666667 0.00666667
4625.00000000 0.00666667 0.00666667
4650.00000000 0.00666667 0.00500000
4675.00000000 0.00666667 0.00500000
4700.00000000 0.00666667 0.00666667
4725.00000000 0.00666667 0.00666667
4750.00000000 0.00666667 0.00500000
4775.00000000 0.00666667 0.00666667
4800.00000000 0.00666667 0.00500000
4825.00000000 0.00500000 0.00666667
4850.00000000 0.00333333 0.00333333
4875.00000000 0.00500000 0.00333333
4900.00000000 0.00500000 0.00500000
4925.00000000 0.00500000 0.00500000
4950.00000000 0.00333333 0.00500000
4975.00000000 0.00500000 0.00500000
5000.00000000 0.00500000 0.00500000
