0 1011.44250000 1013.24250000
25.00000000 22.00000000 22.09250000
50.00000000 12.87500000 12.96000000
75.00000000 9.29000000 9.35750000
100.00000000 7.36250000 7.38500000
125.00000000 6.09750000 6.13750000
150.00000000 5.25250000 5.27750000
175.00000000 4.68000000 4.65250000
200.00000000 4.19250000 4.23750000
225.00000000 3.75750000 3.80500000
250.00000000 3.41500000 3.46500000
275.00000000 3.18500000 3.23500000
300.00000000 2.98750000 3.00000000
325.00000000 2.79000000 2.82250000
350.00000000 2.61750000 2.62500000
375.00000000 2.47250000 2.46250000
400.00000000 2.33000000 2.37250000
425.00000000 2.21000000 2.21000000
450.00000000 2.15250000 2.15250000
475.00000000 2.04000000 2.03750000
500.00000000 1.95500000 1.94500000
525.00000000 1.87000000 1.84250000
550.00000000 1.72500000 1.77000000
575.00000000 1.65250000 1.66000000
600.00000000 1.62000000 1.62000000
625.00000000 1.52750000 1.54000000
650.00000000 1.46000000 1.47250000
675.00000000 1.40750000 1.41500000
700.00000000 1.37000000 1.37250000
725.00000000 1.32000000 1.33500000
750.00000000 1.27500000 1.27500000
775.00000000 1.25000000 1.23500000
800.00000000 1.20250000 1.22250000
825.00000000 1.14750000 1.15500000
850.00000000 1.11000000 1.10500000
875.00000000 1.09250000 1.08000000
900.00000000 1.06500000 1.05500000
925.00000000 1.05000000 1.04000000
950.00000000 0.98750000 1.00250000
975.00000000 0.97000000 0.98500000
1000.00000000 0.95000000 0.93250000
1025.00000000 0.92500000 0.94250000
1050.00000000 0.90250000 0.92000000
1075.00000000 0.86500000 0.88500000
1100.00000000 0.85750000 0.85750000
1125.00000000 0.86250000 0.85250000
1150.00000000 0.81250000 0.82500000
1175.00000000 0.80000000 0.81750000
1200.00000000 0.78750000 0.80750000
1225.00000000 0.76750000 0.75750000
1250.00000000 0.71250000 0.72250000
1275.00000000 0.70000000 0.71500000
1300.00000000 0.66500000 0.67250000
1325.00000000 0.64500000 0.66750000
1350.00000000 0.63500000 0.63750000
1375.00000000 0.62500000 0.64500000
1400.00000000 0.61250000 0.62250000
1425.00000000 0.58750000 0.58500000
1450.00000000 0.55000000 0.55250000
1475.00000000 0.54750000 0.54750000
1500.00000000 0.51250000 0.53500000
1525.00000000 0.51000000 0.52250000
1550.00000000 0.49500000 0.48500000
1575.00000000 0.46750000 0.47000000
1600.00000000 0.47000000 0.46750000
1625.00000000 0.45750000 0.42500000
1650.00000000 0.42250000 0.43250000
1675.00000000 0.40500000 0.42000000
1700.00000000 0.41250000 0.42000000
1725.00000000 0.41000000 0.40500000
1750.00000000 0.40750000 0.41250000
1775.00000000 0.37750000 0.39000000
1800.00000000 0.36500000 0.37500000
1825.00000000 0.36000000 0.36250000
1850.00000000 0.36500000 0.35500000
1875.00000000 0.34250000 0.35500000
1900.00000000 0.34000000 0.34500000
1925.00000000 0.31500000 0.31000000
1950.00000000 0.29750000 0.31750000
1975.00000000 0.30000000 0.28500000
2000.00000000 0.29500000 0.29500000
2025.00000000 0.28000000 0.28000000
2050.00000000 0.27000000 0.26250000
2075.00000000 0.24750000 0.25250000
2100.00000000 0.22500000 0.23250000
2125.00000000 0.21750000 0.22500000
2150.00000000 0.22000000 0.22250000
2175.00000000 0.21250000 0.19000000
2200.00000000 0.20000000 0.19250000
2225.00000000 0.20500000 0.20500000
2250.00000000 0.19750000 0.19500000
2275.00000000 0.19250000 0.20000000
2300.00000000 0.19500000 0.19500000
2325.00000000 0.18000000 0.18500000
2350.00000000 0.18000000 0.18250000
2375.00000000 0.17500000 0.18250000
2400.00000000 0.18250000 0.17000000
2425.00000000 0.17000000 0.17500000
2450.00000000 0.14750000 0.16500000
2475.00000000 0.15500000 0.16250000
2500.00000000 0.15250000 0.15500000
2525.00000000 0.15250000 0.15000000
2550.00000000 0.14500000 0.15250000
2575.00000000 0.13750000 0.14250000
2600.00000000 0.13750000 0.13500000
2625.00000000 0.12750000 0.12750000
2650.00000000 0.12500000 0.13750000
2675.00000000 0.12000000 0.12750000
2700.00000000 0.12250000 0.12250000
2725.00000000 0.11500000 0.10750000
2750.00000000 0.11250000 0.11000000
2775.00000000 0.11000000 0.10500000
2800.00000000 0.10250000 0.10500000
2825.00000000 0.10500000 0.10500000
2850.00000000 0.09750000 0.09500000
2875.00000000 0.09000000 0.09000000
2900.00000000 0.09500000 0.09500000
2925.00000000 0.09500000 0.08500000
2950.00000000 0.08750000 0.08000000
2975.00000000 0.08250000 0.08750000
3000.00000000 0.08750000 0.09000000
3025.00000000 0.08500000 0.08500000
3050.00000000 0.08250000 0.08250000
3075.00000000 0.07250000 0.07750000
3100.00000000 0.06750000 0.08000000
3125.00000000 0.07500000 0.07500000
3150.00000000 0.07250000 0.07750000
3175.00000000 0.06500000 0.07000000
3200.00000000 0.07000000 0.06750000
3225.00000000 0.07000000 0.06750000
3250.00000000 0.06750000 0.07000000
3275.00000000 0.06500000 0.06500000
3300.00000000 0.06750000 0.06500000
3325.00000000 0.06500000 0.07000000
3350.00000000 0.05250000 0.05750000
3375.00000000 0.06250000 0.05750000
3400.00000000 0.05250000 0.06000000
3425.00000000 0.06000000 0.05000000
3450.00000000 0.05750000 0.05500000
3475.00000000 0.05750000 0.05000000
3500.00000000 0.05750000 0.05750000
3525.00000000 0.05000000 0.05500000
3550.00000000 0.04500000 0.05000000
3575.00000000 0.05250000 0.04750000
3600.00000000 0.04500000 0.04250000
3625.00000000 0.04000000 0.04500000
3650.00000000 0.03750000 0.04000000
3675.00000000 0.04000000 0.03750000
3700.00000000 0.04000000 0.04000000
3725.00000000 0.03750000 0.03500000
3750.00000000 0.03000000 0.03000000
3775.00000000 0.03500000 0.03250000
3800.00000000 0.03750000 0.03750000
3825.00000000 0.03500000 0.03750000
3850.00000000 0.03250000 0.03750000
3875.00000000 0.03750000 0.03750000
3900.00000000 0.03250000 0.03500000
3925.00000000 0.03500000 0.03750000
3950.00000000 0.03500000 0.03250000
3975.00000000 0.03000000 0.03250000
4000.00000000 0.02750000 0.03000000
4025.00000000 0.02500000 0.02500000
4050.00000000 0.02750000 0.02750000
4075.00000000 0.02750000 0.02750000
4100.00000000 0.02250000 0.02500000
4125.00000000 0.02500000 0.02750000
4150.00000000 0.01750000 0.02250000
4175.00000000 0.02500000 0.02500000
4200.00000000 0.02500000 0.02500000
4225.00000000 0.02250000 0.02000000
4250.00000000 0.01750000 0.01750000
4275.00000000 0.01750000 0.01750000
4300.00000000 0.01250000 0.01250000
4325.00000000 0.01000000 0.01500000
4350.00000000 0.01250000 0.01250000
4375.00000000 0.01250000 0.01000000
4400.00000000 0.01000000 0.01000000
4425.00000000 0.01000000 0.00750000
4450.00000000 0.01000000 0.01000000
4475.00000000 0.01000000 0.00750000
4500.00000000 0.01000000 0.01000000
4525.00000000 0.01000000 0.01000000
4550.00000000 0.01000000 0.00750000
4575.00000000 0.00750000 0.00750000
4600.00000000 0.00750000 0.00750000
4625.00000000 0.00750000 0.00750000
4650.00000000 0.00750000 0.00500000
4675.00000000 0.00750000 0.00750000
4700.00000000 0.00750000 0.00750000
4725.00000000 0.00750000 0.00750000
4750.00000000 0.00750000 0.00750000
4775.00000000 0.00750000 0.00750000
4800.00000000 0.00750000 0.00750000
4825.00000000 0.00500000 0.00750000
4850.00000000 0.00250000 0.00250000
4875.00000000 0.00500000 0.00250000
4900.00000000 0.00500000 0.00500000
4925.00000000 0.00500000 0.00500000
4950.00000000 0.00500000 0.00500000
4975.00000000 0.00500000 0.00500000
5000.00000000 0.00500000 0.00500000
