0 364.35548173 364.58139535
9.00000000 18.62458472 18.74086379
18.00000000 12.50000000 12.51333333
27.00000000 10.39000000 10.45666667
36.00000000 9.20000000 9.24666667
45.00000000 8.36333333 8.35666667
54.00000000 7.91666667 7.85666667
63.00000000 7.50333333 7.54000000
72.00000000 7.24333333 7.25666667
81.00000000 6.90666667 6.97000000
90.00000000 6.70333333 6.63666667
99.00000000 6.43000000 6.45333333
108.00000000 6.20333333 6.19000000
117.00000000 6.13333333 6.12666667
126.00000000 5.96000000 5.96333333
135.00000000 5.81666667 5.75000000
144.00000000 5.70333333 5.67000000
153.00000000 5.61333333 5.59333333
162.00000000 5.50666667 5.45666667
171.00000000 5.35000000 5.34666667
180.00000000 5.17666667 5.22000000
189.00000000 4.98666667 5.04000000
198.00000000 5.04666667 5.04000000
207.00000000 4.89000000 4.92333333
216.00000000 4.84000000 4.88000000
225.00000000 4.82333333 4.80000000
234.00000000 4.69000000 4.68000000
243.00000000 4.64666667 4.63666667
252.00000000 4.57000000 4.60000000
261.00000000 4.57000000 4.53333333
270.00000000 4.41333333 4.44333333
279.00000000 4.44333333 4.49333333
288.00000000 4.26333333 4.33000000
297.00000000 4.33333333 4.37000000
306.00000000 4.38333333 4.41333333
315.00000000 4.19666667 4.19666667
324.00000000 4.23666667 4.27666667
333.00000000 4.04333333 4.10000000
342.00000000 4.06000000 4.10000000
351.00000000 4.02666667 4.00000000
360.00000000 3.97666667 4.00333333
369.00000000 3.93666667 3.98333333
378.00000000 3.90000000 3.93000000
387.00000000 3.88000000 3.87333333
396.00000000 3.78666667 3.80333333
405.00000000 3.82333333 3.90333333
414.00000000 3.68000000 3.74666667
423.00000000 3.73000000 3.74000000
432.00000000 3.72000000 3.74000000
441.00000000 3.68000000 3.73666667
450.00000000 3.65000000 3.64333333
459.00000000 3.70000000 3.69333333
468.00000000 3.59666667 3.62666667
477.00000000 3.57333333 3.56666667
486.00000000 3.57000000 3.59000000
495.00000000 3.47666667 3.51666667
504.00000000 3.41333333 3.47333333
513.00000000 3.47333333 3.50333333
522.00000000 3.42000000 3.39666667
531.00000000 3.37666667 3.43666667
540.00000000 3.31000000 3.29333333
549.00000000 3.31000000 3.37666667
558.00000000 3.23666667 3.24000000
567.00000000 3.25333333 3.24000000
576.00000000 3.23333333 3.23666667
585.00000000 3.29333333 3.25666667
594.00000000 3.15666667 3.14000000
603.00000000 3.16000000 3.21000000
612.00000000 3.10000000 3.14000000
621.00000000 3.10000000 3.15333333
630.00000000 3.09333333 3.10666667
639.00000000 3.04333333 3.05333333
648.00000000 3.03000000 3.05333333
657.00000000 2.98666667 3.05000000
666.00000000 2.96666667 3.01000000
675.00000000 2.94666667 3.00666667
684.00000000 3.04666667 3.03333333
693.00000000 2.97333333 2.92333333
702.00000000 2.96666667 2.92666667
711.00000000 2.94000000 2.98000000
720.00000000 2.98333333 2.98000000
729.00000000 2.90000000 2.98000000
738.00000000 2.89666667 2.86000000
747.00000000 2.96666667 2.95000000
756.00000000 2.82666667 2.90333333
765.00000000 2.89666667 2.92333333
774.00000000 2.78666667 2.78333333
783.00000000 2.82000000 2.81666667
792.00000000 2.83333333 2.81666667
801.00000000 2.74333333 2.72666667
810.00000000 2.73666667 2.73333333
819.00000000 2.69333333 2.67666667
828.00000000 2.71666667 2.79333333
837.00000000 2.71333333 2.72000000
846.00000000 2.74333333 2.75666667
855.00000000 2.69000000 2.68000000
864.00000000 2.76000000 2.70666667
873.00000000 2.63666667 2.64666667
882.00000000 2.68000000 2.68000000
891.00000000 2.69000000 2.65666667
900.00000000 2.63666667 2.62666667
909.00000000 2.63333333 2.65333333
918.00000000 2.59666667 2.64666667
927.00000000 2.53666667 2.55666667
936.00000000 2.58000000 2.63666667
945.00000000 2.53666667 2.53333333
954.00000000 2.52666667 2.52333333
963.00000000 2.51000000 2.53666667
972.00000000 2.51000000 2.51000000
981.00000000 2.49333333 2.52666667
990.00000000 2.53000000 2.53000000
999.00000000 2.46666667 2.46333333
1008.00000000 2.51333333 2.47666667
1017.00000000 2.47666667 2.49666667
1026.00000000 2.45333333 2.47000000
1035.00000000 2.48333333 2.49000000
1044.00000000 2.40000000 2.44666667
1053.00000000 2.49666667 2.47000000
1062.00000000 2.37333333 2.37000000
1071.00000000 2.33333333 2.38333333
1080.00000000 2.36000000 2.37666667
1089.00000000 2.36000000 2.35666667
1098.00000000 2.36000000 2.34000000
1107.00000000 2.35666667 2.38666667
1116.00000000 2.31000000 2.35333333
1125.00000000 2.29000000 2.30333333
1134.00000000 2.29333333 2.32000000
1143.00000000 2.24000000 2.32333333
1152.00000000 2.32000000 2.32666667
1161.00000000 2.24000000 2.31333333
1170.00000000 2.29000000 2.30000000
1179.00000000 2.30000000 2.33000000
1188.00000000 2.32666667 2.34666667
1197.00000000 2.34666667 2.39000000
1206.00000000 2.28666667 2.31666667
1215.00000000 2.26333333 2.26666667
1224.00000000 2.23000000 2.31333333
1233.00000000 2.18000000 2.22666667
1242.00000000 2.22333333 2.25666667
1251.00000000 2.23666667 2.24666667
1260.00000000 2.25666667 2.28000000
1269.00000000 2.26000000 2.28333333
1278.00000000 2.20000000 2.24333333
1287.00000000 2.22000000 2.21000000
1296.00000000 2.23333333 2.24666667
1305.00000000 2.24333333 2.25333333
1314.00000000 2.18666667 2.19666667
1323.00000000 2.17666667 2.19333333
1332.00000000 2.16666667 2.17333333
1341.00000000 2.16333333 2.19333333
1350.00000000 2.21333333 2.17666667
1359.00000000 2.14666667 2.12333333
1368.00000000 2.16666667 2.17000000
1377.00000000 2.13666667 2.13333333
1386.00000000 2.14666667 2.17666667
1395.00000000 2.10666667 2.09666667
1404.00000000 2.12666667 2.09000000
1413.00000000 2.04000000 2.09000000
1422.00000000 2.08000000 2.07333333
1431.00000000 2.09666667 2.06666667
1440.00000000 2.10333333 2.11000000
1449.00000000 2.09000000 2.10000000
1458.00000000 2.03000000 2.09000000
1467.00000000 2.08000000 2.10666667
1476.00000000 2.05000000 2.08000000
1485.00000000 2.00666667 2.01666667
1494.00000000 2.01000000 2.03000000
1503.00000000 2.03666667 2.07666667
1512.00000000 2.03333333 2.02000000
1521.00000000 1.98333333 2.03666667
1530.00000000 1.96000000 2.00666667
1539.00000000 1.94333333 1.98333333
1548.00000000 1.98333333 1.97333333
1557.00000000 2.03333333 2.04666667
1566.00000000 1.92333333 2.00000000
1575.00000000 1.93666667 1.94666667
1584.00000000 1.96666667 1.99000000
1593.00000000 1.95666667 1.94666667
1602.00000000 1.94000000 1.98000000
1611.00000000 1.94666667 1.91666667
1620.00000000 1.96000000 1.92000000
1629.00000000 1.95000000 1.98333333
1638.00000000 1.91000000 1.90000000
1647.00000000 1.93666667 1.98000000
1656.00000000 1.85333333 1.88000000
1665.00000000 1.90000000 1.91666667
1674.00000000 1.90666667 1.88000000
1683.00000000 1.86666667 1.86000000
1692.00000000 1.86666667 1.88000000
1701.00000000 1.90000000 1.87666667
1710.00000000 1.89666667 1.89333333
1719.00000000 1.93000000 1.94000000
1728.00000000 1.86333333 1.87333333
1737.00000000 1.85333333 1.85000000
1746.00000000 1.84000000 1.85000000
1755.00000000 1.85333333 1.89333333
1764.00000000 1.88000000 1.85333333
1773.00000000 1.84000000 1.90000000
1782.00000000 1.83666667 1.85333333
1791.00000000 1.83333333 1.84333333
1800.00000000 1.82000000 1.85333333
