0 0.000656265
6.25 0.032175
12.5 0.0577727
18.75 0.0795793
25 0.100281
31.25 0.118144
37.5 0.13483
43.75 0.150157
50 0.165134
56.25 0.181025
62.5 0.19462
68.75 0.209499
75 0.22521
81.25 0.238816
87.5 0.252858
93.75 0.264462
100 0.276607
106.25 0.288676
112.5 0.299931
118.75 0.31109
125 0.323224
131.25 0.333067
137.5 0.342634
143.75 0.354044
150 0.363696
156.25 0.373765
162.5 0.383869
168.75 0.394387
175 0.402713
181.25 0.411109
187.5 0.421018
193.75 0.429879
200 0.437909
206.25 0.446385
212.5 0.454301
218.75 0.462089
225 0.469985
231.25 0.476736
237.5 0.483036
243.75 0.4895
250 0.497631
256.25 0.50479
262.5 0.511203
268.75 0.517643
275 0.525175
281.25 0.530878
287.5 0.536654
293.75 0.543021
300 0.549315
306.25 0.555863
312.5 0.561767
318.75 0.567396
325 0.572572
331.25 0.578675
337.5 0.584064
343.75 0.589449
350 0.593769
356.25 0.598031
362.5 0.603247
368.75 0.608444
375 0.614498
381.25 0.620122
387.5 0.626044
393.75 0.631575
400 0.635543
406.25 0.63958
412.5 0.644365
418.75 0.648881
425 0.653871
431.25 0.659227
437.5 0.663603
443.75 0.668627
450 0.673166
456.25 0.67839
462.5 0.681856
468.75 0.68566
475 0.68908
481.25 0.692723
487.5 0.697349
493.75 0.700738
500 0.704126
506.25 0.707943
512.5 0.711064
518.75 0.714586
525 0.71828
531.25 0.720709
537.5 0.723793
543.75 0.726603
550 0.729578
556.25 0.732201
562.5 0.734747
568.75 0.738935
575 0.742052
581.25 0.745543
587.5 0.74929
593.75 0.753378
600 0.757594
606.25 0.760103
612.5 0.762929
618.75 0.766085
625 0.768778
631.25 0.77314
637.5 0.775478
643.75 0.777467
650 0.780008
656.25 0.782484
662.5 0.784776
668.75 0.787964
675 0.79105
681.25 0.793365
687.5 0.795954
693.75 0.79799
700 0.799682
706.25 0.801257
712.5 0.803556
718.75 0.804435
725 0.806192
731.25 0.807807
737.5 0.810088
743.75 0.811667
750 0.813732
756.25 0.81533
762.5 0.816388
768.75 0.818805
775 0.819877
781.25 0.82037
787.5 0.821951
793.75 0.823431
800 0.824925
806.25 0.826005
812.5 0.826875
818.75 0.828483
825 0.830305
831.25 0.831401
837.5 0.832399
843.75 0.833324
850 0.833934
856.25 0.835279
862.5 0.836919
868.75 0.838429
875 0.84053
881.25 0.842464
887.5 0.84315
893.75 0.845108
900 0.845948
906.25 0.847148
912.5 0.847904
918.75 0.848205
925 0.849783
931.25 0.850692
937.5 0.851594
943.75 0.852234
950 0.853175
956.25 0.853924
962.5 0.854163
968.75 0.854765
975 0.855568
981.25 0.856375
987.5 0.858219
993.75 0.858451
1000 0.859319
1006.25 0.8603
1012.5 0.861015
1018.75 0.861329
1025 0.862283
1031.25 0.862972
1037.5 0.863529
1043.75 0.865006
1050 0.86679
1056.25 0.867288
1062.5 0.867808
1068.75 0.868378
1075 0.86904
1081.25 0.869715
1087.5 0.871084
1093.75 0.871939
1100 0.872581
1106.25 0.872688
1112.5 0.873421
1118.75 0.874335
1125 0.874223
1131.25 0.874524
1137.5 0.875208
1143.75 0.875445
1150 0.874742
1156.25 0.875479
1162.5 0.875526
1168.75 0.876246
1175 0.876503
1181.25 0.876975
1187.5 0.877102
1193.75 0.8772
1200 0.877371
1206.25 0.877152
1212.5 0.877143
1218.75 0.877522
1225 0.878181
1231.25 0.878711
1237.5 0.87949
1243.75 0.879562
1250 0.879276
