0 7.93705e-07
6.25 0.00202177
12.5 0.00661875
18.75 0.0124612
25 0.0196202
31.25 0.0267869
37.5 0.0344594
43.75 0.0419982
50 0.0503191
56.25 0.0590566
62.5 0.0678406
68.75 0.0781161
75 0.0887692
81.25 0.0986734
87.5 0.109472
93.75 0.118846
100 0.128491
106.25 0.137857
112.5 0.147203
118.75 0.156491
125 0.167491
131.25 0.176707
137.5 0.185786
143.75 0.196496
150 0.205436
156.25 0.214895
162.5 0.225327
168.75 0.235039
175 0.244366
181.25 0.253212
187.5 0.263958
193.75 0.273773
200 0.283243
206.25 0.293003
212.5 0.301624
218.75 0.310506
225 0.319468
231.25 0.3277
237.5 0.335086
243.75 0.342653
250 0.352013
256.25 0.360141
262.5 0.36724
268.75 0.374491
275 0.382966
281.25 0.390649
287.5 0.397841
293.75 0.405014
300 0.413101
306.25 0.420641
312.5 0.427815
318.75 0.43479
325 0.441106
331.25 0.448533
337.5 0.454686
343.75 0.460937
350 0.46646
356.25 0.471664
362.5 0.477902
368.75 0.484183
375 0.491408
381.25 0.497984
387.5 0.504745
393.75 0.511446
400 0.516369
406.25 0.521016
412.5 0.526529
418.75 0.531442
425 0.537549
431.25 0.543987
437.5 0.549924
443.75 0.556061
450 0.56229
456.25 0.568666
462.5 0.573343
468.75 0.578131
475 0.582518
481.25 0.586731
487.5 0.592046
493.75 0.596315
500 0.600253
506.25 0.604577
512.5 0.608513
518.75 0.613011
525 0.61728
531.25 0.620312
537.5 0.62438
543.75 0.628175
550 0.632124
556.25 0.635746
562.5 0.638711
568.75 0.643983
575 0.648405
581.25 0.653162
587.5 0.658221
593.75 0.663336
600 0.668827
606.25 0.672212
612.5 0.67582
618.75 0.680342
625 0.683752
631.25 0.690031
637.5 0.693236
643.75 0.696232
650 0.700576
656.25 0.704115
662.5 0.707507
668.75 0.711509
675 0.715702
681.25 0.719461
687.5 0.723245
693.75 0.725869
700 0.728245
706.25 0.730156
712.5 0.733333
718.75 0.734815
725 0.73752
731.25 0.739574
737.5 0.74248
743.75 0.744764
750 0.747278
756.25 0.749214
762.5 0.750362
768.75 0.753555
775 0.754987
781.25 0.755365
787.5 0.75735
793.75 0.75886
800 0.761411
806.25 0.762746
812.5 0.763714
818.75 0.765731
825 0.767604
831.25 0.769091
837.5 0.770551
843.75 0.772124
850 0.772669
856.25 0.774593
862.5 0.776855
868.75 0.778257
875 0.781184
881.25 0.783526
887.5 0.783954
893.75 0.786136
900 0.787185
906.25 0.788504
912.5 0.790089
918.75 0.790356
925 0.792675
931.25 0.793622
937.5 0.794864
943.75 0.795739
950 0.797196
956.25 0.79852
962.5 0.798959
968.75 0.800006
975 0.801377
981.25 0.80195
987.5 0.804474
993.75 0.805019
1000 0.805548
1006.25 0.807009
1012.5 0.807672
1018.75 0.807851
1025 0.809175
1031.25 0.810273
1037.5 0.810526
1043.75 0.812652
1050 0.81502
1056.25 0.815662
1062.5 0.815911
1068.75 0.817116
1075 0.817967
1081.25 0.81871
1087.5 0.820511
1093.75 0.821922
1100 0.822813
1106.25 0.822727
1112.5 0.823186
1118.75 0.824245
1125 0.82431
1131.25 0.824895
1137.5 0.825816
1143.75 0.826518
1150 0.825454
1156.25 0.826379
1162.5 0.826233
1168.75 0.82668
1175 0.826774
1181.25 0.827379
1187.5 0.827938
1193.75 0.828055
1200 0.828064
1206.25 0.82738
1212.5 0.827318
1218.75 0.827771
1225 0.828367
1231.25 0.829071
1237.5 0.829831
1243.75 0.829405
1250 0.828936
