0 252.83000000 253.13200000
6.25000000 15.89600000 16.03600000
12.50000000 9.48800000 9.53600000
18.75000000 6.98000000 6.98400000
25.00000000 5.58200000 5.64200000
31.25000000 4.76200000 4.77600000
37.50000000 4.15400000 4.11400000
43.75000000 3.71400000 3.73800000
50.00000000 3.39400000 3.40600000
56.25000000 3.07200000 3.14200000
62.50000000 2.87400000 2.89800000
68.75000000 2.69400000 2.68800000
75.00000000 2.47200000 2.48600000
81.25000000 2.32600000 2.33000000
87.50000000 2.19800000 2.22200000
93.75000000 2.06400000 2.08600000
100.00000000 1.98800000 2.01200000
106.25000000 1.89400000 1.91200000
112.50000000 1.83600000 1.84200000
118.75000000 1.73800000 1.76000000
125.00000000 1.67400000 1.70200000
131.25000000 1.65600000 1.65000000
137.50000000 1.54400000 1.55800000
143.75000000 1.51000000 1.52600000
150.00000000 1.43400000 1.46000000
156.25000000 1.38400000 1.39200000
162.50000000 1.33000000 1.31800000
168.75000000 1.27800000 1.29000000
175.00000000 1.25200000 1.24400000
181.25000000 1.18800000 1.20200000
187.50000000 1.16800000 1.18000000
193.75000000 1.13400000 1.12800000
200.00000000 1.08200000 1.09800000
206.25000000 1.06600000 1.05400000
212.50000000 1.04000000 1.01600000
218.75000000 1.01400000 1.01000000
225.00000000 0.97800000 0.99800000
231.25000000 0.95800000 0.96600000
237.50000000 0.94400000 0.94800000
243.75000000 0.90800000 0.91200000
250.00000000 0.87400000 0.89800000
256.25000000 0.84800000 0.87400000
262.50000000 0.85000000 0.85000000
268.75000000 0.82200000 0.82800000
275.00000000 0.78200000 0.80200000
281.25000000 0.77400000 0.77400000
287.50000000 0.77000000 0.77000000
293.75000000 0.72800000 0.73600000
300.00000000 0.69600000 0.72400000
306.25000000 0.69400000 0.68600000
312.50000000 0.66800000 0.66200000
318.75000000 0.64600000 0.67200000
325.00000000 0.64400000 0.65200000
331.25000000 0.61800000 0.62200000
337.50000000 0.58600000 0.60800000
343.75000000 0.60400000 0.59800000
350.00000000 0.57800000 0.58400000
356.25000000 0.56600000 0.56400000
362.50000000 0.56000000 0.55400000
368.75000000 0.52800000 0.53800000
375.00000000 0.50200000 0.51400000
381.25000000 0.51800000 0.51200000
387.50000000 0.49000000 0.48800000
393.75000000 0.47400000 0.47600000
400.00000000 0.46400000 0.46200000
406.25000000 0.43200000 0.45800000
412.50000000 0.42800000 0.43200000
418.75000000 0.40400000 0.43000000
425.00000000 0.39400000 0.41800000
431.25000000 0.40000000 0.39800000
437.50000000 0.39600000 0.39200000
443.75000000 0.36800000 0.37200000
450.00000000 0.36600000 0.36400000
456.25000000 0.35000000 0.35400000
462.50000000 0.33400000 0.32800000
468.75000000 0.32000000 0.31800000
475.00000000 0.32000000 0.33200000
481.25000000 0.31200000 0.32400000
487.50000000 0.31200000 0.30800000
493.75000000 0.29800000 0.30000000
500.00000000 0.29600000 0.30400000
506.25000000 0.28400000 0.27200000
512.50000000 0.27800000 0.28200000
518.75000000 0.27200000 0.27000000
525.00000000 0.26000000 0.26400000
531.25000000 0.25600000 0.26400000
537.50000000 0.24000000 0.24400000
543.75000000 0.23800000 0.24400000
550.00000000 0.22800000 0.23400000
556.25000000 0.22200000 0.22000000
562.50000000 0.21400000 0.21400000
568.75000000 0.21200000 0.21600000
575.00000000 0.21000000 0.21200000
581.25000000 0.20800000 0.20200000
587.50000000 0.20400000 0.20200000
593.75000000 0.19400000 0.19400000
600.00000000 0.19600000 0.18600000
606.25000000 0.18200000 0.19400000
612.50000000 0.17800000 0.18400000
618.75000000 0.18800000 0.18000000
625.00000000 0.17400000 0.17000000
631.25000000 0.17800000 0.16400000
637.50000000 0.16600000 0.17400000
643.75000000 0.15600000 0.16800000
650.00000000 0.15200000 0.16000000
656.25000000 0.15800000 0.15200000
662.50000000 0.14200000 0.14600000
668.75000000 0.14400000 0.14800000
675.00000000 0.14800000 0.14800000
681.25000000 0.14600000 0.14200000
687.50000000 0.12600000 0.13000000
693.75000000 0.13200000 0.13000000
700.00000000 0.12800000 0.12200000
706.25000000 0.12400000 0.13200000
712.50000000 0.11800000 0.13000000
718.75000000 0.11600000 0.12200000
725.00000000 0.12000000 0.12000000
731.25000000 0.12200000 0.11400000
737.50000000 0.11600000 0.12000000
743.75000000 0.11000000 0.10600000
750.00000000 0.11400000 0.11000000
756.25000000 0.09800000 0.10800000
762.50000000 0.10800000 0.10400000
768.75000000 0.10400000 0.10000000
775.00000000 0.09600000 0.09800000
781.25000000 0.10000000 0.09200000
787.50000000 0.09600000 0.09400000
793.75000000 0.09400000 0.09000000
800.00000000 0.09000000 0.08800000
806.25000000 0.08600000 0.09000000
812.50000000 0.08600000 0.08600000
818.75000000 0.08800000 0.09000000
825.00000000 0.07400000 0.07600000
831.25000000 0.07600000 0.08000000
837.50000000 0.07800000 0.07400000
843.75000000 0.07000000 0.07400000
850.00000000 0.07000000 0.06800000
856.25000000 0.06600000 0.07200000
862.50000000 0.06400000 0.06600000
868.75000000 0.07000000 0.06800000
875.00000000 0.06200000 0.06000000
881.25000000 0.06400000 0.06400000
887.50000000 0.06600000 0.06400000
893.75000000 0.05800000 0.06400000
900.00000000 0.06600000 0.06800000
906.25000000 0.06200000 0.06600000
912.50000000 0.06400000 0.06600000
918.75000000 0.06000000 0.06600000
925.00000000 0.06800000 0.06400000
931.25000000 0.06600000 0.06600000
937.50000000 0.06600000 0.06400000
943.75000000 0.06600000 0.06200000
950.00000000 0.05800000 0.06600000
956.25000000 0.05800000 0.06400000
962.50000000 0.06400000 0.06600000
968.75000000 0.06200000 0.06200000
975.00000000 0.06000000 0.05200000
981.25000000 0.05600000 0.05400000
987.50000000 0.05200000 0.05400000
993.75000000 0.05400000 0.05800000
1000.00000000 0.05400000 0.05200000
1006.25000000 0.05200000 0.05000000
1012.50000000 0.05000000 0.05000000
1018.75000000 0.05000000 0.05000000
1025.00000000 0.05200000 0.04800000
1031.25000000 0.04800000 0.04600000
1037.50000000 0.04400000 0.05000000
1043.75000000 0.04600000 0.04800000
1050.00000000 0.04600000 0.04800000
1056.25000000 0.04400000 0.04600000
1062.50000000 0.04400000 0.04800000
1068.75000000 0.04200000 0.04200000
1075.00000000 0.04000000 0.04400000
1081.25000000 0.04400000 0.04400000
1087.50000000 0.03800000 0.04200000
1093.75000000 0.04200000 0.03800000
1100.00000000 0.03600000 0.04000000
1106.25000000 0.03800000 0.03800000
1112.50000000 0.04000000 0.03800000
1118.75000000 0.03200000 0.03600000
1125.00000000 0.03200000 0.03600000
1131.25000000 0.03400000 0.03400000
1137.50000000 0.03200000 0.03200000
1143.75000000 0.03400000 0.03000000
1150.00000000 0.03400000 0.03400000
1156.25000000 0.03200000 0.03400000
1162.50000000 0.03600000 0.03600000
1168.75000000 0.03200000 0.03400000
1175.00000000 0.03600000 0.03200000
1181.25000000 0.03400000 0.03600000
1187.50000000 0.03400000 0.03400000
1193.75000000 0.03200000 0.03400000
1200.00000000 0.03600000 0.03400000
1206.25000000 0.03400000 0.02800000
1212.50000000 0.03200000 0.03000000
1218.75000000 0.03200000 0.03200000
1225.00000000 0.03000000 0.03000000
1231.25000000 0.03000000 0.02200000
1237.50000000 0.03000000 0.02800000
1243.75000000 0.02600000 0.02800000
1250.00000000 0.02400000 0.02600000
