0 2591.63000000 2596.73000000
128.00000000 12.32000000 12.60000000
256.00000000 6.63000000 6.48500000
384.00000000 4.38000000 4.43000000
512.00000000 3.47000000 3.47500000
640.00000000 2.75000000 2.78500000
768.00000000 2.21000000 2.19000000
896.00000000 1.90500000 1.93500000
1024.00000000 1.73000000 1.67500000
1152.00000000 1.48000000 1.46000000
1280.00000000 1.29500000 1.32500000
1408.00000000 1.25500000 1.23500000
1536.00000000 1.10000000 1.07000000
1664.00000000 0.99500000 1.00000000
1792.00000000 0.92500000 0.88500000
1920.00000000 0.77000000 0.79500000
2048.00000000 0.74000000 0.78000000
2176.00000000 0.70500000 0.68500000
2304.00000000 0.61000000 0.64000000
2432.00000000 0.56500000 0.59500000
2560.00000000 0.50500000 0.51500000
2688.00000000 0.48000000 0.49000000
2816.00000000 0.42500000 0.42000000
2944.00000000 0.35500000 0.36500000
3072.00000000 0.32500000 0.30500000
3200.00000000 0.27500000 0.26500000
3328.00000000 0.26000000 0.25000000
3456.00000000 0.24000000 0.22500000
3584.00000000 0.20000000 0.19500000
3712.00000000 0.18500000 0.17000000
3840.00000000 0.16000000 0.16000000
3968.00000000 0.14500000 0.15000000
4096.00000000 0.13500000 0.13000000
4224.00000000 0.13500000 0.12000000
4352.00000000 0.11500000 0.12500000
4480.00000000 0.10000000 0.10500000
4608.00000000 0.09000000 0.09000000
4736.00000000 0.07000000 0.08000000
4864.00000000 0.08000000 0.07500000
4992.00000000 0.05500000 0.06500000
5120.00000000 0.05500000 0.06500000
5248.00000000 0.05500000 0.05000000
5376.00000000 0.03500000 0.03500000
5504.00000000 0.04000000 0.04000000
5632.00000000 0.02500000 0.03500000
5760.00000000 0.02500000 0.04000000
5888.00000000 0.03000000 0.02500000
6016.00000000 0.02000000 0.01500000
6144.00000000 0.02000000 0.01500000
6272.00000000 0.01000000 0.01000000
6400.00000000 0.01000000 0.00500000
6528.00000000 0.00500000 0.01000000
6656.00000000 0.01000000 0.01000000
6784.00000000 0.01000000 0.01000000
6912.00000000 0.00000000 0.00500000
7040.00000000 0.00500000 0.00500000
7168.00000000 0.00500000 0.00500000
7296.00000000 0.00500000 0.00500000
7424.00000000 0.00500000 0.00500000
7552.00000000 0.00500000 0.00500000
7680.00000000 0.00000000 0.00000000
7808.00000000 0.00000000 0.00000000
7936.00000000 0.00000000 0.00000000
8064.00000000 0.00000000 0.00000000
8192.00000000 0.00000000 0.00000000
8320.00000000 0.00000000 0.00000000
8448.00000000 0.00000000 0.00000000
8576.00000000 0.00000000 0.00000000
8704.00000000 0.00000000 0.00000000
8832.00000000 0.00000000 0.00000000
8960.00000000 0.00000000 0.00000000
9088.00000000 0.00000000 0.00000000
9216.00000000 0.00000000 0.00000000
9344.00000000 0.00000000 0.00000000
9472.00000000 0.00000000 0.00000000
9600.00000000 0.00000000 0.00000000
9728.00000000 0.00000000 0.00000000
9856.00000000 0.00000000 0.00000000
9984.00000000 0.00000000 0.00000000
10112.00000000 0.00000000 0.00000000
10240.00000000 0.00000000 0.00000000
10368.00000000 0.00000000 0.00000000
10496.00000000 0.00000000 0.00000000
10624.00000000 0.00000000 0.00000000
10752.00000000 0.00000000 0.00000000
10880.00000000 0.00000000 0.00000000
11008.00000000 0.00000000 0.00000000
11136.00000000 0.00000000 0.00000000
11264.00000000 0.00000000 0.00000000
11392.00000000 0.00000000 0.00000000
11520.00000000 0.00000000 0.00000000
11648.00000000 0.00000000 0.00000000
11776.00000000 0.00000000 0.00000000
11904.00000000 0.00000000 0.00000000
12032.00000000 0.00000000 0.00000000
12160.00000000 0.00000000 0.00000000
12288.00000000 0.00000000 0.00000000
12416.00000000 0.00000000 0.00000000
12544.00000000 0.00000000 0.00000000
12672.00000000 0.00000000 0.00000000
12800.00000000 0.00000000 0.00000000
