0 2594.61428571 2600.31428571
128.00000000 12.11428571 12.58571429
256.00000000 6.62857143 6.35714286
384.00000000 4.38571429 4.54285714
512.00000000 3.38571429 3.35714286
640.00000000 2.54285714 2.61428571
768.00000000 1.91428571 1.91428571
896.00000000 1.68571429 1.68571429
1024.00000000 1.55714286 1.44285714
1152.00000000 1.27142857 1.34285714
1280.00000000 1.14285714 1.15714286
1408.00000000 1.07142857 1.07142857
1536.00000000 0.97142857 0.88571429
1664.00000000 0.87142857 0.88571429
1792.00000000 0.80000000 0.78571429
1920.00000000 0.61428571 0.68571429
2048.00000000 0.64285714 0.65714286
2176.00000000 0.58571429 0.60000000
2304.00000000 0.50000000 0.54285714
2432.00000000 0.47142857 0.52857143
2560.00000000 0.38571429 0.44285714
2688.00000000 0.41428571 0.42857143
2816.00000000 0.37142857 0.38571429
2944.00000000 0.30000000 0.30000000
3072.00000000 0.27142857 0.24285714
3200.00000000 0.21428571 0.21428571
3328.00000000 0.21428571 0.22857143
3456.00000000 0.21428571 0.21428571
3584.00000000 0.15714286 0.15714286
3712.00000000 0.12857143 0.12857143
3840.00000000 0.11428571 0.10000000
3968.00000000 0.10000000 0.10000000
4096.00000000 0.07142857 0.05714286
4224.00000000 0.07142857 0.04285714
4352.00000000 0.05714286 0.05714286
4480.00000000 0.02857143 0.04285714
4608.00000000 0.04285714 0.02857143
4736.00000000 0.02857143 0.04285714
4864.00000000 0.02857143 0.01428571
4992.00000000 0.00000000 0.00000000
5120.00000000 0.00000000 0.00000000
5248.00000000 0.00000000 0.00000000
5376.00000000 0.00000000 0.00000000
5504.00000000 0.00000000 0.00000000
5632.00000000 0.00000000 0.00000000
5760.00000000 0.00000000 0.00000000
5888.00000000 0.00000000 0.00000000
6016.00000000 0.00000000 0.00000000
6144.00000000 0.00000000 0.00000000
6272.00000000 0.00000000 0.00000000
6400.00000000 0.00000000 0.00000000
6528.00000000 0.00000000 0.00000000
6656.00000000 0.00000000 0.00000000
6784.00000000 0.00000000 0.00000000
6912.00000000 0.00000000 0.00000000
7040.00000000 0.00000000 0.00000000
7168.00000000 0.00000000 0.00000000
7296.00000000 0.00000000 0.00000000
7424.00000000 0.00000000 0.00000000
7552.00000000 0.00000000 0.00000000
7680.00000000 0.00000000 0.00000000
7808.00000000 0.00000000 0.00000000
7936.00000000 0.00000000 0.00000000
8064.00000000 0.00000000 0.00000000
8192.00000000 0.00000000 0.00000000
8320.00000000 0.00000000 0.00000000
8448.00000000 0.00000000 0.00000000
8576.00000000 0.00000000 0.00000000
8704.00000000 0.00000000 0.00000000
8832.00000000 0.00000000 0.00000000
8960.00000000 0.00000000 0.00000000
9088.00000000 0.00000000 0.00000000
9216.00000000 0.00000000 0.00000000
9344.00000000 0.00000000 0.00000000
9472.00000000 0.00000000 0.00000000
9600.00000000 0.00000000 0.00000000
9728.00000000 0.00000000 0.00000000
9856.00000000 0.00000000 0.00000000
9984.00000000 0.00000000 0.00000000
10112.00000000 0.00000000 0.00000000
10240.00000000 0.00000000 0.00000000
10368.00000000 0.00000000 0.00000000
10496.00000000 0.00000000 0.00000000
10624.00000000 0.00000000 0.00000000
10752.00000000 0.00000000 0.00000000
10880.00000000 0.00000000 0.00000000
11008.00000000 0.00000000 0.00000000
11136.00000000 0.00000000 0.00000000
11264.00000000 0.00000000 0.00000000
11392.00000000 0.00000000 0.00000000
11520.00000000 0.00000000 0.00000000
11648.00000000 0.00000000 0.00000000
11776.00000000 0.00000000 0.00000000
11904.00000000 0.00000000 0.00000000
12032.00000000 0.00000000 0.00000000
12160.00000000 0.00000000 0.00000000
12288.00000000 0.00000000 0.00000000
12416.00000000 0.00000000 0.00000000
12544.00000000 0.00000000 0.00000000
12672.00000000 0.00000000 0.00000000
12800.00000000 0.00000000 0.00000000
