0 2592.97666667 2598.49000000
128.00000000 12.45666667 12.61333333
256.00000000 6.68000000 6.62000000
384.00000000 4.38333333 4.47666667
512.00000000 3.43333333 3.43333333
640.00000000 2.76666667 2.79000000
768.00000000 2.25000000 2.24666667
896.00000000 1.94000000 1.96000000
1024.00000000 1.73000000 1.71000000
1152.00000000 1.52000000 1.52000000
1280.00000000 1.34333333 1.35333333
1408.00000000 1.27666667 1.25666667
1536.00000000 1.14000000 1.11333333
1664.00000000 1.01333333 1.01000000
1792.00000000 0.93000000 0.91000000
1920.00000000 0.79000000 0.80000000
2048.00000000 0.74666667 0.77000000
2176.00000000 0.66666667 0.65666667
2304.00000000 0.58666667 0.62333333
2432.00000000 0.54000000 0.54666667
2560.00000000 0.47333333 0.49000000
2688.00000000 0.46000000 0.45000000
2816.00000000 0.39333333 0.39333333
2944.00000000 0.34000000 0.34666667
3072.00000000 0.32000000 0.30333333
3200.00000000 0.27666667 0.26666667
3328.00000000 0.24333333 0.24000000
3456.00000000 0.22333333 0.21000000
3584.00000000 0.18333333 0.18666667
3712.00000000 0.17333333 0.17000000
3840.00000000 0.15333333 0.15333333
3968.00000000 0.14000000 0.14000000
4096.00000000 0.13000000 0.12666667
4224.00000000 0.12000000 0.11666667
4352.00000000 0.10666667 0.11333333
4480.00000000 0.09666667 0.10000000
4608.00000000 0.09333333 0.09333333
4736.00000000 0.07666667 0.08666667
4864.00000000 0.08333333 0.08000000
4992.00000000 0.06000000 0.07000000
5120.00000000 0.06000000 0.06666667
5248.00000000 0.05000000 0.05000000
5376.00000000 0.03333333 0.03333333
5504.00000000 0.03000000 0.03000000
5632.00000000 0.02333333 0.03000000
5760.00000000 0.02000000 0.03000000
5888.00000000 0.02333333 0.02000000
6016.00000000 0.01666667 0.01333333
6144.00000000 0.01666667 0.01333333
6272.00000000 0.01000000 0.01000000
6400.00000000 0.01000000 0.00666667
6528.00000000 0.00666667 0.01000000
6656.00000000 0.01000000 0.01000000
6784.00000000 0.01000000 0.00666667
6912.00000000 0.00333333 0.00666667
7040.00000000 0.00666667 0.00666667
7168.00000000 0.00333333 0.00333333
7296.00000000 0.00333333 0.00333333
7424.00000000 0.00333333 0.00333333
7552.00000000 0.00333333 0.00333333
7680.00000000 0.00000000 0.00000000
7808.00000000 0.00000000 0.00000000
7936.00000000 0.00000000 0.00000000
8064.00000000 0.00000000 0.00000000
8192.00000000 0.00000000 0.00000000
8320.00000000 0.00000000 0.00000000
8448.00000000 0.00000000 0.00000000
8576.00000000 0.00000000 0.00000000
8704.00000000 0.00000000 0.00000000
8832.00000000 0.00000000 0.00000000
8960.00000000 0.00000000 0.00000000
9088.00000000 0.00000000 0.00000000
9216.00000000 0.00000000 0.00000000
9344.00000000 0.00000000 0.00000000
9472.00000000 0.00000000 0.00000000
9600.00000000 0.00000000 0.00000000
9728.00000000 0.00000000 0.00000000
9856.00000000 0.00000000 0.00000000
9984.00000000 0.00000000 0.00000000
10112.00000000 0.00000000 0.00000000
10240.00000000 0.00000000 0.00000000
10368.00000000 0.00000000 0.00000000
10496.00000000 0.00000000 0.00000000
10624.00000000 0.00000000 0.00000000
10752.00000000 0.00000000 0.00000000
10880.00000000 0.00000000 0.00000000
11008.00000000 0.00000000 0.00000000
11136.00000000 0.00000000 0.00000000
11264.00000000 0.00000000 0.00000000
11392.00000000 0.00000000 0.00000000
11520.00000000 0.00000000 0.00000000
11648.00000000 0.00000000 0.00000000
11776.00000000 0.00000000 0.00000000
11904.00000000 0.00000000 0.00000000
12032.00000000 0.00000000 0.00000000
12160.00000000 0.00000000 0.00000000
12288.00000000 0.00000000 0.00000000
12416.00000000 0.00000000 0.00000000
12544.00000000 0.00000000 0.00000000
12672.00000000 0.00000000 0.00000000
12800.00000000 0.00000000 0.00000000
