0 2591.53600000 2596.94800000
128.00000000 12.44000000 12.68800000
256.00000000 6.68000000 6.60000000
384.00000000 4.38000000 4.44800000
512.00000000 3.46400000 3.44400000
640.00000000 2.78000000 2.80800000
768.00000000 2.26000000 2.22800000
896.00000000 1.94800000 1.95600000
1024.00000000 1.72400000 1.71200000
1152.00000000 1.51200000 1.50000000
1280.00000000 1.33200000 1.36000000
1408.00000000 1.27600000 1.26000000
1536.00000000 1.13600000 1.10000000
1664.00000000 1.01600000 1.02000000
1792.00000000 0.94000000 0.91600000
1920.00000000 0.79600000 0.80800000
2048.00000000 0.75600000 0.78400000
2176.00000000 0.68800000 0.67600000
2304.00000000 0.61200000 0.63600000
2432.00000000 0.55600000 0.57600000
2560.00000000 0.48800000 0.50400000
2688.00000000 0.46400000 0.46800000
2816.00000000 0.40000000 0.40000000
2944.00000000 0.34400000 0.35200000
3072.00000000 0.32000000 0.30000000
3200.00000000 0.26800000 0.26000000
3328.00000000 0.24000000 0.23200000
3456.00000000 0.21600000 0.20000000
3584.00000000 0.18000000 0.18000000
3712.00000000 0.16800000 0.16000000
3840.00000000 0.15200000 0.15200000
3968.00000000 0.14000000 0.14400000
4096.00000000 0.12800000 0.12400000
4224.00000000 0.12000000 0.11200000
4352.00000000 0.10400000 0.11200000
4480.00000000 0.09200000 0.09600000
4608.00000000 0.08400000 0.08400000
4736.00000000 0.06800000 0.07600000
4864.00000000 0.07200000 0.06800000
4992.00000000 0.04800000 0.06000000
5120.00000000 0.05200000 0.06000000
5248.00000000 0.04800000 0.04400000
5376.00000000 0.02800000 0.02800000
5504.00000000 0.03200000 0.03200000
5632.00000000 0.02000000 0.02800000
5760.00000000 0.02000000 0.03200000
5888.00000000 0.02400000 0.02000000
6016.00000000 0.01600000 0.01200000
6144.00000000 0.01600000 0.01200000
6272.00000000 0.00800000 0.00800000
6400.00000000 0.00800000 0.00400000
6528.00000000 0.00400000 0.00800000
6656.00000000 0.00800000 0.00800000
6784.00000000 0.00800000 0.00800000
6912.00000000 0.00000000 0.00400000
7040.00000000 0.00400000 0.00400000
7168.00000000 0.00400000 0.00400000
7296.00000000 0.00400000 0.00400000
7424.00000000 0.00400000 0.00400000
7552.00000000 0.00400000 0.00400000
7680.00000000 0.00000000 0.00000000
7808.00000000 0.00000000 0.00000000
7936.00000000 0.00000000 0.00000000
8064.00000000 0.00000000 0.00000000
8192.00000000 0.00000000 0.00000000
8320.00000000 0.00000000 0.00000000
8448.00000000 0.00000000 0.00000000
8576.00000000 0.00000000 0.00000000
8704.00000000 0.00000000 0.00000000
8832.00000000 0.00000000 0.00000000
8960.00000000 0.00000000 0.00000000
9088.00000000 0.00000000 0.00000000
9216.00000000 0.00000000 0.00000000
9344.00000000 0.00000000 0.00000000
9472.00000000 0.00000000 0.00000000
9600.00000000 0.00000000 0.00000000
9728.00000000 0.00000000 0.00000000
9856.00000000 0.00000000 0.00000000
9984.00000000 0.00000000 0.00000000
10112.00000000 0.00000000 0.00000000
10240.00000000 0.00000000 0.00000000
10368.00000000 0.00000000 0.00000000
10496.00000000 0.00000000 0.00000000
10624.00000000 0.00000000 0.00000000
10752.00000000 0.00000000 0.00000000
10880.00000000 0.00000000 0.00000000
11008.00000000 0.00000000 0.00000000
11136.00000000 0.00000000 0.00000000
11264.00000000 0.00000000 0.00000000
11392.00000000 0.00000000 0.00000000
11520.00000000 0.00000000 0.00000000
11648.00000000 0.00000000 0.00000000
11776.00000000 0.00000000 0.00000000
11904.00000000 0.00000000 0.00000000
12032.00000000 0.00000000 0.00000000
12160.00000000 0.00000000 0.00000000
12288.00000000 0.00000000 0.00000000
12416.00000000 0.00000000 0.00000000
12544.00000000 0.00000000 0.00000000
12672.00000000 0.00000000 0.00000000
12800.00000000 0.00000000 0.00000000
