0 0.000162377
25 0.0281175
50 0.0507502
75 0.069611
100 0.0877055
125 0.105204
150 0.122114
175 0.13859
200 0.153223
225 0.167889
250 0.182599
275 0.196112
300 0.208849
325 0.223031
350 0.237513
375 0.252291
400 0.265165
425 0.277994
450 0.290497
475 0.302225
500 0.311346
525 0.323589
550 0.334141
575 0.346387
600 0.357149
625 0.367713
650 0.3819
675 0.394191
700 0.405575
725 0.416852
750 0.429112
775 0.442022
800 0.454267
825 0.465503
850 0.477109
875 0.487175
900 0.497127
925 0.505156
950 0.511388
975 0.519147
1000 0.527879
1025 0.53571
1050 0.543151
1075 0.552272
1100 0.559714
1125 0.568357
1150 0.575426
1175 0.581259
1200 0.588153
1225 0.593184
1250 0.599742
1275 0.603605
1300 0.609312
1325 0.612953
1350 0.619642
1375 0.624387
1400 0.629424
1425 0.632701
1450 0.641378
1475 0.647452
1500 0.651356
1525 0.657856
1550 0.662556
1575 0.669224
1600 0.674626
1625 0.681199
1650 0.683706
1675 0.688316
1700 0.692057
1725 0.697515
1750 0.703086
1775 0.709134
1800 0.714239
1825 0.718623
1850 0.723303
1875 0.727696
1900 0.733238
1925 0.737966
1950 0.745007
1975 0.748995
2000 0.753338
2025 0.756181
2050 0.759901
2075 0.763161
2100 0.764729
2125 0.7681
2150 0.772705
2175 0.776847
2200 0.781544
2225 0.785204
2250 0.787499
2275 0.790876
2300 0.794682
2325 0.798191
2350 0.801985
2375 0.804082
2400 0.806262
2425 0.809175
2450 0.811433
2475 0.81504
2500 0.817746
2525 0.818249
2550 0.820588
2575 0.82301
2600 0.823691
2625 0.82555
2650 0.826788
2675 0.828086
2700 0.830007
2725 0.83073
2750 0.832055
2775 0.833099
2800 0.834306
2825 0.835192
2850 0.835962
2875 0.836651
2900 0.836906
2925 0.837385
2950 0.838694
2975 0.839896
3000 0.840176
3025 0.841094
3050 0.841083
3075 0.841636
3100 0.841602
3125 0.842516
3150 0.843509
3175 0.843118
3200 0.844655
3225 0.844678
3250 0.844876
3275 0.845238
3300 0.845558
3325 0.846215
3350 0.847614
3375 0.848445
3400 0.849649
3425 0.850378
3450 0.851626
3475 0.851096
3500 0.851629
3525 0.853229
3550 0.853741
3575 0.855261
3600 0.857351
3625 0.858465
3650 0.859691
3675 0.860815
3700 0.862739
3725 0.86332
3750 0.86412
3775 0.863751
3800 0.863304
3825 0.864859
3850 0.866486
3875 0.867528
3900 0.868374
3925 0.869354
3950 0.87021
3975 0.870821
4000 0.871005
4025 0.871172
4050 0.873137
4075 0.873637
4100 0.874537
4125 0.875113
4150 0.875968
4175 0.877195
4200 0.878925
4225 0.878816
4250 0.880653
4275 0.881472
4300 0.881642
4325 0.883118
4350 0.883886
4375 0.883878
4400 0.883746
4425 0.884411
4450 0.885392
4475 0.886302
4500 0.8861
4525 0.88741
4550 0.888133
4575 0.88827
4600 0.889125
4625 0.889583
4650 0.888987
4675 0.889181
4700 0.890044
4725 0.889623
4750 0.890919
4775 0.890979
4800 0.892492
4825 0.89202
4850 0.892682
4875 0.893122
4900 0.89308
4925 0.893414
4950 0.893998
4975 0.894382
5000 0.894062
