0 0.000156598
25 0.0292124
50 0.0514531
75 0.0702462
100 0.087068
125 0.103892
150 0.120242
175 0.135882
200 0.149784
225 0.164494
250 0.179535
275 0.193898
300 0.208305
325 0.222042
350 0.234866
375 0.24793
400 0.26045
425 0.272656
450 0.284025
475 0.294512
500 0.306188
525 0.316902
550 0.326978
575 0.337765
600 0.349462
625 0.359587
650 0.371312
675 0.382466
700 0.393304
725 0.403432
750 0.413811
775 0.424558
800 0.434372
825 0.443693
850 0.453833
875 0.463224
900 0.472803
925 0.480827
950 0.489239
975 0.497334
1000 0.50579
1025 0.513388
1050 0.522344
1075 0.530667
1100 0.53828
1125 0.546201
1150 0.553983
1175 0.560761
1200 0.567876
1225 0.57389
1250 0.580679
1275 0.586871
1300 0.592677
1325 0.598331
1350 0.604179
1375 0.609854
1400 0.615864
1425 0.622118
1450 0.629416
1475 0.635913
1500 0.641681
1525 0.648633
1550 0.653873
1575 0.659872
1600 0.66551
1625 0.671237
1650 0.675665
1675 0.680357
1700 0.684547
1725 0.689187
1750 0.693594
1775 0.698447
1800 0.702739
1825 0.707508
1850 0.71165
1875 0.716358
1900 0.721471
1925 0.725041
1950 0.73037
1975 0.73481
2000 0.739396
2025 0.742027
2050 0.745915
2075 0.749195
2100 0.752205
2125 0.755333
2150 0.758951
2175 0.762923
2200 0.76684
2225 0.771067
2250 0.774054
2275 0.777099
2300 0.780866
2325 0.783957
2350 0.787151
2375 0.789737
2400 0.79216
2425 0.794677
2450 0.797227
2475 0.799898
2500 0.802995
2525 0.804702
2550 0.807179
2575 0.809717
2600 0.811782
2625 0.813786
2650 0.816004
2675 0.81773
2700 0.819253
2725 0.821282
2750 0.823239
2775 0.82492
2800 0.827386
2825 0.829669
2850 0.831148
2875 0.833143
2900 0.83512
2925 0.836968
2950 0.838527
2975 0.840506
3000 0.842185
3025 0.844144
3050 0.845839
3075 0.846767
3100 0.848026
3125 0.849119
3150 0.85068
3175 0.852214
3200 0.853983
3225 0.85511
3250 0.85648
3275 0.85767
3300 0.858629
3325 0.859772
3350 0.861386
3375 0.862585
3400 0.863888
3425 0.865341
3450 0.866484
3475 0.868235
3500 0.869029
3525 0.870329
3550 0.871476
3575 0.872642
3600 0.87447
3625 0.875701
3650 0.876647
3675 0.877581
3700 0.879141
3725 0.879806
3750 0.881078
3775 0.88214
3800 0.882825
3825 0.88398
3850 0.885134
3875 0.8861
3900 0.886812
3925 0.887538
3950 0.888747
3975 0.888986
4000 0.889863
4025 0.890425
4050 0.891171
4075 0.891971
4100 0.892635
4125 0.893413
4150 0.893912
4175 0.894924
4200 0.89586
4225 0.895965
4250 0.896758
4275 0.89714
4300 0.897713
4325 0.898706
4350 0.89918
4375 0.89971
4400 0.899901
4425 0.900651
4450 0.901053
4475 0.901165
4500 0.901598
4525 0.901946
4550 0.902569
4575 0.902754
4600 0.903319
4625 0.904191
4650 0.904001
4675 0.904675
4700 0.905417
4725 0.905563
4750 0.905836
4775 0.906177
4800 0.906689
4825 0.907132
4850 0.90788
4875 0.908581
4900 0.908301
4925 0.908673
4950 0.909347
4975 0.909989
5000 0.90986
