0 4.61859e-08
25 0.00169314
50 0.005003
75 0.00896471
100 0.0133943
125 0.0194064
150 0.0261024
175 0.0339049
200 0.0412742
225 0.049988
250 0.0584625
275 0.0676384
300 0.0773575
325 0.0874894
350 0.0963503
375 0.106185
400 0.116814
425 0.126277
450 0.135943
475 0.144207
500 0.154099
525 0.163278
550 0.171939
575 0.181136
600 0.191214
625 0.201147
650 0.211008
675 0.22189
700 0.233865
725 0.243978
750 0.253071
775 0.263167
800 0.272601
825 0.282433
850 0.292328
875 0.302788
900 0.31334
925 0.323248
950 0.333216
975 0.343781
1000 0.353741
1025 0.362525
1050 0.372358
1075 0.382152
1100 0.390943
1125 0.400653
1150 0.41012
1175 0.417995
1200 0.426131
1225 0.433661
1250 0.440506
1275 0.448996
1300 0.455179
1325 0.462599
1350 0.470246
1375 0.4781
1400 0.486065
1425 0.494978
1450 0.504288
1475 0.513906
1500 0.521872
1525 0.530707
1550 0.538537
1575 0.546001
1600 0.553441
1625 0.560124
1650 0.566419
1675 0.572005
1700 0.578484
1725 0.583381
1750 0.587639
1775 0.592123
1800 0.597204
1825 0.603374
1850 0.607533
1875 0.612844
1900 0.618486
1925 0.623322
1950 0.628053
1975 0.63406
2000 0.639114
2025 0.641621
2050 0.64612
2075 0.64969
2100 0.652761
2125 0.656248
2150 0.660664
2175 0.664264
2200 0.670015
2225 0.674643
2250 0.679034
2275 0.681475
2300 0.685569
2325 0.689169
2350 0.691247
2375 0.693707
2400 0.695041
2425 0.696753
2450 0.699246
2475 0.702261
2500 0.705917
2525 0.707822
2550 0.710298
2575 0.712709
2600 0.714689
2625 0.716563
2650 0.720086
2675 0.721895
2700 0.723202
2725 0.725417
2750 0.726528
2775 0.728789
2800 0.732925
2825 0.735242
2850 0.736916
2875 0.739375
2900 0.741118
2925 0.743509
2950 0.745258
2975 0.746789
3000 0.750359
3025 0.75383
3050 0.755716
3075 0.75644
3100 0.757897
3125 0.759781
3150 0.761547
3175 0.764392
3200 0.766565
3225 0.767959
3250 0.769955
3275 0.772116
3300 0.77412
3325 0.776259
3350 0.778933
3375 0.781139
3400 0.782398
3425 0.785589
3450 0.786894
3475 0.790295
3500 0.792083
3525 0.793801
3550 0.796155
3575 0.797792
3600 0.799915
3625 0.801395
3650 0.802875
3675 0.803612
3700 0.80593
3725 0.807937
3750 0.809649
3775 0.811942
3800 0.813171
3825 0.814429
3850 0.816453
3875 0.817248
3900 0.818981
3925 0.819993
3950 0.821724
3975 0.822117
4000 0.823513
4025 0.824723
4050 0.826234
4075 0.827538
4100 0.828263
4125 0.830038
4150 0.830145
4175 0.832409
4200 0.834243
4225 0.834408
4250 0.835788
4275 0.836224
4300 0.836573
4325 0.838009
4350 0.838917
4375 0.839649
4400 0.840647
4425 0.841886
4450 0.842456
4475 0.84211
4500 0.842764
4525 0.843024
4550 0.84389
4575 0.843794
4600 0.844343
4625 0.845726
4650 0.845571
4675 0.846435
4700 0.847878
4725 0.84829
4750 0.848265
4775 0.849484
4800 0.849835
4825 0.850369
4850 0.850928
4875 0.852494
4900 0.852001
4925 0.852925
4950 0.853631
4975 0.854873
5000 0.854263
