0 4.92604e-08
25 0.00161848
50 0.00509736
75 0.0098062
100 0.0149198
125 0.0209266
150 0.0274687
175 0.0342703
200 0.0410327
225 0.0483145
250 0.0570927
275 0.0660498
300 0.0748528
325 0.0844365
350 0.0942483
375 0.103957
400 0.112559
425 0.122658
450 0.13128
475 0.139656
500 0.150201
525 0.160044
550 0.169831
575 0.180553
600 0.190351
625 0.200096
650 0.212175
675 0.222424
700 0.232191
725 0.241643
750 0.252521
775 0.263587
800 0.274644
825 0.285409
850 0.297228
875 0.306879
900 0.316258
925 0.324321
950 0.333596
975 0.340907
1000 0.349706
1025 0.358739
1050 0.369521
1075 0.378474
1100 0.386801
1125 0.396035
1150 0.40471
1175 0.413716
1200 0.421672
1225 0.428839
1250 0.437067
1275 0.443846
1300 0.451525
1325 0.457154
1350 0.463297
1375 0.469648
1400 0.476569
1425 0.483214
1450 0.491223
1475 0.498556
1500 0.505303
1525 0.513446
1550 0.518945
1575 0.526433
1600 0.533575
1625 0.540582
1650 0.546101
1675 0.552131
1700 0.55632
1725 0.562657
1750 0.568943
1775 0.576115
1800 0.581927
1825 0.587215
1850 0.593773
1875 0.600477
1900 0.607662
1925 0.612403
1950 0.620723
1975 0.626118
2000 0.632556
2025 0.636945
2050 0.641969
2075 0.646077
2100 0.650629
2125 0.655194
2150 0.660666
2175 0.666956
2200 0.671128
2225 0.677893
2250 0.681638
2275 0.686938
2300 0.692862
2325 0.697929
2350 0.703308
2375 0.70745
2400 0.711403
2425 0.716216
2450 0.72038
2475 0.723968
2500 0.728228
2525 0.731027
2550 0.734797
2575 0.73823
2600 0.741029
2625 0.744347
2650 0.747433
2675 0.749557
2700 0.751994
2725 0.754957
2750 0.758117
2775 0.760112
2800 0.762915
2825 0.76642
2850 0.768399
2875 0.771436
2900 0.774045
2925 0.776504
2950 0.779106
2975 0.78259
3000 0.782575
3025 0.784684
3050 0.787499
3075 0.789558
3100 0.790838
3125 0.791854
3150 0.793987
3175 0.795134
3200 0.797359
3225 0.798969
3250 0.800836
3275 0.80189
3300 0.801767
3325 0.802808
3350 0.80494
3375 0.80652
3400 0.808178
3425 0.808902
3450 0.810492
3475 0.812504
3500 0.812952
3525 0.815228
3550 0.816141
3575 0.817465
3600 0.820445
3625 0.822439
3650 0.823808
3675 0.824794
3700 0.826564
3725 0.827237
3750 0.828859
3775 0.829679
3800 0.830343
3825 0.831855
3850 0.832603
3875 0.833799
3900 0.834334
3925 0.834852
3950 0.836278
3975 0.837033
4000 0.838529
4025 0.838965
4050 0.839748
4075 0.839884
4100 0.84059
4125 0.84119
4150 0.841745
4175 0.842501
4200 0.843469
4225 0.843042
4250 0.843915
4275 0.844769
4300 0.845168
4325 0.846569
4350 0.847116
4375 0.847734
4400 0.847376
4425 0.848153
4450 0.848339
4475 0.84846
4500 0.848845
4525 0.849117
4550 0.849886
4575 0.849932
4600 0.850948
4625 0.851771
4650 0.851367
4675 0.852502
4700 0.853403
4725 0.852905
4750 0.853182
4775 0.852894
4800 0.854162
4825 0.854064
4850 0.85563
4875 0.855996
4900 0.855198
4925 0.85514
4950 0.85615
4975 0.857001
5000 0.857215
