0 0.000156332
25 0.0290933
50 0.0509981
75 0.0686791
100 0.0848698
125 0.102061
150 0.11925
175 0.135652
200 0.149685
225 0.165128
250 0.179668
275 0.193796
300 0.208247
325 0.222162
350 0.234671
375 0.247
400 0.260537
425 0.272016
450 0.283711
475 0.294271
500 0.306014
525 0.316346
550 0.325332
575 0.335056
600 0.347256
625 0.357485
650 0.368037
675 0.379827
700 0.392022
725 0.40227
750 0.412097
775 0.422519
800 0.43198
825 0.440807
850 0.450498
875 0.460259
900 0.470381
925 0.479252
950 0.487735
975 0.497166
1000 0.505828
1025 0.512807
1050 0.5215
1075 0.530489
1100 0.538702
1125 0.547109
1150 0.55506
1175 0.561365
1200 0.56871
1225 0.57511
1250 0.580896
1275 0.587838
1300 0.592517
1325 0.599248
1350 0.605752
1375 0.611947
1400 0.617872
1425 0.624886
1450 0.632235
1475 0.639203
1500 0.645118
1525 0.65252
1550 0.658573
1575 0.664173
1600 0.669738
1625 0.675288
1650 0.679808
1675 0.684449
1700 0.689787
1725 0.693476
1750 0.696438
1775 0.700358
1800 0.704416
1825 0.709618
1850 0.712699
1875 0.716736
1900 0.721261
1925 0.72458
1950 0.728403
1975 0.733254
2000 0.737443
2025 0.739286
2050 0.743202
2075 0.746115
2100 0.748558
2125 0.751339
2150 0.754713
2175 0.757745
2200 0.762077
2225 0.765553
2250 0.768728
2275 0.771066
2300 0.774079
2325 0.776682
2350 0.77864
2375 0.780905
2400 0.78263
2425 0.784192
2450 0.786309
2475 0.788786
2500 0.792067
2525 0.793664
2550 0.795602
2575 0.798072
2600 0.799838
2625 0.80133
2650 0.803708
2675 0.805321
2700 0.806671
2725 0.808459
2750 0.809704
2775 0.811669
2800 0.814846
2825 0.816999
2850 0.818727
2875 0.820469
2900 0.822214
2925 0.824185
2950 0.825178
2975 0.826668
3000 0.829419
3025 0.831805
3050 0.83312
3075 0.833667
3100 0.834973
3125 0.836652
3150 0.838272
3175 0.840419
3200 0.842231
3225 0.843157
3250 0.844346
3275 0.845899
3300 0.847526
3325 0.848993
3350 0.850834
3375 0.852356
3400 0.85356
3425 0.855693
3450 0.856857
3475 0.859121
3500 0.860503
3525 0.861685
3550 0.863307
3575 0.86436
3600 0.865938
3625 0.867144
3650 0.867963
3675 0.86871
3700 0.87047
3725 0.871442
3750 0.873021
3775 0.874755
3800 0.875603
3825 0.876773
3850 0.878334
3875 0.87904
3900 0.880016
3925 0.880782
3950 0.882281
3975 0.882316
4000 0.883165
4025 0.883979
4050 0.885146
4075 0.886303
4100 0.886855
4125 0.887953
4150 0.888419
4175 0.889965
4200 0.891176
4225 0.891504
4250 0.892528
4275 0.89291
4300 0.893461
4325 0.894485
4350 0.895011
4375 0.895603
4400 0.896181
4425 0.897092
4450 0.897461
4475 0.897425
4500 0.897813
4525 0.898044
4550 0.898674
4575 0.898948
4600 0.89931
4625 0.900398
4650 0.900426
4675 0.90106
4700 0.901806
4725 0.902327
4750 0.902406
4775 0.903242
4800 0.903425
4825 0.904108
4850 0.904581
4875 0.905493
4900 0.905316
4925 0.906073
4950 0.906579
4975 0.907349
5000 0.906831
