0 4.78739e-08
25 0.00165215
50 0.00505481
75 0.0094267
100 0.0142318
125 0.020241
150 0.0268525
175 0.0341055
200 0.0411416
225 0.0490692
250 0.0577105
275 0.0667662
300 0.0759824
325 0.0858133
350 0.0951963
375 0.104962
400 0.114478
425 0.12429
450 0.133383
475 0.141708
500 0.151959
525 0.161502
550 0.170782
575 0.180816
600 0.19074
625 0.20057
650 0.211649
675 0.222183
700 0.232946
725 0.242696
750 0.252769
775 0.263398
800 0.273723
825 0.284067
850 0.295018
875 0.305034
900 0.314942
925 0.323837
950 0.333425
975 0.342203
1000 0.351526
1025 0.360446
1050 0.3708
1075 0.380133
1100 0.388669
1125 0.398118
1150 0.40715
1175 0.415646
1200 0.423683
1225 0.431014
1250 0.438618
1275 0.446169
1300 0.453173
1325 0.45961
1350 0.466431
1375 0.47346
1400 0.480852
1425 0.488519
1450 0.497115
1475 0.505479
1500 0.512775
1525 0.52123
1550 0.527781
1575 0.535258
1600 0.542534
1625 0.549395
1650 0.555264
1675 0.561094
1700 0.566316
1725 0.572003
1750 0.577375
1775 0.583334
1800 0.588817
1825 0.594502
1850 0.599978
1875 0.606054
1900 0.612543
1925 0.617327
1950 0.624029
1975 0.6297
2000 0.635514
2025 0.639054
2050 0.643841
2075 0.647706
2100 0.65159
2125 0.655669
2150 0.660665
2175 0.665742
2200 0.670626
2225 0.676427
2250 0.680464
2275 0.684474
2300 0.689573
2325 0.693978
2350 0.697869
2375 0.701252
2400 0.704024
2425 0.707439
2450 0.710849
2475 0.714179
2500 0.718166
2525 0.720562
2550 0.723748
2575 0.726721
2600 0.72915
2625 0.731817
2650 0.7351
2675 0.737082
2700 0.739009
2725 0.741635
2750 0.743871
2775 0.745986
2800 0.74939
2825 0.752359
2850 0.754201
2875 0.756977
2900 0.759196
2925 0.761624
2950 0.763841
2975 0.766444
3000 0.768046
3025 0.770769
3050 0.773165
3075 0.774622
3100 0.775982
3125 0.77739
3150 0.779357
3175 0.78127
3200 0.783472
3225 0.784984
3250 0.786909
3275 0.788463
3300 0.789299
3325 0.790835
3350 0.793211
3375 0.795074
3400 0.796552
3425 0.798388
3450 0.79985
3475 0.802488
3500 0.80354
3525 0.805565
3550 0.807128
3575 0.808593
3600 0.811186
3625 0.812949
3650 0.814368
3675 0.815241
3700 0.817258
3725 0.818533
3750 0.820196
3775 0.82168
3800 0.822599
3825 0.823996
3850 0.82532
3875 0.826335
3900 0.82741
3925 0.828151
3950 0.829714
3975 0.830306
4000 0.831757
4025 0.832542
4050 0.833653
4075 0.834316
4100 0.835031
4125 0.836161
4150 0.836514
4175 0.83795
4200 0.839308
4225 0.839148
4250 0.84025
4275 0.840915
4300 0.841292
4325 0.842709
4350 0.843418
4375 0.844088
4400 0.844341
4425 0.845327
4450 0.845686
4475 0.845596
4500 0.846103
4525 0.846369
4550 0.847182
4575 0.847164
4600 0.847969
4625 0.849045
4650 0.848753
4675 0.849766
4700 0.850911
4725 0.850824
4750 0.850965
4775 0.851356
4800 0.852211
4825 0.852398
4850 0.853509
4875 0.854417
4900 0.853756
4925 0.854141
4950 0.855014
4975 0.856041
5000 0.855884
