0 4.7006e-08
25 0.0017004
50 0.00524881
75 0.0103328
100 0.0154862
125 0.0211735
150 0.0272482
175 0.0336022
200 0.0400824
225 0.047253
250 0.0562251
275 0.0654272
300 0.0749422
325 0.0842232
350 0.0934158
375 0.102316
400 0.110008
425 0.119568
450 0.127516
475 0.135383
500 0.147019
525 0.156018
550 0.165979
575 0.176649
600 0.186958
625 0.196233
650 0.207643
675 0.217547
700 0.226663
725 0.235329
750 0.245145
775 0.254787
800 0.264294
825 0.273754
850 0.284745
875 0.293816
900 0.302671
925 0.309864
950 0.320583
975 0.327268
1000 0.335673
1025 0.344965
1050 0.356337
1075 0.364855
1100 0.373003
1125 0.381603
1150 0.390166
1175 0.399556
1200 0.407548
1225 0.415325
1250 0.424276
1275 0.431836
1300 0.439945
1325 0.446245
1350 0.451598
1375 0.458131
1400 0.465376
1425 0.473798
1450 0.480683
1475 0.488015
1500 0.495734
1525 0.503872
1550 0.509036
1575 0.516113
1600 0.523578
1625 0.529487
1650 0.535943
1675 0.541684
1700 0.545471
1725 0.551216
1750 0.557365
1775 0.56444
1800 0.569354
1825 0.574166
1850 0.580652
1875 0.587635
1900 0.594577
1925 0.598637
1950 0.606314
1975 0.611581
2000 0.618729
2025 0.623037
2050 0.628158
2075 0.632332
2100 0.637898
2125 0.642573
2150 0.647665
2175 0.654322
2200 0.657857
2225 0.665413
2250 0.66971
2275 0.675
2300 0.681498
2325 0.686399
2350 0.691673
2375 0.696523
2400 0.701003
2425 0.706086
2450 0.710781
2475 0.713574
2500 0.717779
2525 0.721431
2550 0.725488
2575 0.729345
2600 0.733242
2625 0.736672
2650 0.740404
2675 0.7431
2700 0.745691
2725 0.749896
2750 0.753802
2775 0.75588
2800 0.75923
2825 0.763902
2850 0.766509
2875 0.770701
2900 0.774906
2925 0.778469
2950 0.781566
2975 0.78596
3000 0.786582
3025 0.78935
3050 0.793726
3075 0.796507
3100 0.799136
3125 0.799876
3150 0.802258
3175 0.804405
3200 0.806772
3225 0.809447
3250 0.812464
3275 0.813663
3300 0.813925
3325 0.814749
3350 0.817149
3375 0.818853
3400 0.820478
3425 0.821702
3450 0.823402
3475 0.826865
3500 0.826857
3525 0.828814
3550 0.829914
3575 0.831041
3600 0.834089
3625 0.836301
3650 0.837213
3675 0.838658
3700 0.840139
3725 0.840378
3750 0.842138
3775 0.843758
3800 0.845591
3825 0.846849
3850 0.847069
3875 0.848355
3900 0.849015
3925 0.849267
3950 0.85087
3975 0.851336
4000 0.853525
4025 0.853952
4050 0.853537
4075 0.854015
4100 0.854315
4125 0.854711
4150 0.855416
4175 0.855719
4200 0.855832
4225 0.855566
4250 0.855301
4275 0.855714
4300 0.85666
4325 0.857542
4350 0.857693
4375 0.858752
4400 0.858269
4425 0.859183
4450 0.859007
4475 0.858871
4500 0.859625
4525 0.85934
4550 0.859993
4575 0.860256
4600 0.86106
4625 0.862248
4650 0.862036
4675 0.863698
4700 0.864697
4725 0.864393
4750 0.863963
4775 0.863612
4800 0.864406
4825 0.864765
4850 0.866757
4875 0.867292
4900 0.866013
4925 0.865859
4950 0.86745
4975 0.868519
5000 0.868809
