0 0.000156816
25 0.0293103
50 0.0518268
75 0.0715334
100 0.0888737
125 0.105396
150 0.121056
175 0.136071
200 0.149866
225 0.163973
250 0.179426
275 0.193982
300 0.208352
325 0.221943
350 0.235026
375 0.248694
400 0.260379
425 0.273182
450 0.284283
475 0.29471
500 0.306331
525 0.317359
550 0.32833
575 0.33999
600 0.351274
625 0.361313
650 0.374003
675 0.384634
700 0.394357
725 0.404387
750 0.415219
775 0.426232
800 0.436336
825 0.446063
850 0.456572
875 0.465659
900 0.474792
925 0.482121
950 0.490474
975 0.497472
1000 0.505758
1025 0.513866
1050 0.523037
1075 0.530813
1100 0.537933
1125 0.545456
1150 0.553098
1175 0.560265
1200 0.567191
1225 0.572888
1250 0.580501
1275 0.586076
1300 0.592809
1325 0.597578
1350 0.602886
1375 0.608135
1400 0.614214
1425 0.619844
1450 0.6271
1475 0.63321
1500 0.638858
1525 0.64544
1550 0.650012
1575 0.656339
1600 0.662037
1625 0.66791
1650 0.672261
1675 0.676996
1700 0.680243
1725 0.685663
1750 0.691258
1775 0.696877
1800 0.701361
1825 0.705775
1850 0.710789
1875 0.716047
1900 0.721643
1925 0.725419
1950 0.731985
1975 0.736088
2000 0.741
2025 0.744278
2050 0.748143
2075 0.751725
2100 0.7552
2125 0.758613
2150 0.762432
2175 0.767176
2200 0.770753
2225 0.775597
2250 0.778429
2275 0.782055
2300 0.786441
2325 0.789932
2350 0.794143
2375 0.796991
2400 0.799988
2425 0.803289
2450 0.806195
2475 0.809026
2500 0.811971
2525 0.813769
2550 0.816689
2575 0.819283
2600 0.821594
2625 0.824017
2650 0.826104
2675 0.827923
2700 0.829589
2725 0.831816
2750 0.834357
2775 0.835805
2800 0.837687
2825 0.840077
2850 0.841351
2875 0.843553
2900 0.845722
2925 0.847468
2950 0.849493
2975 0.851873
3000 0.852671
3025 0.85428
3050 0.856287
3075 0.857527
3100 0.858749
3125 0.85936
3150 0.860873
3175 0.861902
3200 0.863637
3225 0.864928
3250 0.866448
3275 0.867339
3300 0.867749
3325 0.868626
3350 0.870053
3375 0.870987
3400 0.872371
3425 0.873266
3450 0.874391
3475 0.875722
3500 0.876033
3525 0.877429
3550 0.878186
3575 0.879445
3600 0.881479
3625 0.88273
3650 0.883781
3675 0.884868
3700 0.886264
3725 0.886676
3750 0.887696
3775 0.888207
3800 0.888757
3825 0.8899
3850 0.890719
3875 0.8919
3900 0.892394
3925 0.893088
3950 0.894059
3975 0.894465
4000 0.895365
4025 0.89572
4050 0.89612
4075 0.896626
4100 0.897382
4125 0.897898
4150 0.898424
4175 0.898997
4200 0.899708
4225 0.899629
4250 0.900232
4275 0.900615
4300 0.901206
4325 0.902173
4350 0.902605
4375 0.903084
4400 0.902957
4425 0.903575
4450 0.904003
4475 0.904237
4500 0.904708
4525 0.905152
4550 0.905768
4575 0.905881
4600 0.906612
4625 0.907306
4650 0.906937
4675 0.907645
4700 0.908383
4725 0.908222
4750 0.908654
4775 0.908588
4800 0.909371
4825 0.909616
4850 0.910589
4875 0.911118
4900 0.910753
4925 0.910808
4950 0.91162
4975 0.912157
5000 0.912348
