0 0.000153726
25 0.029973
50 0.0524249
75 0.0726014
100 0.0895227
125 0.105502
150 0.120468
175 0.134671
200 0.148001
225 0.161798
250 0.177663
275 0.192799
300 0.208076
325 0.221338
350 0.233645
375 0.246695
400 0.25772
425 0.270509
450 0.280831
475 0.290535
500 0.303545
525 0.313898
550 0.325101
575 0.336436
600 0.34801
625 0.357757
650 0.369616
675 0.379324
700 0.388125
725 0.397462
750 0.407501
775 0.417459
800 0.426375
825 0.435263
850 0.445162
875 0.453705
900 0.462383
925 0.469324
950 0.478855
975 0.48543
1000 0.493468
1025 0.50173
1050 0.511862
1075 0.518892
1100 0.525832
1125 0.532733
1150 0.540694
1175 0.548602
1200 0.555546
1225 0.561612
1250 0.569811
1275 0.576338
1300 0.583641
1325 0.589036
1350 0.593577
1375 0.599106
1400 0.605764
1425 0.612702
1450 0.619168
1475 0.625298
1500 0.631914
1525 0.638542
1550 0.643043
1575 0.64918
1600 0.655043
1625 0.660528
1650 0.665902
1675 0.670707
1700 0.67368
1725 0.679078
1750 0.684687
1775 0.690068
1800 0.694206
1825 0.698637
1850 0.703837
1875 0.709576
1900 0.715201
1925 0.718449
1950 0.724751
1975 0.728917
2000 0.734146
2025 0.737665
2050 0.741611
2075 0.745372
2100 0.749906
2125 0.753343
2150 0.756725
2175 0.761803
2200 0.764758
2225 0.770259
2250 0.77339
2275 0.777154
2300 0.781862
2325 0.785344
2350 0.789786
2375 0.793051
2400 0.796503
2425 0.800019
2450 0.803285
2475 0.805685
2500 0.808763
2525 0.81128
2550 0.814523
2575 0.817213
2600 0.820429
2625 0.823166
2650 0.825724
2675 0.827833
2700 0.829356
2725 0.832419
2750 0.835636
2775 0.837308
2800 0.839566
2825 0.842791
2850 0.844345
2875 0.847387
2900 0.85062
2925 0.853069
2950 0.855493
2975 0.858527
3000 0.859612
3025 0.861606
3050 0.864734
3075 0.866355
3100 0.868275
3125 0.868718
3150 0.870519
3175 0.872338
3200 0.874182
3225 0.876178
3250 0.878433
3275 0.879618
3300 0.880078
3325 0.881076
3350 0.882519
3375 0.88351
3400 0.884995
3425 0.885981
3450 0.887038
3475 0.889403
3500 0.889591
3525 0.890873
3550 0.891767
3575 0.89288
3600 0.894884
3625 0.896211
3650 0.897164
3675 0.898231
3700 0.899334
3725 0.899652
3750 0.900793
3775 0.901793
3800 0.902897
3825 0.903811
3850 0.904181
3875 0.90544
3900 0.905739
3925 0.906274
3950 0.907308
3975 0.907601
4000 0.908898
4025 0.909358
4050 0.908889
4075 0.909398
4100 0.910073
4125 0.910556
4150 0.9109
4175 0.911109
4200 0.911254
4225 0.911191
4250 0.911109
4275 0.91125
4300 0.912075
4325 0.912759
4350 0.913005
4375 0.913754
4400 0.91363
4425 0.914222
4450 0.914342
4475 0.914201
4500 0.915045
4525 0.915008
4550 0.915565
4575 0.915665
4600 0.916327
4625 0.917152
4650 0.91691
4675 0.917903
4700 0.918571
4725 0.918555
4750 0.918507
4775 0.918371
4800 0.918749
4825 0.919391
4850 0.920537
4875 0.921115
4900 0.920571
4925 0.920471
4950 0.92141
4975 0.922032
5000 0.922507
