0 0.0477854
25 0.0639617
50 0.0906664
75 0.0896426
100 0.122658
125 0.12471
150 0.142725
175 0.152857
200 0.166216
225 0.186533
250 0.209577
275 0.224136
300 0.248884
325 0.259455
350 0.274242
375 0.292452
400 0.31239
425 0.328117
450 0.346566
475 0.366235
500 0.379124
525 0.391842
550 0.402635
575 0.415079
600 0.438139
625 0.448832
650 0.4649
675 0.481114
700 0.494092
725 0.50885
750 0.523887
775 0.538702
800 0.549265
825 0.557034
850 0.567624
875 0.578435
900 0.591131
925 0.599289
950 0.606984
975 0.616473
1000 0.625903
1025 0.632433
1050 0.640976
1075 0.650132
1100 0.658583
1125 0.66554
1150 0.673334
1175 0.678194
1200 0.686186
1225 0.69132
1250 0.69919
1275 0.704569
1300 0.709888
1325 0.716175
1350 0.722218
1375 0.726992
1400 0.732226
1425 0.737776
1450 0.745179
1475 0.750007
1500 0.754658
1525 0.761113
1550 0.765569
1575 0.77074
1600 0.775051
1625 0.780638
1650 0.78371
1675 0.787836
1700 0.791486
1725 0.795727
1750 0.799819
1775 0.804221
1800 0.807682
1825 0.812344
1850 0.815317
1875 0.818995
1900 0.823209
1925 0.825668
1950 0.83018
1975 0.833772
2000 0.837559
2025 0.839358
2050 0.842822
2075 0.846046
2100 0.848397
2125 0.850766
2150 0.853025
2175 0.856214
2200 0.859565
2225 0.862277
2250 0.864303
2275 0.866545
2300 0.869092
2325 0.870823
2350 0.873692
2375 0.875629
2400 0.87808
2425 0.879768
2450 0.881558
2475 0.883812
2500 0.88622
2525 0.887241
2550 0.88917
2575 0.891589
2600 0.893535
2625 0.894949
2650 0.896018
2675 0.89771
2700 0.898934
2725 0.900475
2750 0.902396
2775 0.903757
2800 0.905309
2825 0.907012
2850 0.908232
2875 0.909454
2900 0.911432
2925 0.912766
2950 0.913653
2975 0.915077
3000 0.917139
3025 0.918339
3050 0.919321
3075 0.919655
3100 0.920971
3125 0.921795
3150 0.92303
3175 0.924268
3200 0.925703
3225 0.926463
3250 0.927272
3275 0.928134
3300 0.929392
3325 0.930159
3350 0.930961
3375 0.931428
3400 0.932668
3425 0.933798
3450 0.934661
3475 0.935456
3500 0.936007
3525 0.936509
3550 0.937249
3575 0.938163
3600 0.939207
3625 0.939889
3650 0.94033
3675 0.941449
3700 0.942593
3725 0.942543
3750 0.943453
3775 0.944089
3800 0.944547
3825 0.945515
3850 0.946573
3875 0.947577
3900 0.947898
3925 0.948679
3950 0.949558
3975 0.949373
4000 0.949611
4025 0.949946
4050 0.950304
4075 0.951352
4100 0.952015
4125 0.952425
4150 0.953152
4175 0.953725
4200 0.954218
4225 0.954662
4250 0.95514
4275 0.955204
4300 0.95607
4325 0.956621
4350 0.956843
4375 0.957245
4400 0.957374
4425 0.957896
4450 0.958381
4475 0.958751
4500 0.95913
4525 0.959605
4550 0.960041
4575 0.960491
4600 0.960803
4625 0.96149
4650 0.961411
4675 0.961722
4700 0.962024
4725 0.962467
4750 0.962921
4775 0.963223
4800 0.963356
4825 0.96414
4850 0.964496
4875 0.964996
4900 0.965157
4925 0.965538
4950 0.966015
4975 0.966233
5000 0.966131
