0 0.110202
25 -0.000342715
50 0.0763644
75 0.0994163
100 0.140421
125 0.136956
150 0.164469
175 0.157479
200 0.157852
225 0.166736
250 0.188924
275 0.199045
300 0.216209
325 0.227384
350 0.25042
375 0.259508
400 0.279099
425 0.293389
450 0.31109
475 0.3347
500 0.35442
525 0.368442
550 0.375496
575 0.386492
600 0.414309
625 0.426018
650 0.442183
675 0.461961
700 0.478245
725 0.492296
750 0.509808
775 0.52586
800 0.539171
825 0.546485
850 0.559592
875 0.57066
900 0.583827
925 0.592631
950 0.599258
975 0.609155
1000 0.617452
1025 0.621422
1050 0.630845
1075 0.642053
1100 0.652851
1125 0.661491
1150 0.668838
1175 0.673583
1200 0.682467
1225 0.688859
1250 0.694567
1275 0.700645
1300 0.703475
1325 0.711773
1350 0.718448
1375 0.723294
1400 0.726795
1425 0.732395
1450 0.738401
1475 0.742216
1500 0.746033
1525 0.753573
1550 0.758327
1575 0.762256
1600 0.766153
1625 0.771697
1650 0.774351
1675 0.778992
1700 0.784202
1725 0.78692
1750 0.788437
1775 0.792822
1800 0.796451
1825 0.801779
1850 0.803929
1875 0.807025
1900 0.8111
1925 0.812758
1950 0.816271
1975 0.82071
2000 0.824776
2025 0.826039
2050 0.830232
2075 0.832935
2100 0.835061
2125 0.837491
2150 0.840111
2175 0.843104
2200 0.846316
2225 0.848871
2250 0.850929
2275 0.853783
2300 0.855856
2325 0.857546
2350 0.859856
2375 0.862426
2400 0.865257
2425 0.866989
2450 0.86905
2475 0.871294
2500 0.8748
2525 0.876299
2550 0.877854
2575 0.881004
2600 0.882846
2625 0.884084
2650 0.885223
2675 0.886897
2700 0.888608
2725 0.89013
2750 0.891848
2775 0.893774
2800 0.896153
2825 0.898491
2850 0.90064
2875 0.90165
2900 0.90373
2925 0.905448
2950 0.90551
2975 0.907213
3000 0.909262
3025 0.910493
3050 0.91121
3075 0.9116
3100 0.91291
3125 0.914577
3150 0.916255
3175 0.917757
3200 0.919346
3225 0.919757
3250 0.919998
3275 0.92094
3300 0.922289
3325 0.923043
3350 0.924004
3375 0.924806
3400 0.92611
3425 0.927099
3450 0.928235
3475 0.92927
3500 0.930291
3525 0.930908
3550 0.931764
3575 0.932174
3600 0.933231
3625 0.934228
3650 0.934275
3675 0.935129
3700 0.936373
3725 0.9361
3750 0.9377
3775 0.93891
3800 0.939362
3825 0.940555
3850 0.941693
3875 0.942364
3900 0.94247
3925 0.943003
3950 0.944368
3975 0.943948
4000 0.944188
4025 0.944582
4050 0.945434
4075 0.946526
4100 0.946917
4125 0.947267
4150 0.948238
4175 0.949028
4200 0.949572
4225 0.950139
4250 0.950814
4275 0.951165
4300 0.952019
4325 0.952623
4350 0.952721
4375 0.953193
4400 0.9533
4425 0.953885
4450 0.954037
4475 0.954384
4500 0.954475
4525 0.954691
4550 0.955085
4575 0.955838
4600 0.956002
4625 0.956817
4650 0.957073
4675 0.957476
4700 0.957426
4725 0.958124
4750 0.958336
4775 0.95877
4800 0.95876
4825 0.95968
4850 0.960086
4875 0.960269
4900 0.960464
4925 0.961075
4950 0.961374
4975 0.961629
5000 0.961184
