0 -0.00317744
25 0.11607
50 0.102259
75 0.0836132
100 0.111066
125 0.116116
150 0.125584
175 0.149074
200 0.173062
225 0.20307
250 0.226584
275 0.244716
300 0.275702
325 0.285851
350 0.293759
375 0.31916
400 0.339773
425 0.356419
450 0.375584
475 0.392066
500 0.399373
525 0.410953
550 0.424573
575 0.438034
600 0.457366
625 0.467249
650 0.483148
675 0.496553
700 0.506977
725 0.522322
750 0.535322
775 0.549113
800 0.55746
825 0.565582
850 0.574157
875 0.584756
900 0.597071
925 0.604715
950 0.61328
975 0.622478
1000 0.632843
1025 0.641439
1050 0.649251
1075 0.656763
1100 0.663307
1125 0.668888
1150 0.677064
1175 0.682001
1200 0.689264
1225 0.693363
1250 0.702991
1275 0.707816
1300 0.715153
1325 0.719812
1350 0.725356
1375 0.73009
1400 0.736759
1425 0.742308
1450 0.750879
1475 0.75658
1500 0.761934
1525 0.767511
1550 0.771774
1575 0.777955
1600 0.782606
1625 0.788216
1650 0.791636
1675 0.795325
1700 0.797747
1725 0.803196
1750 0.809339
1775 0.813694
1800 0.816998
1825 0.821133
1850 0.824727
1875 0.828849
1900 0.833144
1925 0.836252
1950 0.841509
1975 0.844427
2000 0.847974
2025 0.850175
2050 0.853049
2075 0.856685
2100 0.8592
2125 0.861511
2150 0.863474
2175 0.866799
2200 0.870269
2225 0.87309
2250 0.875095
2275 0.876837
2300 0.87975
2325 0.881512
2350 0.884811
2375 0.886246
2400 0.8884
2425 0.890057
2450 0.891639
2475 0.8939
2500 0.895449
2525 0.896096
2550 0.898325
2575 0.900175
2600 0.902206
2625 0.903768
2650 0.904776
2675 0.906486
2700 0.90733
2725 0.908891
2750 0.910988
2775 0.911902
2800 0.912794
2825 0.914003
2850 0.914494
2875 0.915885
2900 0.917792
2925 0.918821
2950 0.920366
2975 0.921588
3000 0.923626
3025 0.924789
3050 0.925983
3075 0.926285
3100 0.927604
3125 0.927754
3150 0.92864
3175 0.929653
3200 0.930965
3225 0.932003
3250 0.93326
3275 0.93405
3300 0.935221
3325 0.935988
3350 0.93666
3375 0.936856
3400 0.93805
3425 0.939274
3450 0.939923
3475 0.940519
3500 0.940689
3525 0.941099
3550 0.941741
3575 0.943056
3600 0.944095
3625 0.944526
3650 0.94528
3675 0.946612
3700 0.947675
3725 0.947796
3750 0.948152
3775 0.948323
3800 0.948785
3825 0.949573
3850 0.950562
3875 0.951836
3900 0.952326
3925 0.953304
3950 0.953791
3975 0.953798
4000 0.954033
4025 0.954319
4050 0.954278
4075 0.955289
4100 0.95617
4125 0.956626
4150 0.957161
4175 0.957553
4200 0.958004
4225 0.958348
4250 0.958667
4275 0.9585
4300 0.959373
4325 0.959881
4350 0.960207
4375 0.96055
4400 0.960698
4425 0.961167
4450 0.961922
4475 0.962312
4500 0.962921
4525 0.963606
4550 0.964079
4575 0.964281
4600 0.964715
4625 0.965298
4650 0.964948
4675 0.965184
4700 0.965771
4725 0.966009
4750 0.966657
4775 0.966856
4800 0.967102
4825 0.967774
4850 0.968091
4875 0.968847
4900 0.968983
4925 0.969178
4950 0.969798
4975 0.969989
5000 0.970162
