0 0.000235703
16 0.0285849
32 0.0502861
48 0.0690038
64 0.0867092
80 0.10353
96 0.119205
112 0.133866
128 0.148728
144 0.162546
160 0.17681
176 0.18918
192 0.20359
208 0.21716
224 0.228895
240 0.240388
256 0.251279
272 0.263109
288 0.273919
304 0.284448
320 0.294689
336 0.305446
352 0.31631
368 0.325705
384 0.336105
400 0.346485
416 0.356989
432 0.367969
448 0.378234
464 0.387872
480 0.398672
496 0.408652
512 0.418202
528 0.428516
544 0.43709
560 0.446989
576 0.456118
592 0.464825
608 0.472679
624 0.481503
640 0.489958
656 0.49788
672 0.505731
688 0.513954
704 0.522527
720 0.53004
736 0.537002
752 0.545091
768 0.552201
784 0.559214
800 0.566707
816 0.574789
832 0.582333
848 0.588282
864 0.595832
880 0.60044
896 0.605874
912 0.612229
928 0.617318
944 0.622224
960 0.628714
976 0.63412
992 0.639662
1008 0.645004
1024 0.651357
1040 0.656618
1056 0.66105
1072 0.666176
1088 0.671526
1104 0.676399
1120 0.682582
1136 0.686842
1152 0.692354
1168 0.697354
1184 0.702079
1200 0.705656
1216 0.709129
1232 0.712707
1248 0.716893
1264 0.721168
1280 0.724941
1296 0.728787
1312 0.732161
1328 0.73638
1344 0.740729
1360 0.745258
1376 0.749359
1392 0.753592
1408 0.757774
1424 0.761367
1440 0.765379
1456 0.768797
1472 0.772523
1488 0.777096
1504 0.780406
1520 0.783826
1536 0.787111
1552 0.789945
1568 0.792374
1584 0.795816
1600 0.799192
1616 0.802197
1632 0.806422
1648 0.808444
1664 0.811873
1680 0.814571
1696 0.817349
1712 0.819728
1728 0.822258
1744 0.824016
1760 0.826688
1776 0.828932
1792 0.830879
1808 0.833396
1824 0.83598
1840 0.838703
1856 0.840623
1872 0.842662
1888 0.844502
1904 0.846676
1920 0.848836
1936 0.850033
1952 0.851191
1968 0.853561
1984 0.854757
2000 0.856392
2016 0.858005
2032 0.859299
2048 0.860813
2064 0.862151
2080 0.863587
2096 0.865193
2112 0.86675
2128 0.867661
2144 0.869248
2160 0.870442
2176 0.871551
2192 0.873505
2208 0.875033
2224 0.875609
2240 0.877721
2256 0.878217
2272 0.879107
2288 0.880748
2304 0.88166
2320 0.88302
2336 0.883537
2352 0.884171
2368 0.885239
2384 0.886358
2400 0.886965
2416 0.88812
2432 0.888619
2448 0.889885
2464 0.891089
2480 0.891565
2496 0.892254
2512 0.89296
2528 0.893758
2544 0.894703
2560 0.895411
2576 0.895686
2592 0.896231
2608 0.897263
2624 0.898298
2640 0.898681
2656 0.899404
2672 0.900644
2688 0.900763
2704 0.901475
2720 0.901838
2736 0.90205
2752 0.903243
2768 0.904413
2784 0.905166
2800 0.905814
2816 0.905995
2832 0.906872
2848 0.9072
2864 0.908203
2880 0.909234
2896 0.910022
2912 0.910686
2928 0.911918
2944 0.912179
2960 0.912782
2976 0.913482
2992 0.913869
3008 0.914142
3024 0.915079
3040 0.916114
3056 0.917021
3072 0.918067
3088 0.918807
3104 0.919657
3120 0.920066
3136 0.920034
3152 0.920962
3168 0.921392
3184 0.922284
3200 0.92276
