0 8.48954e-08
16 0.00123088
32 0.00446127
48 0.00859628
64 0.0143549
80 0.0203006
96 0.0272995
112 0.0356598
128 0.0435074
144 0.0523295
160 0.0611782
176 0.0722988
192 0.0800519
208 0.0889365
224 0.100321
240 0.109317
256 0.124104
272 0.139555
288 0.151906
304 0.165774
320 0.178372
336 0.189125
352 0.203997
368 0.215984
384 0.227569
400 0.238045
416 0.252333
432 0.265523
448 0.275773
464 0.287046
480 0.296644
496 0.307799
512 0.317946
528 0.33106
544 0.341356
560 0.350299
576 0.355283
592 0.36374
608 0.372955
624 0.382789
640 0.39275
656 0.395988
672 0.412076
688 0.418924
704 0.429033
720 0.434828
736 0.442498
752 0.453324
768 0.463184
784 0.47096
800 0.479198
816 0.481639
832 0.488556
848 0.496291
864 0.500936
880 0.503847
896 0.511143
912 0.513446
928 0.517829
944 0.522196
960 0.529915
976 0.534217
992 0.537613
1008 0.542908
1024 0.547279
1040 0.550245
1056 0.554129
1072 0.560883
1088 0.567272
1104 0.572117
1120 0.579188
1136 0.581488
1152 0.580815
1168 0.584802
1184 0.586372
1200 0.59147
1216 0.592354
1232 0.598373
1248 0.602372
1264 0.608572
1280 0.609425
1296 0.613407
1312 0.614492
1328 0.61569
1344 0.619598
1360 0.619486
1376 0.621172
1392 0.622734
1408 0.624168
1424 0.629366
1440 0.630436
1456 0.632018
1472 0.633378
1488 0.636852
1504 0.641355
1520 0.642382
1536 0.645732
1552 0.649359
1568 0.649214
1584 0.65336
1600 0.654089
1616 0.649621
1632 0.648469
1648 0.654162
1664 0.651627
1680 0.6547
1696 0.653204
1712 0.656372
1728 0.652564
1744 0.651935
1760 0.652461
1776 0.651826
1792 0.652473
1808 0.651843
1824 0.652224
1840 0.653839
1856 0.653991
1872 0.65076
1888 0.652588
1904 0.65503
1920 0.655444
1936 0.655443
1952 0.654652
1968 0.655805
1984 0.655039
2000 0.656016
2016 0.655159
2032 0.655194
2048 0.658142
2064 0.659114
2080 0.661943
2096 0.661912
2112 0.660061
2128 0.660065
2144 0.662471
2160 0.661775
2176 0.661531
2192 0.664752
2208 0.664026
2224 0.666524
2240 0.664241
2256 0.668379
2272 0.6696
2288 0.671055
2304 0.668482
2320 0.668508
2336 0.668783
2352 0.666928
2368 0.668218
2384 0.66747
2400 0.664608
2416 0.664477
2432 0.667357
2448 0.667707
2464 0.663565
2480 0.666291
2496 0.663654
2512 0.664939
2528 0.662558
2544 0.666153
2560 0.667173
2576 0.662328
2592 0.664735
2608 0.666144
2624 0.662459
2640 0.664429
2656 0.663239
2672 0.666291
2688 0.666546
2704 0.664392
2720 0.665112
2736 0.667383
2752 0.668607
2768 0.669521
2784 0.672399
2800 0.670967
2816 0.668229
2832 0.668685
2848 0.667359
2864 0.669993
2880 0.667941
2896 0.667145
2912 0.666215
2928 0.666556
2944 0.668593
2960 0.668089
2976 0.665657
2992 0.666106
3008 0.665732
3024 0.667216
3040 0.668347
3056 0.667418
3072 0.670495
3088 0.670106
3104 0.673104
3120 0.672903
3136 0.672788
3152 0.674803
3168 0.674309
3184 0.673128
3200 0.671375
