0 1.09607e-07
16 0.00161108
32 0.00481197
48 0.00912243
64 0.0143427
80 0.0200734
96 0.026576
112 0.0335315
128 0.0413247
144 0.0491479
160 0.0576023
176 0.0651722
192 0.0740034
208 0.0833301
224 0.0920301
240 0.100265
256 0.107901
272 0.116575
288 0.125213
304 0.13354
320 0.141989
336 0.150132
352 0.15944
368 0.167661
384 0.177048
400 0.18674
416 0.196421
432 0.206703
448 0.216344
464 0.22572
480 0.236615
496 0.247156
512 0.257414
528 0.267665
544 0.277012
560 0.287296
576 0.296631
592 0.305762
608 0.314638
624 0.325052
640 0.334173
656 0.342664
672 0.351086
688 0.360247
704 0.36943
720 0.378131
736 0.386035
752 0.394997
768 0.403319
784 0.411802
800 0.420495
816 0.430237
832 0.438713
848 0.446194
864 0.454497
880 0.460809
896 0.467361
912 0.475347
928 0.481691
944 0.488123
960 0.496033
976 0.502564
992 0.509461
1008 0.51633
1024 0.523977
1040 0.53037
1056 0.536818
1072 0.543437
1088 0.549157
1104 0.555386
1120 0.563282
1136 0.568318
1152 0.575473
1168 0.581963
1184 0.587828
1200 0.593086
1216 0.597135
1232 0.602489
1248 0.60786
1264 0.612979
1280 0.617645
1296 0.622428
1312 0.626761
1328 0.632392
1344 0.637636
1360 0.643942
1376 0.648842
1392 0.654564
1408 0.659785
1424 0.664369
1440 0.669328
1456 0.672998
1472 0.677848
1488 0.683461
1504 0.68736
1520 0.691965
1536 0.695991
1552 0.699693
1568 0.703038
1584 0.707543
1600 0.712224
1616 0.715584
1632 0.721324
1648 0.723963
1664 0.728235
1680 0.731889
1696 0.735734
1712 0.739088
1728 0.742811
1744 0.744939
1760 0.748301
1776 0.750992
1792 0.753874
1808 0.757187
1824 0.760623
1840 0.764231
1856 0.767198
1872 0.769923
1888 0.772431
1904 0.775691
1920 0.778067
1936 0.779593
1952 0.781536
1968 0.784736
1984 0.786486
2000 0.788315
2016 0.790461
2032 0.792275
2048 0.794253
2064 0.795756
2080 0.797614
2096 0.799584
2112 0.801419
2128 0.802672
2144 0.804585
2160 0.805961
2176 0.807455
2192 0.810435
2208 0.812836
2224 0.813311
2240 0.816144
2256 0.816966
2272 0.8181
2288 0.82057
2304 0.821693
2320 0.823357
2336 0.824313
2352 0.825086
2368 0.826338
2384 0.827671
2400 0.82827
2416 0.829685
2432 0.830324
2448 0.832102
2464 0.833643
2480 0.834129
2496 0.83531
2512 0.835935
2528 0.83645
2544 0.837713
2560 0.838567
2576 0.838687
2592 0.839185
2608 0.840818
2624 0.842419
2640 0.842545
2656 0.84307
2672 0.844697
2688 0.844649
2704 0.845307
2720 0.845824
2736 0.845939
2752 0.847574
2768 0.849479
2784 0.850634
2800 0.851454
2816 0.851557
2832 0.852565
2848 0.852864
2864 0.85391
2880 0.855073
2896 0.855961
2912 0.856746
2928 0.858765
2944 0.85913
2960 0.859851
2976 0.860559
2992 0.861067
3008 0.861676
3024 0.863219
3040 0.864539
3056 0.865784
3072 0.86712
3088 0.867754
3104 0.869115
3120 0.869774
3136 0.869522
3152 0.870806
3168 0.871399
3184 0.873011
3200 0.873974
