0 1.17522e-07
16 0.00185976
32 0.00547534
48 0.0101214
64 0.0156791
80 0.0215374
96 0.0289833
112 0.0363305
128 0.0441728
144 0.0521265
160 0.060157
176 0.0686519
192 0.0773399
208 0.0852792
224 0.0937087
240 0.101891
256 0.110096
272 0.117758
288 0.125825
304 0.134684
320 0.143257
336 0.152601
352 0.161356
368 0.171191
384 0.17999
400 0.189312
416 0.198901
432 0.207793
448 0.217965
464 0.227297
480 0.236463
496 0.246677
512 0.254899
528 0.263968
544 0.27382
560 0.283144
576 0.291177
592 0.300393
608 0.309236
624 0.317918
640 0.326483
656 0.334914
672 0.343521
688 0.351473
704 0.359284
720 0.367006
736 0.375728
752 0.38333
768 0.391651
784 0.399636
800 0.407627
816 0.414871
832 0.422902
848 0.430123
864 0.43756
880 0.445262
896 0.452191
912 0.458859
928 0.464604
944 0.471814
960 0.479013
976 0.4851
992 0.489799
1008 0.496553
1024 0.502467
1040 0.510034
1056 0.516967
1072 0.524425
1088 0.53126
1104 0.53685
1120 0.543347
1136 0.550434
1152 0.556453
1168 0.564272
1184 0.570324
1200 0.575971
1216 0.581707
1232 0.587582
1248 0.593639
1264 0.599223
1280 0.6052
1296 0.610479
1312 0.616914
1328 0.622421
1344 0.627433
1360 0.631028
1376 0.63629
1392 0.640915
1408 0.647297
1424 0.651161
1440 0.655669
1456 0.659661
1472 0.664842
1488 0.668167
1504 0.672921
1520 0.677334
1536 0.681763
1552 0.686356
1568 0.691206
1584 0.695341
1600 0.700166
1616 0.703897
1632 0.707953
1648 0.711225
1664 0.71351
1680 0.717971
1696 0.721448
1712 0.723935
1728 0.72769
1744 0.730792
1760 0.734021
1776 0.736571
1792 0.739656
1808 0.743684
1824 0.746669
1840 0.748954
1856 0.750934
1872 0.754283
1888 0.75872
1904 0.761256
1920 0.764029
1936 0.767585
1952 0.770483
1968 0.773234
1984 0.775738
2000 0.777977
2016 0.781029
2032 0.784684
2048 0.786345
2064 0.789387
2080 0.791668
2096 0.794309
2112 0.797537
2128 0.799709
2144 0.801539
2160 0.803795
2176 0.806325
2192 0.808844
2208 0.811463
2224 0.812126
2240 0.814268
2256 0.816439
2272 0.818697
2288 0.820631
2304 0.822523
2320 0.823966
2336 0.825429
2352 0.827527
2368 0.829032
2384 0.829623
2400 0.830664
2416 0.832735
2432 0.83318
2448 0.83456
2464 0.835134
2480 0.837333
2496 0.837812
2512 0.839098
2528 0.840341
2544 0.842226
2560 0.842629
2576 0.844563
2592 0.846256
2608 0.846296
2624 0.847224
2640 0.848017
2656 0.849264
2672 0.849835
2688 0.850889
2704 0.851988
2720 0.853108
2736 0.853911
2752 0.854042
2768 0.855222
2784 0.855592
2800 0.856067
2816 0.857528
2832 0.858496
2848 0.859757
2864 0.86086
2880 0.861913
2896 0.863308
2912 0.863692
2928 0.864571
2944 0.86524
2960 0.866914
2976 0.866932
2992 0.867879
3008 0.869159
3024 0.870055
3040 0.870875
3056 0.871076
3072 0.87146
3088 0.872597
3104 0.872282
3120 0.87208
3136 0.872793
3152 0.873088
3168 0.873582
3184 0.874552
3200 0.874603
