0 1.11853e-07
16 0.00180974
32 0.00535803
48 0.0100658
64 0.0157302
80 0.0217896
96 0.029379
112 0.0368057
128 0.0444202
144 0.0524879
160 0.0604725
176 0.0690174
192 0.0777658
208 0.0858893
224 0.094185
240 0.102282
256 0.110675
272 0.118045
288 0.125885
304 0.134725
320 0.143418
336 0.152796
352 0.162032
368 0.171828
384 0.180733
400 0.190202
416 0.199762
432 0.209015
448 0.219678
464 0.229141
480 0.238131
496 0.24866
512 0.25675
528 0.26598
544 0.276066
560 0.285609
576 0.293958
592 0.303338
608 0.312374
624 0.320997
640 0.329638
656 0.338444
672 0.347375
688 0.355551
704 0.363721
720 0.371798
736 0.380703
752 0.388171
768 0.396464
784 0.404433
800 0.411967
816 0.419127
832 0.427125
848 0.434267
864 0.441506
880 0.449427
896 0.456711
912 0.463269
928 0.46915
944 0.476227
960 0.483279
976 0.489208
992 0.494125
1008 0.500957
1024 0.506452
1040 0.514561
1056 0.52143
1072 0.528779
1088 0.535512
1104 0.541007
1120 0.547867
1136 0.554912
1152 0.560866
1168 0.568655
1184 0.574553
1200 0.580264
1216 0.585764
1232 0.591634
1248 0.597625
1264 0.603191
1280 0.609501
1296 0.61473
1312 0.620865
1328 0.626648
1344 0.631866
1360 0.635363
1376 0.640748
1392 0.645278
1408 0.651966
1424 0.655949
1440 0.660539
1456 0.664388
1472 0.669785
1488 0.672885
1504 0.6778
1520 0.682505
1536 0.686577
1552 0.690438
1568 0.69511
1584 0.699063
1600 0.703507
1616 0.707283
1632 0.71114
1648 0.714439
1664 0.716657
1680 0.720799
1696 0.72454
1712 0.726971
1728 0.730586
1744 0.7335
1760 0.736628
1776 0.739171
1792 0.741903
1808 0.745726
1824 0.748907
1840 0.751458
1856 0.753244
1872 0.756503
1888 0.760691
1904 0.763009
1920 0.765596
1936 0.769142
1952 0.771514
1968 0.773964
1984 0.776392
2000 0.778521
2016 0.781454
2032 0.785216
2048 0.786519
2064 0.789548
2080 0.791445
2096 0.793938
2112 0.797044
2128 0.798849
2144 0.800285
2160 0.802527
2176 0.804939
2192 0.807338
2208 0.809778
2224 0.81045
2240 0.812429
2256 0.814454
2272 0.816664
2288 0.818551
2304 0.820413
2320 0.821873
2336 0.823509
2352 0.825251
2368 0.826811
2384 0.827623
2400 0.828674
2416 0.830785
2432 0.831163
2448 0.832394
2464 0.833138
2480 0.83557
2496 0.836117
2512 0.837276
2528 0.838469
2544 0.840554
2560 0.841107
2576 0.843254
2592 0.845174
2608 0.845016
2624 0.845954
2640 0.846829
2656 0.848296
2672 0.84879
2688 0.849858
2704 0.85076
2720 0.851655
2736 0.852823
2752 0.852988
2768 0.854391
2784 0.854527
2800 0.855156
2816 0.856924
2832 0.857896
2848 0.859348
2864 0.860465
2880 0.861655
2896 0.862903
2912 0.863581
2928 0.864253
2944 0.86479
2960 0.866528
2976 0.866482
2992 0.867375
3008 0.868815
3024 0.869528
3040 0.870429
3056 0.870684
3072 0.871008
3088 0.87224
3104 0.872188
3120 0.871925
3136 0.872468
3152 0.872917
3168 0.873424
3184 0.874675
3200 0.875294
