0 0.000242314
16 0.0302653
32 0.0529126
48 0.0733899
64 0.091591
80 0.108667
96 0.126184
112 0.142642
128 0.157398
144 0.171707
160 0.185876
176 0.199253
192 0.212406
208 0.225171
224 0.237182
240 0.249339
256 0.260627
272 0.2717
288 0.282418
304 0.293542
320 0.304227
336 0.315185
352 0.325394
368 0.336737
384 0.34649
400 0.3561
416 0.366655
432 0.376044
448 0.3867
464 0.396125
480 0.404922
496 0.414341
512 0.42248
528 0.431095
544 0.440212
560 0.448805
576 0.456068
592 0.464368
608 0.472095
624 0.479875
640 0.488119
656 0.495698
672 0.503107
688 0.509929
704 0.516849
720 0.523418
736 0.530527
752 0.536742
768 0.543471
784 0.550198
800 0.556863
816 0.562996
832 0.569762
848 0.575445
864 0.581462
880 0.587786
896 0.593641
912 0.599756
928 0.604674
944 0.610961
960 0.617099
976 0.622099
992 0.626465
1008 0.632304
1024 0.636957
1040 0.642843
1056 0.648665
1072 0.654603
1088 0.660001
1104 0.664832
1120 0.66991
1136 0.675335
1152 0.68015
1168 0.686422
1184 0.691194
1200 0.695882
1216 0.69999
1232 0.704511
1248 0.709188
1264 0.712891
1280 0.717671
1296 0.722236
1312 0.727025
1328 0.731782
1344 0.735839
1360 0.738468
1376 0.743028
1392 0.747043
1408 0.752129
1424 0.755387
1440 0.75875
1456 0.762312
1472 0.766161
1488 0.768967
1504 0.772494
1520 0.775925
1536 0.779252
1552 0.782939
1568 0.786646
1584 0.789965
1600 0.794045
1616 0.796832
1632 0.800073
1648 0.80273
1664 0.804455
1680 0.807605
1696 0.810378
1712 0.812569
1728 0.815588
1744 0.818331
1760 0.820778
1776 0.823144
1792 0.82579
1808 0.828427
1824 0.831007
1840 0.83311
1856 0.83473
1872 0.837047
1888 0.840101
1904 0.842177
1920 0.844324
1936 0.846979
1952 0.849202
1968 0.851607
1984 0.853758
2000 0.855919
2016 0.858234
2032 0.860866
2048 0.862273
2064 0.864346
2080 0.865995
2096 0.867729
2112 0.87001
2128 0.871486
2144 0.872711
2160 0.874327
2176 0.876285
2192 0.878175
2208 0.879912
2224 0.880835
2240 0.882374
2256 0.883952
2272 0.885453
2288 0.886996
2304 0.888242
2320 0.889046
2336 0.890635
2352 0.892153
2368 0.8932
2384 0.893835
2400 0.894687
2416 0.896143
2432 0.896669
2448 0.897827
2464 0.89843
2480 0.899934
2496 0.900578
2512 0.901528
2528 0.902641
2544 0.903911
2560 0.904263
2576 0.905391
2592 0.90656
2608 0.906744
2624 0.907542
2640 0.908268
2656 0.909245
2672 0.909743
2688 0.910512
2704 0.91126
2720 0.911853
2736 0.912378
2752 0.912631
2768 0.913335
2784 0.913743
2800 0.914272
2816 0.915098
2832 0.915654
2848 0.916673
2864 0.91746
2880 0.918356
2896 0.919152
2912 0.919478
2928 0.920076
2944 0.920662
2960 0.92155
2976 0.921762
2992 0.92235
3008 0.923261
3024 0.923977
3040 0.924467
3056 0.924737
3072 0.925081
3088 0.925872
3104 0.925869
3120 0.926027
3136 0.926324
3152 0.926616
3168 0.926958
3184 0.927534
3200 0.927692
