0 0.000215259
16 0.0260363
32 0.0492672
48 0.0681527
64 0.0891886
80 0.10769
96 0.125946
112 0.144502
128 0.160881
144 0.178144
160 0.194255
176 0.213177
192 0.225303
208 0.238315
224 0.253438
240 0.265358
256 0.283925
272 0.303004
288 0.318129
304 0.334717
320 0.347231
336 0.361381
352 0.37701
368 0.389254
384 0.401525
400 0.412447
416 0.425556
432 0.439126
448 0.449616
464 0.461545
480 0.471955
496 0.48429
512 0.494787
528 0.50792
544 0.519888
560 0.527436
576 0.531855
592 0.541269
608 0.55132
624 0.561382
640 0.570171
656 0.574564
672 0.590555
688 0.596892
704 0.605273
720 0.611146
736 0.617744
752 0.627584
768 0.636091
784 0.642316
800 0.649752
816 0.652763
832 0.658817
848 0.665572
864 0.669814
880 0.671979
896 0.678546
912 0.681097
928 0.684914
944 0.688755
960 0.6947
976 0.698886
992 0.702036
1008 0.706811
1024 0.710787
1040 0.714219
1056 0.718779
1072 0.724704
1088 0.730218
1104 0.735353
1120 0.741508
1136 0.743836
1152 0.744504
1168 0.746956
1184 0.748686
1200 0.752119
1216 0.752969
1232 0.757565
1248 0.760471
1264 0.765094
1280 0.766909
1296 0.769815
1312 0.770611
1328 0.771766
1344 0.77541
1360 0.775599
1376 0.776973
1392 0.77836
1408 0.779858
1424 0.783667
1440 0.78476
1456 0.786501
1472 0.787678
1488 0.790297
1504 0.793889
1520 0.794218
1536 0.796866
1552 0.799724
1568 0.799802
1584 0.802794
1600 0.803478
1616 0.800908
1632 0.800299
1648 0.804582
1664 0.803144
1680 0.804965
1696 0.80412
1712 0.806188
1728 0.803823
1744 0.803373
1760 0.804025
1776 0.803669
1792 0.804655
1808 0.804479
1824 0.804755
1840 0.80579
1856 0.806253
1872 0.804236
1888 0.805208
1904 0.806875
1920 0.807033
1936 0.806711
1952 0.806508
1968 0.807572
1984 0.807625
2000 0.808357
2016 0.808026
2032 0.808275
2048 0.809972
2064 0.810795
2080 0.812769
2096 0.812686
2112 0.81162
2128 0.81179
2144 0.81324
2160 0.812754
2176 0.812858
2192 0.814921
2208 0.814538
2224 0.816056
2240 0.81467
2256 0.817273
2272 0.818
2288 0.818973
2304 0.817369
2320 0.817392
2336 0.817576
2352 0.816451
2368 0.817243
2384 0.816729
2400 0.814981
2416 0.814889
2432 0.816624
2448 0.816831
2464 0.814304
2480 0.815999
2496 0.814371
2512 0.815145
2528 0.813639
2544 0.815834
2560 0.816544
2576 0.813531
2592 0.815048
2608 0.815872
2624 0.813629
2640 0.814851
2656 0.814132
2672 0.816036
2688 0.816145
2704 0.814791
2720 0.815221
2736 0.816606
2752 0.817421
2768 0.818011
2784 0.81978
2800 0.818881
2816 0.817211
2832 0.817497
2848 0.816669
2864 0.818273
2880 0.817004
2896 0.816513
2912 0.815935
2928 0.816145
2944 0.817383
2960 0.817082
2976 0.81564
2992 0.815943
3008 0.815673
3024 0.816563
3040 0.817264
3056 0.816662
3072 0.818596
3088 0.818405
3104 0.820218
3120 0.820081
3136 0.820004
3152 0.821276
3168 0.820921
3184 0.820189
3200 0.819124
