0 1.2194e-07
16 0.00196885
32 0.00587354
48 0.0108658
64 0.0166692
80 0.0230929
96 0.0308498
112 0.0386005
128 0.0466935
144 0.0549273
160 0.0634318
176 0.0719457
192 0.0806938
208 0.0893921
224 0.0981013
240 0.106769
256 0.115382
272 0.123753
288 0.132337
304 0.14163
320 0.150821
336 0.160513
352 0.169641
368 0.18001
384 0.189487
400 0.199
416 0.208857
432 0.218349
448 0.22883
464 0.238444
480 0.247536
496 0.2575
512 0.265674
528 0.274799
544 0.284736
560 0.294063
576 0.302095
592 0.311076
608 0.319424
624 0.328426
640 0.336726
656 0.345234
672 0.353528
688 0.361366
704 0.369241
720 0.376766
736 0.385206
752 0.392528
768 0.400704
784 0.408468
800 0.416344
816 0.423602
832 0.431251
848 0.438149
864 0.44503
880 0.452567
896 0.459461
912 0.466251
928 0.471947
944 0.478864
960 0.485861
976 0.491739
992 0.496364
1008 0.503026
1024 0.5087
1040 0.515829
1056 0.522577
1072 0.529701
1088 0.536302
1104 0.541721
1120 0.548164
1136 0.555067
1152 0.561032
1168 0.568433
1184 0.574195
1200 0.580038
1216 0.585543
1232 0.591201
1248 0.597153
1264 0.602052
1280 0.607781
1296 0.613383
1312 0.619735
1328 0.625318
1344 0.630568
1360 0.634183
1376 0.639624
1392 0.64439
1408 0.650828
1424 0.654776
1440 0.659409
1456 0.663452
1472 0.6685
1488 0.671867
1504 0.676699
1520 0.681063
1536 0.685414
1552 0.689972
1568 0.694718
1584 0.698927
1600 0.703611
1616 0.707179
1632 0.711187
1648 0.714378
1664 0.716518
1680 0.720988
1696 0.724337
1712 0.726755
1728 0.730497
1744 0.733645
1760 0.736567
1776 0.739222
1792 0.742308
1808 0.746004
1824 0.749092
1840 0.751582
1856 0.753362
1872 0.756435
1888 0.760376
1904 0.762951
1920 0.76584
1936 0.769453
1952 0.772446
1968 0.775588
1984 0.778183
2000 0.78062
2016 0.7838
2032 0.787398
2048 0.789127
2064 0.792302
2080 0.794723
2096 0.797195
2112 0.800512
2128 0.802517
2144 0.804259
2160 0.806444
2176 0.808994
2192 0.811202
2208 0.813715
2224 0.814945
2240 0.817222
2256 0.819579
2272 0.821638
2288 0.82374
2304 0.825675
2320 0.826843
2336 0.828669
2352 0.830832
2368 0.832235
2384 0.833248
2400 0.834146
2416 0.836236
2432 0.836831
2448 0.838214
2464 0.83893
2480 0.841157
2496 0.841896
2512 0.84314
2528 0.844727
2544 0.846505
2560 0.84686
2576 0.848764
2592 0.850284
2608 0.850357
2624 0.851254
2640 0.852134
2656 0.853454
2672 0.853995
2688 0.855167
2704 0.856171
2720 0.857083
2736 0.857819
2752 0.857925
2768 0.858911
2784 0.859446
2800 0.859836
2816 0.861122
2832 0.862028
2848 0.86335
2864 0.86446
2880 0.86555
2896 0.866716
2912 0.867133
2928 0.867731
2944 0.868486
2960 0.869893
2976 0.869881
2992 0.870778
3008 0.871932
3024 0.873099
3040 0.873932
3056 0.874207
3072 0.874597
3088 0.875728
3104 0.875565
3120 0.87547
3136 0.875978
3152 0.876286
3168 0.876708
3184 0.877773
3200 0.877827
