0 0.16785
16 0.184246
32 0.162013
48 0.149266
64 0.195401
80 0.249528
96 0.278988
112 0.292217
128 0.31906
144 0.351064
160 0.378738
176 0.409076
192 0.422981
208 0.434051
224 0.438119
240 0.447534
256 0.460513
272 0.479973
288 0.499049
304 0.52035
320 0.520588
336 0.551832
352 0.564784
368 0.574538
384 0.588481
400 0.600667
416 0.606647
432 0.623036
448 0.635832
464 0.652515
480 0.668216
496 0.68763
512 0.701273
528 0.716739
544 0.737047
560 0.740783
576 0.744004
592 0.758449
608 0.772987
624 0.785372
640 0.791893
656 0.800484
672 0.818438
688 0.824171
704 0.828914
720 0.835801
736 0.840437
752 0.849027
768 0.855239
784 0.858471
800 0.864937
816 0.869657
832 0.874398
848 0.879669
864 0.883461
880 0.884199
896 0.889845
912 0.893181
928 0.896137
944 0.89921
960 0.901975
976 0.906284
992 0.909186
1008 0.913276
1024 0.916747
1040 0.921319
1056 0.927445
1072 0.93205
1088 0.936135
1104 0.941981
1120 0.946612
1136 0.94904
1152 0.952139
1168 0.95186
1184 0.953898
1200 0.954414
1216 0.955213
1232 0.957365
1248 0.958403
1264 0.960361
1280 0.963827
1296 0.964914
1312 0.965225
1328 0.966311
1344 0.969502
1360 0.970191
1376 0.971037
1392 0.972122
1408 0.973711
1424 0.975197
1440 0.976312
1456 0.978283
1472 0.979143
1488 0.980333
1504 0.982396
1520 0.981609
1536 0.983091
1552 0.984676
1568 0.9851
1584 0.986219
1600 0.986816
1616 0.987267
1632 0.987525
1648 0.989482
1664 0.989789
1680 0.989612
1696 0.989802
1712 0.990103
1728 0.990045
1744 0.989887
1760 0.99071
1776 0.990801
1792 0.992273
1808 0.992805
1824 0.992908
1840 0.993004
1856 0.993926
1872 0.993871
1888 0.993478
1904 0.993884
1920 0.993641
1936 0.992838
1952 0.993549
1968 0.994431
1984 0.995737
2000 0.996058
2016 0.99655
2032 0.997115
2048 0.996817
2064 0.997376
2080 0.997956
2096 0.9978
2112 0.997975
2128 0.998387
2144 0.99832
2160 0.998173
2176 0.9988
2192 0.999011
2208 0.999167
2224 0.999134
2240 0.999165
2256 0.999334
2272 0.999288
2288 0.999497
2304 0.999416
2320 0.999435
2336 0.999472
2352 0.999495
2368 0.999503
2384 0.999365
2400 0.999377
2416 0.999347
2432 0.999275
2448 0.999259
2464 0.999285
2480 0.999344
2496 0.999316
2512 0.999282
2528 0.999168
2544 0.999146
2560 0.999355
2576 0.99925
2592 0.99935
2608 0.999254
2624 0.999296
2640 0.999328
2656 0.999352
2672 0.999435
2688 0.999318
2704 0.999235
2720 0.999208
2736 0.999193
2752 0.999356
2768 0.999435
2784 0.999464
2800 0.999401
2816 0.999408
2832 0.999426
2848 0.999383
2864 0.999369
2880 0.999333
2896 0.999323
2912 0.999301
2928 0.999305
2944 0.999284
2960 0.999301
2976 0.999416
2992 0.999484
3008 0.999385
3024 0.999339
3040 0.999361
3056 0.999278
3072 0.99941
3088 0.999524
3104 0.999485
3120 0.99945
3136 0.999433
3152 0.999543
3168 0.99941
3184 0.999378
3200 0.999387
