0 0.0270902
16 0.0282966
32 0.0970538
48 0.0841351
64 0.0923474
80 0.127213
96 0.129747
112 0.128841
128 0.1318
144 0.139832
160 0.157413
176 0.178991
192 0.21458
208 0.232969
224 0.243461
240 0.264897
256 0.291104
272 0.316025
288 0.331189
304 0.349534
320 0.364963
336 0.390821
352 0.406429
368 0.419545
384 0.432737
400 0.444505
416 0.458734
432 0.473404
448 0.487749
464 0.499648
480 0.51129
496 0.519989
512 0.528165
528 0.542333
544 0.550034
560 0.562079
576 0.574188
592 0.584846
608 0.591754
624 0.59798
640 0.607953
656 0.617648
672 0.627304
688 0.636197
704 0.646952
720 0.654063
736 0.661325
752 0.670599
768 0.677319
784 0.683165
800 0.690685
816 0.697763
832 0.706288
848 0.710706
864 0.719782
880 0.72185
896 0.726824
912 0.731814
928 0.73599
944 0.739229
960 0.745114
976 0.750176
992 0.754885
1008 0.758912
1024 0.764982
1040 0.769865
1056 0.771547
1072 0.775466
1088 0.782215
1104 0.786083
1120 0.791029
1136 0.795305
1152 0.799482
1168 0.80329
1184 0.807447
1200 0.808946
1216 0.812531
1232 0.813883
1248 0.817244
1264 0.821384
1280 0.82474
1296 0.828107
1312 0.830799
1328 0.833773
1344 0.837872
1360 0.840601
1376 0.844529
1392 0.847397
1408 0.850991
1424 0.853904
1440 0.857422
1456 0.86135
1472 0.864181
1488 0.868213
1504 0.871393
1520 0.873724
1536 0.876607
1552 0.878719
1568 0.880257
1584 0.882808
1600 0.884897
1616 0.888016
1632 0.89081
1648 0.892314
1664 0.895171
1680 0.89697
1696 0.898699
1712 0.90009
1728 0.901342
1744 0.902892
1760 0.905053
1776 0.907058
1792 0.907999
1808 0.909815
1824 0.911626
1840 0.913554
1856 0.914313
1872 0.915722
1888 0.916926
1904 0.917933
1920 0.920134
1936 0.921061
1952 0.921315
1968 0.922905
1984 0.923522
2000 0.925132
2016 0.926254
2032 0.92703
2048 0.928132
2064 0.929435
2080 0.930501
2096 0.931835
2112 0.933228
2128 0.933801
2144 0.93516
2160 0.936264
2176 0.937001
2192 0.937845
2208 0.938418
2224 0.939195
2240 0.940616
2256 0.940746
2272 0.941422
2288 0.942179
2304 0.942921
2320 0.94404
2336 0.944051
2352 0.944575
2368 0.945523
2384 0.946487
2400 0.94717
2416 0.94811
2432 0.948482
2448 0.949227
2464 0.950123
2480 0.950634
2496 0.95077
2512 0.951645
2528 0.952872
2544 0.953506
2560 0.954094
2576 0.954586
2592 0.955237
2608 0.955612
2624 0.956031
2640 0.956765
2656 0.957793
2672 0.958655
2688 0.95899
2704 0.959822
2720 0.960025
2736 0.960373
2752 0.961111
2768 0.961469
2784 0.961788
2800 0.962272
2816 0.962563
2832 0.963342
2848 0.963729
2864 0.964749
2880 0.965688
2896 0.966407
2912 0.966966
2928 0.967326
2944 0.967478
2960 0.967977
2976 0.968711
2992 0.968976
3008 0.968862
3024 0.96913
3040 0.969886
3056 0.970442
3072 0.971201
3088 0.972107
3104 0.972397
3120 0.972531
3136 0.972758
3152 0.973314
3168 0.973572
3184 0.973663
3200 0.973588
