0 0.0264167
16 -0.0506259
32 -0.00510018
48 0.0409212
64 0.0402209
80 0.066911
96 0.076233
112 0.113289
128 0.12727
144 0.141847
160 0.162868
176 0.179911
192 0.199156
208 0.223645
224 0.239862
240 0.26916
256 0.284476
272 0.308835
288 0.326538
304 0.34497
320 0.358974
336 0.372396
352 0.388331
368 0.404377
384 0.414963
400 0.423679
416 0.44071
432 0.452525
448 0.467907
464 0.479335
480 0.491339
496 0.502036
512 0.514527
528 0.522696
544 0.531844
560 0.540808
576 0.548248
592 0.558606
608 0.567586
624 0.574248
640 0.5867
656 0.593341
672 0.600952
688 0.607227
704 0.614194
720 0.620092
736 0.627622
752 0.632696
768 0.63787
784 0.645241
800 0.651966
816 0.65956
832 0.66824
848 0.673557
864 0.679781
880 0.686806
896 0.692579
912 0.700134
928 0.705238
944 0.714041
960 0.720861
976 0.726705
992 0.733726
1008 0.740051
1024 0.744074
1040 0.749865
1056 0.756131
1072 0.762397
1088 0.767017
1104 0.773113
1120 0.777288
1136 0.782214
1152 0.786362
1168 0.792701
1184 0.79694
1200 0.800722
1216 0.803605
1232 0.807081
1248 0.810598
1264 0.813464
1280 0.818636
1296 0.822743
1312 0.825739
1328 0.830571
1344 0.833482
1360 0.835166
1376 0.839948
1392 0.843616
1408 0.847361
1424 0.850315
1440 0.852625
1456 0.856379
1472 0.859131
1488 0.861206
1504 0.863386
1520 0.866291
1536 0.868629
1552 0.871409
1568 0.874387
1584 0.877155
1600 0.881141
1616 0.883551
1632 0.886633
1648 0.889134
1664 0.890622
1680 0.892328
1696 0.894847
1712 0.896956
1728 0.899569
1744 0.901819
1760 0.904202
1776 0.906336
1792 0.9087
1808 0.909961
1824 0.912344
1840 0.914295
1856 0.916152
1872 0.917867
1888 0.920365
1904 0.921921
1920 0.923364
1936 0.925146
1952 0.92616
1968 0.927579
1984 0.929388
2000 0.930972
2016 0.932544
2032 0.934259
2048 0.935399
2064 0.936158
2080 0.93668
2096 0.937683
2112 0.938721
2128 0.939655
2144 0.940494
2160 0.941382
2176 0.94271
2192 0.944587
2208 0.945568
2224 0.946077
2240 0.946816
2256 0.947376
2272 0.94851
2288 0.949515
2304 0.950027
2320 0.950473
2336 0.951949
2352 0.952599
2368 0.953197
2384 0.953541
2400 0.954476
2416 0.955382
2432 0.955832
2448 0.956833
2464 0.957568
2480 0.958392
2496 0.95891
2512 0.959718
2528 0.960406
2544 0.961134
2560 0.961498
2576 0.961692
2592 0.962483
2608 0.962945
2624 0.963679
2640 0.964307
2656 0.96512
2672 0.965597
2688 0.965908
2704 0.966398
2720 0.966768
2736 0.967094
2752 0.96773
2768 0.968211
2784 0.968581
2800 0.96942
2816 0.969574
2832 0.969846
2848 0.97065
2864 0.97108
2880 0.971866
2896 0.972284
2912 0.972642
2928 0.973205
2944 0.973673
2960 0.974077
2976 0.974623
2992 0.974704
3008 0.97547
3024 0.97572
3040 0.975837
3056 0.976142
3072 0.976582
3088 0.977145
3104 0.977369
3120 0.977722
3136 0.977724
3152 0.978084
3168 0.978381
3184 0.978429
3200 0.978759
