0 -0.0615803
16 -0.14957
32 -0.103197
48 -0.0279887
64 -0.00305458
80 0.0410765
96 0.0555674
112 0.0955224
128 0.108819
144 0.124327
160 0.148382
176 0.170741
192 0.191423
208 0.218566
224 0.236937
240 0.265892
256 0.284835
272 0.308853
288 0.327239
304 0.345348
320 0.360054
336 0.374618
352 0.389955
368 0.405362
384 0.415132
400 0.42567
416 0.441761
432 0.453522
448 0.467559
464 0.478108
480 0.489153
496 0.497692
512 0.509046
528 0.517955
544 0.52739
560 0.536077
576 0.543958
592 0.554255
608 0.563226
624 0.569384
640 0.582774
656 0.591056
672 0.598905
688 0.605615
704 0.612326
720 0.618945
736 0.62565
752 0.6317
768 0.63675
784 0.643967
800 0.650624
816 0.657212
832 0.666083
848 0.671415
864 0.678544
880 0.684926
896 0.691088
912 0.698492
928 0.703568
944 0.711883
960 0.718931
976 0.724587
992 0.731203
1008 0.737595
1024 0.74201
1040 0.747513
1056 0.753978
1072 0.760226
1088 0.765002
1104 0.770848
1120 0.774719
1136 0.778914
1152 0.782989
1168 0.789338
1184 0.794097
1200 0.798084
1216 0.801181
1232 0.804904
1248 0.808922
1264 0.811959
1280 0.816655
1296 0.820447
1312 0.823715
1328 0.828397
1344 0.831297
1360 0.833239
1376 0.837938
1392 0.841757
1408 0.845575
1424 0.848605
1440 0.850871
1456 0.854728
1472 0.857532
1488 0.860029
1504 0.862098
1520 0.865068
1536 0.867568
1552 0.870889
1568 0.873998
1584 0.876701
1600 0.88097
1616 0.883221
1632 0.886191
1648 0.888723
1664 0.890267
1680 0.892116
1696 0.894542
1712 0.896616
1728 0.899147
1744 0.901593
1760 0.90392
1776 0.906041
1792 0.908389
1808 0.909672
1824 0.91196
1840 0.913888
1856 0.915793
1872 0.917555
1888 0.919923
1904 0.921511
1920 0.922781
1936 0.92455
1952 0.925709
1968 0.927358
1984 0.929202
2000 0.930985
2016 0.932539
2032 0.934248
2048 0.935455
2064 0.936211
2080 0.936874
2096 0.937935
2112 0.939163
2128 0.940219
2144 0.940974
2160 0.942041
2176 0.943444
2192 0.945204
2208 0.94611
2224 0.946551
2240 0.947258
2256 0.947956
2272 0.948986
2288 0.950013
2304 0.950397
2320 0.950812
2336 0.952173
2352 0.952948
2368 0.953675
2384 0.953906
2400 0.954787
2416 0.955621
2432 0.956094
2448 0.957069
2464 0.957632
2480 0.958389
2496 0.95884
2512 0.959592
2528 0.960253
2544 0.961013
2560 0.961336
2576 0.961535
2592 0.962349
2608 0.962758
2624 0.963499
2640 0.964129
2656 0.964847
2672 0.965266
2688 0.965599
2704 0.966093
2720 0.966417
2736 0.966707
2752 0.967201
2768 0.967682
2784 0.96798
2800 0.968827
2816 0.969074
2832 0.96927
2848 0.970037
2864 0.970497
2880 0.971232
2896 0.971612
2912 0.971924
2928 0.972549
2944 0.972971
2960 0.973323
2976 0.973831
2992 0.974033
3008 0.974695
3024 0.974903
3040 0.975003
3056 0.975267
3072 0.975591
3088 0.976051
3104 0.976249
3120 0.976757
3136 0.976819
3152 0.977119
3168 0.977396
3184 0.977424
3200 0.977738
