0 162.31500000 162.66500000
4.00000000 14.48500000 14.46000000
8.00000000 8.94500000 8.96000000
12.00000000 6.74500000 6.89000000
16.00000000 5.64000000 5.71500000
20.00000000 4.93000000 4.98500000
24.00000000 4.39500000 4.46000000
28.00000000 4.02000000 4.01000000
32.00000000 3.64000000 3.66000000
36.00000000 3.44500000 3.44000000
40.00000000 3.21000000 3.29000000
44.00000000 3.13000000 3.11500000
48.00000000 2.98500000 3.00000000
52.00000000 2.80000000 2.86500000
56.00000000 2.70500000 2.72000000
60.00000000 2.63500000 2.57500000
64.00000000 2.44500000 2.44500000
68.00000000 2.39000000 2.37000000
72.00000000 2.27000000 2.32000000
76.00000000 2.23000000 2.22000000
80.00000000 2.20000000 2.22500000
84.00000000 2.09500000 2.17500000
88.00000000 2.10000000 2.08500000
92.00000000 2.02000000 2.03500000
96.00000000 1.98500000 1.99500000
100.00000000 1.91500000 1.89000000
104.00000000 1.91500000 1.91500000
108.00000000 1.86500000 1.86500000
112.00000000 1.78000000 1.85500000
116.00000000 1.82000000 1.77500000
120.00000000 1.79000000 1.76500000
124.00000000 1.69000000 1.76500000
128.00000000 1.73000000 1.76500000
132.00000000 1.72500000 1.75500000
136.00000000 1.73000000 1.72500000
140.00000000 1.67000000 1.67500000
144.00000000 1.67500000 1.63000000
148.00000000 1.65000000 1.66500000
152.00000000 1.66500000 1.66500000
156.00000000 1.66000000 1.64000000
160.00000000 1.58500000 1.63000000
164.00000000 1.60000000 1.61500000
168.00000000 1.59000000 1.61500000
172.00000000 1.56000000 1.60500000
176.00000000 1.54500000 1.58000000
180.00000000 1.56000000 1.51500000
184.00000000 1.57500000 1.51500000
188.00000000 1.51000000 1.54500000
192.00000000 1.49000000 1.51500000
196.00000000 1.49000000 1.49500000
200.00000000 1.51000000 1.48000000
204.00000000 1.48500000 1.48500000
208.00000000 1.44500000 1.42500000
212.00000000 1.43000000 1.44500000
216.00000000 1.39500000 1.42500000
220.00000000 1.41500000 1.44000000
224.00000000 1.41500000 1.38500000
228.00000000 1.38500000 1.42500000
232.00000000 1.35500000 1.39000000
236.00000000 1.39000000 1.36500000
240.00000000 1.33000000 1.37500000
244.00000000 1.33000000 1.34500000
248.00000000 1.37000000 1.37500000
252.00000000 1.32500000 1.36000000
256.00000000 1.30000000 1.36000000
260.00000000 1.32000000 1.34500000
264.00000000 1.31500000 1.34000000
268.00000000 1.31500000 1.33500000
272.00000000 1.28500000 1.30500000
276.00000000 1.32500000 1.29000000
280.00000000 1.34000000 1.32000000
284.00000000 1.30500000 1.27500000
288.00000000 1.29500000 1.29500000
292.00000000 1.28000000 1.30000000
296.00000000 1.28000000 1.29500000
300.00000000 1.25000000 1.27500000
304.00000000 1.27500000 1.28500000
308.00000000 1.28000000 1.31000000
312.00000000 1.25500000 1.31000000
316.00000000 1.26500000 1.27500000
320.00000000 1.27500000 1.28500000
324.00000000 1.25000000 1.28500000
328.00000000 1.24500000 1.26500000
332.00000000 1.24500000 1.28000000
336.00000000 1.23000000 1.25000000
340.00000000 1.19000000 1.20000000
344.00000000 1.20000000 1.21000000
348.00000000 1.21000000 1.19500000
352.00000000 1.19000000 1.20000000
356.00000000 1.17000000 1.18500000
360.00000000 1.14500000 1.21500000
364.00000000 1.19000000 1.23500000
368.00000000 1.17500000 1.25000000
372.00000000 1.21000000 1.21500000
376.00000000 1.16000000 1.21000000
380.00000000 1.19000000 1.21000000
384.00000000 1.20000000 1.22500000
388.00000000 1.19500000 1.20500000
392.00000000 1.20500000 1.25000000
396.00000000 1.19500000 1.21500000
400.00000000 1.20000000 1.20500000
404.00000000 1.20000000 1.21500000
408.00000000 1.19000000 1.23000000
412.00000000 1.17000000 1.19000000
416.00000000 1.18000000 1.21000000
420.00000000 1.17500000 1.19500000
424.00000000 1.16500000 1.18000000
428.00000000 1.13000000 1.18500000
432.00000000 1.17500000 1.18500000
436.00000000 1.14000000 1.19000000
440.00000000 1.16500000 1.20000000
444.00000000 1.16000000 1.21000000
448.00000000 1.15000000 1.22000000
452.00000000 1.13500000 1.20000000
456.00000000 1.14500000 1.21000000
460.00000000 1.11500000 1.20000000
464.00000000 1.12500000 1.19000000
468.00000000 1.14500000 1.18500000
472.00000000 1.14500000 1.17000000
476.00000000 1.14000000 1.17500000
480.00000000 1.13500000 1.17500000
484.00000000 1.13500000 1.16500000
488.00000000 1.15000000 1.15500000
492.00000000 1.14000000 1.18500000
496.00000000 1.16000000 1.18500000
500.00000000 1.13000000 1.16500000
504.00000000 1.12000000 1.17000000
508.00000000 1.13000000 1.15500000
512.00000000 1.14000000 1.13500000
516.00000000 1.14500000 1.15000000
520.00000000 1.13000000 1.14000000
524.00000000 1.12500000 1.16500000
528.00000000 1.14000000 1.15500000
532.00000000 1.14500000 1.16000000
536.00000000 1.14500000 1.16000000
540.00000000 1.13500000 1.15500000
544.00000000 1.15000000 1.16000000
548.00000000 1.14000000 1.15500000
552.00000000 1.13500000 1.16500000
556.00000000 1.14000000 1.17000000
560.00000000 1.13500000 1.17500000
564.00000000 1.13000000 1.17000000
568.00000000 1.13500000 1.17500000
572.00000000 1.12000000 1.17000000
576.00000000 1.11000000 1.15500000
580.00000000 1.13500000 1.14500000
584.00000000 1.13000000 1.16000000
588.00000000 1.12000000 1.16000000
592.00000000 1.12000000 1.16500000
596.00000000 1.11500000 1.18000000
600.00000000 1.12000000 1.16500000
604.00000000 1.11500000 1.17500000
608.00000000 1.12000000 1.16500000
612.00000000 1.12500000 1.16500000
616.00000000 1.12500000 1.17000000
620.00000000 1.12500000 1.17000000
624.00000000 1.11000000 1.17000000
628.00000000 1.10500000 1.16500000
632.00000000 1.13500000 1.17000000
636.00000000 1.14000000 1.16000000
640.00000000 1.11500000 1.15500000
644.00000000 1.12500000 1.15500000
648.00000000 1.11500000 1.16500000
652.00000000 1.11500000 1.16000000
656.00000000 1.10000000 1.15000000
660.00000000 1.10500000 1.16000000
664.00000000 1.12000000 1.15500000
668.00000000 1.10500000 1.15500000
672.00000000 1.11000000 1.16000000
676.00000000 1.12000000 1.16000000
680.00000000 1.11500000 1.15500000
684.00000000 1.12000000 1.16000000
688.00000000 1.11500000 1.15500000
692.00000000 1.12000000 1.16000000
696.00000000 1.12000000 1.15500000
700.00000000 1.12000000 1.15500000
704.00000000 1.12000000 1.15000000
708.00000000 1.12000000 1.15500000
712.00000000 1.11500000 1.14500000
716.00000000 1.12500000 1.15000000
720.00000000 1.12500000 1.15000000
724.00000000 1.12000000 1.15000000
728.00000000 1.12500000 1.14500000
732.00000000 1.12500000 1.14500000
736.00000000 1.12500000 1.14500000
740.00000000 1.12000000 1.15000000
744.00000000 1.11500000 1.15000000
748.00000000 1.12500000 1.15000000
752.00000000 1.11500000 1.15000000
756.00000000 1.11500000 1.14000000
760.00000000 1.12000000 1.14500000
764.00000000 1.11000000 1.14000000
768.00000000 1.11000000 1.13500000
772.00000000 1.11500000 1.13500000
776.00000000 1.11500000 1.14000000
780.00000000 1.11000000 1.14000000
784.00000000 1.12500000 1.14500000
788.00000000 1.12500000 1.14500000
792.00000000 1.12500000 1.15000000
796.00000000 1.12500000 1.15000000
800.00000000 1.12000000 1.15000000
