0 162.90000000 163.10000000
4.00000000 13.70000000 13.70000000
8.00000000 7.60000000 7.80000000
12.00000000 6.10000000 5.90000000
16.00000000 4.80000000 5.00000000
20.00000000 5.00000000 4.90000000
24.00000000 3.80000000 3.90000000
28.00000000 4.10000000 4.20000000
32.00000000 3.20000000 3.30000000
36.00000000 3.10000000 2.90000000
40.00000000 2.80000000 3.30000000
44.00000000 3.30000000 3.10000000
48.00000000 2.80000000 3.00000000
52.00000000 2.70000000 2.70000000
56.00000000 2.40000000 2.70000000
60.00000000 2.50000000 2.30000000
64.00000000 2.30000000 2.30000000
68.00000000 2.40000000 2.30000000
72.00000000 2.20000000 2.00000000
76.00000000 2.20000000 2.00000000
80.00000000 2.10000000 1.90000000
84.00000000 1.90000000 2.00000000
88.00000000 2.00000000 1.70000000
92.00000000 1.70000000 1.90000000
96.00000000 1.70000000 1.80000000
100.00000000 1.80000000 1.90000000
104.00000000 1.60000000 1.90000000
108.00000000 1.50000000 1.60000000
112.00000000 1.60000000 1.70000000
116.00000000 1.60000000 1.80000000
120.00000000 1.70000000 1.80000000
124.00000000 1.60000000 1.60000000
128.00000000 1.70000000 1.70000000
132.00000000 1.60000000 1.80000000
136.00000000 1.60000000 1.60000000
140.00000000 1.60000000 1.60000000
144.00000000 1.60000000 1.00000000
148.00000000 1.60000000 1.20000000
152.00000000 1.60000000 1.50000000
156.00000000 1.50000000 1.60000000
160.00000000 1.60000000 1.50000000
164.00000000 1.50000000 1.50000000
168.00000000 1.50000000 1.40000000
172.00000000 1.50000000 1.50000000
176.00000000 1.50000000 1.50000000
180.00000000 1.50000000 1.30000000
184.00000000 1.40000000 1.50000000
188.00000000 1.40000000 1.30000000
192.00000000 1.30000000 1.40000000
196.00000000 1.30000000 1.50000000
200.00000000 1.40000000 1.30000000
204.00000000 1.40000000 1.30000000
208.00000000 1.50000000 1.40000000
212.00000000 1.40000000 1.40000000
216.00000000 1.30000000 1.30000000
220.00000000 1.30000000 1.50000000
224.00000000 1.40000000 1.40000000
228.00000000 1.40000000 1.30000000
232.00000000 1.10000000 1.30000000
236.00000000 1.40000000 1.40000000
240.00000000 1.20000000 1.10000000
244.00000000 1.30000000 1.20000000
248.00000000 1.10000000 1.30000000
252.00000000 1.20000000 1.30000000
256.00000000 1.10000000 1.30000000
260.00000000 1.00000000 1.20000000
264.00000000 1.10000000 1.20000000
268.00000000 1.10000000 1.20000000
272.00000000 1.20000000 1.10000000
276.00000000 1.10000000 1.00000000
280.00000000 1.20000000 1.20000000
284.00000000 1.10000000 1.10000000
288.00000000 1.10000000 1.20000000
292.00000000 1.20000000 1.20000000
296.00000000 1.00000000 1.10000000
300.00000000 1.10000000 0.90000000
304.00000000 0.90000000 1.00000000
308.00000000 0.90000000 1.10000000
312.00000000 1.20000000 1.10000000
316.00000000 1.20000000 1.10000000
320.00000000 1.10000000 0.90000000
324.00000000 0.90000000 1.00000000
328.00000000 1.10000000 0.90000000
332.00000000 1.00000000 0.80000000
336.00000000 0.90000000 0.80000000
340.00000000 0.80000000 0.70000000
344.00000000 0.70000000 0.80000000
348.00000000 0.70000000 0.70000000
352.00000000 0.50000000 0.80000000
356.00000000 0.50000000 0.80000000
360.00000000 0.50000000 0.80000000
364.00000000 0.60000000 0.80000000
368.00000000 0.60000000 0.70000000
372.00000000 0.70000000 0.60000000
376.00000000 0.60000000 0.70000000
380.00000000 0.60000000 0.60000000
384.00000000 0.70000000 0.70000000
388.00000000 0.70000000 0.80000000
392.00000000 0.70000000 0.80000000
396.00000000 0.70000000 0.80000000
400.00000000 0.60000000 0.80000000
404.00000000 0.60000000 0.80000000
408.00000000 0.60000000 0.80000000
412.00000000 0.60000000 0.80000000
416.00000000 0.60000000 0.80000000
420.00000000 0.60000000 0.70000000
424.00000000 0.60000000 0.80000000
428.00000000 0.60000000 0.80000000
432.00000000 0.60000000 0.80000000
436.00000000 0.60000000 0.80000000
440.00000000 0.50000000 0.80000000
444.00000000 0.60000000 0.80000000
448.00000000 0.60000000 0.80000000
452.00000000 0.60000000 0.80000000
456.00000000 0.60000000 0.70000000
460.00000000 0.60000000 0.80000000
464.00000000 0.60000000 0.80000000
468.00000000 0.60000000 0.80000000
472.00000000 0.60000000 0.80000000
476.00000000 0.60000000 0.80000000
480.00000000 0.60000000 0.80000000
484.00000000 0.60000000 0.80000000
488.00000000 0.60000000 0.80000000
492.00000000 0.60000000 0.80000000
496.00000000 0.60000000 0.80000000
500.00000000 0.60000000 0.80000000
504.00000000 0.60000000 0.80000000
508.00000000 0.60000000 0.80000000
512.00000000 0.60000000 0.80000000
516.00000000 0.60000000 0.80000000
520.00000000 0.60000000 0.80000000
524.00000000 0.60000000 0.80000000
528.00000000 0.60000000 0.80000000
532.00000000 0.60000000 0.80000000
536.00000000 0.60000000 0.80000000
540.00000000 0.60000000 0.80000000
544.00000000 0.60000000 0.80000000
548.00000000 0.60000000 0.80000000
552.00000000 0.60000000 0.80000000
556.00000000 0.60000000 0.80000000
560.00000000 0.60000000 0.80000000
564.00000000 0.60000000 0.80000000
568.00000000 0.60000000 0.80000000
572.00000000 0.50000000 0.80000000
576.00000000 0.60000000 0.80000000
580.00000000 0.60000000 0.80000000
584.00000000 0.60000000 0.80000000
588.00000000 0.60000000 0.80000000
592.00000000 0.60000000 0.80000000
596.00000000 0.60000000 0.80000000
600.00000000 0.60000000 0.80000000
604.00000000 0.60000000 0.80000000
608.00000000 0.60000000 0.80000000
612.00000000 0.60000000 0.80000000
616.00000000 0.60000000 0.80000000
620.00000000 0.60000000 0.80000000
624.00000000 0.50000000 0.80000000
628.00000000 0.50000000 0.80000000
632.00000000 0.60000000 0.80000000
636.00000000 0.60000000 0.80000000
640.00000000 0.60000000 0.80000000
644.00000000 0.60000000 0.80000000
648.00000000 0.60000000 0.80000000
652.00000000 0.60000000 0.80000000
656.00000000 0.60000000 0.80000000
660.00000000 0.60000000 0.80000000
664.00000000 0.60000000 0.80000000
668.00000000 0.50000000 0.80000000
672.00000000 0.50000000 0.80000000
676.00000000 0.50000000 0.80000000
680.00000000 0.50000000 0.80000000
684.00000000 0.50000000 0.80000000
688.00000000 0.60000000 0.80000000
692.00000000 0.60000000 0.80000000
696.00000000 0.60000000 0.80000000
700.00000000 0.60000000 0.80000000
704.00000000 0.60000000 0.80000000
708.00000000 0.60000000 0.80000000
712.00000000 0.60000000 0.80000000
716.00000000 0.60000000 0.80000000
720.00000000 0.60000000 0.80000000
724.00000000 0.60000000 0.80000000
728.00000000 0.60000000 0.80000000
732.00000000 0.60000000 0.80000000
736.00000000 0.60000000 0.80000000
740.00000000 0.60000000 0.80000000
744.00000000 0.60000000 0.80000000
748.00000000 0.60000000 0.80000000
752.00000000 0.60000000 0.80000000
756.00000000 0.60000000 0.80000000
760.00000000 0.60000000 0.80000000
764.00000000 0.60000000 0.80000000
768.00000000 0.60000000 0.80000000
772.00000000 0.60000000 0.80000000
776.00000000 0.60000000 0.80000000
780.00000000 0.60000000 0.80000000
784.00000000 0.60000000 0.80000000
788.00000000 0.60000000 0.80000000
792.00000000 0.60000000 0.80000000
796.00000000 0.60000000 0.80000000
800.00000000 0.60000000 0.80000000
