0 162.98000000 163.76000000
4.00000000 14.34000000 14.24000000
8.00000000 8.63000000 8.68000000
12.00000000 6.65000000 6.73000000
16.00000000 5.59000000 5.65000000
20.00000000 4.85000000 4.92000000
24.00000000 4.27000000 4.35000000
28.00000000 3.96000000 3.99000000
32.00000000 3.54000000 3.63000000
36.00000000 3.31000000 3.35000000
40.00000000 3.15000000 3.27000000
44.00000000 3.11000000 3.08000000
48.00000000 2.93000000 2.96000000
52.00000000 2.72000000 2.84000000
56.00000000 2.66000000 2.68000000
60.00000000 2.61000000 2.48000000
64.00000000 2.39000000 2.40000000
68.00000000 2.31000000 2.30000000
72.00000000 2.25000000 2.26000000
76.00000000 2.19000000 2.18000000
80.00000000 2.19000000 2.19000000
84.00000000 2.08000000 2.18000000
88.00000000 2.16000000 2.12000000
92.00000000 2.03000000 2.06000000
96.00000000 2.04000000 2.03000000
100.00000000 1.92000000 1.98000000
104.00000000 1.97000000 2.01000000
108.00000000 1.95000000 1.90000000
112.00000000 1.78000000 1.92000000
116.00000000 1.91000000 1.78000000
120.00000000 1.85000000 1.84000000
124.00000000 1.70000000 1.83000000
128.00000000 1.75000000 1.83000000
132.00000000 1.77000000 1.85000000
136.00000000 1.80000000 1.83000000
140.00000000 1.76000000 1.80000000
144.00000000 1.75000000 1.72000000
148.00000000 1.74000000 1.74000000
152.00000000 1.77000000 1.75000000
156.00000000 1.75000000 1.74000000
160.00000000 1.60000000 1.66000000
164.00000000 1.62000000 1.73000000
168.00000000 1.68000000 1.68000000
172.00000000 1.56000000 1.63000000
176.00000000 1.60000000 1.65000000
180.00000000 1.60000000 1.61000000
184.00000000 1.64000000 1.58000000
188.00000000 1.56000000 1.62000000
192.00000000 1.53000000 1.62000000
196.00000000 1.53000000 1.57000000
200.00000000 1.56000000 1.56000000
204.00000000 1.58000000 1.56000000
208.00000000 1.50000000 1.51000000
212.00000000 1.53000000 1.52000000
216.00000000 1.47000000 1.47000000
220.00000000 1.47000000 1.53000000
224.00000000 1.47000000 1.46000000
228.00000000 1.45000000 1.50000000
232.00000000 1.42000000 1.46000000
236.00000000 1.47000000 1.43000000
240.00000000 1.40000000 1.44000000
244.00000000 1.45000000 1.44000000
248.00000000 1.43000000 1.43000000
252.00000000 1.34000000 1.44000000
256.00000000 1.33000000 1.43000000
260.00000000 1.37000000 1.40000000
264.00000000 1.35000000 1.43000000
268.00000000 1.40000000 1.38000000
272.00000000 1.31000000 1.33000000
276.00000000 1.36000000 1.35000000
280.00000000 1.36000000 1.37000000
284.00000000 1.40000000 1.34000000
288.00000000 1.35000000 1.35000000
292.00000000 1.34000000 1.39000000
296.00000000 1.32000000 1.34000000
300.00000000 1.31000000 1.29000000
304.00000000 1.34000000 1.35000000
308.00000000 1.30000000 1.37000000
312.00000000 1.29000000 1.35000000
316.00000000 1.36000000 1.36000000
320.00000000 1.31000000 1.35000000
324.00000000 1.30000000 1.32000000
328.00000000 1.29000000 1.34000000
332.00000000 1.31000000 1.30000000
336.00000000 1.32000000 1.29000000
340.00000000 1.23000000 1.22000000
344.00000000 1.23000000 1.25000000
348.00000000 1.24000000 1.21000000
352.00000000 1.22000000 1.24000000
356.00000000 1.19000000 1.21000000
360.00000000 1.15000000 1.21000000
364.00000000 1.23000000 1.27000000
368.00000000 1.20000000 1.27000000
372.00000000 1.26000000 1.25000000
376.00000000 1.20000000 1.23000000
380.00000000 1.20000000 1.23000000
384.00000000 1.21000000 1.25000000
388.00000000 1.21000000 1.23000000
392.00000000 1.25000000 1.27000000
396.00000000 1.22000000 1.26000000
400.00000000 1.22000000 1.25000000
404.00000000 1.23000000 1.26000000
408.00000000 1.20000000 1.26000000
412.00000000 1.22000000 1.21000000
416.00000000 1.21000000 1.23000000
420.00000000 1.20000000 1.21000000
424.00000000 1.18000000 1.17000000
428.00000000 1.17000000 1.21000000
432.00000000 1.21000000 1.19000000
436.00000000 1.17000000 1.21000000
440.00000000 1.21000000 1.23000000
444.00000000 1.17000000 1.27000000
448.00000000 1.16000000 1.27000000
452.00000000 1.15000000 1.22000000
456.00000000 1.17000000 1.25000000
460.00000000 1.15000000 1.24000000
464.00000000 1.14000000 1.26000000
468.00000000 1.16000000 1.26000000
472.00000000 1.17000000 1.21000000
476.00000000 1.16000000 1.21000000
480.00000000 1.16000000 1.21000000
484.00000000 1.16000000 1.18000000
488.00000000 1.18000000 1.22000000
492.00000000 1.17000000 1.24000000
496.00000000 1.19000000 1.23000000
500.00000000 1.17000000 1.21000000
504.00000000 1.16000000 1.22000000
508.00000000 1.17000000 1.20000000
512.00000000 1.16000000 1.18000000
516.00000000 1.19000000 1.20000000
520.00000000 1.18000000 1.19000000
524.00000000 1.16000000 1.23000000
528.00000000 1.18000000 1.20000000
532.00000000 1.19000000 1.23000000
536.00000000 1.20000000 1.23000000
540.00000000 1.21000000 1.21000000
544.00000000 1.20000000 1.21000000
548.00000000 1.19000000 1.20000000
552.00000000 1.18000000 1.22000000
556.00000000 1.19000000 1.23000000
560.00000000 1.18000000 1.24000000
564.00000000 1.18000000 1.23000000
568.00000000 1.18000000 1.24000000
572.00000000 1.16000000 1.23000000
576.00000000 1.15000000 1.24000000
580.00000000 1.18000000 1.22000000
584.00000000 1.18000000 1.24000000
588.00000000 1.16000000 1.25000000
592.00000000 1.17000000 1.23000000
596.00000000 1.17000000 1.25000000
600.00000000 1.18000000 1.23000000
604.00000000 1.17000000 1.24000000
608.00000000 1.18000000 1.23000000
612.00000000 1.18000000 1.25000000
616.00000000 1.19000000 1.24000000
620.00000000 1.18000000 1.25000000
624.00000000 1.15000000 1.24000000
628.00000000 1.16000000 1.25000000
632.00000000 1.19000000 1.24000000
636.00000000 1.19000000 1.23000000
640.00000000 1.15000000 1.23000000
644.00000000 1.16000000 1.22000000
648.00000000 1.16000000 1.23000000
652.00000000 1.16000000 1.22000000
656.00000000 1.13000000 1.21000000
660.00000000 1.15000000 1.22000000
664.00000000 1.17000000 1.21000000
668.00000000 1.14000000 1.22000000
672.00000000 1.14000000 1.22000000
676.00000000 1.16000000 1.22000000
680.00000000 1.16000000 1.22000000
684.00000000 1.16000000 1.22000000
688.00000000 1.16000000 1.22000000
692.00000000 1.16000000 1.22000000
696.00000000 1.16000000 1.21000000
700.00000000 1.17000000 1.21000000
704.00000000 1.17000000 1.20000000
708.00000000 1.16000000 1.21000000
712.00000000 1.16000000 1.20000000
716.00000000 1.17000000 1.20000000
720.00000000 1.17000000 1.20000000
724.00000000 1.16000000 1.21000000
728.00000000 1.17000000 1.21000000
732.00000000 1.17000000 1.21000000
736.00000000 1.17000000 1.21000000
740.00000000 1.16000000 1.21000000
744.00000000 1.16000000 1.20000000
748.00000000 1.17000000 1.20000000
752.00000000 1.16000000 1.20000000
756.00000000 1.17000000 1.20000000
760.00000000 1.17000000 1.20000000
764.00000000 1.16000000 1.19000000
768.00000000 1.15000000 1.19000000
772.00000000 1.16000000 1.19000000
776.00000000 1.16000000 1.20000000
780.00000000 1.16000000 1.20000000
784.00000000 1.17000000 1.20000000
788.00000000 1.17000000 1.20000000
792.00000000 1.17000000 1.20000000
796.00000000 1.17000000 1.20000000
800.00000000 1.16000000 1.20000000
