0 1.13049e-07
16 0.00160821
32 0.00397182
48 0.00625901
64 0.00835584
80 0.0101836
96 0.0118685
112 0.0132998
128 0.0146018
144 0.0158847
160 0.0171096
176 0.0183721
192 0.0194559
208 0.0203371
224 0.0214871
240 0.022425
256 0.0235384
272 0.0243421
288 0.0252661
304 0.0261564
320 0.0269441
336 0.0278237
352 0.0286714
368 0.0291427
384 0.0299294
400 0.030655
416 0.0311449
432 0.031831
448 0.0325817
464 0.0332903
480 0.034046
496 0.035018
512 0.0355905
528 0.0361326
544 0.0368795
560 0.0378307
576 0.0388175
592 0.0393156
608 0.0400519
624 0.040774
640 0.0416398
656 0.0422645
672 0.0428514
688 0.0434765
704 0.0440628
720 0.0446778
736 0.0451655
752 0.0457189
768 0.0464142
784 0.0470382
800 0.0473543
816 0.0479336
832 0.0483854
848 0.0491207
864 0.0495949
880 0.0502781
896 0.05121
912 0.0521416
928 0.0526798
944 0.0533419
960 0.0538972
976 0.0544827
992 0.0550345
1008 0.0554914
1024 0.056352
1040 0.0572558
1056 0.0581631
1072 0.0591199
1088 0.0599485
1104 0.0608629
1120 0.0613032
1136 0.062117
1152 0.0629215
1168 0.0636219
1184 0.0644803
1200 0.06517
1216 0.0661401
1232 0.0667101
1248 0.0674801
1264 0.0679497
1280 0.068672
1296 0.0692809
1312 0.0698515
1328 0.0704461
1344 0.0710875
1360 0.071746
1376 0.072351
1392 0.0730101
1408 0.0733338
1424 0.0736721
1440 0.0739344
1456 0.0743513
1472 0.0749258
1488 0.0754386
1504 0.0761491
1520 0.0767038
1536 0.0770938
1552 0.0776345
1568 0.0783077
1584 0.0787733
1600 0.0793692
1616 0.0799974
1632 0.08067
1648 0.0815937
1664 0.0823223
1680 0.0830062
1696 0.0836168
1712 0.0843659
1728 0.0850761
1744 0.0855807
1760 0.0861856
1776 0.0868161
1792 0.0876017
1808 0.0882534
1824 0.0888731
1840 0.0894778
1856 0.0898551
1872 0.0903248
1888 0.0904411
1904 0.0907204
1920 0.0914251
1936 0.0921397
1952 0.0926599
1968 0.092931
1984 0.093155
2000 0.0934187
2016 0.0939297
2032 0.0944283
2048 0.0945622
2064 0.0950594
2080 0.0953485
2096 0.0957899
2112 0.0959884
2128 0.0963995
2144 0.096711
2160 0.096917
2176 0.0973623
2192 0.0979196
2208 0.0980699
2224 0.0986445
2240 0.0988633
2256 0.0993582
2272 0.0997528
2288 0.100132
2304 0.100684
2320 0.101082
2336 0.101478
2352 0.101911
2368 0.102327
2384 0.102678
2400 0.103136
2416 0.103386
2432 0.103654
2448 0.103933
2464 0.104258
2480 0.104458
2496 0.104683
2512 0.104746
2528 0.105051
2544 0.105189
2560 0.105395
2576 0.105781
2592 0.106415
2608 0.106672
2624 0.106668
2640 0.106995
2656 0.107192
2672 0.107366
2688 0.107409
2704 0.107454
2720 0.107672
2736 0.107808
2752 0.107912
2768 0.107866
2784 0.107862
2800 0.107946
2816 0.107918
2832 0.10785
2848 0.107976
2864 0.107865
2880 0.108025
2896 0.107992
2912 0.108067
2928 0.108003
2944 0.108124
2960 0.108246
2976 0.108328
2992 0.10835
3008 0.108417
3024 0.108314
3040 0.108476
3056 0.108558
3072 0.108756
3088 0.108712
3104 0.108897
3120 0.108753
3136 0.108972
3152 0.10906
3168 0.109245
3184 0.10938
3200 0.109602
