0 1.15758e-07
16 0.00163485
32 0.00400582
48 0.00632141
64 0.00848411
80 0.0104009
96 0.0121536
112 0.0136927
128 0.0151306
144 0.0165471
160 0.0179126
176 0.0193309
192 0.0205299
208 0.0214732
224 0.0227494
240 0.0237902
256 0.0250319
272 0.0259391
288 0.0269622
304 0.0279382
320 0.0288121
336 0.029791
352 0.0307481
368 0.031311
384 0.0322472
400 0.033109
416 0.0337166
432 0.0345216
448 0.0353851
464 0.0362038
480 0.0370855
496 0.0382165
512 0.0388818
528 0.0395221
544 0.0404025
560 0.0415147
576 0.0426653
592 0.0432581
608 0.0441227
624 0.0449699
640 0.0459796
656 0.0467118
672 0.0473978
688 0.0481261
704 0.0488044
720 0.0495134
736 0.0500831
752 0.0507284
768 0.051533
784 0.0522565
800 0.0526243
816 0.053296
832 0.0538197
848 0.0546694
864 0.0552181
880 0.0560075
896 0.0570803
912 0.0581542
928 0.0587742
944 0.0595315
960 0.0601705
976 0.0608448
992 0.0614799
1008 0.0620051
1024 0.0629942
1040 0.0640322
1056 0.0650735
1072 0.0661723
1088 0.0671236
1104 0.0681731
1120 0.0686759
1136 0.0696098
1152 0.0705343
1168 0.0713402
1184 0.0723269
1200 0.0731198
1216 0.0742338
1232 0.0748884
1248 0.0757727
1264 0.076312
1280 0.0771412
1296 0.0778401
1312 0.0784944
1328 0.0791777
1344 0.0799156
1360 0.0806728
1376 0.0813682
1392 0.0821253
1408 0.0824973
1424 0.0828864
1440 0.0831889
1456 0.0836685
1472 0.0843288
1488 0.0849177
1504 0.0857327
1520 0.0863693
1536 0.0868172
1552 0.0874381
1568 0.0882109
1584 0.0887454
1600 0.0894294
1616 0.0901503
1632 0.0909222
1648 0.0919823
1664 0.0928184
1680 0.0936033
1696 0.094304
1712 0.0951636
1728 0.0959787
1744 0.0965577
1760 0.097252
1776 0.0979755
1792 0.098877
1808 0.0996249
1824 0.100336
1840 0.10103
1856 0.101463
1872 0.102002
1888 0.102135
1904 0.102456
1920 0.103265
1936 0.104085
1952 0.104681
1968 0.104993
1984 0.105249
2000 0.105552
2016 0.106138
2032 0.106711
2048 0.106864
2064 0.107435
2080 0.107767
2096 0.108273
2112 0.108501
2128 0.108972
2144 0.10933
2160 0.109566
2176 0.110077
2192 0.110717
2208 0.110889
2224 0.111549
2240 0.1118
2256 0.112368
2272 0.112821
2288 0.113255
2304 0.11389
2320 0.114346
2336 0.1148
2352 0.115297
2368 0.115775
2384 0.116178
2400 0.116703
2416 0.11699
2432 0.117298
2448 0.117618
2464 0.11799
2480 0.11822
2496 0.118478
2512 0.11855
2528 0.118901
2544 0.119059
2560 0.119296
2576 0.119739
2592 0.120465
2608 0.120761
2624 0.120756
2640 0.121131
2656 0.121358
2672 0.121556
2688 0.121606
2704 0.121658
2720 0.121908
2736 0.122064
2752 0.122183
2768 0.122131
2784 0.122126
2800 0.122223
2816 0.122191
2832 0.122113
2848 0.122257
2864 0.12213
2880 0.122313
2896 0.122275
2912 0.122361
2928 0.122288
2944 0.122426
2960 0.122567
2976 0.122661
2992 0.122686
3008 0.122763
3024 0.122645
3040 0.122831
3056 0.122925
3072 0.123152
3088 0.123102
3104 0.123314
3120 0.123148
3136 0.1234
3152 0.123501
3168 0.123713
3184 0.123868
3200 0.124123
