0 0.000238031
16 0.0280855
32 0.0443056
48 0.0557214
64 0.0644078
80 0.0712155
96 0.0769313
112 0.081652
128 0.0857638
144 0.0896071
160 0.0931231
176 0.0962042
192 0.0986164
208 0.100716
224 0.102797
240 0.104342
256 0.106248
272 0.107646
288 0.109078
304 0.110376
320 0.111349
336 0.112495
352 0.113401
368 0.11403
384 0.115144
400 0.116026
416 0.116652
432 0.117448
448 0.118311
464 0.119182
480 0.120044
496 0.121176
512 0.121734
528 0.122333
544 0.123148
560 0.124155
576 0.125341
592 0.125908
608 0.126822
624 0.12757
640 0.128547
656 0.129123
672 0.129755
688 0.130454
704 0.131144
720 0.131884
736 0.132413
752 0.132939
768 0.133689
784 0.134385
800 0.134714
816 0.135418
832 0.135985
848 0.136801
864 0.137164
880 0.137879
896 0.13891
912 0.139956
928 0.140568
944 0.141396
960 0.142088
976 0.142955
992 0.143568
1008 0.144007
1024 0.144858
1040 0.145817
1056 0.146947
1072 0.147724
1088 0.148618
1104 0.149634
1120 0.150093
1136 0.15103
1152 0.151931
1168 0.152727
1184 0.153469
1200 0.15416
1216 0.155213
1232 0.155724
1248 0.156543
1264 0.157079
1280 0.157878
1296 0.158539
1312 0.15913
1328 0.159832
1344 0.160528
1360 0.161245
1376 0.161881
1392 0.162549
1408 0.162871
1424 0.163166
1440 0.163534
1456 0.163986
1472 0.164613
1488 0.165064
1504 0.165769
1520 0.166262
1536 0.166646
1552 0.167215
1568 0.167949
1584 0.168307
1600 0.168993
1616 0.169753
1632 0.170397
1648 0.171288
1664 0.172001
1680 0.172557
1696 0.173024
1712 0.173618
1728 0.174213
1744 0.174675
1760 0.175248
1776 0.175879
1792 0.176569
1808 0.177157
1824 0.177812
1840 0.178316
1856 0.178798
1872 0.17916
1888 0.179288
1904 0.179585
1920 0.180271
1936 0.180924
1952 0.181391
1968 0.181676
1984 0.181876
2000 0.182138
2016 0.182509
2032 0.182962
2048 0.182987
2064 0.1834
2080 0.183688
2096 0.184039
2112 0.184236
2128 0.18462
2144 0.184862
2160 0.185109
2176 0.185546
2192 0.186073
2208 0.186178
2224 0.18663
2240 0.186851
2256 0.187319
2272 0.187673
2288 0.187962
2304 0.188442
2320 0.188869
2336 0.189131
2352 0.189536
2368 0.189857
2384 0.190203
2400 0.190568
2416 0.190731
2432 0.190961
2448 0.191207
2464 0.191417
2480 0.191605
2496 0.191792
2512 0.191843
2528 0.192101
2544 0.192146
2560 0.192335
2576 0.192624
2592 0.193155
2608 0.193312
2624 0.193263
2640 0.193499
2656 0.193652
2672 0.193891
2688 0.193946
2704 0.19406
2720 0.194218
2736 0.194252
2752 0.194325
2768 0.194237
2784 0.194302
2800 0.194415
2816 0.194357
2832 0.194349
2848 0.194436
2864 0.19443
2880 0.1945
2896 0.194584
2912 0.194617
2928 0.194565
2944 0.194685
2960 0.194808
2976 0.194942
2992 0.19494
3008 0.195098
3024 0.194872
3040 0.195026
3056 0.195147
3072 0.195352
3088 0.195448
3104 0.195597
3120 0.195454
3136 0.195638
3152 0.195733
3168 0.195802
3184 0.195965
3200 0.19613
