0 0.000237895
16 0.0283826
32 0.0449266
48 0.0563803
64 0.0648214
80 0.0711971
96 0.0764974
112 0.0808073
128 0.0844595
144 0.0878405
160 0.0908602
176 0.0934743
192 0.0955283
208 0.0972857
224 0.0989483
240 0.100184
256 0.101721
272 0.102799
288 0.103964
304 0.104986
320 0.105711
336 0.106547
352 0.107165
368 0.107562
384 0.108323
400 0.108937
416 0.109334
432 0.109866
448 0.110459
464 0.111054
480 0.111671
496 0.112478
512 0.112858
528 0.113255
544 0.113797
560 0.114498
576 0.115349
592 0.115711
608 0.11636
624 0.116878
640 0.117591
656 0.117991
672 0.118455
688 0.118979
704 0.119525
720 0.120107
736 0.120507
752 0.120906
768 0.121489
784 0.122021
800 0.122274
816 0.122815
832 0.123251
848 0.123882
864 0.124159
880 0.12471
896 0.125514
912 0.126333
928 0.126814
944 0.127467
960 0.128001
976 0.128671
992 0.129147
1008 0.12949
1024 0.130158
1040 0.130916
1056 0.131806
1072 0.132416
1088 0.133117
1104 0.133915
1120 0.134286
1136 0.135022
1152 0.135728
1168 0.136349
1184 0.136929
1200 0.137471
1216 0.1383
1232 0.138702
1248 0.139349
1264 0.139767
1280 0.140385
1296 0.140893
1312 0.141351
1328 0.141888
1344 0.142419
1360 0.142971
1376 0.143475
1392 0.144002
1408 0.144255
1424 0.144484
1440 0.144768
1456 0.145118
1472 0.145605
1488 0.145955
1504 0.146507
1520 0.146892
1536 0.14719
1552 0.147634
1568 0.148208
1584 0.148487
1600 0.149027
1616 0.149624
1632 0.150128
1648 0.150827
1664 0.151386
1680 0.151821
1696 0.152187
1712 0.152653
1728 0.15312
1744 0.153483
1760 0.153932
1776 0.154427
1792 0.154969
1808 0.155431
1824 0.155946
1840 0.156341
1856 0.15672
1872 0.157004
1888 0.157104
1904 0.157338
1920 0.157877
1936 0.15839
1952 0.158758
1968 0.158982
1984 0.15914
2000 0.159345
2016 0.159637
2032 0.159993
2048 0.160012
2064 0.160337
2080 0.160564
2096 0.160839
2112 0.160994
2128 0.161297
2144 0.161487
2160 0.161681
2176 0.162024
2192 0.162438
2208 0.162521
2224 0.162876
2240 0.16305
2256 0.163417
2272 0.163695
2288 0.163923
2304 0.1643
2320 0.164635
2336 0.164841
2352 0.165159
2368 0.165411
2384 0.165683
2400 0.16597
2416 0.166098
2432 0.166279
2448 0.166472
2464 0.166637
2480 0.166784
2496 0.166932
2512 0.166972
2528 0.167174
2544 0.16721
2560 0.167358
2576 0.167585
2592 0.168003
2608 0.168126
2624 0.168088
2640 0.168273
2656 0.168393
2672 0.168581
2688 0.168624
2704 0.168713
2720 0.168838
2736 0.168865
2752 0.168922
2768 0.168852
2784 0.168904
2800 0.168993
2816 0.168947
2832 0.168941
2848 0.169009
2864 0.169004
2880 0.169059
2896 0.169126
2912 0.169151
2928 0.169111
2944 0.169205
2960 0.169301
2976 0.169407
2992 0.169405
3008 0.169529
3024 0.169351
3040 0.169473
3056 0.169568
3072 0.169729
3088 0.169804
3104 0.169921
3120 0.169809
3136 0.169953
3152 0.170028
3168 0.170083
3184 0.17021
3200 0.17034
