0 1.12212e-07
16 0.00160814
32 0.00396004
48 0.0062725
64 0.0084348
80 0.0103914
96 0.0122304
112 0.0138535
128 0.0153898
144 0.0169137
160 0.0184117
176 0.0199554
192 0.0212691
208 0.0223203
224 0.0237394
240 0.0249048
256 0.0262771
272 0.0272852
288 0.028409
304 0.0294932
320 0.0304788
336 0.0315916
352 0.0326814
368 0.0333235
384 0.034387
400 0.0353603
416 0.0360463
432 0.0369648
448 0.037949
464 0.0388829
480 0.0398744
496 0.0411509
512 0.0419048
528 0.0426329
544 0.043631
560 0.044887
576 0.0461826
592 0.0468559
608 0.0478273
624 0.0487762
640 0.0499041
656 0.0507236
672 0.0514896
688 0.0523012
704 0.0530523
720 0.053839
736 0.0544725
752 0.055189
768 0.0560818
784 0.0568868
800 0.0572968
816 0.0580438
832 0.0586261
848 0.0595686
864 0.0601773
880 0.0610524
896 0.062242
912 0.0634288
928 0.0641147
944 0.0649573
960 0.0656699
976 0.0664216
992 0.0671294
1008 0.0677145
1024 0.0688127
1040 0.0699646
1056 0.0711203
1072 0.0723399
1088 0.073396
1104 0.0745608
1120 0.0751185
1136 0.0761544
1152 0.077179
1168 0.0780717
1184 0.0791648
1200 0.080042
1216 0.0812749
1232 0.0819991
1248 0.0829756
1264 0.0835744
1280 0.0844989
1296 0.0852793
1312 0.0860091
1328 0.0867703
1344 0.087591
1360 0.088432
1376 0.089199
1392 0.0900357
1408 0.0904469
1424 0.0908782
1440 0.0912139
1456 0.0917465
1472 0.0924796
1488 0.0931337
1504 0.0940385
1520 0.0947453
1536 0.0952428
1552 0.095932
1568 0.0967897
1584 0.0973829
1600 0.0981412
1616 0.0989412
1632 0.0997978
1648 0.100974
1664 0.101902
1680 0.102773
1696 0.10355
1712 0.104504
1728 0.105408
1744 0.10605
1760 0.10682
1776 0.107623
1792 0.108623
1808 0.109453
1824 0.110241
1840 0.111011
1856 0.111491
1872 0.112089
1888 0.112237
1904 0.112593
1920 0.11349
1936 0.114399
1952 0.115061
1968 0.115406
1984 0.115691
2000 0.116027
2016 0.116677
2032 0.117312
2048 0.117482
2064 0.118115
2080 0.118483
2096 0.119045
2112 0.119297
2128 0.11982
2144 0.120217
2160 0.120479
2176 0.121046
2192 0.121755
2208 0.121946
2224 0.122678
2240 0.122956
2256 0.123586
2272 0.124088
2288 0.12457
2304 0.125274
2320 0.12578
2336 0.126284
2352 0.126835
2368 0.127365
2384 0.127812
2400 0.128395
2416 0.128713
2432 0.129054
2448 0.129409
2464 0.129822
2480 0.130076
2496 0.130362
2512 0.130443
2528 0.130832
2544 0.131008
2560 0.13127
2576 0.131761
2592 0.132567
2608 0.132895
2624 0.132889
2640 0.133306
2656 0.133557
2672 0.133777
2688 0.133832
2704 0.13389
2720 0.134167
2736 0.13434
2752 0.134473
2768 0.134414
2784 0.134409
2800 0.134516
2816 0.134481
2832 0.134394
2848 0.134555
2864 0.134413
2880 0.134616
2896 0.134575
2912 0.13467
2928 0.134589
2944 0.134742
2960 0.134897
2976 0.135003
2992 0.13503
3008 0.135116
3024 0.134984
3040 0.135191
3056 0.135295
3072 0.135547
3088 0.135491
3104 0.135726
3120 0.135543
3136 0.135822
3152 0.135933
3168 0.136169
3184 0.136341
3200 0.136624
