0 0.14754
16 0.0666864
32 -0.0280122
48 0.00569711
64 0.0156048
80 0.0140074
96 0.0445959
112 0.0668165
128 0.0662676
144 0.0880954
160 0.106233
176 0.104669
192 0.0994722
208 0.129513
224 0.131089
240 0.124561
256 0.143056
272 0.171463
288 0.196226
304 0.226267
320 0.243927
336 0.263459
352 0.268598
368 0.28878
384 0.311675
400 0.325206
416 0.339498
432 0.350771
448 0.362063
464 0.375188
480 0.385985
496 0.396954
512 0.404488
528 0.413124
544 0.420882
560 0.426989
576 0.440254
592 0.44907
608 0.461043
624 0.466379
640 0.47546
656 0.478662
672 0.486435
688 0.492664
704 0.500139
720 0.509468
736 0.51482
752 0.517724
768 0.523815
784 0.53056
800 0.533901
816 0.54096
832 0.547163
848 0.552061
864 0.549979
880 0.552521
896 0.557231
912 0.562444
928 0.565606
944 0.572352
960 0.577539
976 0.587784
992 0.591563
1008 0.593104
1024 0.596134
1040 0.601389
1056 0.611676
1072 0.609971
1088 0.615111
1104 0.621674
1120 0.624138
1136 0.630512
1152 0.636348
1168 0.641969
1184 0.642301
1200 0.645229
1216 0.651502
1232 0.652527
1248 0.657301
1264 0.661169
1280 0.666258
1296 0.670183
1312 0.673209
1328 0.678488
1344 0.682653
1360 0.687002
1376 0.690524
1392 0.69368
1408 0.695073
1424 0.695507
1440 0.699131
1456 0.701729
1472 0.705443
1488 0.706242
1504 0.709236
1520 0.710301
1536 0.71194
1552 0.71502
1568 0.719403
1584 0.719013
1600 0.723687
1616 0.729535
1632 0.732014
1648 0.735598
1664 0.738668
1680 0.739131
1696 0.738962
1712 0.73924
1728 0.740212
1744 0.74177
1760 0.744042
1776 0.747095
1792 0.748953
1808 0.750845
1824 0.754617
1840 0.755563
1856 0.759542
1872 0.759697
1888 0.760501
1904 0.762239
1920 0.765357
1936 0.7677
1952 0.769261
1968 0.770877
1984 0.77154
2000 0.772812
2016 0.772662
2032 0.774298
2048 0.772877
2064 0.773787
2080 0.775236
2096 0.775746
2112 0.77672
2128 0.778299
2144 0.778575
2160 0.780396
2176 0.782502
2192 0.78475
2208 0.784689
2224 0.785331
2240 0.78648
2256 0.788502
2272 0.789771
2288 0.790071
2304 0.791569
2320 0.794129
2336 0.793739
2352 0.795461
2368 0.795876
2384 0.797595
2400 0.798303
2416 0.79804
2432 0.798747
2448 0.7996
2464 0.799254
2480 0.800073
2496 0.800584
2512 0.800694
2528 0.801431
2544 0.800531
2560 0.8013
2576 0.801611
2592 0.803104
2608 0.802707
2624 0.801916
2640 0.802046
2656 0.802313
2672 0.804348
2688 0.804769
2704 0.806184
2720 0.806296
2736 0.805254
2752 0.805269
2768 0.8043
2784 0.80547
2800 0.806402
2816 0.805732
2832 0.806418
2848 0.806395
2864 0.807621
2880 0.806915
2896 0.808746
2912 0.808417
2928 0.808287
2944 0.808903
2960 0.809546
2976 0.810861
2992 0.810572
3008 0.812448
3024 0.809828
3040 0.81054
3056 0.811633
3072 0.812773
3088 0.814898
3104 0.815253
3120 0.814523
3136 0.81506
3152 0.815643
3168 0.814642
3184 0.815797
3200 0.815994
