0 0.0502774
16 -0.0226715
32 -0.00240764
48 -0.0036922
64 -0.0110137
80 -0.0235581
96 -0.0394299
112 -0.052911
128 -0.0708722
144 -0.0885464
160 -0.108507
176 -0.14241
192 -0.173886
208 -0.186849
224 -0.233087
240 -0.274059
256 -0.313858
272 -0.339849
288 -0.37187
304 -0.403635
320 -0.439875
336 -0.476707
352 -0.520953
368 -0.541775
384 -0.571533
400 -0.604144
416 -0.625865
432 -0.655348
448 -0.685198
464 -0.709865
480 -0.737974
496 -0.771526
512 -0.795835
528 -0.816105
544 -0.843216
560 -0.877021
576 -0.902913
592 -0.918241
608 -0.93454
624 -0.956764
640 -0.977754
656 -0.998321
672 -1.01248
688 -1.02575
704 -1.03576
720 -1.0444
736 -1.0542
752 -1.06852
768 -1.08163
784 -1.09194
800 -1.09811
816 -1.10471
832 -1.10845
848 -1.11919
864 -1.13361
880 -1.14502
896 -1.15737
912 -1.16808
928 -1.17353
944 -1.17643
960 -1.17902
976 -1.1752
992 -1.1807
1008 -1.1882
1024 -1.20074
1040 -1.21035
1056 -1.21178
1072 -1.23157
1088 -1.23828
1104 -1.24383
1120 -1.24761
1136 -1.25052
1152 -1.25424
1168 -1.2564
1184 -1.26901
1200 -1.27459
1216 -1.27863
1232 -1.28542
1248 -1.28869
1264 -1.28916
1280 -1.29085
1296 -1.29264
1312 -1.2954
1328 -1.29457
1344 -1.29615
1360 -1.29743
1376 -1.29922
1392 -1.30211
1408 -1.30379
1424 -1.30726
1440 -1.30412
1456 -1.30464
1472 -1.30502
1488 -1.30975
1504 -1.31281
1520 -1.31742
1536 -1.31909
1552 -1.31974
1568 -1.31942
1584 -1.32521
1600 -1.3232
1616 -1.31947
1632 -1.32228
1648 -1.32561
1664 -1.32766
1680 -1.33397
1696 -1.34062
1712 -1.34778
1728 -1.35313
1744 -1.35526
1760 -1.35698
1776 -1.35734
1792 -1.3614
1808 -1.36404
1824 -1.36269
1840 -1.36657
1856 -1.3624
1872 -1.36646
1888 -1.36597
1904 -1.36517
1920 -1.36554
1936 -1.36742
1952 -1.36902
1968 -1.36826
1984 -1.36894
2000 -1.36876
2016 -1.37356
2032 -1.37468
2048 -1.37867
2064 -1.38119
2080 -1.3808
2096 -1.38358
2112 -1.38333
2128 -1.38367
2144 -1.38576
2160 -1.38384
2176 -1.38334
2192 -1.38345
2208 -1.38482
2224 -1.38826
2240 -1.38773
2256 -1.38766
2272 -1.38828
2288 -1.39073
2304 -1.3921
2320 -1.39002
2336 -1.39396
2352 -1.39384
2368 -1.39625
2384 -1.39543
2400 -1.39753
2416 -1.4
2432 -1.4006
2448 -1.40097
2464 -1.40417
2480 -1.404
2496 -1.40464
2512 -1.4049
2528 -1.40567
2544 -1.40859
2560 -1.40854
2576 -1.41079
2592 -1.41235
2608 -1.4151
2624 -1.41673
2640 -1.41889
2656 -1.41978
2672 -1.41677
2688 -1.4162
2704 -1.41355
2720 -1.41491
2736 -1.4181
2752 -1.41883
2768 -1.42054
2784 -1.41804
2800 -1.41669
2816 -1.4179
2832 -1.41595
2848 -1.41692
2864 -1.41351
2880 -1.41617
2896 -1.41206
2912 -1.4133
2928 -1.41311
2944 -1.41268
2960 -1.41221
2976 -1.41002
2992 -1.41079
3008 -1.4073
3024 -1.41211
3040 -1.41177
3056 -1.41004
3072 -1.40905
3088 -1.40422
3104 -1.40479
3120 -1.40531
3136 -1.40574
3152 -1.40513
3168 -1.40859
3184 -1.40709
3200 -1.40825
