0 0.0819288
16 -0.0378568
32 -0.0122955
48 -0.0222124
64 -0.0407894
80 -0.0594007
96 -0.0722862
112 -0.0895955
128 -0.113879
144 -0.131806
160 -0.149557
176 -0.186027
192 -0.219609
208 -0.230715
224 -0.279951
240 -0.324896
256 -0.366265
272 -0.392953
288 -0.425896
304 -0.455715
320 -0.49187
336 -0.527772
352 -0.571852
368 -0.591858
384 -0.618853
400 -0.64912
416 -0.66806
432 -0.693451
448 -0.718459
464 -0.737474
480 -0.76028
496 -0.787405
512 -0.807017
528 -0.822297
544 -0.843944
560 -0.872197
576 -0.891475
592 -0.902841
608 -0.913947
624 -0.931875
640 -0.947235
656 -0.963704
672 -0.972113
688 -0.980049
704 -0.984453
720 -0.987308
736 -0.993273
752 -1.00409
768 -1.01309
784 -1.01936
800 -1.02332
816 -1.02657
832 -1.02751
848 -1.0342
864 -1.0467
880 -1.05488
896 -1.06267
912 -1.06924
928 -1.07286
944 -1.07306
960 -1.07367
976 -1.06706
992 -1.07016
1008 -1.07547
1024 -1.08418
1040 -1.08961
1056 -1.08659
1072 -1.1029
1088 -1.10585
1104 -1.10705
1120 -1.10858
1136 -1.10755
1152 -1.10738
1168 -1.10627
1184 -1.11565
1200 -1.11848
1216 -1.11855
1232 -1.12317
1248 -1.12348
1264 -1.12198
1280 -1.12089
1296 -1.12044
1312 -1.12112
1328 -1.11794
1344 -1.11705
1360 -1.11582
1376 -1.11543
1392 -1.11613
1408 -1.1167
1424 -1.11911
1440 -1.11498
1456 -1.11407
1472 -1.11258
1488 -1.1158
1504 -1.11666
1520 -1.11964
1536 -1.1201
1552 -1.11907
1568 -1.11667
1584 -1.12119
1600 -1.11731
1616 -1.11161
1632 -1.1125
1648 -1.11322
1664 -1.11322
1680 -1.11771
1696 -1.12278
1712 -1.128
1728 -1.13154
1744 -1.13234
1760 -1.13247
1776 -1.13115
1792 -1.13319
1808 -1.13416
1824 -1.13119
1840 -1.13356
1856 -1.12838
1872 -1.13131
1888 -1.13052
1904 -1.12901
1920 -1.12763
1936 -1.12778
1952 -1.12813
1968 -1.1267
1984 -1.12685
2000 -1.12604
2016 -1.12965
2032 -1.1296
2048 -1.1333
2064 -1.13466
2080 -1.13359
2096 -1.13536
2112 -1.13465
2128 -1.13404
2144 -1.13543
2160 -1.13303
2176 -1.13152
2192 -1.13037
2208 -1.13141
2224 -1.13358
2240 -1.13256
2256 -1.1314
2272 -1.13115
2288 -1.13278
2304 -1.13296
2320 -1.13002
2336 -1.13311
2352 -1.13207
2368 -1.13359
2384 -1.13204
2400 -1.13317
2416 -1.13512
2432 -1.13516
2448 -1.13496
2464 -1.13748
2480 -1.13689
2496 -1.13707
2512 -1.1372
2528 -1.13734
2544 -1.13998
2560 -1.13951
2576 -1.14097
2592 -1.14129
2608 -1.14351
2624 -1.14513
2640 -1.14662
2656 -1.14713
2672 -1.14379
2688 -1.14314
2704 -1.14042
2720 -1.14134
2736 -1.14425
2752 -1.14477
2768 -1.14655
2784 -1.14408
2800 -1.14257
2816 -1.14383
2832 -1.14203
2848 -1.14274
2864 -1.13958
2880 -1.14191
2896 -1.13789
2912 -1.13897
2928 -1.13891
2944 -1.13825
2960 -1.13754
2976 -1.13521
2992 -1.13593
3008 -1.13233
3024 -1.13731
3040 -1.13666
3056 -1.13479
3072 -1.13342
3088 -1.12871
3104 -1.12892
3120 -1.12971
3136 -1.12972
3152 -1.12894
3168 -1.13201
3184 -1.13027
3200 -1.131
