0 0.0519878
16 0.0571407
32 0.039675
48 0.0378653
64 0.0218761
80 -0.00141495
96 -0.0203644
112 -0.0382067
128 -0.0680877
144 -0.0841644
160 -0.100512
176 -0.137005
192 -0.168117
208 -0.171087
224 -0.209072
240 -0.242479
256 -0.264926
272 -0.274895
288 -0.290671
304 -0.299519
320 -0.317615
336 -0.33584
352 -0.364032
368 -0.369447
384 -0.3792
400 -0.393686
416 -0.399258
432 -0.410652
448 -0.421925
464 -0.429173
480 -0.439137
496 -0.451484
512 -0.460745
528 -0.466399
544 -0.475576
560 -0.487999
576 -0.49044
592 -0.491044
608 -0.489165
624 -0.495169
640 -0.497363
656 -0.503051
672 -0.501979
688 -0.502749
704 -0.501087
720 -0.497389
736 -0.497549
752 -0.501906
768 -0.503202
784 -0.502508
800 -0.502377
816 -0.499636
832 -0.496183
848 -0.496636
864 -0.504425
880 -0.507201
896 -0.507738
912 -0.50703
928 -0.506195
944 -0.501409
960 -0.497749
976 -0.487416
992 -0.486778
1008 -0.488681
1024 -0.49108
1040 -0.490169
1056 -0.481591
1072 -0.490838
1088 -0.488742
1104 -0.484827
1120 -0.48391
1136 -0.479209
1152 -0.475115
1168 -0.470689
1184 -0.475098
1200 -0.47437
1216 -0.46986
1232 -0.47144
1248 -0.46831
1264 -0.464922
1280 -0.460838
1296 -0.457864
1312 -0.456059
1328 -0.45078
1344 -0.447352
1360 -0.443617
1376 -0.440877
1392 -0.438902
1408 -0.438148
1424 -0.438979
1440 -0.434329
1456 -0.431984
1472 -0.428556
1488 -0.429506
1504 -0.427695
1520 -0.428307
1536 -0.42734
1552 -0.424561
1568 -0.420129
1584 -0.422491
1600 -0.417091
1616 -0.410029
1632 -0.408603
1648 -0.406251
1664 -0.403941
1680 -0.4057
1696 -0.4082
1712 -0.410423
1728 -0.411324
1744 -0.410507
1760 -0.408824
1776 -0.405843
1792 -0.405333
1808 -0.404305
1824 -0.400008
1840 -0.400362
1856 -0.394887
1872 -0.396104
1888 -0.395117
1904 -0.393066
1920 -0.390001
1936 -0.388234
1952 -0.387167
1968 -0.385249
1984 -0.384794
2000 -0.383425
2016 -0.385188
2032 -0.383875
2048 -0.386677
2064 -0.386576
2080 -0.384948
2096 -0.385346
2112 -0.384254
2128 -0.382729
2144 -0.383138
2160 -0.380608
2176 -0.378253
2192 -0.375949
2208 -0.376466
2224 -0.376936
2240 -0.37556
2256 -0.373426
2272 -0.372302
2288 -0.372792
2304 -0.371674
2320 -0.368304
2336 -0.370006
2352 -0.368155
2368 -0.368507
2384 -0.36643
2400 -0.366366
2416 -0.36745
2432 -0.3669
2448 -0.36612
2464 -0.367527
2480 -0.366604
2496 -0.366272
2512 -0.366238
2528 -0.365709
2544 -0.367611
2560 -0.36678
2576 -0.367181
2592 -0.366114
2608 -0.367424
2624 -0.36879
2640 -0.369349
2656 -0.369355
2672 -0.36622
2688 -0.365588
2704 -0.363227
2720 -0.363547
2736 -0.365687
2752 -0.365906
2768 -0.367488
2784 -0.365437
2800 -0.364008
2816 -0.365112
2832 -0.363753
2848 -0.364091
2864 -0.361688
2880 -0.363297
2896 -0.360021
2912 -0.36077
2928 -0.360848
2944 -0.360054
2960 -0.359216
2976 -0.35711
2992 -0.357664
3008 -0.354539
3024 -0.358882
3040 -0.358014
3056 -0.356292
3072 -0.354756
3088 -0.350935
3104 -0.35074
3120 -0.351685
3136 -0.351251
3152 -0.35043
3168 -0.352609
3184 -0.350894
3200 -0.351057
