0 0.0195149
16 -0.0387274
32 -0.0173605
48 -0.0202083
64 -0.0332834
80 -0.0489278
96 -0.0664902
112 -0.0779104
128 -0.0923081
144 -0.106458
160 -0.123141
176 -0.156118
192 -0.187012
208 -0.200423
224 -0.246518
240 -0.287523
256 -0.327724
272 -0.354682
288 -0.387734
304 -0.420868
320 -0.458237
336 -0.49637
352 -0.541357
368 -0.562799
384 -0.593659
400 -0.62665
416 -0.648974
432 -0.679783
448 -0.711114
464 -0.737411
480 -0.767014
496 -0.802511
512 -0.827724
528 -0.848775
544 -0.876991
560 -0.912007
576 -0.939637
592 -0.955657
608 -0.973609
624 -0.997168
640 -1.02004
656 -1.04229
672 -1.05823
688 -1.07325
704 -1.08468
720 -1.09538
736 -1.10684
752 -1.12283
768 -1.13784
784 -1.14999
800 -1.15721
816 -1.16522
832 -1.17038
848 -1.18299
864 -1.19854
880 -1.2115
896 -1.22565
912 -1.23821
928 -1.24478
944 -1.24902
960 -1.25274
976 -1.25023
992 -1.25684
1008 -1.26521
1024 -1.27931
1040 -1.29048
1056 -1.2936
1072 -1.31492
1088 -1.323
1104 -1.33004
1120 -1.33446
1136 -1.33864
1152 -1.34355
1168 -1.34707
1184 -1.36119
1200 -1.36801
1216 -1.37366
1232 -1.38141
1248 -1.38597
1264 -1.38719
1280 -1.39007
1296 -1.39291
1312 -1.39656
1328 -1.3966
1344 -1.39906
1360 -1.40125
1376 -1.40382
1392 -1.40757
1408 -1.40963
1424 -1.41351
1440 -1.41071
1456 -1.41174
1472 -1.41285
1488 -1.41822
1504 -1.42216
1520 -1.42745
1536 -1.42961
1552 -1.43093
1568 -1.43144
1584 -1.43779
1600 -1.4365
1616 -1.43352
1632 -1.43713
1648 -1.44155
1664 -1.44444
1680 -1.45154
1696 -1.4589
1712 -1.46691
1728 -1.47307
1744 -1.47576
1760 -1.47815
1776 -1.4792
1792 -1.48412
1808 -1.48746
1824 -1.48676
1840 -1.49129
1856 -1.4875
1872 -1.49207
1888 -1.4917
1904 -1.49116
1920 -1.49225
1936 -1.49487
1952 -1.497
1968 -1.49651
1984 -1.49742
2000 -1.4975
2016 -1.50283
2032 -1.50445
2048 -1.5086
2064 -1.51161
2080 -1.5115
2096 -1.51472
2112 -1.51466
2128 -1.51539
2144 -1.51779
2160 -1.51605
2176 -1.51597
2192 -1.5166
2208 -1.51811
2224 -1.5221
2240 -1.52175
2256 -1.52213
2272 -1.52311
2288 -1.52592
2304 -1.52781
2320 -1.52606
2336 -1.53039
2352 -1.53065
2368 -1.53345
2384 -1.53294
2400 -1.53545
2416 -1.53817
2432 -1.53901
2448 -1.53962
2464 -1.54313
2480 -1.54313
2496 -1.54397
2512 -1.54428
2528 -1.54532
2544 -1.5484
2560 -1.54852
2576 -1.55112
2592 -1.55323
2608 -1.55623
2624 -1.55787
2640 -1.56032
2656 -1.56139
2672 -1.55849
2688 -1.55795
2704 -1.55531
2720 -1.55686
2736 -1.56021
2752 -1.56103
2768 -1.56271
2784 -1.56018
2800 -1.55889
2816 -1.56009
2832 -1.55806
2848 -1.55915
2864 -1.55561
2880 -1.55843
2896 -1.55425
2912 -1.55556
2928 -1.55532
2944 -1.55498
2960 -1.55461
2976 -1.55246
2992 -1.55325
3008 -1.54978
3024 -1.55456
3040 -1.55435
3056 -1.55267
3072 -1.55183
3088 -1.54691
3104 -1.54764
3120 -1.54804
3136 -1.54866
3152 -1.54811
3168 -1.55175
3184 -1.55035
3200 -1.55171
