0 0.00246413
16 0.00365217
32 0.0321971
48 0.0309788
64 0.0113742
80 -0.00897672
96 -0.0281642
112 -0.0367759
128 -0.0469524
144 -0.0586784
160 -0.0724893
176 -0.102686
192 -0.131998
208 -0.148781
224 -0.194631
240 -0.234266
256 -0.274864
272 -0.303471
288 -0.337611
304 -0.373109
320 -0.411155
336 -0.450939
352 -0.496563
368 -0.518898
384 -0.550674
400 -0.583167
416 -0.605413
432 -0.637093
448 -0.670375
464 -0.699305
480 -0.73014
496 -0.767953
512 -0.794263
528 -0.816965
544 -0.847883
560 -0.88567
576 -0.917438
592 -0.936399
608 -0.958141
624 -0.984839
640 -1.01136
656 -1.03585
672 -1.05395
688 -1.07122
704 -1.0843
720 -1.09709
736 -1.11016
752 -1.1275
768 -1.1447
784 -1.15925
800 -1.16729
816 -1.17789
832 -1.18517
848 -1.2007
864 -1.21721
880 -1.23279
896 -1.25065
912 -1.26701
928 -1.27577
944 -1.28302
960 -1.2896
976 -1.29077
992 -1.29964
1008 -1.30942
1024 -1.32633
1040 -1.3407
1056 -1.34794
1072 -1.37172
1088 -1.38307
1104 -1.39387
1120 -1.39954
1136 -1.40721
1152 -1.41553
1168 -1.42218
1184 -1.43905
1200 -1.44845
1216 -1.45794
1232 -1.46757
1248 -1.47509
1264 -1.4784
1280 -1.48449
1296 -1.49007
1312 -1.49604
1328 -1.49915
1344 -1.50475
1360 -1.50994
1376 -1.51475
1392 -1.52083
1408 -1.52407
1424 -1.52911
1440 -1.52779
1456 -1.5306
1472 -1.53411
1488 -1.54124
1504 -1.54773
1520 -1.55486
1536 -1.55846
1552 -1.56189
1568 -1.56502
1584 -1.57273
1600 -1.57375
1616 -1.57335
1632 -1.57923
1648 -1.58674
1664 -1.5921
1680 -1.60119
1696 -1.61024
1712 -1.62038
1728 -1.62863
1744 -1.63292
1760 -1.63727
1776 -1.64042
1792 -1.64771
1808 -1.65304
1824 -1.65446
1840 -1.66073
1856 -1.65841
1872 -1.66425
1888 -1.66428
1904 -1.66469
1920 -1.66799
1936 -1.67275
1952 -1.67637
1968 -1.67675
1984 -1.67831
2000 -1.67922
2016 -1.68585
2032 -1.68893
2048 -1.69327
2064 -1.69766
2080 -1.69844
2096 -1.70285
2112 -1.70339
2128 -1.7053
2144 -1.70853
2160 -1.7075
2176 -1.70877
2192 -1.71103
2208 -1.71292
2224 -1.71841
2240 -1.71873
2256 -1.72056
2272 -1.72265
2288 -1.72643
2304 -1.72983
2320 -1.72932
2336 -1.73458
2352 -1.73607
2368 -1.73993
2384 -1.74044
2400 -1.74413
2416 -1.74743
2432 -1.74899
2448 -1.75035
2464 -1.75462
2480 -1.75517
2496 -1.75661
2512 -1.75708
2528 -1.75892
2544 -1.76225
2560 -1.76293
2576 -1.76649
2592 -1.77024
2608 -1.77382
2624 -1.77538
2640 -1.77863
2656 -1.78019
2672 -1.77788
2688 -1.77747
2704 -1.77506
2720 -1.77714
2736 -1.78072
2752 -1.78178
2768 -1.78328
2784 -1.78084
2800 -1.77982
2816 -1.7809
2832 -1.77877
2848 -1.78015
2864 -1.77646
2880 -1.7796
2896 -1.77549
2912 -1.77695
2928 -1.77655
2944 -1.77655
2960 -1.77651
2976 -1.77468
2992 -1.7755
3008 -1.77233
3024 -1.77665
3040 -1.77689
3056 -1.77549
3072 -1.77521
3088 -1.77036
3104 -1.77155
3120 -1.77156
3136 -1.77273
3152 -1.77243
3168 -1.77643
3184 -1.77544
3200 -1.77733
