0 0.0887298
16 -0.0451581
32 -0.015685
48 -0.0145508
64 -0.0203024
80 -0.0311273
96 -0.0421919
112 -0.0569612
128 -0.0800932
144 -0.101616
160 -0.122132
176 -0.157225
192 -0.189464
208 -0.201329
224 -0.249482
240 -0.292554
256 -0.333889
272 -0.359802
288 -0.392876
304 -0.423756
320 -0.459224
336 -0.495689
352 -0.539423
368 -0.559452
384 -0.587193
400 -0.617151
416 -0.636378
432 -0.663623
448 -0.690909
464 -0.712508
480 -0.737534
496 -0.768274
512 -0.790969
528 -0.809446
544 -0.834354
560 -0.865908
576 -0.889338
592 -0.903621
608 -0.918202
624 -0.939189
640 -0.958534
656 -0.977884
672 -0.989607
688 -1.00056
704 -1.00865
720 -1.01544
736 -1.02396
752 -1.03695
768 -1.04845
784 -1.05709
800 -1.06243
816 -1.06785
832 -1.07038
848 -1.07922
864 -1.09264
880 -1.10255
896 -1.11276
912 -1.12175
928 -1.12645
944 -1.12806
960 -1.12975
976 -1.1247
992 -1.12887
1008 -1.1351
1024 -1.14564
1040 -1.15308
1056 -1.15218
1072 -1.17002
1088 -1.17472
1104 -1.17798
1120 -1.18053
1136 -1.18158
1152 -1.18342
1168 -1.18389
1184 -1.19491
1200 -1.19904
1216 -1.20113
1232 -1.20684
1248 -1.20862
1264 -1.2081
1280 -1.20845
1296 -1.20906
1312 -1.21084
1328 -1.20894
1344 -1.20943
1360 -1.20962
1376 -1.21043
1392 -1.21231
1408 -1.21348
1424 -1.21646
1440 -1.21293
1456 -1.21281
1472 -1.21231
1488 -1.21633
1504 -1.21836
1520 -1.22221
1536 -1.22331
1552 -1.22317
1568 -1.22188
1584 -1.22708
1600 -1.22419
1616 -1.21953
1632 -1.22144
1648 -1.22354
1664 -1.22462
1680 -1.23007
1696 -1.23597
1712 -1.2422
1728 -1.24668
1744 -1.24817
1760 -1.24913
1776 -1.24869
1792 -1.25179
1808 -1.25363
1824 -1.25151
1840 -1.25467
1856 -1.25002
1872 -1.25354
1888 -1.25291
1904 -1.25177
1920 -1.25131
1936 -1.25237
1952 -1.25337
1968 -1.25229
1984 -1.25272
2000 -1.25224
2016 -1.25647
2032 -1.25703
2048 -1.26089
2064 -1.26285
2080 -1.26214
2096 -1.26443
2112 -1.26397
2128 -1.26385
2144 -1.26561
2160 -1.26346
2176 -1.26247
2192 -1.26198
2208 -1.26319
2224 -1.26603
2240 -1.26526
2256 -1.26467
2272 -1.26488
2288 -1.26693
2304 -1.26773
2320 -1.26524
2336 -1.26877
2352 -1.26821
2368 -1.2702
2384 -1.26903
2400 -1.27066
2416 -1.27288
2432 -1.27322
2448 -1.27331
2464 -1.27619
2480 -1.27581
2496 -1.27623
2512 -1.27642
2528 -1.2769
2544 -1.27968
2560 -1.27943
2576 -1.2813
2592 -1.28224
2608 -1.28474
2624 -1.28637
2640 -1.28821
2656 -1.28891
2672 -1.28574
2688 -1.28513
2704 -1.28244
2720 -1.28359
2736 -1.28665
2752 -1.28728
2768 -1.28902
2784 -1.28654
2800 -1.28511
2816 -1.28634
2832 -1.28446
2848 -1.28531
2864 -1.28202
2880 -1.28452
2896 -1.28045
2912 -1.28162
2928 -1.28149
2944 -1.28095
2960 -1.28036
2976 -1.2781
2992 -1.27885
3008 -1.2753
3024 -1.28019
3040 -1.27971
3056 -1.27791
3072 -1.27674
3088 -1.27196
3104 -1.27236
3120 -1.27301
3136 -1.27324
3152 -1.27254
3168 -1.27582
3184 -1.2742
3200 -1.27516
