0 648.85666667 649.87666667
16.00000000 21.95333333 22.12333333
32.00000000 14.91000000 14.83000000
48.00000000 11.87666667 11.96666667
64.00000000 10.10000000 10.19000000
80.00000000 8.89333333 9.00333333
96.00000000 8.11000000 8.11000000
112.00000000 7.38333333 7.51333333
128.00000000 6.90666667 6.99333333
144.00000000 6.47666667 6.55333333
160.00000000 6.09666667 6.14333333
176.00000000 5.90333333 5.93000000
192.00000000 5.50333333 5.60666667
208.00000000 5.31333333 5.33333333
224.00000000 5.07333333 5.17666667
240.00000000 4.90000000 4.99666667
256.00000000 4.70333333 4.77666667
272.00000000 4.64666667 4.65000000
288.00000000 4.51333333 4.45666667
304.00000000 4.34333333 4.36000000
320.00000000 4.25333333 4.26333333
336.00000000 4.12333333 4.11333333
352.00000000 4.01333333 4.05000000
368.00000000 3.95333333 3.89333333
384.00000000 3.84333333 3.89333333
400.00000000 3.76666667 3.79666667
416.00000000 3.71000000 3.67666667
432.00000000 3.60333333 3.65333333
448.00000000 3.54666667 3.59000000
464.00000000 3.52333333 3.54666667
480.00000000 3.46000000 3.47000000
496.00000000 3.45000000 3.44666667
512.00000000 3.38666667 3.46666667
528.00000000 3.39333333 3.38000000
544.00000000 3.28333333 3.29333333
560.00000000 3.28333333 3.28333333
576.00000000 3.23666667 3.22666667
592.00000000 3.18000000 3.20333333
608.00000000 3.17666667 3.17333333
624.00000000 3.11666667 3.12333333
640.00000000 3.04000000 3.10666667
656.00000000 3.05000000 3.06000000
672.00000000 3.04666667 3.03666667
688.00000000 2.99666667 3.04333333
704.00000000 3.00000000 2.99333333
720.00000000 2.99333333 3.02000000
736.00000000 2.95333333 2.96000000
752.00000000 2.87333333 2.90666667
768.00000000 2.86666667 2.86333333
784.00000000 2.83000000 2.85000000
800.00000000 2.80333333 2.84000000
816.00000000 2.78333333 2.77666667
832.00000000 2.72333333 2.74333333
848.00000000 2.76333333 2.74000000
864.00000000 2.68333333 2.72333333
880.00000000 2.66000000 2.67666667
896.00000000 2.63333333 2.65333333
912.00000000 2.62666667 2.65666667
928.00000000 2.61333333 2.62000000
944.00000000 2.59333333 2.60000000
960.00000000 2.54333333 2.56666667
976.00000000 2.54333333 2.58666667
992.00000000 2.57666667 2.55333333
1008.00000000 2.49333333 2.53666667
1024.00000000 2.56666667 2.53333333
1040.00000000 2.48333333 2.52000000
1056.00000000 2.49666667 2.53000000
1072.00000000 2.47333333 2.49666667
1088.00000000 2.47000000 2.48333333
1104.00000000 2.41666667 2.45333333
1120.00000000 2.41666667 2.45666667
1136.00000000 2.41000000 2.41000000
1152.00000000 2.40666667 2.38666667
1168.00000000 2.41333333 2.44333333
1184.00000000 2.43666667 2.39333333
1200.00000000 2.42333333 2.39000000
1216.00000000 2.37000000 2.39000000
1232.00000000 2.35333333 2.37000000
1248.00000000 2.34000000 2.37666667
1264.00000000 2.35333333 2.33000000
1280.00000000 2.31333333 2.34666667
1296.00000000 2.24666667 2.29000000
1312.00000000 2.23333333 2.28666667
1328.00000000 2.30666667 2.28000000
1344.00000000 2.27333333 2.27666667
1360.00000000 2.24333333 2.26000000
1376.00000000 2.25000000 2.25000000
1392.00000000 2.19666667 2.25000000
1408.00000000 2.23333333 2.21666667
1424.00000000 2.20333333 2.18333333
1440.00000000 2.21000000 2.22000000
1456.00000000 2.20666667 2.18000000
1472.00000000 2.16000000 2.18333333
1488.00000000 2.14333333 2.16000000
1504.00000000 2.16000000 2.12666667
1520.00000000 2.14333333 2.15000000
1536.00000000 2.11666667 2.11666667
1552.00000000 2.11333333 2.12333333
1568.00000000 2.13000000 2.13333333
1584.00000000 2.08666667 2.14333333
1600.00000000 2.10333333 2.10333333
1616.00000000 2.09333333 2.10000000
1632.00000000 2.10333333 2.05666667
1648.00000000 2.05333333 2.05333333
1664.00000000 2.03000000 2.04666667
1680.00000000 2.02000000 2.07666667
1696.00000000 2.03666667 2.05333333
1712.00000000 2.02666667 2.01333333
1728.00000000 2.00333333 2.02666667
1744.00000000 2.00333333 1.98333333
1760.00000000 1.98333333 2.00333333
1776.00000000 1.98333333 2.00333333
1792.00000000 1.98666667 2.00333333
1808.00000000 2.01333333 1.96000000
1824.00000000 1.91000000 1.97333333
1840.00000000 1.97666667 1.93000000
1856.00000000 1.98666667 1.97333333
1872.00000000 1.95000000 1.96333333
1888.00000000 1.92333333 1.96666667
1904.00000000 1.95333333 1.94666667
1920.00000000 1.94333333 1.93000000
1936.00000000 1.93333333 1.93000000
1952.00000000 1.90333333 1.91666667
1968.00000000 1.91666667 1.88666667
1984.00000000 1.88000000 1.86333333
2000.00000000 1.86666667 1.84000000
2016.00000000 1.87333333 1.88000000
2032.00000000 1.85333333 1.89666667
2048.00000000 1.86333333 1.86333333
2064.00000000 1.90000000 1.88000000
2080.00000000 1.84666667 1.83333333
2096.00000000 1.84666667 1.84000000
2112.00000000 1.83000000 1.83000000
2128.00000000 1.86666667 1.82666667
2144.00000000 1.85000000 1.83333333
2160.00000000 1.84000000 1.81666667
2176.00000000 1.84000000 1.83333333
2192.00000000 1.83333333 1.82000000
2208.00000000 1.80333333 1.82666667
2224.00000000 1.80000000 1.82000000
2240.00000000 1.76666667 1.78333333
2256.00000000 1.79666667 1.80333333
2272.00000000 1.81000000 1.83000000
2288.00000000 1.76000000 1.76000000
2304.00000000 1.79000000 1.78666667
2320.00000000 1.75333333 1.78333333
2336.00000000 1.76666667 1.78000000
2352.00000000 1.77000000 1.76333333
2368.00000000 1.76666667 1.75000000
2384.00000000 1.71666667 1.73333333
2400.00000000 1.72000000 1.73000000
2416.00000000 1.76666667 1.74000000
2432.00000000 1.69666667 1.73000000
2448.00000000 1.72666667 1.70333333
2464.00000000 1.71666667 1.74000000
2480.00000000 1.72666667 1.68000000
2496.00000000 1.73333333 1.72333333
2512.00000000 1.68333333 1.71333333
2528.00000000 1.65333333 1.74000000
2544.00000000 1.71333333 1.76000000
2560.00000000 1.65333333 1.69333333
2576.00000000 1.71333333 1.71333333
2592.00000000 1.67333333 1.69666667
2608.00000000 1.64000000 1.68000000
2624.00000000 1.68000000 1.68333333
2640.00000000 1.65333333 1.68000000
2656.00000000 1.65000000 1.65333333
2672.00000000 1.64000000 1.64000000
2688.00000000 1.63000000 1.65666667
2704.00000000 1.64666667 1.65666667
2720.00000000 1.66333333 1.66000000
2736.00000000 1.64333333 1.62333333
2752.00000000 1.60666667 1.64333333
2768.00000000 1.58333333 1.61666667
2784.00000000 1.59333333 1.62333333
2800.00000000 1.58000000 1.59666667
2816.00000000 1.60000000 1.62666667
2832.00000000 1.57666667 1.60333333
2848.00000000 1.59333333 1.61333333
2864.00000000 1.52000000 1.60666667
2880.00000000 1.57333333 1.58333333
2896.00000000 1.57333333 1.59000000
2912.00000000 1.56333333 1.57000000
2928.00000000 1.57333333 1.58333333
2944.00000000 1.57333333 1.55000000
2960.00000000 1.57333333 1.57666667
2976.00000000 1.58000000 1.58000000
2992.00000000 1.52000000 1.57333333
3008.00000000 1.55000000 1.57666667
3024.00000000 1.58000000 1.51666667
3040.00000000 1.57000000 1.54666667
3056.00000000 1.54333333 1.56000000
3072.00000000 1.56000000 1.54333333
3088.00000000 1.54000000 1.54000000
3104.00000000 1.57000000 1.56000000
3120.00000000 1.56666667 1.57000000
3136.00000000 1.54333333 1.55000000
3152.00000000 1.53666667 1.50333333
3168.00000000 1.52333333 1.52333333
3184.00000000 1.51333333 1.51666667
3200.00000000 1.50666667 1.53666667
