0 7.70122e-09
128 0.00332343
256 0.00946429
384 0.0178801
512 0.0290846
640 0.0416049
768 0.0562794
896 0.0721101
1024 0.0888639
1152 0.108203
1280 0.12767
1408 0.146911
1536 0.166086
1664 0.184212
1792 0.203463
1920 0.221302
2048 0.241127
2176 0.257685
2304 0.275268
2432 0.293667
2560 0.312893
2688 0.330405
2816 0.347575
2944 0.365398
3072 0.382774
3200 0.399668
3328 0.415148
3456 0.432576
3584 0.447761
3712 0.461498
3840 0.475947
3968 0.489284
4096 0.500844
4224 0.513271
4352 0.52302
4480 0.534965
4608 0.545988
4736 0.55654
4864 0.565451
4992 0.575933
5120 0.586334
5248 0.598047
5376 0.610048
5504 0.621744
5632 0.630696
5760 0.641557
5888 0.650558
6016 0.659102
6144 0.668002
6272 0.676015
6400 0.685354
6528 0.694293
6656 0.702353
6784 0.710656
6912 0.717361
7040 0.725753
7168 0.730157
7296 0.737812
7424 0.745051
7552 0.751927
7680 0.758128
7808 0.765665
7936 0.772681
8064 0.777257
8192 0.783044
8320 0.786696
8448 0.790397
8576 0.793969
8704 0.798813
8832 0.804041
8960 0.809424
9088 0.81355
9216 0.817512
9344 0.821145
9472 0.823973
9600 0.828034
9728 0.831243
9856 0.834806
9984 0.838446
10112 0.840282
10240 0.843169
10368 0.845316
10496 0.847029
10624 0.84833
10752 0.849557
10880 0.851149
11008 0.852259
11136 0.85363
11264 0.854341
11392 0.856396
11520 0.857696
11648 0.858085
11776 0.858561
11904 0.858461
12032 0.859817
12160 0.860715
12288 0.86211
12416 0.863113
12544 0.863359
12672 0.863825
12800 0.864831
