0 6.367e-05
128 0.0451858
256 0.0751782
384 0.100455
512 0.125632
640 0.150268
768 0.174952
896 0.198241
1024 0.220532
1152 0.244646
1280 0.269174
1408 0.292372
1536 0.314129
1664 0.332391
1792 0.352586
1920 0.37008
2048 0.391017
2176 0.409901
2304 0.427882
2432 0.446672
2560 0.462585
2688 0.476532
2816 0.49296
2944 0.507465
3072 0.525355
3200 0.541568
3328 0.554032
3456 0.571073
3584 0.58507
3712 0.598796
3840 0.612382
3968 0.624855
4096 0.634858
4224 0.646192
4352 0.654665
4480 0.66616
4608 0.676856
4736 0.686346
4864 0.692495
4992 0.701296
5120 0.710777
5248 0.721368
5376 0.731112
5504 0.741516
5632 0.747347
5760 0.757882
5888 0.763891
6016 0.769953
6144 0.77743
6272 0.785314
6400 0.793344
6528 0.80256
6656 0.80931
6784 0.815417
6912 0.820369
7040 0.828158
7168 0.832709
7296 0.839451
7424 0.846068
7552 0.8518
7680 0.858784
7808 0.864092
7936 0.871175
8064 0.875211
8192 0.880282
8320 0.884143
8448 0.887974
8576 0.889311
8704 0.893608
8832 0.897864
8960 0.90113
9088 0.903151
9216 0.906326
9344 0.908459
9472 0.909131
9600 0.913167
9728 0.915466
9856 0.917786
9984 0.921042
10112 0.921654
10240 0.922821
10368 0.924093
10496 0.925857
10624 0.925868
10752 0.926832
10880 0.928064
11008 0.927564
11136 0.928184
11264 0.928081
11392 0.929095
11520 0.930217
11648 0.9307
11776 0.931247
11904 0.931418
12032 0.931936
12160 0.933636
12288 0.934437
12416 0.935074
12544 0.934985
12672 0.9357
12800 0.93641
