0 4.78432e-05
128 0.0390099
256 0.0658109
384 0.0905571
512 0.112178
640 0.136321
768 0.160136
896 0.182895
1024 0.203745
1152 0.22553
1280 0.251233
1408 0.274342
1536 0.298093
1664 0.315263
1792 0.336567
1920 0.353423
2048 0.373855
2176 0.394478
2304 0.407391
2432 0.42537
2560 0.44225
2688 0.45835
2816 0.477263
2944 0.489929
3072 0.507997
3200 0.524315
3328 0.53994
3456 0.558944
3584 0.574542
3712 0.589498
3840 0.602853
3968 0.613484
4096 0.623651
4224 0.638741
4352 0.647069
4480 0.65742
4608 0.665131
4736 0.673486
4864 0.678427
4992 0.686478
5120 0.696539
5248 0.704431
5376 0.717534
5504 0.728479
5632 0.731571
5760 0.743957
5888 0.750259
6016 0.754912
6144 0.76076
6272 0.767746
6400 0.773702
6528 0.783782
6656 0.790973
6784 0.797579
6912 0.804331
7040 0.813789
7168 0.817546
7296 0.825998
7424 0.833008
7552 0.838408
7680 0.845975
7808 0.850628
7936 0.856806
8064 0.860975
8192 0.865691
8320 0.871273
8448 0.876831
8576 0.879755
8704 0.883902
8832 0.89098
8960 0.894218
9088 0.898944
9216 0.903625
9344 0.90876
9472 0.910903
9600 0.916769
9728 0.920101
9856 0.924578
9984 0.929984
10112 0.931573
10240 0.933808
10368 0.934458
10496 0.937258
10624 0.937207
10752 0.936501
10880 0.938185
11008 0.936719
11136 0.936623
11264 0.936528
11392 0.936828
11520 0.938311
11648 0.93732
11776 0.937167
11904 0.936997
12032 0.937265
12160 0.939017
12288 0.939471
12416 0.94038
12544 0.939919
12672 0.939902
12800 0.94107
