0 7.8139e-09
128 0.00333302
256 0.00941976
384 0.0177772
512 0.0289806
640 0.0415345
768 0.0559661
896 0.0713105
1024 0.0874935
1152 0.106765
1280 0.126274
1408 0.145432
1536 0.164607
1664 0.182239
1792 0.201258
1920 0.218646
2048 0.237623
2176 0.254209
2304 0.271446
2432 0.289506
2560 0.308671
2688 0.325772
2816 0.342032
2944 0.359157
3072 0.376231
3200 0.392923
3328 0.408296
3456 0.425402
3584 0.44078
3712 0.454947
3840 0.469681
3968 0.483202
4096 0.494661
4224 0.507301
4352 0.517047
4480 0.529242
4608 0.539967
4736 0.550675
4864 0.559714
4992 0.570181
5120 0.580834
5248 0.592563
5376 0.604697
5504 0.616207
5632 0.625203
5760 0.636072
5888 0.644666
6016 0.653047
6144 0.661892
6272 0.669711
6400 0.679654
6528 0.689012
6656 0.697358
6784 0.705931
6912 0.71325
7040 0.721985
7168 0.72675
7296 0.734403
7424 0.742029
7552 0.748755
7680 0.755474
7808 0.763542
7936 0.77117
8064 0.775942
8192 0.781797
8320 0.7857
8448 0.789808
8576 0.79363
8704 0.798442
8832 0.80363
8960 0.809014
9088 0.812971
9216 0.816922
9344 0.820954
9472 0.824108
9600 0.828008
9728 0.831433
9856 0.835106
9984 0.838877
10112 0.840807
10240 0.843759
10368 0.845998
10496 0.84791
10624 0.84929
10752 0.850426
10880 0.852324
11008 0.853409
11136 0.855037
11264 0.855744
11392 0.857746
11520 0.859155
11648 0.859665
11776 0.860198
11904 0.860149
12032 0.861448
12160 0.862545
12288 0.864009
12416 0.865111
12544 0.865337
12672 0.865976
12800 0.867037
