0 4.67484e-09
64 0.000664762
128 0.00195909
192 0.0034723
256 0.00478535
320 0.00605385
384 0.00761322
448 0.00890248
512 0.00994883
576 0.0111486
640 0.0124025
704 0.0134328
768 0.0143106
832 0.015266
896 0.0159996
960 0.0165558
1024 0.0172658
1088 0.0179581
1152 0.0186752
1216 0.019475
1280 0.0205524
1344 0.0213645
1408 0.0219131
1472 0.0229944
1536 0.023765
1600 0.0247815
1664 0.0252932
1728 0.0258882
1792 0.0264034
1856 0.0270362
1920 0.0279126
1984 0.028441
2048 0.0289773
2112 0.0298993
2176 0.0307522
2240 0.0307568
2304 0.0310228
2368 0.0317406
2432 0.0320514
2496 0.0325529
2560 0.0337423
2624 0.0343884
2688 0.0353268
2752 0.0358066
2816 0.0361547
2880 0.036502
2944 0.0369601
3008 0.0374282
3072 0.0378347
3136 0.0382416
3200 0.0387646
3264 0.0394504
3328 0.0402772
3392 0.0410039
3456 0.0414136
3520 0.0422408
3584 0.0427691
3648 0.0432463
3712 0.0437792
3776 0.0441685
3840 0.0443092
3904 0.0446902
3968 0.0454521
4032 0.0462972
4096 0.0461068
4160 0.0464058
4224 0.046623
4288 0.0470848
4352 0.0474083
4416 0.0474084
4480 0.0480455
4544 0.0479062
4608 0.0485213
4672 0.0489833
4736 0.0492591
4800 0.0496184
4864 0.0500547
4928 0.0503667
4992 0.0505156
5056 0.0505312
5120 0.0508558
5184 0.0523812
5248 0.0527183
5312 0.0530803
5376 0.05404
5440 0.0542256
5504 0.0545778
5568 0.0549825
5632 0.0548859
5696 0.0553481
5760 0.0555297
5824 0.056248
5888 0.056382
5952 0.0566187
6016 0.0577099
6080 0.0578062
6144 0.05797
6208 0.058861
6272 0.0591189
6336 0.0591138
6400 0.0596883
6464 0.0603421
6528 0.0609059
6592 0.0615599
6656 0.061892
6720 0.0624018
6784 0.0626149
6848 0.0629546
6912 0.0637304
6976 0.0637798
7040 0.0635099
7104 0.0640094
7168 0.0644828
7232 0.0647806
7296 0.0645353
7360 0.0653227
7424 0.0652629
7488 0.0658313
7552 0.0665012
7616 0.0673304
7680 0.0679398
7744 0.0687212
7808 0.0689459
7872 0.0691096
7936 0.0694061
8000 0.0702167
8064 0.0701802
8128 0.0698756
8192 0.070263
8256 0.0707293
8320 0.0708464
8384 0.0711771
8448 0.071542
8512 0.0714568
8576 0.0716193
8640 0.0722876
8704 0.0722768
8768 0.0729729
8832 0.0736728
8896 0.0737557
8960 0.073649
9024 0.0737482
9088 0.0746018
9152 0.0747359
9216 0.0750458
9280 0.0753343
9344 0.0758561
9408 0.0763715
9472 0.0766968
9536 0.0770381
9600 0.0771036
9664 0.0780671
9728 0.0785287
9792 0.0787327
9856 0.0794401
9920 0.0801127
9984 0.0804942
10048 0.0810578
10112 0.0812078
10176 0.0818455
10240 0.082499
10304 0.0830371
10368 0.0837586
10432 0.0837433
10496 0.0838111
10560 0.0840452
10624 0.0844199
10688 0.0840749
10752 0.084589
10816 0.0847388
10880 0.0848967
10944 0.0848595
11008 0.0865296
11072 0.087088
11136 0.0885084
11200 0.0885252
11264 0.0885619
11328 0.0890214
11392 0.0894727
11456 0.0897164
11520 0.0897006
11584 0.0898441
11648 0.0900506
11712 0.0901905
11776 0.0909212
11840 0.0912699
11904 0.0915601
11968 0.0916777
12032 0.0918362
12096 0.0921406
12160 0.0924991
12224 0.0919859
12288 0.0926318
12352 0.0934265
12416 0.0938075
12480 0.0939315
12544 0.0941
12608 0.0945372
12672 0.0948892
12736 0.0953792
12800 0.0956592
