0 7.16739e-09
128 0.00290489
256 0.00879198
384 0.0176032
512 0.0291184
640 0.042894
768 0.0588784
896 0.0752153
1024 0.0922166
1152 0.113174
1280 0.134496
1408 0.156429
1536 0.176584
1664 0.196413
1792 0.217152
1920 0.235597
2048 0.2551
2176 0.271456
2304 0.28894
2432 0.306555
2560 0.326486
2688 0.343847
2816 0.360585
2944 0.377501
3072 0.393117
3200 0.409195
3328 0.424531
3456 0.440567
3584 0.455703
3712 0.469268
3840 0.48257
3968 0.494572
4096 0.505467
4224 0.516475
4352 0.525906
4480 0.537256
4608 0.546656
4736 0.556699
4864 0.566156
4992 0.576025
5120 0.585615
5248 0.596922
5376 0.608168
5504 0.618682
5632 0.627385
5760 0.636861
5888 0.645036
6016 0.653451
6144 0.660837
6272 0.667043
6400 0.676842
6528 0.684912
6656 0.693686
6784 0.702489
6912 0.710752
7040 0.718264
7168 0.722653
7296 0.729637
7424 0.736955
7552 0.743045
7680 0.748669
7808 0.757642
7936 0.76354
8064 0.768051
8192 0.773197
8320 0.77522
8448 0.778341
8576 0.783087
8704 0.7871
8832 0.791224
8960 0.795836
9088 0.799732
9216 0.802196
9344 0.805852
9472 0.810093
9600 0.812859
9728 0.816005
9856 0.820501
9984 0.826302
10112 0.827512
10240 0.831229
10368 0.834094
10496 0.836124
10624 0.838611
10752 0.839821
10880 0.841557
11008 0.843223
11136 0.845623
11264 0.846629
11392 0.848152
11520 0.849886
11648 0.850519
11776 0.851047
11904 0.850811
12032 0.851986
12160 0.852264
12288 0.854451
12416 0.856056
12544 0.857198
12672 0.856909
12800 0.858814
