0 8.48662e-09
128 0.00341126
256 0.0106465
384 0.0206669
512 0.0336991
640 0.0481098
768 0.0642568
896 0.0792682
1024 0.0946241
1152 0.112081
1280 0.131309
1408 0.15258
1536 0.172439
1664 0.1892
1792 0.208624
1920 0.229977
2048 0.249728
2176 0.268488
2304 0.28633
2432 0.30412
2560 0.324853
2688 0.340403
2816 0.357391
2944 0.375408
3072 0.392198
3200 0.408965
3328 0.428983
3456 0.445422
3584 0.463367
3712 0.479857
3840 0.497843
3968 0.512253
4096 0.529034
4224 0.54295
4352 0.557083
4480 0.567462
4608 0.579527
4736 0.59147
4864 0.601691
4992 0.613512
5120 0.623069
5248 0.633114
5376 0.641764
5504 0.650461
5632 0.659301
5760 0.667189
5888 0.675559
6016 0.683623
6144 0.691791
6272 0.701574
6400 0.708451
6528 0.71411
6656 0.723006
6784 0.729505
6912 0.735568
7040 0.74222
7168 0.748955
7296 0.75559
7424 0.763371
7552 0.769704
7680 0.775794
7808 0.781521
7936 0.787987
8064 0.79055
8192 0.794064
8320 0.799063
8448 0.80217
8576 0.806319
8704 0.808846
8832 0.813835
8960 0.816695
9088 0.821166
9216 0.826272
9344 0.8289
9472 0.831362
9600 0.834642
9728 0.83835
9856 0.840947
9984 0.843514
10112 0.846537
10240 0.847559
10368 0.850539
10496 0.852922
10624 0.855259
10752 0.857233
10880 0.860083
11008 0.861058
11136 0.862918
11264 0.863661
11392 0.863943
11520 0.863257
11648 0.865146
11776 0.86607
11904 0.867682
12032 0.868721
12160 0.869759
12288 0.870368
12416 0.870104
12544 0.869644
12672 0.869152
12800 0.870668
