0 7.87665e-09
128 0.00412253
256 0.0112681
384 0.0200454
512 0.0311637
640 0.042628
768 0.0562793
896 0.0728714
1024 0.0898502
1152 0.107661
1280 0.127027
1408 0.145238
1536 0.16412
1664 0.180859
1792 0.199938
1920 0.21728
2048 0.238632
2176 0.257207
2304 0.276519
2432 0.296478
2560 0.313256
2688 0.32968
2816 0.348672
2944 0.367554
3072 0.387355
3200 0.405154
3328 0.420761
3456 0.441063
3584 0.457278
3712 0.471451
3840 0.48647
3968 0.500863
4096 0.512517
4224 0.525454
4352 0.535327
4480 0.546502
4608 0.558789
4736 0.56934
4864 0.576256
4992 0.5866
5120 0.596493
5248 0.608769
5376 0.620324
5504 0.634032
5632 0.641366
5760 0.65325
5888 0.662635
6016 0.670853
6144 0.680758
6272 0.690712
6400 0.699372
6528 0.71032
6656 0.718526
6784 0.725723
6912 0.730676
7040 0.739554
7168 0.744664
7296 0.753341
7424 0.760906
7552 0.769464
7680 0.777299
7808 0.783516
7936 0.791438
8064 0.796749
8192 0.802898
8320 0.807875
8448 0.811179
8576 0.81273
8704 0.818792
8832 0.82409
8960 0.829216
9088 0.832657
9216 0.837611
9344 0.839734
9472 0.840188
9600 0.845732
9728 0.848569
9856 0.851398
9984 0.856202
10112 0.856915
10240 0.85865
10368 0.859697
10496 0.861377
10624 0.861318
10752 0.863082
10880 0.863523
11008 0.863221
11136 0.863619
11264 0.863642
11392 0.865521
11520 0.86695
11648 0.867027
11776 0.867424
11904 0.86737
12032 0.868629
12160 0.870382
12288 0.871027
12416 0.87143
12544 0.870974
12672 0.87162
12800 0.872126
