0 7.66556e-09
128 0.00424919
256 0.0115795
384 0.020544
512 0.0319134
640 0.042993
768 0.05581
896 0.0711425
1024 0.0864933
1152 0.103804
1280 0.12296
1408 0.140657
1536 0.160582
1664 0.175425
1792 0.193915
1920 0.208851
2048 0.227555
2176 0.248104
2304 0.265863
2432 0.284433
2560 0.302244
2688 0.316832
2816 0.334054
2944 0.350878
3072 0.370112
3200 0.387025
3328 0.403432
3456 0.423638
3584 0.44174
3712 0.457531
3840 0.473804
3968 0.489855
4096 0.500104
4224 0.514429
4352 0.524205
4480 0.535924
4608 0.546195
4736 0.555652
4864 0.562209
4992 0.572437
5120 0.582227
5248 0.59394
5376 0.607397
5504 0.620004
5632 0.626871
5760 0.63871
5888 0.646772
6016 0.654052
6144 0.662814
6272 0.671232
6400 0.680966
6528 0.693269
6656 0.702102
6784 0.708915
6912 0.715415
7040 0.725023
7168 0.730108
7296 0.738581
7424 0.747737
7552 0.754576
7680 0.7644
7808 0.772742
7936 0.782881
8064 0.790456
8192 0.797482
8320 0.804613
8448 0.809892
8576 0.811642
8704 0.818876
8832 0.82445
8960 0.829171
9088 0.832544
9216 0.838508
9344 0.842334
9472 0.843528
9600 0.848728
9728 0.852251
9856 0.857097
9984 0.862685
10112 0.86394
10240 0.866006
10368 0.865794
10496 0.868798
10624 0.868629
10752 0.869141
10880 0.870318
11008 0.869364
11136 0.869649
11264 0.869741
11392 0.87069
11520 0.872643
11648 0.872128
11776 0.872971
11904 0.872505
12032 0.873197
12160 0.875764
12288 0.87574
12416 0.877254
12544 0.877279
12672 0.878137
12800 0.878999
