0 6.17676e-05
128 0.0399365
256 0.0689714
384 0.0976853
512 0.126339
640 0.15365
768 0.180789
896 0.204817
1024 0.228408
1152 0.253725
1280 0.277204
1408 0.298808
1536 0.319689
1664 0.339748
1792 0.359176
1920 0.377603
2048 0.396458
2176 0.411909
2304 0.427987
2432 0.444159
2560 0.462986
2688 0.479388
2816 0.494668
2944 0.510005
3072 0.524834
3200 0.539334
3328 0.552758
3456 0.567432
3584 0.579977
3712 0.591976
3840 0.60464
3968 0.615817
4096 0.62574
4224 0.636557
4352 0.645499
4480 0.655782
4608 0.664301
4736 0.673581
4864 0.682103
4992 0.691071
5120 0.699978
5248 0.709411
5376 0.719447
5504 0.728232
5632 0.735939
5760 0.743911
5888 0.750848
6016 0.757842
6144 0.764596
6272 0.770419
6400 0.77799
6528 0.784737
6656 0.790968
6784 0.797551
6912 0.803115
7040 0.809175
7168 0.81236
7296 0.818449
7424 0.823681
7552 0.828581
7680 0.83272
7808 0.838579
7936 0.843443
8064 0.846539
8192 0.850538
8320 0.852723
8448 0.855826
8576 0.859564
8704 0.862643
8832 0.866357
8960 0.870252
9088 0.87344
9216 0.876288
9344 0.879683
9472 0.882192
9600 0.884696
9728 0.887486
9856 0.890186
9984 0.892227
10112 0.894251
10240 0.896404
10368 0.898462
10496 0.899887
10624 0.901345
10752 0.901959
10880 0.903447
11008 0.904575
11136 0.905866
11264 0.906839
11392 0.908163
11520 0.909257
11648 0.909757
11776 0.910089
11904 0.910242
12032 0.911431
12160 0.911909
12288 0.913112
12416 0.913889
12544 0.914629
12672 0.915111
12800 0.915994
