0 7.78911e-09
64 0.00118885
128 0.00284708
192 0.00400592
256 0.00847657
320 0.00888545
384 0.0169349
448 0.0183584
512 0.02818
576 0.0300718
640 0.0414378
704 0.0422431
768 0.0569305
832 0.0580244
896 0.0727142
960 0.0703737
1024 0.0892666
1088 0.0847477
1152 0.109747
1216 0.0998175
1280 0.130104
1344 0.112371
1408 0.150608
1472 0.133157
1536 0.169808
1600 0.154084
1664 0.189145
1728 0.169927
1792 0.208771
1856 0.191968
1920 0.226609
1984 0.210512
2048 0.245908
2112 0.226126
2176 0.261638
2240 0.235254
2304 0.278624
2368 0.249852
2432 0.29594
2496 0.266516
2560 0.316158
2624 0.284153
2688 0.333871
2752 0.294463
2816 0.350538
2880 0.306423
2944 0.368037
3008 0.31897
3072 0.383678
3136 0.33071
3200 0.399575
3264 0.347199
3328 0.414323
3392 0.369264
3456 0.430329
3520 0.386742
3584 0.445306
3648 0.404424
3712 0.458501
3776 0.419789
3840 0.471591
3904 0.433658
3968 0.483544
4032 0.447568
4096 0.494351
4160 0.457615
4224 0.505363
4288 0.463773
4352 0.514673
4416 0.460617
4480 0.526667
4544 0.471161
4608 0.536479
4672 0.48137
4736 0.546466
4800 0.489069
4864 0.556369
4928 0.505673
4992 0.566896
5056 0.517726
5120 0.57638
5184 0.525767
5248 0.588115
5312 0.534628
5376 0.600254
5440 0.543829
5504 0.611075
5568 0.55243
5632 0.620706
5696 0.558795
5760 0.630926
5824 0.56715
5888 0.6398
5952 0.569441
6016 0.648426
6080 0.574797
6144 0.656595
6208 0.585291
6272 0.663495
6336 0.596286
6400 0.673575
6464 0.665401
6528 0.681969
6592 0.67547
6656 0.690666
6720 0.68421
6784 0.699567
6848 0.692171
6912 0.707601
6976 0.70199
7040 0.715697
7104 0.708981
7168 0.719793
7232 0.713586
7296 0.727021
7360 0.720299
7424 0.734545
7488 0.726855
7552 0.741019
7616 0.733895
7680 0.746536
7744 0.73946
7808 0.755309
7872 0.747261
7936 0.761771
8000 0.753152
8064 0.76626
8128 0.758201
8192 0.772067
8256 0.762188
8320 0.775027
8384 0.764419
8448 0.778854
8512 0.770026
8576 0.783744
8640 0.774271
8704 0.787922
8768 0.778892
8832 0.793054
8896 0.783562
8960 0.798109
9024 0.788354
9088 0.802551
9152 0.793308
9216 0.805706
9280 0.796659
9344 0.809929
9408 0.800785
9472 0.814165
9536 0.805303
9600 0.817381
9664 0.807287
9728 0.820672
9792 0.813308
9856 0.824681
9920 0.817005
9984 0.827589
10048 0.818807
10112 0.829234
10176 0.821932
10240 0.832732
10304 0.825632
10368 0.835656
10432 0.827871
10496 0.837522
10560 0.829669
10624 0.839671
10688 0.832245
10752 0.84076
10816 0.833814
10880 0.842884
10944 0.836433
11008 0.844697
11072 0.838115
11136 0.847155
11200 0.838829
11264 0.848321
11328 0.840475
11392 0.849928
11456 0.842828
11520 0.851096
11584 0.843453
11648 0.851779
11712 0.844291
11776 0.852272
11840 0.843492
11904 0.852005
11968 0.845089
12032 0.853314
12096 0.845624
12160 0.853747
12224 0.847005
12288 0.855556
12352 0.850014
12416 0.857239
12480 0.851162
12544 0.85801
12608 0.850253
12672 0.858145
12736 0.851186
12800 0.859768
