0 5.85632e-09
64 0.000901167
128 0.00312577
192 0.00673363
256 0.0109221
320 0.0157671
384 0.0210097
448 0.0279629
512 0.0353476
576 0.0429983
640 0.0514966
704 0.0595024
768 0.0687701
832 0.0780042
896 0.0899518
960 0.0992546
1024 0.108804
1088 0.119996
1152 0.130881
1216 0.141075
1280 0.150149
1344 0.160706
1408 0.16813
1472 0.180174
1536 0.192462
1600 0.20751
1664 0.216882
1728 0.22982
1792 0.241902
1856 0.25199
1920 0.260324
1984 0.271001
2048 0.277379
2112 0.289752
2176 0.297221
2240 0.303793
2304 0.310431
2368 0.319916
2432 0.329909
2496 0.338778
2560 0.349102
2624 0.357337
2688 0.368029
2752 0.375063
2816 0.381963
2880 0.393183
2944 0.401745
3008 0.410232
3072 0.417247
3136 0.422092
3200 0.428048
3264 0.433407
3328 0.441119
3392 0.445077
3456 0.452432
3520 0.457829
3584 0.462994
3648 0.47078
3712 0.477208
3776 0.484701
3840 0.494214
3904 0.501486
3968 0.504541
4032 0.510069
4096 0.512649
4160 0.518093
4224 0.520328
4288 0.523993
4352 0.528057
4416 0.52927
4480 0.536735
4544 0.540443
4608 0.543625
4672 0.544792
4736 0.550005
4800 0.55542
4864 0.560282
4928 0.558683
4992 0.56024
5056 0.559853
5120 0.563065
5184 0.565149
5248 0.567015
5312 0.57033
5376 0.573708
5440 0.577222
5504 0.578738
5568 0.578603
5632 0.585513
5696 0.588674
5760 0.58999
5824 0.591856
5888 0.5939
5952 0.595234
6016 0.595615
6080 0.594737
6144 0.593477
6208 0.594665
6272 0.596578
6336 0.597725
6400 0.604839
6464 0.602651
6528 0.605349
6592 0.606436
6656 0.611061
6720 0.608548
6784 0.610891
6848 0.612871
6912 0.614321
6976 0.613993
7040 0.617719
7104 0.61725
7168 0.617133
7232 0.61811
7296 0.618934
7360 0.616648
7424 0.614922
7488 0.617247
7552 0.617118
7616 0.622245
7680 0.620614
7744 0.617236
7808 0.618789
7872 0.616698
7936 0.618819
8000 0.619773
8064 0.6177
8128 0.616809
8192 0.61915
8256 0.624166
8320 0.624834
8384 0.623318
8448 0.622843
8512 0.623684
8576 0.62583
8640 0.627225
8704 0.626407
8768 0.624176
8832 0.62276
8896 0.622976
8960 0.624836
9024 0.623096
9088 0.626314
9152 0.625343
9216 0.625868
9280 0.625444
9344 0.622463
9408 0.61738
9472 0.620573
9536 0.62181
9600 0.619189
9664 0.618545
9728 0.623868
9792 0.628163
9856 0.627729
9920 0.62463
9984 0.626217
10048 0.627178
10112 0.629841
10176 0.63068
10240 0.62407
10304 0.623879
10368 0.622461
10432 0.623877
10496 0.621702
10560 0.622779
10624 0.625022
10688 0.627425
10752 0.627591
10816 0.624264
10880 0.629464
10944 0.630544
11008 0.629906
11072 0.6275
11136 0.625553
11200 0.628283
11264 0.626478
11328 0.624402
11392 0.623156
11456 0.624268
11520 0.623225
11584 0.625036
11648 0.623402
11712 0.62844
11776 0.630099
11840 0.632114
11904 0.629925
11968 0.630152
12032 0.630365
12096 0.626795
12160 0.62812
12224 0.627722
12288 0.629973
12352 0.632181
12416 0.629826
12480 0.630148
12544 0.628508
12608 0.628518
12672 0.626965
12736 0.626507
12800 0.628702
