0 6.16771e-05
128 0.0412314
256 0.0709721
384 0.0988082
512 0.126624
640 0.15325
768 0.180082
896 0.204569
1024 0.228284
1152 0.253216
1280 0.277055
1408 0.29922
1536 0.32047
1664 0.340511
1792 0.360485
1920 0.379015
2048 0.399169
2176 0.415485
2304 0.432448
2432 0.449614
2560 0.467558
2688 0.483536
2816 0.499793
2944 0.515367
3072 0.531026
3200 0.546027
3328 0.55922
3456 0.574702
3584 0.587495
3712 0.5996
3840 0.612281
3968 0.623585
4096 0.633581
4224 0.644348
4352 0.653082
4480 0.663437
4608 0.672686
4736 0.681771
4864 0.689484
4992 0.698432
5120 0.707227
5248 0.71685
5376 0.726627
5504 0.735984
5632 0.743096
5760 0.751598
5888 0.758465
6016 0.765222
6144 0.772136
6272 0.778583
6400 0.785852
6528 0.793001
6656 0.799153
6784 0.805337
6912 0.810317
7040 0.816575
7168 0.81994
7296 0.82613
7424 0.831458
7552 0.836583
7680 0.841186
7808 0.846534
7936 0.851615
8064 0.854882
8192 0.859149
8320 0.86169
8448 0.864722
8576 0.867601
8704 0.871002
8832 0.874894
8960 0.878604
9088 0.881527
9216 0.884453
9344 0.887262
9472 0.889039
9600 0.892012
9728 0.894512
9856 0.896986
9984 0.89927
10112 0.900806
10240 0.902627
10368 0.904389
10496 0.905773
10624 0.906745
10752 0.907501
10880 0.90873
11008 0.909429
11136 0.910369
11264 0.911001
11392 0.912227
11520 0.913244
11648 0.913662
11776 0.914021
11904 0.914165
12032 0.915204
12160 0.915971
12288 0.917016
12416 0.917713
12544 0.918184
12672 0.918585
12800 0.919383
