0 6.31148e-05
128 0.03955
256 0.0689663
384 0.0983759
512 0.127342
640 0.155286
768 0.182861
896 0.207336
1024 0.230876
1152 0.256502
1280 0.281161
1408 0.303353
1536 0.323808
1664 0.344344
1792 0.363869
1920 0.381909
2048 0.400693
2176 0.415828
2304 0.431801
2432 0.447305
2560 0.465476
2688 0.481387
2816 0.496849
2944 0.512014
3072 0.526255
3200 0.540209
3328 0.553002
3456 0.567488
3584 0.580327
3712 0.591763
3840 0.603566
3968 0.614244
4096 0.623714
4224 0.633659
4352 0.642291
4480 0.652423
4608 0.660456
4736 0.669473
4864 0.678051
4992 0.687077
5120 0.69514
5248 0.704906
5376 0.714967
5504 0.723985
5632 0.731522
5760 0.739515
5888 0.74665
6016 0.753584
6144 0.760434
6272 0.766162
6400 0.773986
6528 0.781083
6656 0.787707
6784 0.794351
6912 0.800147
7040 0.806209
7168 0.809384
7296 0.815541
7424 0.820982
7552 0.826224
7680 0.830399
7808 0.836617
7936 0.841378
8064 0.844645
8192 0.848754
8320 0.850939
8448 0.853994
8576 0.857933
8704 0.861031
8832 0.864629
8960 0.86816
9088 0.871336
9216 0.874047
9344 0.87734
9472 0.879982
9600 0.882494
9728 0.88529
9856 0.888004
9984 0.890006
10112 0.891579
10240 0.893786
10368 0.896052
10496 0.897645
10624 0.899216
10752 0.899916
10880 0.901364
11008 0.902485
11136 0.904145
11264 0.905133
11392 0.906112
11520 0.907152
11648 0.907749
11776 0.908042
11904 0.908145
12032 0.909291
12160 0.909756
12288 0.910984
12416 0.911964
12544 0.912841
12672 0.91318
12800 0.914294
