0 6.02417e-05
64 0.0230127
128 0.0409127
192 0.0572324
256 0.0725887
320 0.088164
384 0.10308
448 0.117871
512 0.131298
576 0.145191
640 0.159604
704 0.174149
768 0.187262
832 0.20008
896 0.212781
960 0.224932
1024 0.235827
1088 0.249442
1152 0.262354
1216 0.275753
1280 0.28836
1344 0.300659
1408 0.312176
1472 0.322411
1536 0.334086
1600 0.344544
1664 0.354311
1728 0.365802
1792 0.37539
1856 0.38492
1920 0.393985
1984 0.403473
2048 0.412889
2112 0.420246
2176 0.428567
2240 0.435818
2304 0.444611
2368 0.453218
2432 0.460005
2496 0.469024
2560 0.477791
2624 0.48586
2688 0.493713
2752 0.502203
2816 0.509628
2880 0.517691
2944 0.525035
3008 0.532103
3072 0.538731
3136 0.546195
3200 0.552153
3264 0.558593
3328 0.563894
3392 0.570733
3456 0.577324
3520 0.583993
3584 0.589933
3648 0.595508
3712 0.600799
3776 0.606868
3840 0.611617
3904 0.616874
3968 0.622189
4032 0.626612
4096 0.630134
4160 0.63436
4224 0.639529
4288 0.643763
4352 0.647927
4416 0.65212
4480 0.65688
4544 0.660878
4608 0.66388
4672 0.667934
4736 0.672266
4800 0.674597
4864 0.678765
4928 0.682819
4992 0.686316
5056 0.688731
5120 0.693653
5184 0.699439
5248 0.702981
5312 0.70729
5376 0.712312
5440 0.717321
5504 0.720644
5568 0.722947
5632 0.726894
5696 0.72991
5760 0.734582
5824 0.738444
5888 0.741801
5952 0.745097
6016 0.749043
6080 0.752043
6144 0.755393
6208 0.758088
6272 0.760866
6336 0.765168
6400 0.768211
6464 0.771245
6528 0.774945
6592 0.779409
6656 0.782472
6720 0.786347
6784 0.789136
6848 0.791429
6912 0.79567
6976 0.798692
7040 0.802064
7104 0.804235
7168 0.805091
7232 0.80775
7296 0.810712
7360 0.813144
7424 0.81572
7488 0.818394
7552 0.820085
7616 0.823335
7680 0.82389
7744 0.826593
7808 0.829727
7872 0.832078
7936 0.834391
8000 0.836706
8064 0.8382
8128 0.840431
8192 0.842532
8256 0.843155
8320 0.843853
8384 0.844791
8448 0.846335
8512 0.848781
8576 0.850471
8640 0.851838
8704 0.853691
8768 0.854623
8832 0.856083
8896 0.857727
8960 0.859706
9024 0.860997
9088 0.862545
9152 0.864184
9216 0.864991
9280 0.866394
9344 0.867814
9408 0.868996
9472 0.870328
9536 0.872104
9600 0.872467
9664 0.873284
9728 0.875235
9792 0.877293
9856 0.878031
9920 0.87893
9984 0.879983
10048 0.880398
10112 0.88134
10176 0.882656
10240 0.883494
10304 0.885015
10368 0.885793
10432 0.886585
10496 0.887497
10560 0.888373
10624 0.8894
10688 0.890104
10752 0.890012
10816 0.890557
10880 0.891299
10944 0.892127
11008 0.892224
11072 0.893222
11136 0.89412
11200 0.893929
11264 0.894823
11328 0.894579
11392 0.895358
11456 0.896665
11520 0.897339
11584 0.897548
11648 0.898141
11712 0.898347
11776 0.898259
11840 0.897603
11904 0.898552
11968 0.899733
12032 0.899942
12096 0.900022
12160 0.900351
12224 0.901001
12288 0.901978
12352 0.902815
12416 0.902697
12480 0.903634
12544 0.904077
12608 0.903553
12672 0.904146
12736 0.904539
12800 0.90517
