0 5.97784e-05
128 0.0398041
256 0.0685199
384 0.096667
512 0.124316
640 0.151174
768 0.177839
896 0.201685
1024 0.224885
1152 0.249697
1280 0.273494
1408 0.295313
1536 0.316604
1664 0.33625
1792 0.355946
1920 0.374149
2048 0.393229
2176 0.409419
2304 0.425045
2432 0.441475
2560 0.460024
2688 0.476383
2816 0.492182
2944 0.507137
3072 0.522429
3200 0.537188
3328 0.550927
3456 0.566219
3584 0.579201
3712 0.591622
3840 0.604385
3968 0.615484
4096 0.625442
4224 0.636869
4352 0.645723
4480 0.656016
4608 0.66442
4736 0.673567
4864 0.681578
4992 0.690415
5120 0.699487
5248 0.7087
5376 0.719174
5504 0.728267
5632 0.735315
5760 0.743918
5888 0.750764
6016 0.757423
6144 0.764048
6272 0.770037
6400 0.777377
6528 0.784601
6656 0.790969
6784 0.797555
6912 0.803289
7040 0.809834
7168 0.813101
7296 0.819527
7424 0.825013
7552 0.829985
7680 0.834614
7808 0.8403
7936 0.845352
8064 0.848601
8192 0.852703
8320 0.855373
8448 0.858827
8576 0.862448
8704 0.86568
8832 0.869875
8960 0.873676
9088 0.877083
9216 0.880193
9344 0.883837
9472 0.886294
9600 0.889278
9728 0.892145
9856 0.895099
9984 0.897621
10112 0.899583
10240 0.901747
10368 0.903604
10496 0.905226
10624 0.906468
10752 0.906894
10880 0.90841
11008 0.909167
11136 0.91026
11264 0.91108
11392 0.912258
11520 0.913408
11648 0.913695
11776 0.913957
11904 0.914064
12032 0.915122
12160 0.915782
12288 0.916878
12416 0.917673
12544 0.918242
12672 0.918653
12800 0.919576
