0 6.49682e-09
64 0.000957879
128 0.00328537
192 0.00681618
256 0.0111344
320 0.015604
384 0.0206447
448 0.027522
512 0.0348066
576 0.0424359
640 0.0504905
704 0.0597984
768 0.0698006
832 0.0786897
896 0.0905936
960 0.100349
1024 0.11053
1088 0.12284
1152 0.134357
1216 0.147049
1280 0.156324
1344 0.166513
1408 0.175438
1472 0.18782
1536 0.200247
1600 0.214522
1664 0.224766
1728 0.237545
1792 0.248628
1856 0.258785
1920 0.268029
1984 0.279186
2048 0.286563
2112 0.299886
2176 0.308729
2240 0.31624
2304 0.323825
2368 0.332518
2432 0.341771
2496 0.349785
2560 0.35974
2624 0.367113
2688 0.376011
2752 0.382586
2816 0.391498
2880 0.402092
2944 0.410344
3008 0.420326
3072 0.426913
3136 0.432626
3200 0.438108
3264 0.442881
3328 0.449799
3392 0.454163
3456 0.460016
3520 0.464192
3584 0.469618
3648 0.476755
3712 0.481137
3776 0.487691
3840 0.495045
3904 0.500964
3968 0.504518
4032 0.510175
4096 0.51485
4160 0.520574
4224 0.522375
4288 0.526619
4352 0.528486
4416 0.530619
4480 0.537248
4544 0.540683
4608 0.543453
4672 0.545956
4736 0.551919
4800 0.554627
4864 0.55878
4928 0.559104
4992 0.561
5056 0.562266
5120 0.565513
5184 0.56929
5248 0.571434
5312 0.573713
5376 0.578203
5440 0.581809
5504 0.583618
5568 0.58516
5632 0.591176
5696 0.595576
5760 0.596666
5824 0.597958
5888 0.599463
5952 0.602262
6016 0.602016
6080 0.602131
6144 0.600659
6208 0.598985
6272 0.601487
6336 0.60398
6400 0.610232
6464 0.609256
6528 0.610525
6592 0.611607
6656 0.615496
6720 0.613144
6784 0.61392
6848 0.614865
6912 0.615705
6976 0.617231
7040 0.6184
7104 0.618806
7168 0.620351
7232 0.622533
7296 0.62408
7360 0.620707
7424 0.617622
7488 0.619719
7552 0.619074
7616 0.623408
7680 0.621931
7744 0.619529
7808 0.620883
7872 0.61829
7936 0.61953
8000 0.621162
8064 0.621752
8128 0.620005
8192 0.620621
8256 0.624689
8320 0.623966
8384 0.623395
8448 0.622386
8512 0.622836
8576 0.624548
8640 0.624515
8704 0.624411
8768 0.625627
8832 0.624102
8896 0.623177
8960 0.624561
9024 0.624818
9088 0.628593
9152 0.626164
9216 0.627338
9280 0.626314
9344 0.624661
9408 0.619998
9472 0.621801
9536 0.623329
9600 0.620414
9664 0.619387
9728 0.624463
9792 0.628419
9856 0.6274
9920 0.625852
9984 0.626625
10048 0.627391
10112 0.629751
10176 0.630587
10240 0.625119
10304 0.624938
10368 0.62487
10432 0.624622
10496 0.623179
10560 0.624528
10624 0.625624
10688 0.627268
10752 0.627655
10816 0.625203
10880 0.629292
10944 0.629791
11008 0.629999
11072 0.626106
11136 0.624535
11200 0.626854
11264 0.625678
11328 0.626274
11392 0.624581
11456 0.623871
11520 0.622899
11584 0.624871
11648 0.623762
11712 0.629579
11776 0.630811
11840 0.632314
11904 0.631074
11968 0.630468
12032 0.630352
12096 0.627483
12160 0.629778
12224 0.628469
12288 0.629075
12352 0.630367
12416 0.628445
12480 0.629746
12544 0.628937
12608 0.628477
12672 0.626192
12736 0.62769
12800 0.629366
