0 4.49878e-09
128 0.00266541
256 0.00747918
384 0.0151163
512 0.0239309
640 0.0340724
768 0.046312
896 0.0598256
1024 0.0725232
1152 0.0859201
1280 0.106281
1408 0.123376
1536 0.143456
1664 0.156443
1792 0.173936
1920 0.190988
2048 0.208817
2176 0.227681
2304 0.240519
2432 0.256702
2560 0.270924
2688 0.286562
2816 0.303848
2944 0.317885
3072 0.336936
3200 0.353642
3328 0.373664
3456 0.398577
3584 0.418894
3712 0.439071
3840 0.456336
3968 0.470502
4096 0.482077
4224 0.500995
4352 0.510836
4480 0.522074
4608 0.531717
4736 0.540078
4864 0.545868
4992 0.555707
5120 0.567546
5248 0.575952
5376 0.590733
5504 0.605389
5632 0.609363
5760 0.622083
5888 0.630346
6016 0.634265
6144 0.641277
6272 0.648637
6400 0.656543
6528 0.669941
6656 0.679701
6784 0.686019
6912 0.695482
7040 0.707277
7168 0.712492
7296 0.724102
7424 0.73407
7552 0.74101
7680 0.751748
7808 0.758482
7936 0.766872
8064 0.772583
8192 0.777748
8320 0.78617
8448 0.793169
8576 0.796896
8704 0.802896
8832 0.812262
8960 0.816568
9088 0.823576
9216 0.830696
9344 0.838187
9472 0.841532
9600 0.849838
9728 0.855024
9856 0.861844
9984 0.871124
10112 0.873746
10240 0.877214
10368 0.877911
10496 0.8826
10624 0.882161
10752 0.880681
10880 0.883412
11008 0.881218
11136 0.880964
11264 0.880804
11392 0.881761
11520 0.884038
11648 0.882013
11776 0.881399
11904 0.881315
12032 0.881698
12160 0.884639
12288 0.884831
12416 0.886084
12544 0.884961
12672 0.884912
12800 0.886855
