0 5.52614e-05
64 0.0192136
128 0.0323635
192 0.0422155
256 0.0496114
320 0.0559932
384 0.0623621
448 0.0675838
512 0.0715207
576 0.0762538
640 0.0803936
704 0.0840094
768 0.0869411
832 0.0900285
896 0.0927697
960 0.0948827
1024 0.097593
1088 0.10001
1152 0.102651
1216 0.105197
1280 0.108266
1344 0.110427
1408 0.11186
1472 0.114181
1536 0.116215
1600 0.118332
1664 0.11973
1728 0.120935
1792 0.122504
1856 0.12407
1920 0.126101
1984 0.12743
2048 0.128703
2112 0.130406
2176 0.132033
2240 0.132253
2304 0.133154
2368 0.134952
2432 0.135704
2496 0.136891
2560 0.13945
2624 0.140786
2688 0.142088
2752 0.143042
2816 0.143901
2880 0.145056
2944 0.14622
3008 0.146823
3072 0.14772
3136 0.148789
3200 0.14977
3264 0.1511
3328 0.152508
3392 0.153847
3456 0.154768
3520 0.156572
3584 0.156952
3648 0.158112
3712 0.15934
3776 0.160196
3840 0.160783
3904 0.161743
3968 0.163012
4032 0.164054
4096 0.163641
4160 0.164039
4224 0.164481
4288 0.165587
4352 0.166378
4416 0.166201
4480 0.167437
4544 0.167493
4608 0.168834
4672 0.16969
4736 0.170347
4800 0.171026
4864 0.171702
4928 0.172472
4992 0.172331
5056 0.172613
5120 0.17291
5184 0.175345
5248 0.176017
5312 0.176941
5376 0.178184
5440 0.178978
5504 0.179557
5568 0.180519
5632 0.180673
5696 0.180797
5760 0.181763
5824 0.18249
5888 0.182841
5952 0.183341
6016 0.185094
6080 0.185188
6144 0.185585
6208 0.187017
6272 0.186802
6336 0.18695
6400 0.188227
6464 0.189226
6528 0.189762
6592 0.190754
6656 0.190991
6720 0.191694
6784 0.192163
6848 0.192772
6912 0.194053
6976 0.194146
7040 0.193664
7104 0.194177
7168 0.195056
7232 0.195969
7296 0.195617
7360 0.196739
7424 0.19681
7488 0.197347
7552 0.198194
7616 0.199185
7680 0.200048
7744 0.201131
7808 0.201392
7872 0.201601
7936 0.20212
8000 0.203092
8064 0.203132
8128 0.203203
8192 0.204099
8256 0.204965
8320 0.204654
8384 0.205387
8448 0.205913
8512 0.205846
8576 0.206058
8640 0.207134
8704 0.207166
8768 0.208154
8832 0.20855
8896 0.20856
8960 0.20815
9024 0.208625
9088 0.209301
9152 0.209617
9216 0.210174
9280 0.21085
9344 0.211468
9408 0.212068
9472 0.212668
9536 0.213033
9600 0.213029
9664 0.2141
9728 0.214635
9792 0.214737
9856 0.214971
9920 0.215149
9984 0.21508
10048 0.216441
10112 0.216997
10176 0.217369
10240 0.218499
10304 0.219
10368 0.22022
10432 0.219779
10496 0.220087
10560 0.22052
10624 0.220925
10688 0.220651
10752 0.220557
10816 0.220605
10880 0.220823
10944 0.22076
11008 0.222637
11072 0.223605
11136 0.224976
11200 0.224959
11264 0.224957
11328 0.225959
11392 0.226392
11456 0.227123
11520 0.227342
11584 0.228117
11648 0.228621
11712 0.228815
11776 0.229515
11840 0.230211
11904 0.230883
11968 0.231069
12032 0.231216
12096 0.231413
12160 0.231842
12224 0.230979
12288 0.231732
12352 0.232963
12416 0.233663
12480 0.233641
12544 0.233358
12608 0.234567
12672 0.235027
12736 0.236034
12800 0.236004
