0 6.10762e-05
64 0.0207161
128 0.0399495
192 0.0461277
256 0.0705297
320 0.0701443
384 0.100998
448 0.0992145
512 0.130248
576 0.124193
640 0.158723
704 0.145922
768 0.186751
832 0.171307
896 0.211716
960 0.189963
1024 0.235335
1088 0.210572
1152 0.261419
1216 0.230451
1280 0.28668
1344 0.244004
1408 0.310364
1472 0.269375
1536 0.331744
1600 0.292209
1664 0.352193
1728 0.307741
1792 0.372336
1856 0.329008
1920 0.390555
1984 0.344774
2048 0.409342
2112 0.359936
2176 0.424876
2240 0.369872
2304 0.440946
2368 0.383958
2432 0.456652
2496 0.398644
2560 0.47461
2624 0.414445
2688 0.490272
2752 0.425145
2816 0.50579
2880 0.438949
2944 0.520365
3008 0.451318
3072 0.534396
3136 0.46201
3200 0.548413
3264 0.477452
3328 0.561475
3392 0.497106
3456 0.575754
3520 0.514133
3584 0.588652
3648 0.527138
3712 0.600239
3776 0.542016
3840 0.611917
3904 0.552045
3968 0.622336
4032 0.564742
4096 0.631839
4160 0.57643
4224 0.641434
4288 0.584235
4352 0.650236
4416 0.583351
4480 0.659659
4544 0.592595
4608 0.667276
4672 0.604085
4736 0.676333
4800 0.61319
4864 0.684436
4928 0.62842
4992 0.693216
5056 0.639289
5120 0.701437
5184 0.649003
5248 0.711059
5312 0.658865
5376 0.720269
5440 0.668979
5504 0.729074
5568 0.678022
5632 0.735804
5696 0.682709
5760 0.743167
5824 0.690363
5888 0.749924
5952 0.693278
6016 0.756659
6080 0.698769
6144 0.762768
6208 0.708983
6272 0.76809
6336 0.718317
6400 0.775647
6464 0.766364
6528 0.78244
6592 0.774321
6656 0.788937
6720 0.781101
6784 0.795245
6848 0.786504
6912 0.801126
6976 0.793702
7040 0.80666
7104 0.799033
7168 0.810033
7232 0.8028
7296 0.815838
7360 0.807927
7424 0.821057
7488 0.813149
7552 0.82597
7616 0.818477
7680 0.830119
7744 0.822374
7808 0.836307
7872 0.828454
7936 0.84069
8000 0.832791
8064 0.843944
8128 0.836461
8192 0.847667
8256 0.839167
8320 0.84922
8384 0.841285
8448 0.851833
8512 0.845589
8576 0.855739
8640 0.849028
8704 0.858727
8768 0.852351
8832 0.861698
8896 0.855803
8960 0.864983
9024 0.859212
9088 0.867822
9152 0.863037
9216 0.870201
9280 0.865755
9344 0.87326
9408 0.868735
9472 0.875886
9536 0.871931
9600 0.878122
9664 0.873611
9728 0.880883
9792 0.877965
9856 0.883894
9920 0.880428
9984 0.888475
10048 0.884988
10112 0.889833
10176 0.887129
10240 0.892203
10304 0.889736
10368 0.894473
10432 0.891327
10496 0.896142
10560 0.893207
10624 0.89794
10688 0.894874
10752 0.898712
10816 0.895782
10880 0.899927
10944 0.897498
11008 0.900981
11072 0.898685
11136 0.902651
11200 0.899467
11264 0.903564
11328 0.900273
11392 0.904442
11456 0.902034
11520 0.905837
11584 0.902734
11648 0.906427
11712 0.903344
11776 0.90671
11840 0.902867
11904 0.906797
11968 0.90436
12032 0.907854
12096 0.904751
12160 0.908233
12224 0.905722
12288 0.909642
12352 0.907411
12416 0.910518
12480 0.908236
12544 0.911615
12608 0.908011
12672 0.911707
12736 0.908947
12800 0.912993
