0 6.23111e-05
128 0.0414363
256 0.0707448
384 0.0984766
512 0.126137
640 0.152684
768 0.179121
896 0.202938
1024 0.226158
1152 0.251131
1280 0.27491
1408 0.296969
1536 0.3181
1664 0.337646
1792 0.357293
1920 0.375454
2048 0.394903
2176 0.411335
2304 0.427957
2432 0.444877
2560 0.462871
2688 0.478572
2816 0.49418
2944 0.509279
3072 0.524983
3200 0.539972
3328 0.553122
3456 0.568472
3584 0.581432
3712 0.593925
3840 0.606852
3968 0.618399
4096 0.628345
4224 0.63931
4352 0.648118
4480 0.658747
4608 0.667888
4736 0.677228
4864 0.685072
4992 0.693992
5120 0.703063
5248 0.712827
5376 0.72278
5504 0.732027
5632 0.739198
5760 0.747903
5888 0.754575
6016 0.761302
6144 0.768263
6272 0.774675
6400 0.782377
6528 0.789829
6656 0.796209
6784 0.802656
6912 0.808045
7040 0.814599
7168 0.818174
7296 0.82445
7424 0.830077
7552 0.835215
7680 0.840167
7808 0.845868
7936 0.851366
8064 0.854731
8192 0.859036
8320 0.8617
8448 0.865011
8576 0.868063
8704 0.87149
8832 0.875359
8960 0.879074
9088 0.881929
9216 0.88487
9344 0.887905
9472 0.889889
9600 0.892831
9728 0.89548
9856 0.898072
9984 0.90046
10112 0.90208
10240 0.903952
10368 0.905785
10496 0.907307
10624 0.908352
10752 0.909066
10880 0.91048
11008 0.911143
11136 0.912243
11264 0.912908
11392 0.914144
11520 0.915246
11648 0.915741
11776 0.916134
11904 0.916292
12032 0.91729
12160 0.918117
12288 0.919205
12416 0.919942
12544 0.920445
12672 0.920994
12800 0.921827
