0 6.31148e-05
64 0.0207161
128 0.03955
192 0.0461277
256 0.0689663
320 0.0701443
384 0.0983759
448 0.0992145
512 0.127342
576 0.124193
640 0.155286
704 0.145922
768 0.182861
832 0.171307
896 0.207336
960 0.189963
1024 0.230876
1088 0.210572
1152 0.256502
1216 0.230451
1280 0.281161
1344 0.244004
1408 0.303353
1472 0.269375
1536 0.323808
1600 0.292209
1664 0.344344
1728 0.307741
1792 0.363869
1856 0.329008
1920 0.381909
1984 0.344774
2048 0.400693
2112 0.359936
2176 0.415828
2240 0.369872
2304 0.431801
2368 0.383958
2432 0.447305
2496 0.398644
2560 0.465476
2624 0.414445
2688 0.481387
2752 0.425145
2816 0.496849
2880 0.438949
2944 0.512014
3008 0.451318
3072 0.526255
3136 0.46201
3200 0.540209
3264 0.477452
3328 0.553002
3392 0.497106
3456 0.567488
3520 0.514133
3584 0.580327
3648 0.527138
3712 0.591763
3776 0.542016
3840 0.603566
3904 0.552045
3968 0.614244
4032 0.564742
4096 0.623714
4160 0.57643
4224 0.633659
4288 0.584235
4352 0.642291
4416 0.583351
4480 0.652423
4544 0.592595
4608 0.660456
4672 0.604085
4736 0.669473
4800 0.61319
4864 0.678051
4928 0.62842
4992 0.687077
5056 0.639289
5120 0.69514
5184 0.649003
5248 0.704906
5312 0.658865
5376 0.714967
5440 0.668979
5504 0.723985
5568 0.678022
5632 0.731522
5696 0.682709
5760 0.739515
5824 0.690363
5888 0.74665
5952 0.693278
6016 0.753584
6080 0.698769
6144 0.760434
6208 0.708983
6272 0.766162
6336 0.718317
6400 0.773986
6464 0.766364
6528 0.781083
6592 0.774321
6656 0.787707
6720 0.781101
6784 0.794351
6848 0.786504
6912 0.800147
6976 0.793702
7040 0.806209
7104 0.799033
7168 0.809384
7232 0.8028
7296 0.815541
7360 0.807927
7424 0.820982
7488 0.813149
7552 0.826224
7616 0.818477
7680 0.830399
7744 0.822374
7808 0.836617
7872 0.828454
7936 0.841378
8000 0.832791
8064 0.844645
8128 0.836461
8192 0.848754
8256 0.839167
8320 0.850939
8384 0.841285
8448 0.853994
8512 0.845589
8576 0.857933
8640 0.849028
8704 0.861031
8768 0.852351
8832 0.864629
8896 0.855803
8960 0.86816
9024 0.859212
9088 0.871336
9152 0.863037
9216 0.874047
9280 0.865755
9344 0.87734
9408 0.868735
9472 0.879982
9536 0.871931
9600 0.882494
9664 0.873611
9728 0.88529
9792 0.877965
9856 0.888004
9920 0.880428
9984 0.890006
10048 0.88202
10112 0.891579
10176 0.884159
10240 0.893786
10304 0.886724
10368 0.896052
10432 0.888489
10496 0.897645
10560 0.890275
10624 0.899216
10688 0.891925
10752 0.899916
10816 0.892947
10880 0.901364
10944 0.894646
11008 0.902485
11072 0.895779
11136 0.904145
11200 0.896585
11264 0.905133
11328 0.897455
11392 0.906112
11456 0.899243
11520 0.907152
11584 0.899981
11648 0.907749
11712 0.900571
11776 0.908042
11840 0.900167
11904 0.908145
11968 0.901778
12032 0.909291
12096 0.90217
12160 0.909756
12224 0.903175
12288 0.910984
12352 0.905013
12416 0.911964
12480 0.905954
12544 0.912841
12608 0.905903
12672 0.91318
12736 0.906754
12800 0.914294
