0 6.62743e-05
128 0.043682
256 0.0763032
384 0.106856
512 0.136334
640 0.164682
768 0.19243
896 0.21565
1024 0.238114
1152 0.26177
1280 0.285298
1408 0.310373
1536 0.331683
1664 0.350256
1792 0.370584
1920 0.391937
2048 0.411006
2176 0.429019
2304 0.446657
2432 0.464067
2560 0.483615
2688 0.498324
2816 0.514072
2944 0.530097
3072 0.544747
3200 0.559423
3328 0.57642
3456 0.59014
3584 0.604953
3712 0.61906
3840 0.633125
3968 0.644149
4096 0.658229
4224 0.668932
4352 0.68099
4480 0.68871
4608 0.697787
4736 0.707659
4864 0.716242
4992 0.72534
5120 0.733059
5248 0.741288
5376 0.74855
5504 0.755581
5632 0.763292
5760 0.769156
5888 0.775369
6016 0.781947
6144 0.78852
6272 0.796052
6400 0.802216
6528 0.807207
6656 0.814216
6784 0.819334
6912 0.824375
7040 0.829552
7168 0.834427
7296 0.839298
7424 0.844997
7552 0.849881
7680 0.854464
7808 0.858701
7936 0.863609
8064 0.865919
8192 0.869152
8320 0.872808
8448 0.875441
8576 0.878518
8704 0.880372
8832 0.884091
8960 0.886383
9088 0.889401
9216 0.892914
9344 0.894866
9472 0.896607
9600 0.898989
9728 0.901396
9856 0.903389
9984 0.905075
10112 0.906968
10240 0.907963
10368 0.909849
10496 0.911551
10624 0.913268
10752 0.914546
10880 0.916455
11008 0.917298
11136 0.918286
11264 0.918976
11392 0.919278
11520 0.919149
11648 0.920241
11776 0.920766
11904 0.921834
12032 0.922501
12160 0.923247
12288 0.92373
12416 0.923934
12544 0.923781
12672 0.923596
12800 0.924422
