0 7.61351e-09
128 0.00292388
256 0.00856238
384 0.0167974
512 0.0280451
640 0.0410933
768 0.0562794
896 0.0717294
1024 0.0883707
1152 0.108474
1280 0.127992
1408 0.147747
1536 0.167069
1664 0.185888
1792 0.205225
1920 0.223313
2048 0.242375
2176 0.257924
2304 0.274643
2432 0.292261
2560 0.312711
2688 0.330768
2816 0.347026
2944 0.36432
3072 0.380484
3200 0.396925
3328 0.412341
3456 0.428333
3584 0.443002
3712 0.456521
3840 0.470686
3968 0.483494
4096 0.495007
4224 0.50718
4352 0.516866
4480 0.529196
4608 0.539588
4736 0.55014
4864 0.560048
4992 0.5706
5120 0.581254
5248 0.592686
5376 0.60491
5504 0.6156
5632 0.625361
5760 0.635711
5888 0.64452
6016 0.653227
6144 0.661624
6272 0.668666
6400 0.678345
6528 0.686279
6656 0.694267
6784 0.703122
6912 0.710704
7040 0.718853
7168 0.722904
7296 0.730047
7424 0.737123
7552 0.743158
7680 0.748542
7808 0.756739
7936 0.763302
8064 0.767511
8192 0.773117
8320 0.776107
8448 0.780006
8576 0.784589
8704 0.788823
8832 0.794017
8960 0.799528
9088 0.803997
9216 0.807463
9344 0.81185
9472 0.815865
9600 0.819185
9728 0.82258
9856 0.82651
9984 0.829568
10112 0.831966
10240 0.835428
10368 0.838126
10496 0.839855
10624 0.841836
10752 0.842795
10880 0.844962
11008 0.846778
11136 0.848636
11264 0.849691
11392 0.851833
11520 0.853069
11648 0.853614
11776 0.854129
11904 0.854007
12032 0.855411
12160 0.855881
12288 0.857651
12416 0.858954
12544 0.859551
12672 0.859928
12800 0.861184
