0 6.13688e-05
128 0.0438744
256 0.0742584
384 0.100065
512 0.124974
640 0.148544
768 0.17326
896 0.196791
1024 0.219377
1152 0.243137
1280 0.267324
1408 0.290467
1536 0.31334
1664 0.331718
1792 0.352834
1920 0.368985
2048 0.389905
2176 0.410722
2304 0.427642
2432 0.446509
2560 0.464834
2688 0.478451
2816 0.495937
2944 0.510545
3072 0.528501
3200 0.544698
3328 0.557968
3456 0.575195
3584 0.590071
3712 0.603388
3840 0.616539
3968 0.629253
4096 0.637993
4224 0.650019
4352 0.658565
4480 0.669932
4608 0.679389
4736 0.687782
4864 0.69369
4992 0.702519
5120 0.711442
5248 0.721369
5376 0.732125
5504 0.741596
5632 0.747417
5760 0.758056
5888 0.764008
6016 0.769943
6144 0.776707
6272 0.783754
6400 0.791314
6528 0.800052
6656 0.806622
6784 0.812217
6912 0.817476
7040 0.824906
7168 0.828337
7296 0.835162
7424 0.841775
7552 0.846858
7680 0.853864
7808 0.859644
7936 0.866407
8064 0.871192
8192 0.876515
8320 0.881063
8448 0.885265
8576 0.886472
8704 0.891344
8832 0.89588
8960 0.899019
9088 0.901441
9216 0.905241
9344 0.907636
9472 0.908353
9600 0.912356
9728 0.914697
9856 0.918028
9984 0.921233
10112 0.922233
10240 0.923525
10368 0.923791
10496 0.925833
10624 0.925873
10752 0.926081
10880 0.927172
11008 0.926484
11136 0.92664
11264 0.926643
11392 0.927284
11520 0.928456
11648 0.928438
11776 0.929145
11904 0.928986
12032 0.929302
12160 0.931008
12288 0.931515
12416 0.932698
12544 0.93305
12672 0.933539
12800 0.934482
