0 6.17676e-05
64 0.0207161
128 0.0399365
192 0.0461277
256 0.0689714
320 0.0701443
384 0.0976853
448 0.0992145
512 0.126339
576 0.124193
640 0.15365
704 0.145922
768 0.180789
832 0.171307
896 0.204817
960 0.189963
1024 0.228408
1088 0.210572
1152 0.253725
1216 0.230451
1280 0.277204
1344 0.244004
1408 0.298808
1472 0.269375
1536 0.319689
1600 0.292209
1664 0.339748
1728 0.307741
1792 0.359176
1856 0.329008
1920 0.377603
1984 0.344774
2048 0.396458
2112 0.359936
2176 0.411909
2240 0.369872
2304 0.427987
2368 0.383958
2432 0.444159
2496 0.398644
2560 0.462986
2624 0.414445
2688 0.479388
2752 0.425145
2816 0.494668
2880 0.438949
2944 0.510005
3008 0.451318
3072 0.524834
3136 0.46201
3200 0.539334
3264 0.477452
3328 0.552758
3392 0.497106
3456 0.567432
3520 0.514133
3584 0.579977
3648 0.527138
3712 0.591976
3776 0.542016
3840 0.60464
3904 0.552045
3968 0.615817
4032 0.564742
4096 0.62574
4160 0.57643
4224 0.636557
4288 0.584235
4352 0.645499
4416 0.583351
4480 0.655782
4544 0.592595
4608 0.664301
4672 0.604085
4736 0.673581
4800 0.61319
4864 0.682103
4928 0.62842
4992 0.691071
5056 0.639289
5120 0.699978
5184 0.649003
5248 0.709411
5312 0.658865
5376 0.719447
5440 0.668979
5504 0.728232
5568 0.678022
5632 0.735939
5696 0.682709
5760 0.743911
5824 0.690363
5888 0.750848
5952 0.693278
6016 0.757842
6080 0.698769
6144 0.764596
6208 0.708983
6272 0.770419
6336 0.718317
6400 0.77799
6464 0.766364
6528 0.784737
6592 0.774321
6656 0.790968
6720 0.781101
6784 0.797551
6848 0.786504
6912 0.803115
6976 0.793702
7040 0.809175
7104 0.799033
7168 0.81236
7232 0.8028
7296 0.818449
7360 0.807927
7424 0.823681
7488 0.813149
7552 0.828581
7616 0.818477
7680 0.83272
7744 0.822374
7808 0.838579
7872 0.828454
7936 0.843443
8000 0.832791
8064 0.846539
8128 0.836461
8192 0.850538
8256 0.839167
8320 0.852723
8384 0.841285
8448 0.855826
8512 0.845589
8576 0.859564
8640 0.849028
8704 0.862643
8768 0.852351
8832 0.866357
8896 0.855803
8960 0.870252
9024 0.859212
9088 0.87344
9152 0.863037
9216 0.876288
9280 0.865755
9344 0.879683
9408 0.868735
9472 0.882192
9536 0.871931
9600 0.884696
9664 0.873611
9728 0.887486
9792 0.877965
9856 0.890186
9920 0.880428
9984 0.892227
10048 0.88202
10112 0.894251
10176 0.884159
10240 0.896404
10304 0.886724
10368 0.898462
10432 0.888489
10496 0.899887
10560 0.890275
10624 0.901345
10688 0.891925
10752 0.901959
10816 0.892947
10880 0.903447
10944 0.894646
11008 0.904575
11072 0.895779
11136 0.905866
11200 0.896585
11264 0.906839
11328 0.897455
11392 0.908163
11456 0.899243
11520 0.909257
11584 0.899981
11648 0.909757
11712 0.900571
11776 0.910089
11840 0.900167
11904 0.910242
11968 0.901778
12032 0.911431
12096 0.90217
12160 0.911909
12224 0.903175
12288 0.913112
12352 0.905013
12416 0.913889
12480 0.905954
12544 0.914629
12608 0.905903
12672 0.915111
12736 0.906754
12800 0.915994
