0 5.70218e-05
64 0.0214059
128 0.0389104
192 0.0573206
256 0.0727129
320 0.0892102
384 0.104412
448 0.12041
512 0.13651
576 0.150828
640 0.166712
704 0.179513
768 0.195513
832 0.211445
896 0.229218
960 0.24536
1024 0.258877
1088 0.273956
1152 0.287657
1216 0.302361
1280 0.31453
1344 0.327761
1408 0.338422
1472 0.353869
1536 0.366233
1600 0.383813
1664 0.394834
1728 0.409827
1792 0.423662
1856 0.433305
1920 0.443167
1984 0.455136
2048 0.462054
2112 0.473045
2176 0.480837
2240 0.487804
2304 0.494808
2368 0.50326
2432 0.513004
2496 0.52299
2560 0.53272
2624 0.541639
2688 0.551706
2752 0.559379
2816 0.567559
2880 0.577644
2944 0.585718
3008 0.592949
3072 0.600156
3136 0.605744
3200 0.612075
3264 0.617405
3328 0.624736
3392 0.627095
3456 0.633534
3520 0.638846
3584 0.643595
3648 0.651526
3712 0.658237
3776 0.664457
3840 0.67283
3904 0.677996
3968 0.681624
4032 0.686172
4096 0.68905
4160 0.693473
4224 0.696031
4288 0.69985
4352 0.703927
4416 0.705905
4480 0.71216
4544 0.7156
4608 0.718896
4672 0.72044
4736 0.724766
4800 0.729433
4864 0.733191
4928 0.732312
4992 0.733967
5056 0.734012
5120 0.737042
5184 0.738794
5248 0.740399
5312 0.744115
5376 0.74665
5440 0.749262
5504 0.750411
5568 0.750064
5632 0.755019
5696 0.75738
5760 0.758807
5824 0.760688
5888 0.762094
5952 0.763105
6016 0.76357
6080 0.763116
6144 0.762517
6208 0.763562
6272 0.764651
6336 0.765954
6400 0.771016
6464 0.770244
6528 0.772006
6592 0.773114
6656 0.776159
6720 0.77529
6784 0.776889
6848 0.778448
6912 0.780178
6976 0.780076
7040 0.782545
7104 0.782157
7168 0.782259
7232 0.783257
7296 0.784116
7360 0.783109
7424 0.781983
7488 0.783737
7552 0.783802
7616 0.787246
7680 0.786333
7744 0.784137
7808 0.785365
7872 0.784303
7936 0.785637
8000 0.786516
8064 0.785135
8128 0.784749
8192 0.786448
8256 0.789668
8320 0.790119
8384 0.789223
8448 0.788934
8512 0.789467
8576 0.790815
8640 0.791733
8704 0.791145
8768 0.78977
8832 0.788874
8896 0.788945
8960 0.790184
9024 0.789074
9088 0.791143
9152 0.790541
9216 0.79085
9280 0.790582
9344 0.78863
9408 0.78538
9472 0.787424
9536 0.788265
9600 0.786586
9664 0.786165
9728 0.789523
9792 0.792273
9856 0.791967
9920 0.79006
9984 0.791086
10048 0.791716
10112 0.793422
10176 0.79388
10240 0.789673
10304 0.789561
10368 0.788621
10432 0.789578
10496 0.788241
10560 0.788927
10624 0.790356
10688 0.79185
10752 0.791961
10816 0.789901
10880 0.793194
10944 0.793887
11008 0.793516
11072 0.791913
11136 0.790704
11200 0.792452
11264 0.791291
11328 0.789958
11392 0.789129
11456 0.789845
11520 0.789224
11584 0.790385
11648 0.789319
11712 0.792521
11776 0.793553
11840 0.794788
11904 0.793462
11968 0.793605
12032 0.79376
12096 0.791481
12160 0.79234
12224 0.792031
12288 0.793444
12352 0.794835
12416 0.793421
12480 0.793575
12544 0.792562
12608 0.792517
12672 0.791534
12736 0.791258
12800 0.792599
