0 6.16679e-05
128 0.040921
256 0.0702931
384 0.0982802
512 0.125998
640 0.152374
768 0.178907
896 0.202811
1024 0.22615
1152 0.251078
1280 0.274734
1408 0.296723
1536 0.318102
1664 0.33774
1792 0.357591
1920 0.375448
2048 0.39482
2176 0.411612
2304 0.427901
2432 0.444747
2560 0.463448
2688 0.479154
2816 0.494985
2944 0.51014
3072 0.525751
3200 0.540675
3328 0.55406
3456 0.569373
3584 0.5825
3712 0.594829
3840 0.607615
3968 0.619176
4096 0.628803
4224 0.639923
4352 0.648766
4480 0.65932
4608 0.668073
4736 0.677131
4864 0.685
4992 0.693933
5120 0.702844
5248 0.7124
5376 0.722616
5504 0.731573
5632 0.738808
5760 0.747447
5888 0.754138
6016 0.760867
6144 0.767624
6272 0.773753
6400 0.781321
6528 0.788566
6656 0.794882
6784 0.801217
6912 0.806705
7040 0.813108
7168 0.816354
7296 0.822627
7424 0.828204
7552 0.83315
7680 0.838006
7808 0.843845
7936 0.849184
8064 0.852702
8192 0.857032
8320 0.859808
8448 0.863186
8576 0.866291
8704 0.869818
8832 0.873738
8960 0.877444
9088 0.88044
9216 0.883526
9344 0.886671
9472 0.888732
9600 0.891611
9728 0.894289
9856 0.897147
9984 0.899478
10112 0.901247
10240 0.903184
10368 0.904794
10496 0.906373
10624 0.907477
10752 0.907989
10880 0.909378
11008 0.910052
11136 0.911059
11264 0.91179
11392 0.912943
11520 0.914057
11648 0.914427
11776 0.914853
11904 0.914928
12032 0.915899
12160 0.916684
12288 0.917713
12416 0.918591
12544 0.919234
12672 0.919718
12800 0.920616
