0 7.00892e-09
64 0.000980407
128 0.00305596
192 0.00594337
256 0.00939824
320 0.0138017
384 0.0186632
448 0.0241645
512 0.0300734
576 0.036682
640 0.0437685
704 0.0516764
768 0.0596282
832 0.0680225
896 0.0765156
960 0.0846255
1024 0.0931448
1088 0.104209
1152 0.114397
1216 0.125235
1280 0.13611
1344 0.147367
1408 0.15825
1472 0.167877
1536 0.179167
1600 0.189008
1664 0.199308
1728 0.211688
1792 0.220808
1856 0.230445
1920 0.239904
1984 0.249423
2048 0.259623
2112 0.267608
2176 0.276648
2240 0.284149
2304 0.294483
2368 0.304227
2432 0.311976
2496 0.321562
2560 0.331667
2624 0.340778
2688 0.349107
2752 0.358466
2816 0.366992
2880 0.376064
2944 0.38502
3008 0.393647
3072 0.400626
3136 0.408955
3200 0.415945
3264 0.423384
3328 0.429385
3392 0.436747
3456 0.44436
3520 0.451694
3584 0.458994
3648 0.465473
3712 0.471843
3776 0.478775
3840 0.484372
3904 0.490259
3968 0.496615
4032 0.50127
4096 0.506208
4160 0.511192
4224 0.517408
4288 0.522097
4352 0.526545
4416 0.531638
4480 0.537353
4544 0.542306
4608 0.545787
4672 0.550296
4736 0.555003
4800 0.558138
4864 0.562459
4928 0.56718
4992 0.570328
5056 0.572843
5120 0.578521
5184 0.584903
5248 0.589304
5312 0.593845
5376 0.600389
5440 0.606464
5504 0.609852
5568 0.612426
5632 0.617361
5696 0.621329
5760 0.627598
5824 0.631976
5888 0.635977
5952 0.6398
6016 0.645113
6080 0.648908
6144 0.652759
6208 0.655933
6272 0.659172
6336 0.664716
6400 0.668712
6464 0.672768
6528 0.67699
6592 0.683215
6656 0.687313
6720 0.692395
6784 0.696755
6848 0.699956
6912 0.705777
6976 0.709912
7040 0.714621
7104 0.717284
7168 0.718538
7232 0.721656
7296 0.72525
7360 0.728904
7424 0.732153
7488 0.735645
7552 0.737471
7616 0.742133
7680 0.742309
7744 0.746792
7808 0.750693
7872 0.753762
7936 0.756868
8000 0.760053
8064 0.762086
8128 0.765288
8192 0.768173
8256 0.769342
8320 0.770092
8384 0.771268
8448 0.77318
8512 0.776577
8576 0.778198
8640 0.780036
8704 0.782638
8768 0.784129
8832 0.786051
8896 0.788476
8960 0.791206
9024 0.793182
9088 0.795394
9152 0.797388
9216 0.79813
9280 0.800007
9344 0.801436
9408 0.803428
9472 0.805261
9536 0.807892
9600 0.808153
9664 0.808995
9728 0.811129
9792 0.814328
9856 0.815239
9920 0.816656
9984 0.818021
10048 0.818067
10112 0.819158
10176 0.821437
10240 0.82252
10304 0.824702
10368 0.825467
10432 0.826806
10496 0.827273
10560 0.828354
10624 0.829821
10688 0.83106
10752 0.830824
10816 0.831769
10880 0.832667
10944 0.834097
11008 0.834051
11072 0.835584
11136 0.836877
11200 0.836058
11264 0.83735
11328 0.837396
11392 0.838266
11456 0.840238
11520 0.840889
11584 0.841103
11648 0.841919
11712 0.842275
11776 0.842186
11840 0.840934
11904 0.842247
11968 0.843506
12032 0.843857
12096 0.843827
12160 0.844082
12224 0.845147
12288 0.846686
12352 0.848263
12416 0.848045
12480 0.849252
12544 0.849533
12608 0.84839
12672 0.849101
12736 0.849399
12800 0.850444
