0 0.0446449
128 0.179859
256 0.217843
384 0.250129
512 0.262199
640 0.281559
768 0.297435
896 0.308511
1024 0.32532
1152 0.331943
1280 0.354182
1408 0.363366
1536 0.380488
1664 0.404824
1792 0.423191
1920 0.446336
2048 0.468383
2176 0.486884
2304 0.505656
2432 0.520906
2560 0.540821
2688 0.559247
2816 0.58001
2944 0.596127
3072 0.614601
3200 0.630773
3328 0.645169
3456 0.66375
3584 0.67775
3712 0.690684
3840 0.705457
3968 0.718396
4096 0.729239
4224 0.741384
4352 0.752422
4480 0.762692
4608 0.770111
4736 0.780738
4864 0.789851
4992 0.799141
5120 0.807209
5248 0.816413
5376 0.825744
5504 0.834169
5632 0.840072
5760 0.846323
5888 0.852349
6016 0.858183
6144 0.864532
6272 0.869694
6400 0.875604
6528 0.882186
6656 0.886889
6784 0.891324
6912 0.894779
7040 0.898882
7168 0.901252
7296 0.906911
7424 0.91019
7552 0.914492
7680 0.917376
7808 0.920876
7936 0.923925
8064 0.925941
8192 0.928255
8320 0.929665
8448 0.932061
8576 0.935201
8704 0.937214
8832 0.939176
8960 0.941081
9088 0.942937
9216 0.945354
9344 0.947768
9472 0.948609
9600 0.950454
9728 0.952876
9856 0.954181
9984 0.955211
10112 0.956825
10240 0.95759
10368 0.959213
10496 0.960588
10624 0.961561
10752 0.961832
10880 0.962549
11008 0.9629
11136 0.963697
11264 0.964535
11392 0.964813
11520 0.965768
11648 0.966299
11776 0.966366
11904 0.966925
12032 0.967945
12160 0.968475
12288 0.969076
12416 0.969266
12544 0.970321
12672 0.970924
12800 0.971488
