0 -0.00605418
128 0.177851
256 0.209227
384 0.228131
512 0.223339
640 0.245785
768 0.265525
896 0.278414
1024 0.297381
1152 0.31188
1280 0.330317
1408 0.345764
1536 0.36693
1664 0.393111
1792 0.415479
1920 0.43775
2048 0.463542
2176 0.487067
2304 0.506788
2432 0.526521
2560 0.550521
2688 0.570317
2816 0.592908
2944 0.609241
3072 0.628731
3200 0.645944
3328 0.659676
3456 0.677242
3584 0.689738
3712 0.702838
3840 0.717053
3968 0.728584
4096 0.739293
4224 0.751741
4352 0.762456
4480 0.772697
4608 0.780248
4736 0.790586
4864 0.798785
4992 0.807416
5120 0.816028
5248 0.82471
5376 0.834354
5504 0.842058
5632 0.847625
5760 0.854809
5888 0.860109
6016 0.866081
6144 0.871614
6272 0.877145
6400 0.882653
6528 0.888975
6656 0.89362
6784 0.898467
6912 0.901969
7040 0.906427
7168 0.908818
7296 0.914279
7424 0.917667
7552 0.921646
7680 0.924746
7808 0.927938
7936 0.931163
8064 0.93319
8192 0.935805
8320 0.937291
8448 0.939935
8576 0.942822
8704 0.944714
8832 0.947215
8960 0.949361
9088 0.951229
9216 0.953479
9344 0.955906
9472 0.956697
9600 0.958588
9728 0.960685
9856 0.962113
9984 0.963038
10112 0.964553
10240 0.96526
10368 0.966554
10496 0.967627
10624 0.968465
10752 0.96869
10880 0.969405
11008 0.969618
11136 0.970212
11264 0.971004
11392 0.971289
11520 0.972217
11648 0.97265
11776 0.972817
11904 0.973196
12032 0.974065
12160 0.974562
12288 0.975175
12416 0.975413
12544 0.976265
12672 0.976805
12800 0.977258
