0 -0.0827967
128 -0.146819
256 -0.00463722
384 0.0370804
512 0.07373
640 0.165833
768 0.236986
896 0.250189
1024 0.272117
1152 0.307324
1280 0.341563
1408 0.386727
1536 0.417423
1664 0.454056
1792 0.483514
1920 0.509738
2048 0.542218
2176 0.560049
2304 0.580542
2432 0.602069
2560 0.621503
2688 0.637117
2816 0.659698
2944 0.671997
3072 0.688238
3200 0.705349
3328 0.714638
3456 0.729686
3584 0.740431
3712 0.7529
3840 0.764784
3968 0.773824
4096 0.784186
4224 0.793464
4352 0.801203
4480 0.813748
4608 0.824465
4736 0.831922
4864 0.83811
4992 0.846612
5120 0.854853
5248 0.863018
5376 0.870215
5504 0.877296
5632 0.881992
5760 0.889498
5888 0.893049
6016 0.897301
6144 0.901487
6272 0.9069
6400 0.911527
6528 0.916103
6656 0.919636
6784 0.92309
6912 0.92574
7040 0.930017
7168 0.932213
7296 0.936124
7424 0.939401
7552 0.941448
7680 0.944415
7808 0.946615
7936 0.949443
8064 0.951133
8192 0.954595
8320 0.955884
8448 0.958468
8576 0.959216
8704 0.960987
8832 0.9642
8960 0.965517
9088 0.966755
9216 0.967711
9344 0.968841
9472 0.969003
9600 0.971131
9728 0.972037
9856 0.973188
9984 0.97365
10112 0.974054
10240 0.974573
10368 0.97594
10496 0.976855
10624 0.976919
10752 0.977144
10880 0.978205
11008 0.978207
11136 0.978267
11264 0.978127
11392 0.978198
11520 0.978429
11648 0.978901
11776 0.979345
11904 0.979692
12032 0.979845
12160 0.980759
12288 0.981614
12416 0.982323
12544 0.982708
12672 0.982477
12800 0.983265
