0 0.0345891
128 0.248486
256 0.273134
384 0.156678
512 0.0983061
640 0.166522
768 0.194012
896 0.211528
1024 0.252955
1152 0.310784
1280 0.316165
1408 0.360745
1536 0.38559
1664 0.42598
1792 0.464511
1920 0.470973
2048 0.505966
2176 0.536879
2304 0.550806
2432 0.581284
2560 0.614805
2688 0.635966
2816 0.666048
2944 0.675649
3072 0.694357
3200 0.713588
3328 0.718289
3456 0.724219
3584 0.731007
3712 0.736516
3840 0.744367
3968 0.749871
4096 0.760538
4224 0.772043
4352 0.779944
4480 0.792059
4608 0.798105
4736 0.80931
4864 0.814009
4992 0.820785
5120 0.830206
5248 0.839329
5376 0.852622
5504 0.859225
5632 0.861423
5760 0.876036
5888 0.880159
6016 0.887043
6144 0.891972
6272 0.89956
6400 0.90323
6528 0.909449
6656 0.91359
6784 0.921578
6912 0.924982
7040 0.932015
7168 0.934004
7296 0.938692
7424 0.942114
7552 0.945824
7680 0.949595
7808 0.951747
7936 0.955381
8064 0.957768
8192 0.962202
8320 0.964361
8448 0.968347
8576 0.970378
8704 0.972336
8832 0.9768
8960 0.978812
9088 0.980849
9216 0.982661
9344 0.985055
9472 0.985793
9600 0.988848
9728 0.990034
9856 0.991813
9984 0.99277
10112 0.993181
10240 0.994018
10368 0.994619
10496 0.995278
10624 0.995669
10752 0.995842
10880 0.996341
11008 0.995697
11136 0.995781
11264 0.995759
11392 0.995311
11520 0.995899
11648 0.996079
11776 0.996452
11904 0.996182
12032 0.99632
12160 0.996728
12288 0.997478
12416 0.997999
12544 0.998287
12672 0.998306
12800 0.998598
