0 0.0678335
128 0.212241
256 0.171394
384 0.190016
512 0.186943
640 0.226053
768 0.264697
896 0.295483
1024 0.331092
1152 0.364341
1280 0.386769
1408 0.416098
1536 0.432562
1664 0.457767
1792 0.480877
1920 0.5029
2048 0.521676
2176 0.54128
2304 0.564777
2432 0.587839
2560 0.61105
2688 0.62921
2816 0.647629
2944 0.66404
3072 0.678352
3200 0.693213
3328 0.708895
3456 0.721027
3584 0.73386
3712 0.747879
3840 0.758022
3968 0.765441
4096 0.778963
4224 0.786624
4352 0.798738
4480 0.803634
4608 0.809777
4736 0.818905
4864 0.827119
4992 0.833891
5120 0.840532
5248 0.847853
5376 0.854664
5504 0.860644
5632 0.868373
5760 0.87223
5888 0.87631
6016 0.881946
6144 0.887372
6272 0.89289
6400 0.899152
6528 0.904038
6656 0.909408
6784 0.91331
6912 0.917637
7040 0.921437
7168 0.92433
7296 0.927359
7424 0.930884
7552 0.934367
7680 0.937427
7808 0.940121
7936 0.943463
8064 0.945674
8192 0.948851
8320 0.951076
8448 0.953323
8576 0.955266
8704 0.956401
8832 0.95878
8960 0.960519
9088 0.961909
9216 0.963658
9344 0.96489
9472 0.965845
9600 0.967258
9728 0.968203
9856 0.969569
9984 0.97027
10112 0.970891
10240 0.971903
10368 0.972562
10496 0.973528
10624 0.974581
10752 0.975085
10880 0.975958
11008 0.976679
11136 0.976676
11264 0.977331
11392 0.97767
11520 0.978194
11648 0.978386
11776 0.978463
11904 0.978931
12032 0.979187
12160 0.979618
12288 0.979971
12416 0.980729
12544 0.980932
12672 0.9811
12800 0.981146
