0 0.19888
64 0.0332981
128 -0.0645569
192 -0.0494065
256 -0.0657772
320 0.0188222
384 0.0728274
448 0.071325
512 0.103156
576 0.109898
640 0.14712
704 0.153525
768 0.200925
832 0.255286
896 0.287962
960 0.35129
1024 0.376474
1088 0.401155
1152 0.418284
1216 0.456878
1280 0.482255
1344 0.504047
1408 0.531994
1472 0.561176
1536 0.565072
1600 0.591361
1664 0.60878
1728 0.631679
1792 0.652278
1856 0.657866
1920 0.674499
1984 0.691757
2048 0.700763
2112 0.705144
2176 0.714466
2240 0.723303
2304 0.732083
2368 0.736864
2432 0.746421
2496 0.76141
2560 0.76986
2624 0.781971
2688 0.790887
2752 0.801352
2816 0.814234
2880 0.821649
2944 0.828956
3008 0.833202
3072 0.841584
3136 0.849653
3200 0.85743
3264 0.863013
3328 0.869779
3392 0.868201
3456 0.872766
3520 0.878209
3584 0.882234
3648 0.890941
3712 0.898604
3776 0.902157
3840 0.908298
3904 0.909052
3968 0.914057
4032 0.916663
4096 0.920262
4160 0.922671
4224 0.925961
4288 0.93017
4352 0.934321
4416 0.937852
4480 0.94171
4544 0.944619
4608 0.948116
4672 0.950374
4736 0.952942
4800 0.956118
4864 0.957748
4928 0.958226
4992 0.96003
5056 0.960875
5120 0.963489
5184 0.964581
5248 0.965661
5312 0.969978
5376 0.970902
5440 0.971805
5504 0.97226
5568 0.971547
5632 0.972881
5696 0.973765
5760 0.975335
5824 0.977172
5888 0.977421
5952 0.977838
6016 0.978429
6080 0.978723
6144 0.979283
6208 0.980039
6272 0.97967
6336 0.981183
6400 0.982552
6464 0.984199
6528 0.984303
6592 0.985394
6656 0.98566
6720 0.987567
6784 0.987848
6848 0.98863
6912 0.990728
6976 0.991003
7040 0.991277
7104 0.99104
7168 0.991498
7232 0.992472
7296 0.993338
7360 0.994475
7424 0.994401
7488 0.995111
7552 0.995487
7616 0.995984
7680 0.996289
7744 0.996154
7808 0.996772
7872 0.997453
7936 0.997418
8000 0.998116
8064 0.997952
8128 0.998411
8192 0.998949
8256 0.999054
8320 0.999126
8384 0.999285
8448 0.999316
8512 0.999316
8576 0.999293
8640 0.999387
8704 0.999208
8768 0.999295
8832 0.999296
8896 0.999128
8960 0.999288
9024 0.999263
9088 0.99935
9152 0.999378
9216 0.999321
9280 0.999322
9344 0.999154
9408 0.999096
9472 0.999134
9536 0.999278
9600 0.999239
9664 0.999209
9728 0.999165
9792 0.999257
9856 0.999175
9920 0.999302
9984 0.99936
10048 0.999418
10112 0.999489
10176 0.999312
10240 0.999219
10304 0.999243
10368 0.999137
10432 0.999288
10496 0.999393
10560 0.999399
10624 0.999425
10688 0.999366
10752 0.99938
10816 0.999487
10880 0.999512
10944 0.999544
11008 0.999621
11072 0.999403
11136 0.999456
11200 0.999519
11264 0.999464
11328 0.99941
11392 0.999307
11456 0.999337
11520 0.999438
11584 0.999476
11648 0.999395
11712 0.999442
11776 0.999408
11840 0.999325
11904 0.999457
11968 0.999456
12032 0.999509
12096 0.999437
12160 0.999496
12224 0.999348
12288 0.999334
12352 0.999339
12416 0.999508
12480 0.999387
12544 0.999437
12608 0.999309
12672 0.999299
12736 0.999333
12800 0.999221
