0 -0.051092
128 -0.133392
256 -0.0459433
384 -0.00438195
512 0.0156659
640 0.111759
768 0.197119
896 0.21211
1024 0.246084
1152 0.287534
1280 0.316466
1408 0.36638
1536 0.394239
1664 0.433113
1792 0.460855
1920 0.488749
2048 0.52354
2176 0.542308
2304 0.561021
2432 0.583473
2560 0.604719
2688 0.620413
2816 0.643898
2944 0.655445
3072 0.675361
3200 0.694432
3328 0.702785
3456 0.718052
3584 0.728553
3712 0.742143
3840 0.754253
3968 0.764296
4096 0.774837
4224 0.784369
4352 0.792544
4480 0.807133
4608 0.819305
4736 0.828175
4864 0.834574
4992 0.842789
5120 0.852378
5248 0.861858
5376 0.869712
5504 0.876549
5632 0.881328
5760 0.891034
5888 0.894605
6016 0.899178
6144 0.903766
6272 0.909834
6400 0.914945
6528 0.919668
6656 0.923502
6784 0.927733
6912 0.930741
7040 0.935891
7168 0.938044
7296 0.942364
7424 0.946271
7552 0.948751
7680 0.952145
7808 0.954602
7936 0.957976
8064 0.959499
8192 0.963091
8320 0.964214
8448 0.967261
8576 0.967935
8704 0.97
8832 0.973325
8960 0.974517
9088 0.975819
9216 0.976699
9344 0.977684
9472 0.977985
9600 0.980582
9728 0.981522
9856 0.983066
9984 0.983698
10112 0.984152
10240 0.984751
10368 0.986263
10496 0.987359
10624 0.987525
10752 0.987795
10880 0.989056
11008 0.988828
11136 0.988956
11264 0.988921
11392 0.989212
11520 0.989523
11648 0.990084
11776 0.990601
11904 0.990818
12032 0.990747
12160 0.991364
12288 0.992291
12416 0.992978
12544 0.993589
12672 0.993646
12800 0.994516
