0 0.0893394
64 0.0305775
128 -0.00086317
192 0.053697
256 0.0732927
320 0.142762
384 0.202401
448 0.216924
512 0.240613
576 0.248661
640 0.274812
704 0.27654
768 0.310888
832 0.346266
896 0.376595
960 0.418832
1024 0.438104
1088 0.453066
1152 0.473001
1216 0.502635
1280 0.520058
1344 0.538346
1408 0.562745
1472 0.590384
1536 0.596117
1600 0.619793
1664 0.639354
1728 0.656097
1792 0.672685
1856 0.678951
1920 0.691146
1984 0.706107
2048 0.713521
2112 0.720249
2176 0.73122
2240 0.737346
2304 0.748606
2368 0.755291
2432 0.765746
2496 0.777923
2560 0.786216
2624 0.795539
2688 0.80582
2752 0.813576
2816 0.825887
2880 0.834025
2944 0.841866
3008 0.846117
3072 0.852766
3136 0.859457
3200 0.864593
3264 0.87014
3328 0.876716
3392 0.87726
3456 0.88146
3520 0.88698
3584 0.890738
3648 0.897703
3712 0.903865
3776 0.906027
3840 0.91187
3904 0.912766
3968 0.91815
4032 0.92214
4096 0.925869
4160 0.928987
4224 0.932414
4288 0.935621
4352 0.939252
4416 0.943188
4480 0.947033
4544 0.949133
4608 0.952419
4672 0.955329
4736 0.958088
4800 0.960469
4864 0.963227
4928 0.964402
4992 0.966037
5056 0.96693
5120 0.969386
5184 0.970469
5248 0.970711
5312 0.974361
5376 0.975626
5440 0.976987
5504 0.977882
5568 0.977373
5632 0.978762
5696 0.979581
5760 0.980753
5824 0.982332
5888 0.982606
5952 0.982832
6016 0.983453
6080 0.983701
6144 0.984172
6208 0.984725
6272 0.984455
6336 0.985555
6400 0.986638
6464 0.987914
6528 0.988085
6592 0.988873
6656 0.989125
6720 0.99055
6784 0.990702
6848 0.991297
6912 0.992887
6976 0.99307
7040 0.993214
7104 0.993042
7168 0.993455
7232 0.994242
7296 0.994836
7360 0.995727
7424 0.995685
7488 0.996187
7552 0.996489
7616 0.996819
7680 0.996982
7744 0.996907
7808 0.997366
7872 0.997881
7936 0.997921
8000 0.998419
8064 0.998327
8128 0.998633
8192 0.999029
8256 0.999088
8320 0.999064
8384 0.999276
8448 0.999278
8512 0.999229
8576 0.999125
8640 0.99923
8704 0.999192
8768 0.999271
8832 0.999309
8896 0.999141
8960 0.999286
9024 0.999292
9088 0.999377
9152 0.999437
9216 0.999368
9280 0.999393
9344 0.999244
9408 0.9992
9472 0.999209
9536 0.999279
9600 0.999227
9664 0.999171
9728 0.999226
9792 0.999288
9856 0.999282
9920 0.999343
9984 0.999359
10048 0.999354
10112 0.999479
10176 0.999316
10240 0.99928
10304 0.999311
10368 0.999187
10432 0.999303
10496 0.999429
10560 0.999455
10624 0.999429
10688 0.999412
10752 0.999412
10816 0.99948
10880 0.999534
10944 0.999546
11008 0.999599
11072 0.999354
11136 0.999404
11200 0.999521
11264 0.999453
11328 0.999441
11392 0.999338
11456 0.999339
11520 0.999369
11584 0.999434
11648 0.999401
11712 0.99943
11776 0.999435
11840 0.999384
11904 0.999515
11968 0.999475
12032 0.999532
12096 0.999478
12160 0.999501
12224 0.999401
12288 0.999388
12352 0.999367
12416 0.999493
12480 0.999391
12544 0.999445
12608 0.999358
12672 0.999336
12736 0.999373
12800 0.999293
