0 0.469183
64 0.19926
128 0.129565
192 0.0516223
256 0.0557568
320 0.0690907
384 0.0423879
448 0.0509389
512 0.0550511
576 0.0826668
640 0.0810345
704 0.0966775
768 0.106756
832 0.116499
896 0.140929
960 0.16102
1024 0.187207
1088 0.204547
1152 0.22768
1216 0.24017
1280 0.246621
1344 0.247958
1408 0.248713
1472 0.236267
1536 0.24039
1600 0.230213
1664 0.235591
1728 0.229914
1792 0.240635
1856 0.243649
1920 0.244652
1984 0.248545
2048 0.250645
2112 0.241805
2176 0.235953
2240 0.241552
2304 0.250258
2368 0.257156
2432 0.259557
2496 0.262837
2560 0.264842
2624 0.26503
2688 0.250207
2752 0.250009
2816 0.254021
2880 0.265226
2944 0.271305
3008 0.263756
3072 0.266143
3136 0.272595
3200 0.271822
3264 0.272076
3328 0.268291
3392 0.267596
3456 0.271066
3520 0.276928
3584 0.263821
3648 0.270118
3712 0.275677
3776 0.278879
3840 0.285986
3904 0.291709
3968 0.289522
4032 0.279789
4096 0.278211
4160 0.275433
4224 0.276658
4288 0.282767
4352 0.287374
4416 0.283725
4480 0.286241
4544 0.292346
4608 0.297791
4672 0.298884
4736 0.302462
4800 0.303639
4864 0.302163
4928 0.306814
4992 0.299017
5056 0.304051
5120 0.299014
5184 0.296318
5248 0.298412
5312 0.304579
5376 0.297935
5440 0.307198
5504 0.307184
5568 0.312762
5632 0.318592
5696 0.306748
5760 0.319201
5824 0.311007
5888 0.313481
5952 0.315618
6016 0.315528
6080 0.314432
6144 0.316871
6208 0.317075
6272 0.305805
6336 0.308641
6400 0.315291
6464 0.314775
6528 0.30862
6592 0.308189
6656 0.30328
6720 0.301836
6784 0.304346
6848 0.305891
6912 0.307586
6976 0.307893
7040 0.306664
7104 0.302348
7168 0.305166
7232 0.313167
7296 0.313514
7360 0.312341
7424 0.315106
7488 0.309667
7552 0.307034
7616 0.302945
7680 0.302315
7744 0.301236
7808 0.300101
7872 0.2996
7936 0.30106
8000 0.29763
8064 0.299178
8128 0.307743
8192 0.313276
8256 0.316395
8320 0.308471
8384 0.312696
8448 0.312688
8512 0.313615
8576 0.31324
8640 0.315148
8704 0.315919
8768 0.315815
8832 0.306099
8896 0.304356
8960 0.300139
9024 0.305585
9088 0.29703
9152 0.299109
9216 0.301097
9280 0.305482
9344 0.303699
9408 0.301833
9472 0.304205
9536 0.302499
9600 0.300981
9664 0.296926
9728 0.295384
9792 0.292573
9856 0.280992
9920 0.269296
9984 0.259931
10048 0.269719
10112 0.275395
10176 0.267799
10240 0.271977
10304 0.268655
10368 0.272914
10432 0.266281
10496 0.269736
10560 0.271716
10624 0.270366
10688 0.273143
10752 0.261104
10816 0.258796
10880 0.258987
10944 0.258753
11008 0.254301
11072 0.258212
11136 0.25131
11200 0.25072
11264 0.249956
11328 0.256448
11392 0.254303
11456 0.260801
11520 0.26446
11584 0.273468
11648 0.277118
11712 0.277377
11776 0.273993
11840 0.277839
11904 0.282398
11968 0.282961
12032 0.282182
12096 0.279414
12160 0.279108
12224 0.275851
12288 0.274998
12352 0.278549
12416 0.281857
12480 0.279263
12544 0.272003
12608 0.28182
12672 0.28216
12736 0.288002
12800 0.282529
