0 -0.0353936
128 -0.207411
256 -0.0998981
384 -0.0517455
512 -0.0433072
640 0.0515525
768 0.140843
896 0.162952
1024 0.202789
1152 0.24406
1280 0.279368
1408 0.332873
1536 0.364448
1664 0.405765
1792 0.442349
1920 0.466017
2048 0.503182
2176 0.529255
2304 0.546228
2432 0.573342
2560 0.601179
2688 0.615944
2816 0.641803
2944 0.653867
3072 0.674921
3200 0.695553
3328 0.704159
3456 0.719543
3584 0.731299
3712 0.74331
3840 0.75354
3968 0.762864
4096 0.77135
4224 0.782487
4352 0.791343
4480 0.805898
4608 0.816656
4736 0.825369
4864 0.831666
4992 0.840123
5120 0.849694
5248 0.858627
5376 0.866811
5504 0.872647
5632 0.877848
5760 0.888521
5888 0.891959
6016 0.896697
6144 0.901305
6272 0.907269
6400 0.912502
6528 0.916908
6656 0.920904
6784 0.925393
6912 0.929446
7040 0.934526
7168 0.935922
7296 0.941094
7424 0.944748
7552 0.947841
7680 0.951561
7808 0.954323
7936 0.957077
8064 0.958523
8192 0.961989
8320 0.96349
8448 0.966572
8576 0.967157
8704 0.969312
8832 0.972778
8960 0.974097
9088 0.97545
9216 0.976756
9344 0.977505
9472 0.977671
9600 0.980377
9728 0.98138
9856 0.983007
9984 0.983487
10112 0.984213
10240 0.984632
10368 0.985466
10496 0.986431
10624 0.986716
10752 0.986573
10880 0.987589
11008 0.987194
11136 0.987205
11264 0.987104
11392 0.987399
11520 0.98769
11648 0.988246
11776 0.988809
11904 0.989004
12032 0.98889
12160 0.98963
12288 0.990757
12416 0.991575
12544 0.992309
12672 0.99238
12800 0.993425
