0 0.0686718
64 0.148724
128 0.174291
192 0.185532
256 0.216352
320 0.224385
384 0.243547
448 0.260752
512 0.255516
576 0.259901
640 0.281809
704 0.296081
768 0.299598
832 0.300803
896 0.310014
960 0.327368
1024 0.325169
1088 0.325191
1152 0.337969
1216 0.353025
1280 0.363097
1344 0.369756
1408 0.376158
1472 0.384999
1536 0.394757
1600 0.40782
1664 0.412348
1728 0.418005
1792 0.433071
1856 0.444654
1920 0.454469
1984 0.467832
2048 0.477086
2112 0.484724
2176 0.493775
2240 0.503982
2304 0.5103
2368 0.518906
2432 0.525669
2496 0.538247
2560 0.547128
2624 0.556391
2688 0.56778
2752 0.578687
2816 0.586976
2880 0.596796
2944 0.60329
3008 0.60968
3072 0.619633
3136 0.629181
3200 0.635674
3264 0.643112
3328 0.649636
3392 0.659201
3456 0.666799
3520 0.675573
3584 0.68113
3648 0.687441
3712 0.692807
3776 0.700002
3840 0.705145
3904 0.711654
3968 0.717153
4032 0.723345
4096 0.72514
4160 0.729682
4224 0.734934
4288 0.740206
4352 0.745753
4416 0.749851
4480 0.754662
4544 0.758342
4608 0.76165
4672 0.766529
4736 0.771957
4800 0.773543
4864 0.779181
4928 0.783509
4992 0.789188
5056 0.792362
5120 0.797638
5184 0.804406
5248 0.807516
5312 0.812926
5376 0.816708
5440 0.821369
5504 0.825691
5568 0.828236
5632 0.831587
5696 0.833772
5760 0.836942
5824 0.841049
5888 0.844244
5952 0.847559
6016 0.8502
6080 0.852645
6144 0.856051
6208 0.858647
6272 0.861371
6336 0.864669
6400 0.866873
6464 0.868952
6528 0.872698
6592 0.875327
6656 0.877421
6720 0.88024
6784 0.88114
6848 0.882502
6912 0.885188
6976 0.887127
7040 0.889145
7104 0.891015
7168 0.891437
7232 0.893947
7296 0.896544
7360 0.89761
7424 0.89968
7488 0.901642
7552 0.903453
7616 0.905215
7680 0.906432
7744 0.90701
7808 0.909585
7872 0.911305
7936 0.912873
8000 0.914331
8064 0.915303
8128 0.91652
8192 0.917854
8256 0.917807
8320 0.918543
8384 0.919297
8448 0.920566
8512 0.922064
8576 0.924101
8640 0.92502
8704 0.92611
8768 0.926412
8832 0.927445
8896 0.928259
8960 0.929493
9024 0.930036
9088 0.9309
9152 0.932279
9216 0.93328
9280 0.93423
9344 0.93582
9408 0.936073
9472 0.936909
9536 0.937774
9600 0.938314
9664 0.939198
9728 0.941136
9792 0.941941
9856 0.942536
9920 0.942863
9984 0.943631
10048 0.944566
10112 0.945416
10176 0.945635
10240 0.946246
10304 0.947078
10368 0.947951
10432 0.948129
10496 0.949698
10560 0.950397
10624 0.950964
10688 0.951059
10752 0.95114
10816 0.951233
10880 0.951846
10944 0.951995
11008 0.952281
11072 0.952698
11136 0.953185
11200 0.953762
11264 0.954238
11328 0.95361
11392 0.954346
11456 0.954939
11520 0.955698
11584 0.955921
11648 0.956286
11712 0.956325
11776 0.956229
11840 0.956258
11904 0.956836
11968 0.958015
12032 0.958068
12096 0.95829
12160 0.958737
12224 0.958927
12288 0.959289
12352 0.959282
12416 0.959278
12480 0.959956
12544 0.960632
12608 0.960827
12672 0.961319
12736 0.961858
12800 0.962027
