0 0.236003
64 -0.0159076
128 -0.209007
192 -0.156346
256 -0.163496
320 -0.0311823
384 0.0254106
448 0.000151361
512 0.0148758
576 0.0679015
640 0.135871
704 0.14632
768 0.177888
832 0.240296
896 0.277556
960 0.34646
1024 0.373825
1088 0.390678
1152 0.399717
1216 0.436459
1280 0.467748
1344 0.493026
1408 0.527072
1472 0.560529
1536 0.560527
1600 0.58831
1664 0.599858
1728 0.623154
1792 0.643755
1856 0.653992
1920 0.667638
1984 0.683596
2048 0.698036
2112 0.707988
2176 0.71938
2240 0.729595
2304 0.73488
2368 0.739818
2432 0.747775
2496 0.764989
2560 0.774954
2624 0.792017
2688 0.801457
2752 0.812904
2816 0.820482
2880 0.830353
2944 0.83388
3008 0.841315
3072 0.84915
3136 0.854787
3200 0.863796
3264 0.868257
3328 0.874088
3392 0.873171
3456 0.87864
3520 0.881463
3584 0.886196
3648 0.896346
3712 0.902804
3776 0.904278
3840 0.909559
3904 0.909146
3968 0.9144
4032 0.916514
4096 0.917913
4160 0.92207
4224 0.925074
4288 0.927445
4352 0.931173
4416 0.935117
4480 0.939551
4544 0.942174
4608 0.945571
4672 0.94776
4736 0.949784
4800 0.951998
4864 0.95404
4928 0.95421
4992 0.957466
5056 0.958765
5120 0.96203
5184 0.963059
5248 0.963874
5312 0.96789
5376 0.967367
5440 0.968708
5504 0.969869
5568 0.970058
5632 0.970986
5696 0.971958
5760 0.973255
5824 0.975577
5888 0.975378
5952 0.976327
6016 0.976802
6080 0.977203
6144 0.976901
6208 0.977357
6272 0.976378
6336 0.977642
6400 0.979725
6464 0.981326
6528 0.981332
6592 0.982877
6656 0.983311
6720 0.98519
6784 0.986076
6848 0.986228
6912 0.989383
6976 0.98962
7040 0.990183
7104 0.989856
7168 0.990355
7232 0.991848
7296 0.992348
7360 0.993778
7424 0.993555
7488 0.994346
7552 0.994817
7616 0.995231
7680 0.996072
7744 0.99624
7808 0.996452
7872 0.996895
7936 0.996696
8000 0.997885
8064 0.997715
8128 0.998381
8192 0.999054
8256 0.999172
8320 0.99926
8384 0.99942
8448 0.999368
8512 0.999353
8576 0.999393
8640 0.999456
8704 0.999154
8768 0.999347
8832 0.999305
8896 0.999161
8960 0.999257
9024 0.999184
9088 0.999265
9152 0.999272
9216 0.999242
9280 0.999335
9344 0.999184
9408 0.999172
9472 0.999053
9536 0.999193
9600 0.999099
9664 0.999037
9728 0.99902
9792 0.999118
9856 0.999017
9920 0.999327
9984 0.999346
10048 0.999414
10112 0.999469
10176 0.999326
10240 0.999174
10304 0.999212
10368 0.999151
10432 0.999372
10496 0.999399
10560 0.999451
10624 0.999468
10688 0.999449
10752 0.999425
10816 0.99949
10880 0.999446
10944 0.999547
11008 0.999639
11072 0.999476
11136 0.999439
11200 0.999631
11264 0.999488
11328 0.999517
11392 0.999312
11456 0.999287
11520 0.999434
11584 0.999449
11648 0.999423
11712 0.999449
11776 0.999408
11840 0.999285
11904 0.999424
11968 0.999446
12032 0.999528
12096 0.999491
12160 0.999626
12224 0.999454
12288 0.999543
12352 0.999549
12416 0.999613
12480 0.999408
12544 0.999494
12608 0.999451
12672 0.999443
12736 0.999342
12800 0.99912
