0 1010.99500000 1014.50000000
25.00000000 21.63000000 21.74500000
50.00000000 12.65000000 12.68000000
75.00000000 9.14000000 9.30500000
100.00000000 7.22500000 7.48000000
125.00000000 6.12000000 6.22500000
150.00000000 5.28000000 5.30000000
175.00000000 4.67000000 4.70500000
200.00000000 4.20000000 4.25500000
225.00000000 3.74000000 3.80000000
250.00000000 3.52500000 3.49500000
275.00000000 3.16000000 3.14000000
300.00000000 2.96000000 2.93000000
325.00000000 2.77500000 2.74500000
350.00000000 2.52000000 2.59000000
375.00000000 2.43000000 2.46500000
400.00000000 2.31000000 2.26500000
425.00000000 2.07500000 2.13500000
450.00000000 2.07500000 2.05500000
475.00000000 1.99500000 1.96500000
500.00000000 1.82000000 1.86000000
525.00000000 1.81500000 1.77000000
550.00000000 1.71000000 1.68500000
575.00000000 1.65500000 1.64000000
600.00000000 1.56500000 1.61000000
625.00000000 1.51500000 1.55500000
650.00000000 1.49000000 1.52500000
675.00000000 1.42500000 1.44000000
700.00000000 1.36000000 1.37500000
725.00000000 1.30000000 1.33000000
750.00000000 1.25500000 1.30000000
775.00000000 1.20000000 1.24500000
800.00000000 1.21500000 1.19500000
825.00000000 1.15500000 1.14500000
850.00000000 1.07000000 1.08500000
875.00000000 1.04500000 1.03000000
900.00000000 1.01500000 1.01000000
925.00000000 0.96500000 1.04000000
950.00000000 0.92500000 0.94500000
975.00000000 0.96000000 0.92500000
1000.00000000 0.86000000 0.87500000
1025.00000000 0.87000000 0.87000000
1050.00000000 0.83500000 0.85500000
1075.00000000 0.81000000 0.78500000
1100.00000000 0.78500000 0.79500000
1125.00000000 0.75500000 0.76000000
1150.00000000 0.71500000 0.70500000
1175.00000000 0.68500000 0.70500000
1200.00000000 0.66500000 0.64500000
1225.00000000 0.62000000 0.63000000
1250.00000000 0.64000000 0.63500000
1275.00000000 0.59000000 0.57000000
1300.00000000 0.56500000 0.56000000
1325.00000000 0.56000000 0.56000000
1350.00000000 0.54500000 0.53000000
1375.00000000 0.52000000 0.52000000
1400.00000000 0.52500000 0.51000000
1425.00000000 0.51000000 0.50500000
1450.00000000 0.45000000 0.47500000
1475.00000000 0.45500000 0.46000000
1500.00000000 0.41500000 0.44000000
1525.00000000 0.43000000 0.42000000
1550.00000000 0.40500000 0.41500000
1575.00000000 0.42000000 0.40500000
1600.00000000 0.38000000 0.40500000
1625.00000000 0.38500000 0.38500000
1650.00000000 0.34500000 0.37000000
1675.00000000 0.33000000 0.33500000
1700.00000000 0.29500000 0.33000000
1725.00000000 0.29500000 0.30500000
1750.00000000 0.28500000 0.29000000
1775.00000000 0.27500000 0.27000000
1800.00000000 0.25000000 0.26000000
1825.00000000 0.22000000 0.20500000
1850.00000000 0.22500000 0.23000000
1875.00000000 0.21500000 0.21000000
1900.00000000 0.18000000 0.20000000
1925.00000000 0.20000000 0.19500000
1950.00000000 0.19500000 0.19000000
1975.00000000 0.17000000 0.17500000
2000.00000000 0.16000000 0.15500000
2025.00000000 0.13500000 0.13500000
2050.00000000 0.12500000 0.13500000
2075.00000000 0.14500000 0.15000000
2100.00000000 0.14000000 0.14000000
2125.00000000 0.11000000 0.12000000
2150.00000000 0.11000000 0.11000000
2175.00000000 0.11000000 0.10500000
2200.00000000 0.11500000 0.11000000
2225.00000000 0.10500000 0.10500000
2250.00000000 0.08500000 0.10500000
2275.00000000 0.08500000 0.09500000
2300.00000000 0.09000000 0.09000000
2325.00000000 0.09000000 0.09000000
2350.00000000 0.08000000 0.08500000
2375.00000000 0.08000000 0.08000000
2400.00000000 0.08000000 0.07500000
2425.00000000 0.07500000 0.07500000
2450.00000000 0.07500000 0.08000000
2475.00000000 0.06500000 0.08000000
2500.00000000 0.08000000 0.07000000
2525.00000000 0.07500000 0.08000000
2550.00000000 0.07000000 0.07000000
2575.00000000 0.05500000 0.05500000
2600.00000000 0.04500000 0.04000000
2625.00000000 0.05000000 0.05500000
2650.00000000 0.04500000 0.05500000
2675.00000000 0.04500000 0.04500000
2700.00000000 0.05000000 0.05000000
2725.00000000 0.04000000 0.04500000
2750.00000000 0.04000000 0.05000000
2775.00000000 0.05000000 0.05000000
2800.00000000 0.04500000 0.05000000
2825.00000000 0.04500000 0.05000000
2850.00000000 0.04000000 0.04500000
2875.00000000 0.04500000 0.05000000
2900.00000000 0.04000000 0.05000000
2925.00000000 0.04500000 0.03000000
2950.00000000 0.04000000 0.04500000
2975.00000000 0.04500000 0.04500000
3000.00000000 0.04500000 0.04500000
3025.00000000 0.04500000 0.04000000
3050.00000000 0.04500000 0.04500000
3075.00000000 0.04500000 0.04500000
3100.00000000 0.04000000 0.04500000
3125.00000000 0.04500000 0.04500000
3150.00000000 0.03500000 0.03500000
3175.00000000 0.03500000 0.03000000
3200.00000000 0.03500000 0.03500000
3225.00000000 0.03500000 0.03500000
3250.00000000 0.03000000 0.03000000
3275.00000000 0.02000000 0.02000000
3300.00000000 0.02500000 0.02500000
3325.00000000 0.02500000 0.02500000
3350.00000000 0.02500000 0.01500000
3375.00000000 0.02500000 0.02500000
3400.00000000 0.02000000 0.02500000
3425.00000000 0.02000000 0.02000000
3450.00000000 0.02500000 0.02500000
3475.00000000 0.02500000 0.02500000
3500.00000000 0.02500000 0.02000000
3525.00000000 0.02000000 0.01500000
3550.00000000 0.02000000 0.02000000
3575.00000000 0.01500000 0.02000000
3600.00000000 0.01500000 0.01000000
3625.00000000 0.01000000 0.01000000
3650.00000000 0.01000000 0.01000000
3675.00000000 0.01000000 0.01000000
3700.00000000 0.00500000 0.01000000
3725.00000000 0.00500000 0.01000000
3750.00000000 0.01000000 0.01000000
3775.00000000 0.01000000 0.01000000
3800.00000000 0.00500000 0.01000000
3825.00000000 0.00500000 0.01000000
3850.00000000 0.01000000 0.00500000
3875.00000000 0.01000000 0.00500000
3900.00000000 0.01000000 0.01000000
3925.00000000 0.01000000 0.01000000
3950.00000000 0.01000000 0.01000000
3975.00000000 0.01000000 0.01000000
4000.00000000 0.01000000 0.00500000
4025.00000000 0.01000000 0.01000000
4050.00000000 0.01000000 0.01000000
4075.00000000 0.01000000 0.01000000
4100.00000000 0.01000000 0.00500000
4125.00000000 0.01000000 0.00500000
4150.00000000 0.01000000 0.01000000
4175.00000000 0.01000000 0.01000000
4200.00000000 0.01000000 0.01000000
4225.00000000 0.01000000 0.01000000
4250.00000000 0.01000000 0.01000000
4275.00000000 0.01000000 0.01000000
4300.00000000 0.01000000 0.01000000
4325.00000000 0.01000000 0.01000000
4350.00000000 0.01000000 0.01000000
4375.00000000 0.01000000 0.01000000
4400.00000000 0.01000000 0.01000000
4425.00000000 0.01000000 0.01000000
4450.00000000 0.01000000 0.01000000
4475.00000000 0.01000000 0.01000000
4500.00000000 0.01000000 0.01000000
4525.00000000 0.01000000 0.01000000
4550.00000000 0.01000000 0.01000000
4575.00000000 0.01000000 0.01000000
4600.00000000 0.01000000 0.01000000
4625.00000000 0.01000000 0.01000000
4650.00000000 0.01000000 0.01000000
4675.00000000 0.01000000 0.01000000
4700.00000000 0.01000000 0.01000000
4725.00000000 0.01000000 0.00500000
4750.00000000 0.01000000 0.01000000
4775.00000000 0.01000000 0.01000000
4800.00000000 0.01000000 0.01000000
4825.00000000 0.01000000 0.01000000
4850.00000000 0.01000000 0.01000000
4875.00000000 0.01000000 0.01000000
4900.00000000 0.00500000 0.00500000
4925.00000000 0.00500000 0.00500000
4950.00000000 0.00500000 0.00500000
4975.00000000 0.00500000 0.00000000
5000.00000000 0.00500000 0.00500000
