0 366.23000000 366.37333333
9.00000000 16.38333333 16.41000000
18.00000000 10.51000000 10.51333333
27.00000000 8.23666667 8.20000000
36.00000000 6.94333333 7.02000000
45.00000000 6.06333333 6.14333333
54.00000000 5.46000000 5.55000000
63.00000000 5.09333333 5.02333333
72.00000000 4.58333333 4.65333333
81.00000000 4.28666667 4.30333333
90.00000000 4.02000000 4.05000000
99.00000000 3.75333333 3.78000000
108.00000000 3.59666667 3.57333333
117.00000000 3.36666667 3.42000000
126.00000000 3.25333333 3.30333333
135.00000000 3.12000000 3.22333333
144.00000000 3.00000000 3.04000000
153.00000000 2.93000000 2.95666667
162.00000000 2.84333333 2.86000000
171.00000000 2.71333333 2.68666667
180.00000000 2.67333333 2.64666667
189.00000000 2.60000000 2.63666667
198.00000000 2.53666667 2.57000000
207.00000000 2.48000000 2.49000000
216.00000000 2.44666667 2.44666667
225.00000000 2.41666667 2.41333333
234.00000000 2.35333333 2.37666667
243.00000000 2.31666667 2.36666667
252.00000000 2.33666667 2.30333333
261.00000000 2.22666667 2.22333333
270.00000000 2.18000000 2.19000000
279.00000000 2.17333333 2.13666667
288.00000000 2.11000000 2.13000000
297.00000000 2.09333333 2.10333333
306.00000000 2.04666667 2.06000000
315.00000000 2.00000000 2.04000000
324.00000000 1.98666667 1.98000000
333.00000000 1.98000000 1.96666667
342.00000000 1.93666667 1.93000000
351.00000000 1.92333333 1.95000000
360.00000000 1.90666667 1.86666667
369.00000000 1.83333333 1.89333333
378.00000000 1.84666667 1.82000000
387.00000000 1.79666667 1.79333333
396.00000000 1.80666667 1.81666667
405.00000000 1.81333333 1.76333333
414.00000000 1.72666667 1.73000000
423.00000000 1.75000000 1.73333333
432.00000000 1.71000000 1.72666667
441.00000000 1.69666667 1.67000000
450.00000000 1.65000000 1.66333333
459.00000000 1.63333333 1.64666667
468.00000000 1.66666667 1.65000000
477.00000000 1.64666667 1.64666667
486.00000000 1.62333333 1.67000000
495.00000000 1.59666667 1.61000000
504.00000000 1.54666667 1.59666667
513.00000000 1.57000000 1.56666667
522.00000000 1.57666667 1.60666667
531.00000000 1.56333333 1.54666667
540.00000000 1.49000000 1.52000000
549.00000000 1.49333333 1.52333333
558.00000000 1.52000000 1.50333333
567.00000000 1.49666667 1.49666667
576.00000000 1.50000000 1.51666667
585.00000000 1.49666667 1.48000000
594.00000000 1.49666667 1.46333333
603.00000000 1.48333333 1.48000000
612.00000000 1.42333333 1.46666667
621.00000000 1.45333333 1.44333333
630.00000000 1.41333333 1.45000000
639.00000000 1.36666667 1.43000000
648.00000000 1.37333333 1.39333333
657.00000000 1.40000000 1.39666667
666.00000000 1.39666667 1.38666667
675.00000000 1.36333333 1.34000000
684.00000000 1.36666667 1.36666667
693.00000000 1.37000000 1.39000000
702.00000000 1.36666667 1.34666667
711.00000000 1.34000000 1.38333333
720.00000000 1.35333333 1.34000000
729.00000000 1.31666667 1.34666667
738.00000000 1.35333333 1.34666667
747.00000000 1.28666667 1.34666667
756.00000000 1.31666667 1.34000000
765.00000000 1.31333333 1.32666667
774.00000000 1.31666667 1.31666667
783.00000000 1.28333333 1.28666667
792.00000000 1.25666667 1.27666667
801.00000000 1.27000000 1.30333333
810.00000000 1.28666667 1.29000000
819.00000000 1.24666667 1.25666667
828.00000000 1.21000000 1.25333333
837.00000000 1.22333333 1.24666667
846.00000000 1.21666667 1.22666667
855.00000000 1.24333333 1.23333333
864.00000000 1.21666667 1.22000000
873.00000000 1.20333333 1.22000000
882.00000000 1.18333333 1.20666667
891.00000000 1.19333333 1.22666667
900.00000000 1.18333333 1.23333333
909.00000000 1.20000000 1.21000000
918.00000000 1.20666667 1.21000000
927.00000000 1.17333333 1.19333333
936.00000000 1.14333333 1.19666667
945.00000000 1.19000000 1.20333333
954.00000000 1.19666667 1.20333333
963.00000000 1.18333333 1.18666667
972.00000000 1.17333333 1.17666667
981.00000000 1.13666667 1.13000000
990.00000000 1.13000000 1.13666667
999.00000000 1.14333333 1.13333333
1008.00000000 1.08666667 1.12666667
1017.00000000 1.09666667 1.12666667
1026.00000000 1.11000000 1.13666667
1035.00000000 1.14000000 1.11000000
1044.00000000 1.10666667 1.09666667
1053.00000000 1.10333333 1.09666667
1062.00000000 1.10000000 1.06000000
1071.00000000 1.07000000 1.07666667
1080.00000000 1.06666667 1.10333333
1089.00000000 1.09333333 1.08333333
1098.00000000 1.09333333 1.05666667
1107.00000000 1.07333333 1.07666667
1116.00000000 1.07333333 1.06000000
1125.00000000 1.09666667 1.10333333
1134.00000000 1.07333333 1.07666667
1143.00000000 1.06666667 1.07333333
1152.00000000 1.05333333 1.08666667
1161.00000000 1.04333333 1.05333333
1170.00000000 1.06000000 1.05000000
1179.00000000 1.06000000 1.05666667
1188.00000000 1.05666667 1.05000000
1197.00000000 1.04000000 1.04666667
1206.00000000 1.01666667 1.05000000
1215.00000000 1.06000000 1.04333333
1224.00000000 1.02000000 1.04666667
1233.00000000 1.03666667 1.02666667
1242.00000000 1.03666667 1.03666667
1251.00000000 1.01666667 1.04333333
1260.00000000 1.03000000 1.03666667
1269.00000000 1.01000000 1.04000000
1278.00000000 1.00333333 1.04000000
1287.00000000 1.04666667 1.03000000
1296.00000000 1.02000000 1.04000000
1305.00000000 1.02000000 1.03333333
1314.00000000 1.01000000 1.05666667
1323.00000000 1.03333333 1.01000000
1332.00000000 1.03000000 1.05000000
1341.00000000 1.02000000 1.01666667
1350.00000000 1.01000000 1.03333333
1359.00000000 1.00333333 1.01000000
1368.00000000 0.99666667 1.02000000
1377.00000000 0.99333333 1.01666667
1386.00000000 1.02000000 1.01333333
1395.00000000 0.99000000 1.02666667
1404.00000000 1.00000000 1.02000000
1413.00000000 0.99333333 1.02666667
1422.00000000 1.02666667 1.00000000
1431.00000000 1.00000000 1.01333333
1440.00000000 1.00000000 1.01666667
1449.00000000 1.01666667 1.01333333
1458.00000000 0.98333333 0.98333333
1467.00000000 0.96333333 0.99333333
1476.00000000 0.99333333 1.01000000
1485.00000000 0.99000000 0.99000000
1494.00000000 0.97666667 1.01000000
1503.00000000 0.97333333 1.00666667
1512.00000000 0.98666667 0.99666667
1521.00000000 0.97666667 0.96666667
1530.00000000 0.99666667 0.98333333
1539.00000000 0.96000000 0.98333333
1548.00000000 0.98000000 1.01333333
1557.00000000 0.98666667 0.97333333
1566.00000000 0.95666667 0.98000000
1575.00000000 0.99333333 1.01333333
1584.00000000 0.97000000 0.99333333
1593.00000000 0.97666667 0.99333333
1602.00000000 0.97666667 0.99000000
1611.00000000 1.00333333 0.97333333
1620.00000000 0.96333333 0.97666667
1629.00000000 0.97000000 0.97666667
1638.00000000 0.97333333 0.95000000
1647.00000000 0.94666667 0.98000000
1656.00000000 0.96000000 0.95000000
1665.00000000 1.00333333 0.98000000
1674.00000000 0.97000000 0.96000000
1683.00000000 0.99666667 0.96666667
1692.00000000 0.93000000 0.98666667
1701.00000000 0.93333333 0.94333333
1710.00000000 0.95000000 0.94333333
1719.00000000 0.96666667 0.92333333
1728.00000000 0.95000000 0.95000000
1737.00000000 0.93666667 0.96000000
1746.00000000 0.94333333 0.95666667
1755.00000000 0.95333333 0.95000000
1764.00000000 0.96000000 0.95333333
1773.00000000 0.96333333 0.95333333
1782.00000000 0.96333333 0.97333333
1791.00000000 0.92333333 0.96333333
1800.00000000 0.95000000 0.96000000
