0 648.86666667 650.63666667
16.00000000 23.77666667 23.85333333
32.00000000 17.30000000 17.35000000
48.00000000 14.89333333 14.94666667
64.00000000 13.49000000 13.44333333
80.00000000 12.37000000 12.37333333
96.00000000 11.72666667 11.82666667
112.00000000 11.28000000 11.31000000
128.00000000 10.57000000 10.71000000
144.00000000 10.12333333 10.17000000
160.00000000 9.77333333 9.81000000
176.00000000 9.33666667 9.38333333
192.00000000 9.15333333 9.20666667
208.00000000 8.88666667 8.91000000
224.00000000 8.75666667 8.77666667
240.00000000 8.48333333 8.52666667
256.00000000 8.17000000 8.23000000
272.00000000 8.11666667 8.12333333
288.00000000 7.87666667 7.92000000
304.00000000 7.81333333 7.76666667
320.00000000 7.48666667 7.51666667
336.00000000 7.43333333 7.39666667
352.00000000 7.20666667 7.30666667
368.00000000 7.07333333 7.06333333
384.00000000 6.90333333 6.84000000
400.00000000 6.78333333 6.83333333
416.00000000 6.68000000 6.68666667
432.00000000 6.58000000 6.60000000
448.00000000 6.56333333 6.56000000
464.00000000 6.34000000 6.40333333
480.00000000 6.28333333 6.32000000
496.00000000 6.10000000 6.17000000
512.00000000 6.06333333 6.10666667
528.00000000 6.00666667 5.95666667
544.00000000 5.91000000 5.91666667
560.00000000 5.88000000 5.84333333
576.00000000 5.78666667 5.78666667
592.00000000 5.73333333 5.72000000
608.00000000 5.66333333 5.66333333
624.00000000 5.63333333 5.67000000
640.00000000 5.56000000 5.57333333
656.00000000 5.59000000 5.54333333
672.00000000 5.40333333 5.44333333
688.00000000 5.38333333 5.39000000
704.00000000 5.26333333 5.26666667
720.00000000 5.22333333 5.21666667
736.00000000 5.23000000 5.17000000
752.00000000 5.11666667 5.12333333
768.00000000 5.03333333 5.08000000
784.00000000 5.08333333 4.97666667
800.00000000 5.00666667 4.95666667
816.00000000 4.96000000 5.00666667
832.00000000 4.99000000 4.96333333
848.00000000 4.79666667 4.86333333
864.00000000 4.84333333 4.85000000
880.00000000 4.70000000 4.73333333
896.00000000 4.77666667 4.72000000
912.00000000 4.69333333 4.69666667
928.00000000 4.61333333 4.63333333
944.00000000 4.59000000 4.60000000
960.00000000 4.53333333 4.57333333
976.00000000 4.41666667 4.43666667
992.00000000 4.44666667 4.45000000
1008.00000000 4.48666667 4.51000000
1024.00000000 4.32333333 4.36333333
1040.00000000 4.35333333 4.34666667
1056.00000000 4.38666667 4.31666667
1072.00000000 4.35666667 4.34333333
1088.00000000 4.21666667 4.21666667
1104.00000000 4.24333333 4.23333333
1120.00000000 4.16666667 4.15000000
1136.00000000 4.15333333 4.17333333
1152.00000000 4.20666667 4.18666667
1168.00000000 4.06666667 4.14333333
1184.00000000 4.10333333 4.08000000
1200.00000000 4.10666667 4.07000000
1216.00000000 4.05000000 4.11000000
1232.00000000 3.97000000 4.06666667
1248.00000000 4.05666667 4.00333333
1264.00000000 3.95666667 3.90333333
1280.00000000 3.90333333 3.93333333
1296.00000000 3.85000000 3.88666667
1312.00000000 3.88000000 3.85666667
1328.00000000 3.85666667 3.87333333
1344.00000000 3.84666667 3.83000000
1360.00000000 3.81000000 3.85333333
1376.00000000 3.83666667 3.83666667
1392.00000000 3.79000000 3.72666667
1408.00000000 3.71666667 3.73000000
1424.00000000 3.71333333 3.70333333
1440.00000000 3.72666667 3.71666667
1456.00000000 3.70666667 3.67333333
1472.00000000 3.64333333 3.68333333
1488.00000000 3.55333333 3.63000000
1504.00000000 3.56000000 3.59333333
1520.00000000 3.66000000 3.66333333
1536.00000000 3.64333333 3.59333333
1552.00000000 3.58000000 3.57333333
1568.00000000 3.61333333 3.60666667
1584.00000000 3.50333333 3.52000000
1600.00000000 3.50333333 3.47333333
1616.00000000 3.44000000 3.46666667
1632.00000000 3.46000000 3.45666667
1648.00000000 3.36666667 3.38000000
1664.00000000 3.47000000 3.43000000
1680.00000000 3.36000000 3.31000000
1696.00000000 3.37333333 3.37000000
1712.00000000 3.48000000 3.41666667
1728.00000000 3.41000000 3.41333333
1744.00000000 3.36000000 3.40000000
1760.00000000 3.31666667 3.38666667
1776.00000000 3.35666667 3.38666667
1792.00000000 3.29333333 3.34666667
1808.00000000 3.32000000 3.38333333
1824.00000000 3.35666667 3.36666667
1840.00000000 3.31666667 3.34666667
1856.00000000 3.30000000 3.29000000
1872.00000000 3.34333333 3.34333333
1888.00000000 3.32333333 3.34666667
1904.00000000 3.20666667 3.18000000
1920.00000000 3.24000000 3.30000000
1936.00000000 3.25333333 3.28000000
1952.00000000 3.27000000 3.24000000
1968.00000000 3.18333333 3.18333333
1984.00000000 3.21000000 3.20666667
2000.00000000 3.21666667 3.20666667
2016.00000000 3.12666667 3.13333333
2032.00000000 3.22666667 3.21333333
2048.00000000 3.19666667 3.16333333
2064.00000000 3.20666667 3.12666667
2080.00000000 3.08333333 3.10666667
2096.00000000 3.13666667 3.13000000
2112.00000000 3.11333333 3.12000000
2128.00000000 3.05333333 3.12333333
2144.00000000 3.10000000 3.10666667
2160.00000000 3.10000000 3.06000000
2176.00000000 3.10333333 3.08666667
2192.00000000 3.04000000 3.04333333
2208.00000000 2.97333333 3.00000000
2224.00000000 3.03000000 3.07000000
2240.00000000 3.06000000 3.02666667
2256.00000000 3.00000000 3.03333333
2272.00000000 2.97000000 2.91666667
2288.00000000 2.94666667 2.91666667
2304.00000000 2.98000000 2.88000000
2320.00000000 3.04666667 2.96000000
2336.00000000 2.97666667 2.94000000
2352.00000000 2.94333333 2.94333333
2368.00000000 2.89666667 2.96000000
2384.00000000 2.99000000 3.02000000
2400.00000000 2.95000000 2.98666667
2416.00000000 2.88333333 2.86333333
2432.00000000 2.91666667 2.90666667
2448.00000000 2.90666667 2.91333333
2464.00000000 2.86000000 2.86333333
2480.00000000 2.87333333 2.89333333
2496.00000000 2.84000000 2.89333333
2512.00000000 2.90000000 2.92000000
2528.00000000 2.80666667 2.82666667
2544.00000000 2.74666667 2.78666667
2560.00000000 2.76666667 2.82333333
2576.00000000 2.78666667 2.79000000
2592.00000000 2.80333333 2.84666667
2608.00000000 2.73000000 2.72333333
2624.00000000 2.76333333 2.80333333
2640.00000000 2.75333333 2.74333333
2656.00000000 2.70000000 2.71333333
2672.00000000 2.69333333 2.75000000
2688.00000000 2.72000000 2.75333333
2704.00000000 2.75333333 2.79000000
2720.00000000 2.66333333 2.71333333
2736.00000000 2.69666667 2.69333333
2752.00000000 2.68666667 2.67000000
2768.00000000 2.60666667 2.65333333
2784.00000000 2.67000000 2.66666667
2800.00000000 2.70333333 2.73666667
2816.00000000 2.70666667 2.72000000
2832.00000000 2.57666667 2.62333333
2848.00000000 2.65666667 2.63666667
2864.00000000 2.63333333 2.66666667
2880.00000000 2.68333333 2.67333333
2896.00000000 2.58333333 2.63000000
2912.00000000 2.58000000 2.58666667
2928.00000000 2.67000000 2.67333333
2944.00000000 2.66333333 2.66333333
2960.00000000 2.64000000 2.66000000
2976.00000000 2.56666667 2.66333333
2992.00000000 2.56333333 2.53666667
3008.00000000 2.55000000 2.57000000
3024.00000000 2.52333333 2.53000000
3040.00000000 2.57000000 2.54666667
3056.00000000 2.53333333 2.58000000
3072.00000000 2.53666667 2.59666667
3088.00000000 2.48333333 2.54666667
3104.00000000 2.48666667 2.51333333
3120.00000000 2.51000000 2.49000000
3136.00000000 2.49000000 2.52666667
3152.00000000 2.47666667 2.47000000
3168.00000000 2.48333333 2.43333333
3184.00000000 2.46666667 2.47666667
3200.00000000 2.46333333 2.46000000
