0 649.31333333 650.24333333
16.00000000 17.29000000 17.32333333
32.00000000 9.31333333 9.25000000
48.00000000 6.47666667 6.42000000
64.00000000 5.03666667 5.05000000
80.00000000 4.08000000 4.09333333
96.00000000 3.50333333 3.45666667
112.00000000 3.02666667 3.05333333
128.00000000 2.63000000 2.65666667
144.00000000 2.38000000 2.38333333
160.00000000 2.15666667 2.20000000
176.00000000 1.98333333 1.96666667
192.00000000 1.84666667 1.84333333
208.00000000 1.73000000 1.73666667
224.00000000 1.62000000 1.63000000
240.00000000 1.51666667 1.51666667
256.00000000 1.45666667 1.44666667
272.00000000 1.31666667 1.38666667
288.00000000 1.24000000 1.25000000
304.00000000 1.16333333 1.13666667
320.00000000 1.08333333 1.10000000
336.00000000 1.02666667 1.04000000
352.00000000 0.96000000 0.99666667
368.00000000 0.89666667 0.89333333
384.00000000 0.79333333 0.82666667
400.00000000 0.74000000 0.76333333
416.00000000 0.70666667 0.73000000
432.00000000 0.67333333 0.68000000
448.00000000 0.65333333 0.63333333
464.00000000 0.58666667 0.59666667
480.00000000 0.57000000 0.58000000
496.00000000 0.52000000 0.52000000
512.00000000 0.45000000 0.46000000
528.00000000 0.43333333 0.42666667
544.00000000 0.40333333 0.39666667
560.00000000 0.37333333 0.35000000
576.00000000 0.32666667 0.33333333
592.00000000 0.31333333 0.30333333
608.00000000 0.27000000 0.28000000
624.00000000 0.25000000 0.24333333
640.00000000 0.23000000 0.23000000
656.00000000 0.22333333 0.22000000
672.00000000 0.20333333 0.21666667
688.00000000 0.20000000 0.20000000
704.00000000 0.19333333 0.19000000
720.00000000 0.18666667 0.18000000
736.00000000 0.16666667 0.17000000
752.00000000 0.15333333 0.15333333
768.00000000 0.14333333 0.14333333
784.00000000 0.12666667 0.13333333
800.00000000 0.11333333 0.11333333
816.00000000 0.10333333 0.11000000
832.00000000 0.10666667 0.10000000
848.00000000 0.09666667 0.10666667
864.00000000 0.09333333 0.10333333
880.00000000 0.09666667 0.09333333
896.00000000 0.08666667 0.09000000
912.00000000 0.07333333 0.07000000
928.00000000 0.06666667 0.07333333
944.00000000 0.07333333 0.06666667
960.00000000 0.07000000 0.06333333
976.00000000 0.06666667 0.06333333
992.00000000 0.07000000 0.06333333
1008.00000000 0.06333333 0.06333333
1024.00000000 0.04666667 0.05666667
1040.00000000 0.05333333 0.05666667
1056.00000000 0.04333333 0.04666667
1072.00000000 0.05000000 0.04666667
1088.00000000 0.04333333 0.03666667
1104.00000000 0.03666667 0.04000000
1120.00000000 0.03666667 0.04333333
1136.00000000 0.03666667 0.03000000
1152.00000000 0.03666667 0.03333333
1168.00000000 0.02666667 0.03666667
1184.00000000 0.03333333 0.02666667
1200.00000000 0.03000000 0.02666667
1216.00000000 0.03000000 0.03000000
1232.00000000 0.02666667 0.02333333
1248.00000000 0.02333333 0.02333333
1264.00000000 0.02333333 0.02333333
1280.00000000 0.02000000 0.02000000
1296.00000000 0.02000000 0.01666667
1312.00000000 0.01000000 0.01333333
1328.00000000 0.00666667 0.01000000
1344.00000000 0.01000000 0.01000000
1360.00000000 0.00666667 0.01000000
1376.00000000 0.00666667 0.01000000
1392.00000000 0.01000000 0.01000000
1408.00000000 0.01000000 0.00666667
1424.00000000 0.01000000 0.01000000
1440.00000000 0.01000000 0.01000000
1456.00000000 0.01000000 0.01000000
1472.00000000 0.01000000 0.01000000
1488.00000000 0.01000000 0.01000000
1504.00000000 0.00666667 0.01000000
1520.00000000 0.00666667 0.00333333
1536.00000000 0.00666667 0.00666667
1552.00000000 0.00666667 0.00666667
1568.00000000 0.00666667 0.00666667
1584.00000000 0.00666667 0.00333333
1600.00000000 0.00666667 0.00666667
1616.00000000 0.00666667 0.00666667
1632.00000000 0.00333333 0.00666667
1648.00000000 0.00666667 0.00666667
1664.00000000 0.00666667 0.00666667
1680.00000000 0.00666667 0.00666667
1696.00000000 0.00666667 0.00666667
1712.00000000 0.00666667 0.00666667
1728.00000000 0.00666667 0.00666667
1744.00000000 0.00666667 0.00666667
1760.00000000 0.00666667 0.00333333
1776.00000000 0.00333333 0.00333333
1792.00000000 0.00666667 0.00666667
1808.00000000 0.00666667 0.00666667
1824.00000000 0.00666667 0.00333333
1840.00000000 0.00666667 0.00333333
1856.00000000 0.00333333 0.00333333
1872.00000000 0.00666667 0.00666667
1888.00000000 0.00000000 0.00333333
1904.00000000 0.00666667 0.00333333
1920.00000000 0.00666667 0.00333333
1936.00000000 0.00666667 0.00666667
1952.00000000 0.00666667 0.00666667
1968.00000000 0.00666667 0.00666667
1984.00000000 0.00666667 0.00333333
2000.00000000 0.00666667 0.00666667
2016.00000000 0.00333333 0.00666667
2032.00000000 0.00666667 0.00666667
2048.00000000 0.00666667 0.00333333
2064.00000000 0.00666667 0.00666667
2080.00000000 0.00666667 0.00666667
2096.00000000 0.00666667 0.00666667
2112.00000000 0.00666667 0.00666667
2128.00000000 0.00666667 0.00666667
2144.00000000 0.00333333 0.00666667
2160.00000000 0.00666667 0.00333333
2176.00000000 0.00666667 0.00666667
2192.00000000 0.00666667 0.00666667
2208.00000000 0.00666667 0.00666667
2224.00000000 0.00666667 0.00666667
2240.00000000 0.00666667 0.00666667
2256.00000000 0.00666667 0.00666667
2272.00000000 0.00666667 0.00666667
2288.00000000 0.00666667 0.00666667
2304.00000000 0.00333333 0.00666667
2320.00000000 0.00666667 0.00666667
2336.00000000 0.00666667 0.00666667
2352.00000000 0.00333333 0.00666667
2368.00000000 0.00666667 0.00666667
2384.00000000 0.00333333 0.00333333
2400.00000000 0.00333333 0.00333333
2416.00000000 0.00333333 0.00333333
2432.00000000 0.00000000 0.00000000
2448.00000000 0.00000000 0.00000000
2464.00000000 0.00000000 0.00000000
2480.00000000 0.00000000 0.00000000
2496.00000000 0.00000000 0.00000000
2512.00000000 0.00000000 0.00000000
2528.00000000 0.00000000 0.00000000
2544.00000000 0.00000000 0.00000000
2560.00000000 0.00000000 0.00000000
2576.00000000 0.00000000 0.00000000
2592.00000000 0.00000000 0.00000000
2608.00000000 0.00000000 0.00000000
2624.00000000 0.00000000 0.00000000
2640.00000000 0.00000000 0.00000000
2656.00000000 0.00000000 0.00000000
2672.00000000 0.00000000 0.00000000
2688.00000000 0.00000000 0.00000000
2704.00000000 0.00000000 0.00000000
2720.00000000 0.00000000 0.00000000
2736.00000000 0.00000000 0.00000000
2752.00000000 0.00000000 0.00000000
2768.00000000 0.00000000 0.00000000
2784.00000000 0.00000000 0.00000000
2800.00000000 0.00000000 0.00000000
2816.00000000 0.00000000 0.00000000
2832.00000000 0.00000000 0.00000000
2848.00000000 0.00000000 0.00000000
2864.00000000 0.00000000 0.00000000
2880.00000000 0.00000000 0.00000000
2896.00000000 0.00000000 0.00000000
2912.00000000 0.00000000 0.00000000
2928.00000000 0.00000000 0.00000000
2944.00000000 0.00000000 0.00000000
2960.00000000 0.00000000 0.00000000
2976.00000000 0.00000000 0.00000000
2992.00000000 0.00000000 0.00000000
3008.00000000 0.00000000 0.00000000
3024.00000000 0.00000000 0.00000000
3040.00000000 0.00000000 0.00000000
3056.00000000 0.00000000 0.00000000
3072.00000000 0.00000000 0.00000000
3088.00000000 0.00000000 0.00000000
3104.00000000 0.00000000 0.00000000
3120.00000000 0.00000000 0.00000000
3136.00000000 0.00000000 0.00000000
3152.00000000 0.00000000 0.00000000
3168.00000000 0.00000000 0.00000000
3184.00000000 0.00000000 0.00000000
3200.00000000 0.00000000 0.00000000
