0 0.000422491
9 0.0273357
18 0.0438947
27 0.0542887
36 0.0643324
45 0.0740928
54 0.0813993
63 0.0871097
72 0.0919066
81 0.0967383
90 0.101446
99 0.105638
108 0.108334
117 0.11044
126 0.11103
135 0.11073
144 0.112893
153 0.114455
162 0.116388
171 0.1192
180 0.121734
189 0.124724
198 0.125736
207 0.126601
216 0.127515
225 0.127754
234 0.128497
243 0.129078
252 0.129622
261 0.130921
270 0.131166
279 0.13106
288 0.130968
297 0.131963
306 0.131596
315 0.132428
324 0.13348
333 0.132869
342 0.133485
351 0.134999
360 0.136136
369 0.138029
378 0.139242
387 0.14048
396 0.142085
405 0.145632
414 0.147802
423 0.149317
432 0.150494
441 0.151875
450 0.152935
459 0.155256
468 0.15769
477 0.159881
486 0.160865
495 0.161156
504 0.162171
513 0.163351
522 0.163924
531 0.163961
540 0.164124
549 0.164921
558 0.165331
567 0.166824
576 0.165916
585 0.165684
594 0.164664
603 0.163158
612 0.163794
621 0.163514
630 0.16506
639 0.166493
648 0.167741
657 0.167658
666 0.168726
675 0.168807
684 0.16949
693 0.169446
702 0.168516
711 0.168333
720 0.168258
729 0.16872
738 0.169505
747 0.168516
756 0.168555
765 0.169601
774 0.169635
783 0.169736
792 0.170507
801 0.172203
810 0.173573
819 0.174721
828 0.17611
837 0.177452
846 0.178091
855 0.178479
864 0.178777
873 0.179708
882 0.178939
891 0.179306
900 0.17969
909 0.180043
918 0.180135
927 0.181784
936 0.183591
945 0.184911
954 0.186165
963 0.18795
972 0.188732
981 0.189894
990 0.191573
999 0.192748
1008 0.193842
1017 0.195398
1026 0.195647
1035 0.195476
1044 0.194828
1053 0.194895
1062 0.195386
1071 0.195886
1080 0.195408
1089 0.195186
1098 0.195442
1107 0.196562
1116 0.196657
1125 0.195762
1134 0.195755
1143 0.196648
1152 0.197382
1161 0.19966
1170 0.199471
1179 0.199251
1188 0.2001
1197 0.201691
1206 0.202511
1215 0.202836
1224 0.203023
1233 0.204226
1242 0.205535
1251 0.205706
1260 0.205081
1269 0.205823
1278 0.207301
1287 0.208295
1296 0.208778
1305 0.209086
1314 0.208225
1323 0.208888
1332 0.208153
1341 0.208486
1350 0.208284
1359 0.208538
1368 0.209906
1377 0.210225
1386 0.210827
1395 0.212301
1404 0.213379
1413 0.213594
1422 0.214216
1431 0.213961
1440 0.213872
1449 0.215033
1458 0.215824
1467 0.217364
1476 0.218726
1485 0.219766
1494 0.21961
1503 0.219661
1512 0.21984
1521 0.219678
1530 0.221402
1539 0.222791
1548 0.223794
1557 0.224319
1566 0.224647
1575 0.225307
1584 0.224989
1593 0.225379
1602 0.226277
1611 0.227279
1620 0.228489
1629 0.229967
1638 0.230077
1647 0.230303
1656 0.231271
1665 0.232183
1674 0.23203
1683 0.232089
1692 0.233406
1701 0.233397
1710 0.232758
1719 0.233805
1728 0.234519
1737 0.234176
1746 0.23403
1755 0.233594
1764 0.232787
1773 0.232784
1782 0.233004
1791 0.233414
1800 0.233431
