0 -0.0492428
9 0.0761298
18 0.0909019
27 0.10738
36 0.0688414
45 0.0890531
54 0.119985
63 0.113631
72 0.0789049
81 0.0495715
90 0.0595053
99 0.081483
108 0.094904
117 0.106957
126 0.143147
135 0.146045
144 0.149967
153 0.145077
162 0.10891
171 0.0880504
180 0.0297205
189 0.0331825
198 0.0568067
207 0.0530546
216 0.0670977
225 0.0635313
234 0.0593579
243 0.0738771
252 0.0785069
261 0.089478
270 0.0966308
279 0.0841525
288 0.0753562
297 0.0817057
306 0.0723484
315 0.0846797
324 0.0700422
333 0.0350492
342 0.0129845
351 -0.00055715
360 -0.0346008
369 -0.045169
378 -0.0740626
387 -0.0983866
396 -0.137831
405 -0.154849
414 -0.18186
423 -0.233441
432 -0.257552
441 -0.291209
450 -0.313828
459 -0.321957
468 -0.311936
477 -0.308045
486 -0.31745
495 -0.323465
504 -0.336365
513 -0.342602
522 -0.366817
531 -0.402282
540 -0.432027
549 -0.45234
558 -0.46286
567 -0.454673
576 -0.47614
585 -0.484221
594 -0.51346
603 -0.555173
612 -0.561926
621 -0.606306
630 -0.614008
639 -0.603953
648 -0.601357
657 -0.608962
666 -0.603771
675 -0.625305
684 -0.625467
693 -0.639766
702 -0.680581
711 -0.701867
720 -0.72221
729 -0.723344
738 -0.710013
747 -0.739669
756 -0.764378
765 -0.764199
774 -0.785312
783 -0.80318
792 -0.794255
801 -0.768411
810 -0.765986
819 -0.762871
828 -0.753239
837 -0.753968
846 -0.765129
855 -0.771012
864 -0.780409
873 -0.789839
882 -0.811672
891 -0.811125
900 -0.811773
909 -0.814741
918 -0.815883
927 -0.792569
936 -0.758564
945 -0.741737
954 -0.717904
963 -0.695623
972 -0.689709
981 -0.682305
990 -0.663729
999 -0.667458
1008 -0.670883
1017 -0.665506
1026 -0.673709
1035 -0.683871
1044 -0.697511
1053 -0.699666
1062 -0.694168
1071 -0.691355
1080 -0.706178
1089 -0.70134
1098 -0.699492
1107 -0.696505
1116 -0.708622
1125 -0.734155
1134 -0.755027
1143 -0.756568
1152 -0.753849
1161 -0.724428
1170 -0.735832
1179 -0.74678
1188 -0.729001
1197 -0.708932
1206 -0.700757
1215 -0.690889
1224 -0.693437
1233 -0.684505
1242 -0.667593
1251 -0.656229
1260 -0.676134
1269 -0.675846
1278 -0.664605
1287 -0.651129
1296 -0.647072
1305 -0.65813
1314 -0.676999
1323 -0.673712
1332 -0.687561
1341 -0.68067
1350 -0.683494
1359 -0.683775
1368 -0.66983
1377 -0.669742
1386 -0.666247
1395 -0.649293
1404 -0.641038
1413 -0.649435
1422 -0.651564
1431 -0.665605
1440 -0.685801
1449 -0.672656
1458 -0.663592
1467 -0.638828
1476 -0.632703
1485 -0.622295
1494 -0.631745
1503 -0.647416
1512 -0.649084
1521 -0.664029
1530 -0.647595
1539 -0.641857
1548 -0.63454
1557 -0.643463
1566 -0.656073
1575 -0.650597
1584 -0.667038
1593 -0.668597
1602 -0.65902
1611 -0.649983
1620 -0.641754
1629 -0.631236
1638 -0.643766
1647 -0.646424
1656 -0.637619
1665 -0.637496
1674 -0.644231
1683 -0.650127
1692 -0.634377
1701 -0.638194
1710 -0.650929
1719 -0.636612
1728 -0.620887
1737 -0.63213
1746 -0.637776
1755 -0.637238
1764 -0.646487
1773 -0.649365
1782 -0.647082
1791 -0.648361
1800 -0.648965
