0 -0.212512
1 0.194772
2 0.279085
3 0.360625
4 0.403362
5 0.402925
6 0.387547
7 0.376652
8 0.382108
9 0.399923
10 0.426592
11 0.449658
12 0.467102
13 0.499806
14 0.517902
15 0.541258
16 0.569433
17 0.587432
18 0.610691
19 0.634399
20 0.660272
21 0.679848
22 0.693888
23 0.714247
24 0.737627
25 0.750602
26 0.763127
27 0.770559
28 0.782854
29 0.793736
30 0.803843
31 0.814805
32 0.823752
33 0.833088
34 0.841484
35 0.851365
36 0.857251
37 0.861775
38 0.866464
39 0.872685
40 0.877027
41 0.881922
42 0.887353
43 0.891559
44 0.894089
45 0.898683
46 0.901227
47 0.903928
48 0.907676
49 0.911218
50 0.914647
51 0.916726
52 0.919301
53 0.921867
54 0.92415
55 0.925548
56 0.927257
57 0.928269
58 0.92957
59 0.931532
60 0.93273
61 0.934625
62 0.935245
63 0.935865
64 0.936545
65 0.93787
66 0.938612
67 0.939281
68 0.940484
69 0.940978
70 0.941214
71 0.942011
72 0.942063
73 0.942909
74 0.943115
75 0.943363
76 0.944842
77 0.946327
78 0.946652
79 0.948075
80 0.949717
81 0.950725
82 0.951436
83 0.951861
84 0.952693
85 0.95347
86 0.954635
87 0.955086
88 0.955825
89 0.956953
90 0.957613
91 0.957988
92 0.959224
93 0.959891
94 0.9603
95 0.960759
96 0.961252
97 0.961254
98 0.961523
99 0.96199
100 0.962306
101 0.962169
102 0.961978
103 0.961825
104 0.961777
105 0.962072
106 0.962133
107 0.962411
108 0.962359
109 0.962499
110 0.962299
111 0.962474
112 0.962487
113 0.962528
114 0.962369
115 0.962639
116 0.962396
117 0.96246
118 0.962563
119 0.962655
120 0.962651
121 0.962593
122 0.963179
123 0.963185
124 0.962868
125 0.96275
126 0.962802
127 0.962403
128 0.962385
129 0.962296
130 0.962439
131 0.962783
132 0.962871
133 0.963018
134 0.962793
135 0.962728
136 0.962787
137 0.962889
138 0.962999
139 0.962881
140 0.962819
141 0.962938
142 0.963272
143 0.963074
144 0.962869
145 0.9631
146 0.96309
147 0.963515
148 0.96332
149 0.963638
150 0.963913
151 0.963558
152 0.963832
153 0.963975
154 0.963725
155 0.963764
156 0.963508
157 0.963322
158 0.963512
159 0.963509
160 0.963444
161 0.963499
162 0.963332
163 0.963605
164 0.964011
165 0.963995
166 0.964148
167 0.964653
168 0.964286
169 0.96433
170 0.964434
171 0.964253
172 0.964338
173 0.964299
174 0.9644
175 0.964782
176 0.964855
177 0.965267
178 0.965593
179 0.965406
180 0.965535
181 0.965541
182 0.965788
183 0.965881
184 0.965883
185 0.966014
186 0.965952
187 0.966384
188 0.96623
189 0.966529
190 0.967188
191 0.967509
192 0.96783
193 0.967613
194 0.967719
195 0.967524
196 0.967453
197 0.967585
198 0.967735
199 0.967565
200 0.96851
201 0.96859
202 0.969054
203 0.969216
204 0.969513
205 0.969628
206 0.969389
207 0.96976
208 0.969582
209 0.969779
210 0.969816
211 0.9703
212 0.970445
213 0.970857
214 0.971185
215 0.971366
216 0.972014
217 0.972801
218 0.973165
219 0.973477
220 0.973718
221 0.973886
222 0.974016
223 0.974243
224 0.974311
225 0.974415
226 0.974386
227 0.974385
228 0.974424
229 0.974381
230 0.974401
231 0.974417
232 0.974454
233 0.974512
234 0.974644
235 0.97456
236 0.974585
237 0.974496
238 0.974615
239 0.974521
240 0.974528
241 0.97448
242 0.974372
243 0.974426
244 0.974433
245 0.97442
246 0.974387
247 0.974366
248 0.974457
249 0.974455
250 0.974419
251 0.974415
252 0.974457
253 0.974453
254 0.97446
255 0.974428
256 0.974432
257 0.974506
258 0.974458
259 0.974526
260 0.974522
261 0.974469
262 0.974462
263 0.974458
264 0.974353
265 0.974347
266 0.974389
267 0.974351
268 0.974419
269 0.974408
270 0.974345
271 0.974378
272 0.974365
273 0.974379
274 0.974369
275 0.9744
276 0.974474
277 0.974445
278 0.974566
279 0.974666
280 0.974477
281 0.974399
282 0.974443
283 0.974538
284 0.974483
285 0.974428
286 0.974478
287 0.974466
288 0.974471
289 0.974505
290 0.974467
291 0.974566
292 0.974547
293 0.974446
294 0.974476
295 0.974445
296 0.9744
297 0.97442
298 0.974395
299 0.97439
300 0.974407
301 0.97446
302 0.974416
303 0.974462
304 0.974446
305 0.9744
306 0.974415
307 0.974449
