0 0.131787
1 0.138588
2 0.193274
3 0.119131
4 0.0876593
5 0.108065
6 0.142727
7 0.186099
8 0.232538
9 0.270883
10 0.311702
11 0.353461
12 0.39055
13 0.416582
14 0.440831
15 0.475281
16 0.506562
17 0.534463
18 0.553304
19 0.565032
20 0.588528
21 0.611122
22 0.626419
23 0.650692
24 0.65974
25 0.673759
26 0.692048
27 0.704787
28 0.721747
29 0.73791
30 0.750212
31 0.766085
32 0.776251
33 0.788868
34 0.798044
35 0.807754
36 0.815512
37 0.825347
38 0.831245
39 0.8378
40 0.842952
41 0.851155
42 0.857223
43 0.862967
44 0.869935
45 0.874968
46 0.879799
47 0.884279
48 0.886802
49 0.890551
50 0.894165
51 0.896617
52 0.899641
53 0.903881
54 0.907583
55 0.909934
56 0.912686
57 0.914032
58 0.91651
59 0.918049
60 0.920585
61 0.923137
62 0.925259
63 0.926911
64 0.928267
65 0.929632
66 0.931693
67 0.932587
68 0.933936
69 0.935873
70 0.936709
71 0.938515
72 0.940202
73 0.940438
74 0.941553
75 0.942059
76 0.943589
77 0.944954
78 0.945017
79 0.9451
80 0.946779
81 0.947725
82 0.948991
83 0.950871
84 0.951808
85 0.953323
86 0.954566
87 0.955443
88 0.956705
89 0.957039
90 0.957193
91 0.95703
92 0.957243
93 0.957428
94 0.957618
95 0.958156
96 0.95854
97 0.958916
98 0.959317
99 0.95988
100 0.960016
101 0.960457
102 0.960652
103 0.960643
104 0.960941
105 0.96119
106 0.961524
107 0.961938
108 0.962205
109 0.962441
110 0.962613
111 0.962935
112 0.963218
113 0.963803
114 0.964006
115 0.964811
116 0.965226
117 0.965329
118 0.965695
119 0.966453
120 0.967096
121 0.967755
122 0.968204
123 0.96838
124 0.968722
125 0.968981
126 0.969074
127 0.969198
128 0.969132
129 0.969126
130 0.969162
131 0.969188
132 0.969113
133 0.969188
134 0.969206
135 0.969186
136 0.969136
137 0.969177
138 0.969168
139 0.969143
140 0.969128
141 0.969157
142 0.969162
143 0.969111
144 0.96908
145 0.969064
146 0.969107
147 0.969141
148 0.96915
149 0.969219
150 0.969317
151 0.969303
152 0.969228
153 0.969155
154 0.969161
155 0.969139
156 0.969125
157 0.969156
158 0.969129
159 0.969117
160 0.969134
161 0.969087
162 0.969066
163 0.969082
164 0.969138
165 0.969224
166 0.969128
167 0.969176
168 0.969152
169 0.969135
170 0.969122
171 0.969111
172 0.969097
173 0.969073
174 0.969166
175 0.969257
176 0.969111
177 0.969197
178 0.969205
179 0.969131
180 0.969071
181 0.969087
182 0.969071
183 0.969119
184 0.969081
185 0.969098
186 0.96914
187 0.969126
188 0.969117
189 0.969094
190 0.969075
191 0.969076
192 0.969099
193 0.96908
194 0.969066
195 0.969081
196 0.969062
197 0.96907
198 0.969051
199 0.969091
200 0.969083
201 0.969105
202 0.969066
203 0.969132
204 0.969106
205 0.969154
206 0.969107
207 0.969072
208 0.969075
209 0.969139
210 0.969185
211 0.969241
212 0.969284
213 0.969457
214 0.969257
215 0.969267
216 0.96916
217 0.969115
218 0.969073
219 0.969158
220 0.969152
221 0.969346
222 0.969204
223 0.9692
224 0.96921
225 0.96923
226 0.969154
227 0.969149
228 0.969074
229 0.969128
230 0.969106
231 0.969072
232 0.96912
233 0.969125
234 0.969221
235 0.969178
236 0.969169
237 0.969212
238 0.969184
239 0.969148
240 0.969177
241 0.969272
242 0.969268
243 0.969232
244 0.969225
245 0.96928
246 0.969302
247 0.96933
248 0.969276
249 0.969201
250 0.969198
251 0.969168
252 0.969163
253 0.96915
254 0.969241
255 0.969126
256 0.969128
257 0.969143
258 0.969102
259 0.969224
260 0.969194
261 0.969156
262 0.969145
263 0.969124
264 0.969101
265 0.969107
266 0.969096
267 0.969121
268 0.969069
269 0.969066
270 0.969119
271 0.969161
272 0.969143
273 0.969093
274 0.969146
275 0.969171
276 0.969139
277 0.969192
278 0.969187
279 0.969163
280 0.969212
281 0.969238
282 0.969295
283 0.969207
284 0.969134
285 0.969131
286 0.969186
287 0.969168
288 0.969234
289 0.969155
290 0.969159
291 0.969207
292 0.969187
293 0.969152
294 0.969106
295 0.969167
296 0.969211
297 0.969179
298 0.969161
299 0.969139
300 0.969128
301 0.969103
302 0.969153
303 0.969121
304 0.969081
305 0.969095
306 0.969142
307 0.969259
