0 0.141257
1 0.147879
2 0.186029
3 0.118808
4 0.0891602
5 0.113726
6 0.146452
7 0.181264
8 0.223624
9 0.260459
10 0.297379
11 0.339244
12 0.373996
13 0.397821
14 0.421951
15 0.453807
16 0.484928
17 0.506868
18 0.527994
19 0.544273
20 0.565007
21 0.58618
22 0.603658
23 0.628108
24 0.639503
25 0.652407
26 0.670058
27 0.685054
28 0.701627
29 0.717592
30 0.730154
31 0.74416
32 0.756769
33 0.769147
34 0.777432
35 0.787607
36 0.796593
37 0.806756
38 0.813517
39 0.820022
40 0.826288
41 0.833924
42 0.840395
43 0.845956
44 0.853196
45 0.857833
46 0.864042
47 0.869176
48 0.872924
49 0.877286
50 0.880759
51 0.883901
52 0.888035
53 0.892474
54 0.896334
55 0.899137
56 0.901876
57 0.903669
58 0.906263
59 0.908335
60 0.910869
61 0.913139
62 0.915126
63 0.91656
64 0.918287
65 0.919745
66 0.921561
67 0.922326
68 0.92391
69 0.925886
70 0.926548
71 0.92828
72 0.929918
73 0.929842
74 0.930887
75 0.931495
76 0.932681
77 0.934128
78 0.934281
79 0.934586
80 0.936017
81 0.936661
82 0.937903
83 0.939286
84 0.94029
85 0.941359
86 0.94237
87 0.943237
88 0.944321
89 0.944945
90 0.945579
91 0.945332
92 0.945688
93 0.945839
94 0.946456
95 0.94712
96 0.947737
97 0.948469
98 0.949256
99 0.950467
100 0.950817
101 0.951498
102 0.951746
103 0.952139
104 0.952814
105 0.953449
106 0.954196
107 0.954717
108 0.955446
109 0.955764
110 0.956227
111 0.956846
112 0.956943
113 0.957773
114 0.958407
115 0.95919
116 0.959903
117 0.96037
118 0.961198
119 0.962378
120 0.963386
121 0.964079
122 0.964768
123 0.965447
124 0.96602
125 0.966492
126 0.966829
127 0.967328
128 0.967628
129 0.967689
130 0.96774
131 0.968004
132 0.968049
133 0.968572
134 0.96896
135 0.969233
136 0.969448
137 0.969929
138 0.970172
139 0.97038
140 0.970551
141 0.970586
142 0.970618
143 0.970658
144 0.970649
145 0.970587
146 0.970646
147 0.9707
148 0.970707
149 0.970735
150 0.970802
151 0.970828
152 0.970746
153 0.970688
154 0.970704
155 0.970645
156 0.97064
157 0.970648
158 0.970619
159 0.970614
160 0.970631
161 0.970601
162 0.970587
163 0.97059
164 0.970624
165 0.970686
166 0.970629
167 0.970653
168 0.970636
169 0.970631
170 0.970632
171 0.970612
172 0.970627
173 0.970633
174 0.970712
175 0.970748
176 0.970633
177 0.970698
178 0.970674
179 0.970623
180 0.970591
181 0.970633
182 0.970584
183 0.970647
184 0.970617
185 0.970616
186 0.970635
187 0.970615
188 0.970625
189 0.970633
190 0.970621
191 0.970651
192 0.970656
193 0.970641
194 0.970618
195 0.970605
196 0.970634
197 0.970621
198 0.970634
199 0.970648
200 0.970666
201 0.970716
202 0.970681
203 0.970716
204 0.970652
205 0.970683
206 0.970651
207 0.970636
208 0.970628
209 0.970634
210 0.970665
211 0.970694
212 0.97074
213 0.970857
214 0.970726
215 0.970735
216 0.970643
217 0.970606
218 0.970573
219 0.970639
220 0.970663
221 0.970795
222 0.970709
223 0.970742
224 0.97076
225 0.970742
226 0.970661
227 0.970672
228 0.970604
229 0.970636
230 0.970618
231 0.970578
232 0.970615
233 0.970649
234 0.970705
235 0.970665
236 0.970644
237 0.970685
238 0.970665
239 0.970644
240 0.970714
241 0.970786
242 0.970787
243 0.97076
244 0.970747
245 0.970775
246 0.970776
247 0.970793
248 0.970728
249 0.970666
250 0.970667
251 0.970657
252 0.970646
253 0.97064
254 0.970715
255 0.970621
256 0.970625
257 0.970634
258 0.9706
259 0.970714
260 0.97071
261 0.970692
262 0.970765
263 0.970759
264 0.970695
265 0.970706
266 0.970753
267 0.970776
268 0.970701
269 0.970658
270 0.970731
271 0.970736
272 0.970655
273 0.970607
274 0.970643
275 0.970653
276 0.97064
277 0.970705
278 0.970666
279 0.970654
280 0.970684
281 0.970697
282 0.97075
283 0.970684
284 0.970618
285 0.970623
286 0.97066
287 0.970647
288 0.970712
289 0.970659
290 0.970664
291 0.970696
292 0.970669
293 0.97067
294 0.970615
295 0.970642
296 0.970671
297 0.970651
298 0.970647
299 0.970625
300 0.970623
301 0.970604
302 0.970637
303 0.970623
304 0.970591
305 0.970589
306 0.970636
307 0.970725
