0 -0.077704
1 0.0911964
2 0.221074
3 0.285013
4 0.288613
5 0.326178
6 0.338082
7 0.342654
8 0.352603
9 0.364993
10 0.412683
11 0.433736
12 0.453366
13 0.477076
14 0.498143
15 0.525007
16 0.547514
17 0.567262
18 0.59228
19 0.60938
20 0.640369
21 0.66143
22 0.676683
23 0.697019
24 0.705839
25 0.718578
26 0.732521
27 0.744164
28 0.755196
29 0.764129
30 0.769966
31 0.780033
32 0.786343
33 0.797069
34 0.80471
35 0.816847
36 0.824524
37 0.828108
38 0.834113
39 0.843476
40 0.849835
41 0.860264
42 0.867991
43 0.8724
44 0.876064
45 0.881452
46 0.884429
47 0.886886
48 0.891126
49 0.894484
50 0.898219
51 0.900943
52 0.904249
53 0.90681
54 0.90754
55 0.909249
56 0.911339
57 0.912341
58 0.914342
59 0.917349
60 0.919096
61 0.921852
62 0.92258
63 0.924613
64 0.927077
65 0.929748
66 0.930395
67 0.930809
68 0.933016
69 0.933356
70 0.933444
71 0.935121
72 0.933863
73 0.935016
74 0.934383
75 0.9336
76 0.935951
77 0.937765
78 0.936683
79 0.93936
80 0.941206
81 0.942222
82 0.94302
83 0.944242
84 0.946034
85 0.947363
86 0.949516
87 0.950605
88 0.952426
89 0.955644
90 0.957045
91 0.958828
92 0.961317
93 0.962323
94 0.963621
95 0.964704
96 0.964974
97 0.965236
98 0.965205
99 0.965483
100 0.965776
101 0.965579
102 0.965523
103 0.965538
104 0.965554
105 0.965565
106 0.96561
107 0.965681
108 0.965541
109 0.965634
110 0.965587
111 0.965511
112 0.96556
113 0.965563
114 0.965625
115 0.965697
116 0.965667
117 0.965708
118 0.965828
119 0.965543
120 0.965615
121 0.965555
122 0.965661
123 0.965658
124 0.965736
125 0.965911
126 0.965696
127 0.965669
128 0.965626
129 0.965662
130 0.96564
131 0.965623
132 0.965855
133 0.965872
134 0.965896
135 0.965709
136 0.965806
137 0.966024
138 0.966041
139 0.965995
140 0.966225
141 0.96605
142 0.96584
143 0.965562
144 0.965639
145 0.965574
146 0.965541
147 0.965582
148 0.965654
149 0.965587
150 0.965758
151 0.965662
152 0.965578
153 0.965601
154 0.965663
155 0.965522
156 0.965559
157 0.965473
158 0.965488
159 0.965535
160 0.965664
161 0.965609
162 0.965632
163 0.965552
164 0.965619
165 0.965581
166 0.965565
167 0.965509
168 0.965493
169 0.965501
170 0.965497
171 0.965515
172 0.965547
173 0.965543
174 0.96561
175 0.965503
176 0.965583
177 0.965545
178 0.965562
179 0.965544
180 0.965643
181 0.9655
182 0.965535
183 0.96557
184 0.96559
185 0.9656
186 0.965526
187 0.965531
188 0.965485
189 0.965535
190 0.966027
191 0.966113
192 0.965974
193 0.965888
194 0.965941
195 0.965883
196 0.965743
197 0.96567
198 0.965703
199 0.965594
200 0.965511
201 0.965518
202 0.965496
203 0.965484
204 0.965499
205 0.965554
206 0.965563
207 0.965728
208 0.96555
209 0.965569
210 0.965563
211 0.965731
212 0.965551
213 0.965504
214 0.965509
215 0.965537
216 0.965778
217 0.965537
218 0.96553
219 0.965523
220 0.965601
221 0.965713
222 0.965591
223 0.965607
224 0.965545
225 0.965629
226 0.965521
227 0.965507
228 0.965672
229 0.965619
230 0.965726
231 0.965729
232 0.965741
233 0.965719
234 0.966047
235 0.96594
236 0.966077
237 0.965842
238 0.966124
239 0.96596
240 0.966032
241 0.965891
242 0.965568
243 0.965673
244 0.96565
245 0.965727
246 0.965633
247 0.965556
248 0.965689
249 0.965552
250 0.965553
251 0.965583
252 0.965561
253 0.965643
254 0.965629
255 0.965553
256 0.965492
257 0.965541
258 0.965594
259 0.965711
260 0.965616
261 0.96549
262 0.965458
263 0.965508
264 0.965499
265 0.965553
266 0.965588
267 0.965571
268 0.965685
269 0.965694
270 0.965507
271 0.965631
272 0.965481
273 0.965514
274 0.965508
275 0.965483
276 0.965578
277 0.965542
278 0.965621
279 0.965762
280 0.965533
281 0.965513
282 0.965523
283 0.965511
284 0.965506
285 0.965472
286 0.965524
287 0.965557
288 0.965578
289 0.965556
290 0.965588
291 0.96566
292 0.965565
293 0.965614
294 0.965545
295 0.965508
296 0.965523
297 0.965596
298 0.965599
299 0.965522
300 0.965434
301 0.965565
302 0.965568
303 0.965628
304 0.965699
305 0.96563
306 0.965723
307 0.965772
