0 0.176349
1 0.169285
2 0.221337
3 0.191147
4 0.181356
5 0.205051
6 0.226309
7 0.246399
8 0.27447
9 0.296908
10 0.327798
11 0.364824
12 0.395192
13 0.420237
14 0.447919
15 0.479022
16 0.508687
17 0.535972
18 0.557755
19 0.575445
20 0.595218
21 0.617098
22 0.634817
23 0.656405
24 0.668064
25 0.681707
26 0.697238
27 0.710944
28 0.727254
29 0.741025
30 0.751195
31 0.764245
32 0.775485
33 0.787052
34 0.795008
35 0.805451
36 0.813125
37 0.822953
38 0.829978
39 0.837028
40 0.843211
41 0.850599
42 0.856506
43 0.861486
44 0.867931
45 0.872978
46 0.878135
47 0.882763
48 0.88637
49 0.890406
50 0.893786
51 0.896702
52 0.900306
53 0.903942
54 0.907931
55 0.910705
56 0.913511
57 0.914962
58 0.917457
59 0.919263
60 0.92118
61 0.922875
62 0.924806
63 0.925767
64 0.926881
65 0.928136
66 0.929644
67 0.930593
68 0.93195
69 0.933303
70 0.933686
71 0.935165
72 0.936498
73 0.936288
74 0.937173
75 0.937927
76 0.938754
77 0.939954
78 0.940301
79 0.940395
80 0.941568
81 0.942123
82 0.943116
83 0.94414
84 0.94516
85 0.946003
86 0.946664
87 0.947376
88 0.948196
89 0.94854
90 0.948683
91 0.948709
92 0.949022
93 0.949118
94 0.949699
95 0.950381
96 0.950899
97 0.951548
98 0.952403
99 0.953916
100 0.954892
101 0.955781
102 0.956491
103 0.957282
104 0.958057
105 0.958971
106 0.95979
107 0.960591
108 0.961183
109 0.96164
110 0.962273
111 0.962808
112 0.962923
113 0.963759
114 0.964597
115 0.965324
116 0.965883
117 0.966476
118 0.967175
119 0.968091
120 0.968989
121 0.969568
122 0.97015
123 0.970749
124 0.971158
125 0.971495
126 0.971732
127 0.972086
128 0.972289
129 0.972349
130 0.972382
131 0.972561
132 0.972579
133 0.972947
134 0.973221
135 0.973423
136 0.973576
137 0.973902
138 0.974057
139 0.974208
140 0.97433
141 0.97437
142 0.97438
143 0.974414
144 0.974407
145 0.97437
146 0.974401
147 0.97445
148 0.974487
149 0.974515
150 0.974605
151 0.974603
152 0.974503
153 0.974447
154 0.974474
155 0.974434
156 0.9744
157 0.974404
158 0.974403
159 0.974399
160 0.974386
161 0.974358
162 0.974378
163 0.974394
164 0.974406
165 0.974424
166 0.974392
167 0.974398
168 0.974388
169 0.974374
170 0.974379
171 0.974365
172 0.974381
173 0.974382
174 0.974454
175 0.974488
176 0.974388
177 0.974428
178 0.974409
179 0.97437
180 0.974357
181 0.974382
182 0.974355
183 0.974396
184 0.974389
185 0.974381
186 0.974392
187 0.974383
188 0.974387
189 0.974393
190 0.974384
191 0.974429
192 0.974409
193 0.974385
194 0.974379
195 0.974361
196 0.974377
197 0.97437
198 0.974376
199 0.974394
200 0.974407
201 0.97446
202 0.974438
203 0.974445
204 0.97442
205 0.974437
206 0.97441
207 0.974394
208 0.974386
209 0.974387
210 0.974408
211 0.97443
212 0.974458
213 0.974537
214 0.974448
215 0.974453
216 0.974387
217 0.974361
218 0.974337
219 0.9744
220 0.974416
221 0.974498
222 0.974433
223 0.974458
224 0.974465
225 0.974464
226 0.974425
227 0.974439
228 0.974395
229 0.974408
230 0.974401
231 0.974367
232 0.974395
233 0.974445
234 0.974473
235 0.974445
236 0.97446
237 0.974481
238 0.974444
239 0.974421
240 0.974461
241 0.974509
242 0.974558
243 0.974521
244 0.974498
245 0.974523
246 0.974559
247 0.974589
248 0.974514
249 0.97444
250 0.974407
251 0.974394
252 0.974397
253 0.974394
254 0.97445
255 0.974377
256 0.974378
257 0.974407
258 0.974403
259 0.974495
260 0.97447
261 0.974427
262 0.974476
263 0.974483
264 0.974444
265 0.974463
266 0.974493
267 0.97449
268 0.974452
269 0.974413
270 0.974464
271 0.9745
272 0.974463
273 0.974404
274 0.974417
275 0.974452
276 0.974431
277 0.974456
278 0.974429
279 0.974401
280 0.97441
281 0.974422
282 0.974469
283 0.97443
284 0.974379
285 0.974376
286 0.974404
287 0.974396
288 0.974437
289 0.974397
290 0.974403
291 0.974425
292 0.974405
293 0.974404
294 0.974366
295 0.974389
296 0.974405
297 0.974402
298 0.974412
299 0.974399
300 0.974398
301 0.974361
302 0.974377
303 0.97438
304 0.974352
305 0.974352
306 0.974386
307 0.974449
