0 2.20036e-08
84.5 0.000330478
169 0.000239519
253.5 0.000102338
338 0.000178792
422.5 0.000141022
507 0.000107968
591.5 0.000100617
676 5.53997e-05
760.5 5.93037e-05
845 5.36613e-05
929.5 0.000105811
1014 8.45283e-05
1098.5 0.000108819
1183 7.46391e-05
1267.5 7.84644e-05
1352 8.40111e-05
1436.5 5.67008e-05
1521 5.92512e-05
1605.5 6.07646e-05
1690 5.24901e-05
1774.5 4.40786e-05
1859 8.76055e-05
1943.5 6.15031e-05
2028 5.30941e-05
2112.5 5.73969e-05
2197 6.32135e-05
2281.5 6.4884e-05
2366 6.1975e-05
2450.5 5.13308e-05
2535 4.952e-05
2619.5 7.25979e-05
2704 5.77043e-05
2788.5 4.94367e-05
2873 5.82972e-05
2957.5 7.65775e-05
3042 6.48326e-05
3126.5 5.13517e-05
3211 6.36957e-05
3295.5 5.68039e-05
3380 6.72614e-05
3464.5 6.55094e-05
3549 5.42737e-05
3633.5 6.46937e-05
3718 7.93667e-05
3802.5 3.44519e-05
3887 3.27803e-05
3971.5 3.90035e-05
4056 5.53237e-05
4140.5 6.40695e-05
4225 5.0597e-05
4309.5 5.66423e-05
4394 4.10349e-05
4478.5 5.46625e-05
4563 5.40021e-05
4647.5 5.80891e-05
4732 3.69398e-05
4816.5 3.8741e-05
4901 5.0863e-05
4985.5 3.90779e-05
5070 0.000104306
5154.5 6.31201e-05
5239 4.61934e-05
5323.5 3.87331e-05
5408 0.000101354
5492.5 3.94542e-05
5577 4.27437e-05
5661.5 3.66702e-05
5746 3.12241e-05
5830.5 3.90024e-05
5915 3.39684e-05
5999.5 3.33644e-05
6084 4.02797e-05
6168.5 2.42492e-05
6253 2.92175e-05
6337.5 4.41738e-05
6422 3.93873e-05
6506.5 3.29542e-05
6591 2.75406e-05
6675.5 4.56834e-05
6760 4.32421e-05
6844.5 3.36274e-05
6929 2.93496e-05
7013.5 3.0139e-05
7098 2.61822e-05
7182.5 3.47254e-05
7267 4.03467e-05
7351.5 3.85096e-05
7436 3.61619e-05
7520.5 3.00299e-05
7605 2.84717e-05
7689.5 3.08476e-05
7774 4.7458e-05
7858.5 5.37285e-05
7943 4.29337e-05
8027.5 4.36099e-05
8112 3.84448e-05
8196.5 3.60258e-05
8281 2.75397e-05
8365.5 2.78334e-05
8450 2.75476e-05
