0 0.000100893
84.5 0.0131415
169 0.010536
253.5 0.00756904
338 0.00953921
422.5 0.00814503
507 0.00746331
591.5 0.00719246
676 0.00562885
760.5 0.0055057
845 0.00528366
929.5 0.00672987
1014 0.00677754
1098.5 0.0071705
1183 0.00591996
1267.5 0.00665012
1352 0.00643174
1436.5 0.00534551
1521 0.00523104
1605.5 0.00530037
1690 0.00528002
1774.5 0.00478835
1859 0.00603255
1943.5 0.00558753
2028 0.00529243
2112.5 0.00560447
2197 0.00563987
2281.5 0.00551676
2366 0.00554713
2450.5 0.00532632
2535 0.00552202
2619.5 0.00571953
2704 0.00521905
2788.5 0.00508179
2873 0.00501627
2957.5 0.00578682
3042 0.00561184
3126.5 0.00558901
3211 0.00558353
3295.5 0.00529699
3380 0.00551821
3464.5 0.00580933
3549 0.00500771
3633.5 0.00569156
3718 0.0057166
3802.5 0.00418664
3887 0.00408837
3971.5 0.00431039
4056 0.00485473
4140.5 0.00526785
4225 0.00510105
4309.5 0.00506138
4394 0.00479878
4478.5 0.00515008
4563 0.00514657
4647.5 0.00535783
4732 0.00443372
4816.5 0.00436424
4901 0.00457635
4985.5 0.0045331
5070 0.00533218
5154.5 0.00536333
5239 0.00481507
5323.5 0.00455757
5408 0.00503406
5492.5 0.00443091
5577 0.00468435
5661.5 0.00456024
5746 0.00398733
5830.5 0.00434867
5915 0.00418108
5999.5 0.00418096
6084 0.00456444
6168.5 0.00365263
6253 0.00393482
6337.5 0.004215
6422 0.00395488
6506.5 0.00416377
6591 0.00391325
6675.5 0.00475004
6760 0.00459611
6844.5 0.00419789
6929 0.00376078
7013.5 0.00389449
7098 0.00382289
7182.5 0.00413259
7267 0.00423734
7351.5 0.0039424
7436 0.00413173
7520.5 0.00394407
7605 0.00379622
7689.5 0.00388614
7774 0.0043166
7858.5 0.00431585
7943 0.00396087
8027.5 0.0044243
8112 0.00438414
8196.5 0.00408939
8281 0.00385905
8365.5 0.00387141
8450 0.00387329
