0 -0.161577
84.5 0.0863971
169 -0.15767
253.5 0.213697
338 0.0351723
422.5 -0.125702
507 0.0616444
591.5 0.0550134
676 0.251491
760.5 0.0436021
845 0.0778292
929.5 -0.336239
1014 0.159832
1098.5 -0.116434
1183 -0.129755
1267.5 0.225754
1352 -0.0308553
1436.5 0.0156876
1521 -0.165313
1605.5 -0.16291
1690 0.117193
1774.5 0.0775436
1859 -0.407299
1943.5 0.0300423
2028 0.104446
2112.5 0.172661
2197 0.012661
2281.5 -0.131911
2366 -0.0140938
2450.5 0.190642
2535 0.376003
2619.5 -0.219234
2704 -0.118486
2788.5 0.085673
2873 -0.316788
2957.5 -0.286764
3042 -0.0586519
3126.5 0.356062
3211 -0.0431121
3295.5 -0.0245139
3380 -0.208867
3464.5 0.0588845
3549 -0.164264
3633.5 0.00290466
3718 -0.428634
3802.5 0.034458
3887 0.0388405
3971.5 -0.0992873
4056 -0.347365
4140.5 -0.308793
4225 0.0555146
4309.5 -0.211073
4394 0.218068
4478.5 -0.0609207
4563 -0.0388034
4647.5 -0.023568
4732 0.120865
4816.5 -0.0340072
4901 -0.428643
4985.5 0.0983058
5070 -1.66859
5154.5 -0.194314
5239 0.00760728
5323.5 0.135273
5408 -1.99951
5492.5 -0.00958463
5577 0.0520678
5661.5 0.236652
5746 0.0360694
5830.5 -0.0624252
5915 0.0568865
5999.5 0.0913321
6084 0.0666515
6168.5 0.182447
6253 0.112912
6337.5 -0.486393
6422 -0.518188
6506.5 0.0992005
6591 0.201549
6675.5 -0.0247141
6760 -0.0470424
6844.5 0.0917658
6929 -0.0751332
7013.5 0.0128612
7098 0.208477
7182.5 -0.0333051
7267 -0.247093
7351.5 -0.477694
7436 -0.118295
7520.5 0.0695227
7605 0.0243492
7689.5 -0.0426074
7774 -0.546983
7858.5 -0.884511
7943 -0.736632
8027.5 -0.227908
8112 -0.000177066
8196.5 -0.154257
8281 0.150733
8365.5 0.142931
8450 0.163786
