0 5.93773e-07
6.25 0.00213068
12.5 0.00688795
18.75 0.0129869
25 0.0192892
31.25 0.0267243
37.5 0.0352529
43.75 0.0437665
50 0.0528883
56.25 0.0627438
62.5 0.0734187
68.75 0.0844958
75 0.0959825
81.25 0.107799
87.5 0.12039
93.75 0.133028
100 0.146413
106.25 0.157691
112.5 0.169151
118.75 0.180988
125 0.192466
131.25 0.204598
137.5 0.217701
143.75 0.229992
150 0.241638
156.25 0.253835
162.5 0.266498
168.75 0.279093
175 0.291107
181.25 0.302048
187.5 0.315255
193.75 0.327346
200 0.339723
206.25 0.351505
212.5 0.364928
218.75 0.376398
225 0.388229
231.25 0.399449
237.5 0.409923
243.75 0.419154
250 0.429506
256.25 0.438754
262.5 0.447918
268.75 0.456936
275 0.464496
281.25 0.473958
287.5 0.482221
293.75 0.49205
300 0.499681
306.25 0.508854
312.5 0.51625
318.75 0.524179
325 0.532134
331.25 0.541212
337.5 0.550229
343.75 0.556797
350 0.564473
356.25 0.573398
362.5 0.581255
368.75 0.588021
375 0.594743
381.25 0.601773
387.5 0.608643
393.75 0.615379
400 0.619943
406.25 0.62651
412.5 0.633325
418.75 0.639265
425 0.643171
431.25 0.649802
437.5 0.655717
443.75 0.660743
450 0.66616
456.25 0.671546
462.5 0.675876
468.75 0.679739
475 0.683156
481.25 0.68683
487.5 0.690371
493.75 0.69509
500 0.698446
506.25 0.702992
512.5 0.706272
518.75 0.710947
525 0.714116
531.25 0.716739
537.5 0.719484
543.75 0.723146
550 0.726387
556.25 0.730397
562.5 0.732631
568.75 0.736077
575 0.739861
581.25 0.743964
587.5 0.747007
593.75 0.749731
600 0.752734
606.25 0.755601
612.5 0.759459
618.75 0.762977
625 0.765724
631.25 0.768305
637.5 0.770646
643.75 0.773338
650 0.775481
656.25 0.776635
662.5 0.779094
668.75 0.780375
675 0.782681
681.25 0.784481
687.5 0.78704
693.75 0.789001
700 0.791972
706.25 0.793264
712.5 0.795715
718.75 0.797968
725 0.800492
731.25 0.801949
737.5 0.804461
743.75 0.806568
750 0.80733
756.25 0.808662
762.5 0.810763
768.75 0.813158
775 0.814926
781.25 0.817127
787.5 0.81921
793.75 0.820515
800 0.823302
806.25 0.824444
812.5 0.826634
818.75 0.828197
825 0.828774
831.25 0.830741
837.5 0.832176
843.75 0.834243
850 0.835864
856.25 0.837054
862.5 0.838692
868.75 0.839144
875 0.839699
881.25 0.840785
887.5 0.840758
893.75 0.841866
900 0.842784
906.25 0.844747
912.5 0.845372
918.75 0.846475
925 0.847454
931.25 0.848194
937.5 0.84873
943.75 0.849089
950 0.850904
956.25 0.852212
962.5 0.85341
968.75 0.853633
975 0.854175
981.25 0.856468
987.5 0.856871
993.75 0.857895
1000 0.859525
1006.25 0.860249
1012.5 0.862127
1018.75 0.863606
1025 0.865387
1031.25 0.866246
1037.5 0.86711
1043.75 0.868113
1050 0.868421
1056.25 0.868757
1062.5 0.870323
1068.75 0.869478
1075 0.870851
1081.25 0.872332
1087.5 0.872085
1093.75 0.872758
1100 0.872817
1106.25 0.872487
1112.5 0.874145
1118.75 0.873894
1125 0.873474
1131.25 0.873999
1137.5 0.874431
1143.75 0.874824
1150 0.875701
1156.25 0.876199
1162.5 0.875496
1168.75 0.876338
1175 0.876852
1181.25 0.877152
1187.5 0.87707
1193.75 0.878684
1200 0.877972
1206.25 0.878232
1212.5 0.878804
1218.75 0.879748
1225 0.879667
1231.25 0.880484
1237.5 0.880659
1243.75 0.881255
1250 0.881755
