0 7.0878e-07
6.25 0.00204305
12.5 0.00643552
18.75 0.0121422
25 0.018724
31.25 0.026422
37.5 0.035315
43.75 0.0444666
50 0.0542749
56.25 0.0650713
62.5 0.0765523
68.75 0.0881925
75 0.0998777
81.25 0.11227
87.5 0.125747
93.75 0.138766
100 0.151356
106.25 0.16371
112.5 0.176607
118.75 0.188981
125 0.201782
131.25 0.214675
137.5 0.228039
143.75 0.241138
150 0.253095
156.25 0.266058
162.5 0.277951
168.75 0.289898
175 0.301487
181.25 0.313117
187.5 0.325021
193.75 0.337272
200 0.349592
206.25 0.3602
212.5 0.37273
218.75 0.383019
225 0.394585
231.25 0.405553
237.5 0.415755
243.75 0.425874
250 0.436782
256.25 0.446929
262.5 0.45632
268.75 0.466866
275 0.476344
281.25 0.486485
287.5 0.495602
293.75 0.504539
300 0.51272
306.25 0.521565
312.5 0.530115
318.75 0.539269
325 0.547436
331.25 0.555467
337.5 0.563992
343.75 0.571201
350 0.57817
356.25 0.586018
362.5 0.59359
368.75 0.601059
375 0.607747
381.25 0.614498
387.5 0.621396
393.75 0.627447
400 0.632987
406.25 0.639192
412.5 0.646117
418.75 0.653323
425 0.658746
431.25 0.665345
437.5 0.671886
443.75 0.67749
450 0.683431
456.25 0.688779
462.5 0.694425
468.75 0.698627
475 0.703257
481.25 0.707173
487.5 0.711392
493.75 0.716047
500 0.719506
506.25 0.724401
512.5 0.727926
518.75 0.731941
525 0.735898
531.25 0.73938
537.5 0.742481
543.75 0.746096
550 0.74964
556.25 0.753396
562.5 0.756469
568.75 0.759871
575 0.76284
581.25 0.766867
587.5 0.769645
593.75 0.77238
600 0.775213
606.25 0.777928
612.5 0.780811
618.75 0.783582
625 0.78647
631.25 0.788345
637.5 0.79047
643.75 0.793173
650 0.795207
656.25 0.797224
662.5 0.799358
668.75 0.801298
675 0.803009
681.25 0.805061
687.5 0.806787
693.75 0.809049
700 0.811929
706.25 0.812655
712.5 0.815428
718.75 0.817406
725 0.819374
731.25 0.821467
737.5 0.82329
743.75 0.825203
750 0.826783
756.25 0.828226
762.5 0.830164
768.75 0.832323
775 0.833605
781.25 0.835378
787.5 0.837845
793.75 0.838585
800 0.840337
806.25 0.84124
812.5 0.843074
818.75 0.844506
825 0.8459
831.25 0.847712
837.5 0.848775
843.75 0.850519
850 0.852211
856.25 0.853278
862.5 0.854616
868.75 0.855066
875 0.855904
881.25 0.85692
887.5 0.857789
893.75 0.859147
900 0.860638
906.25 0.862626
912.5 0.86321
918.75 0.864802
925 0.865205
931.25 0.865739
937.5 0.865704
943.75 0.866082
950 0.86693
956.25 0.868062
962.5 0.868722
968.75 0.869294
975 0.869953
981.25 0.870806
987.5 0.871603
993.75 0.872522
1000 0.873532
1006.25 0.874558
1012.5 0.875557
1018.75 0.876433
1025 0.87799
1031.25 0.878654
1037.5 0.879077
1043.75 0.879663
1050 0.880115
1056.25 0.880563
1062.5 0.88117
1068.75 0.880555
1075 0.881547
1081.25 0.882581
1087.5 0.882744
1093.75 0.883172
1100 0.883228
1106.25 0.88344
1112.5 0.88425
1118.75 0.884176
1125 0.884255
1131.25 0.885086
1137.5 0.885517
1143.75 0.886128
1150 0.886422
1156.25 0.886661
1162.5 0.886043
1168.75 0.886285
1175 0.887113
1181.25 0.887521
1187.5 0.887906
1193.75 0.888519
1200 0.887766
1206.25 0.887959
1212.5 0.88796
1218.75 0.888753
1225 0.888839
1231.25 0.889255
1237.5 0.889393
1243.75 0.890014
1250 0.890255
