0 0.000596372
6.25 0.0322907
12.5 0.0579834
18.75 0.080002
25 0.100472
31.25 0.120292
37.5 0.140232
43.75 0.158062
50 0.176076
56.25 0.193571
62.5 0.210916
68.75 0.227329
75 0.242812
81.25 0.258378
87.5 0.273933
93.75 0.289054
100 0.303295
106.25 0.31661
112.5 0.330735
118.75 0.343855
125 0.35697
131.25 0.369987
137.5 0.38323
143.75 0.395845
150 0.407016
156.25 0.419147
162.5 0.430333
168.75 0.441345
175 0.452015
181.25 0.462786
187.5 0.47374
193.75 0.484479
200 0.495631
206.25 0.505028
212.5 0.515495
218.75 0.524714
225 0.53471
231.25 0.544371
237.5 0.552962
243.75 0.561521
250 0.571033
256.25 0.579652
262.5 0.587695
268.75 0.59651
275 0.604533
281.25 0.612757
287.5 0.62029
293.75 0.627545
300 0.634225
306.25 0.641424
312.5 0.648258
318.75 0.655349
325 0.662371
331.25 0.668796
337.5 0.675651
343.75 0.681557
350 0.687134
356.25 0.69355
362.5 0.699566
368.75 0.705125
375 0.710621
381.25 0.716007
387.5 0.721678
393.75 0.726469
400 0.731055
406.25 0.735901
412.5 0.741294
418.75 0.746715
425 0.750881
431.25 0.755778
437.5 0.760715
443.75 0.764968
450 0.769418
456.25 0.773504
462.5 0.778029
468.75 0.781374
475 0.784926
481.25 0.788045
487.5 0.791502
493.75 0.795388
500 0.798503
506.25 0.802198
512.5 0.805111
518.75 0.808349
525 0.811546
531.25 0.814244
537.5 0.816621
543.75 0.819555
550 0.822212
556.25 0.825162
562.5 0.82776
568.75 0.830586
575 0.832758
581.25 0.835811
587.5 0.838015
593.75 0.840283
600 0.842429
606.25 0.844537
612.5 0.846674
618.75 0.848788
625 0.850742
631.25 0.852228
637.5 0.854003
643.75 0.855992
650 0.857684
656.25 0.85929
662.5 0.860969
668.75 0.862498
675 0.863988
681.25 0.865645
687.5 0.866962
693.75 0.868695
700 0.870881
706.25 0.871772
712.5 0.873782
718.75 0.875465
725 0.877065
731.25 0.87872
737.5 0.880119
743.75 0.881639
750 0.883084
756.25 0.884283
762.5 0.885744
768.75 0.887397
775 0.888515
781.25 0.889826
787.5 0.891653
793.75 0.892397
800 0.893825
806.25 0.894563
812.5 0.895812
818.75 0.896886
825 0.898029
831.25 0.89937
837.5 0.900296
843.75 0.901491
850 0.902856
856.25 0.903778
862.5 0.904685
868.75 0.905024
875 0.905856
881.25 0.90651
887.5 0.907329
893.75 0.908355
900 0.909273
906.25 0.910594
912.5 0.911136
918.75 0.912124
925 0.912545
931.25 0.913131
937.5 0.913196
943.75 0.913608
950 0.914242
956.25 0.915027
962.5 0.915643
968.75 0.916152
975 0.916745
981.25 0.917424
987.5 0.918054
993.75 0.918735
1000 0.919503
1006.25 0.920232
1012.5 0.920884
1018.75 0.921519
1025 0.922406
1031.25 0.922931
1037.5 0.923261
1043.75 0.923812
1050 0.923995
1056.25 0.924391
1062.5 0.924824
1068.75 0.924643
1075 0.925367
1081.25 0.92597
1087.5 0.926157
1093.75 0.926463
1100 0.926525
1106.25 0.926734
1112.5 0.927284
1118.75 0.927387
1125 0.927507
1131.25 0.928071
1137.5 0.928473
1143.75 0.928974
1150 0.929246
1156.25 0.929461
1162.5 0.929217
1168.75 0.929426
1175 0.929912
1181.25 0.930178
1187.5 0.930429
1193.75 0.930852
1200 0.930519
1206.25 0.930578
1212.5 0.930712
1218.75 0.931192
1225 0.931272
1231.25 0.931587
1237.5 0.931716
1243.75 0.932099
1250 0.932294
