0 0.000552496
6.25 0.0320979
12.5 0.0570666
18.75 0.0786031
25 0.0974594
31.25 0.116314
37.5 0.135438
43.75 0.152038
50 0.1691
56.25 0.185636
62.5 0.202685
68.75 0.219118
75 0.234706
81.25 0.250702
87.5 0.26598
93.75 0.281162
100 0.296688
106.25 0.309534
112.5 0.322507
118.75 0.334875
125 0.347259
131.25 0.359404
137.5 0.372435
143.75 0.3847
150 0.395625
156.25 0.406664
162.5 0.418824
168.75 0.429998
175 0.440769
181.25 0.450474
187.5 0.462244
193.75 0.472676
200 0.483897
206.25 0.494053
212.5 0.505066
218.75 0.515098
225 0.525295
231.25 0.534896
237.5 0.543755
243.75 0.551223
250 0.560893
256.25 0.568997
262.5 0.577162
268.75 0.584561
275 0.591441
281.25 0.599215
287.5 0.606071
293.75 0.61414
300 0.620325
306.25 0.627619
312.5 0.633513
318.75 0.639888
325 0.646677
331.25 0.653953
337.5 0.661004
343.75 0.666708
350 0.672611
356.25 0.679527
362.5 0.685671
368.75 0.690386
375 0.695926
381.25 0.70146
387.5 0.706834
393.75 0.7121
400 0.715681
406.25 0.720605
412.5 0.725998
418.75 0.730197
425 0.73333
431.25 0.738325
437.5 0.742762
443.75 0.746396
450 0.750537
456.25 0.754703
462.5 0.758721
468.75 0.761947
475 0.764558
481.25 0.767791
487.5 0.771103
493.75 0.77486
500 0.777895
506.25 0.781376
512.5 0.784198
518.75 0.788163
525 0.790909
531.25 0.792918
537.5 0.794954
543.75 0.798015
550 0.800562
556.25 0.803795
562.5 0.805979
568.75 0.808971
575 0.811681
581.25 0.814519
587.5 0.816737
593.75 0.819185
600 0.821615
606.25 0.823946
612.5 0.826822
618.75 0.829584
625 0.831305
631.25 0.833248
637.5 0.835307
643.75 0.837218
650 0.839042
656.25 0.840239
662.5 0.842264
668.75 0.843504
675 0.845425
681.25 0.847118
687.5 0.848934
693.75 0.850501
700 0.85278
706.25 0.854004
712.5 0.856039
718.75 0.857968
725 0.860023
731.25 0.861346
737.5 0.863273
743.75 0.864936
750 0.86594
756.25 0.867131
762.5 0.868648
768.75 0.870539
775 0.872167
781.25 0.873742
787.5 0.875489
793.75 0.876536
800 0.878655
806.25 0.879548
812.5 0.880946
818.75 0.882112
825 0.882756
831.25 0.884213
837.5 0.8854
843.75 0.886892
850 0.888263
856.25 0.889384
862.5 0.890433
868.75 0.890682
875 0.891343
881.25 0.89214
887.5 0.892621
893.75 0.893527
900 0.894055
906.25 0.895509
912.5 0.896224
918.75 0.896944
925 0.897825
931.25 0.898671
937.5 0.899014
943.75 0.899548
950 0.900752
956.25 0.901761
962.5 0.902821
968.75 0.903292
975 0.903923
981.25 0.905413
987.5 0.905858
993.75 0.906698
1000 0.907848
1006.25 0.908541
1012.5 0.9097
1018.75 0.910688
1025 0.911705
1031.25 0.912329
1037.5 0.912976
1043.75 0.913879
1050 0.914015
1056.25 0.914376
1062.5 0.915305
1068.75 0.915064
1075 0.916126
1081.25 0.916991
1087.5 0.917033
1093.75 0.917503
1100 0.917482
1106.25 0.917483
1112.5 0.918668
1118.75 0.918705
1125 0.918605
1131.25 0.918982
1137.5 0.919403
1143.75 0.919994
1150 0.920661
1156.25 0.921086
1162.5 0.920846
1168.75 0.921398
1175 0.921799
1181.25 0.922025
1187.5 0.922028
1193.75 0.923002
1200 0.922634
1206.25 0.922771
1212.5 0.923306
1218.75 0.923958
1225 0.923976
1231.25 0.924648
1237.5 0.924903
1243.75 0.925303
1250 0.925609
