0 0.0548122
6.25 -0.0680697
12.5 -0.115076
18.75 -0.10197
25 -0.0308016
31.25 0.0246732
37.5 0.0781771
43.75 0.106629
50 0.150426
56.25 0.17927
62.5 0.212835
68.75 0.240138
75 0.257619
81.25 0.284874
87.5 0.29826
93.75 0.317215
100 0.336664
106.25 0.354155
112.5 0.373713
118.75 0.386079
125 0.40395
131.25 0.416078
137.5 0.430507
143.75 0.445943
150 0.456177
156.25 0.465095
162.5 0.480745
168.75 0.490563
175 0.501591
181.25 0.511541
187.5 0.524567
193.75 0.534858
200 0.549161
206.25 0.559929
212.5 0.569422
218.75 0.581377
225 0.593044
231.25 0.603879
237.5 0.613578
243.75 0.620508
250 0.634758
256.25 0.644809
262.5 0.655371
268.75 0.662802
275 0.672121
281.25 0.679998
287.5 0.687197
293.75 0.695408
300 0.701465
306.25 0.708183
312.5 0.713683
318.75 0.719819
325 0.727534
331.25 0.734465
337.5 0.740683
343.75 0.747362
350 0.752285
356.25 0.758225
362.5 0.763668
368.75 0.766301
375 0.771986
381.25 0.777
387.5 0.781773
393.75 0.786442
400 0.789643
406.25 0.793485
412.5 0.79841
418.75 0.801051
425 0.804011
431.25 0.807973
437.5 0.811449
443.75 0.813974
450 0.81741
456.25 0.820975
462.5 0.825906
468.75 0.829172
475 0.83131
481.25 0.834898
487.5 0.83893
493.75 0.842306
500 0.845774
506.25 0.848588
512.5 0.851527
518.75 0.855528
525 0.858395
531.25 0.86
537.5 0.861488
543.75 0.864458
550 0.866612
556.25 0.869506
562.5 0.872185
568.75 0.875246
575 0.877
581.25 0.878629
587.5 0.880149
593.75 0.882775
600 0.884923
606.25 0.887
612.5 0.889086
618.75 0.891359
625 0.89197
631.25 0.893414
637.5 0.895509
643.75 0.896703
650 0.898451
656.25 0.899953
662.5 0.901769
668.75 0.903195
675 0.904948
681.25 0.906813
687.5 0.907935
693.75 0.909243
700 0.91098
706.25 0.912329
712.5 0.914148
718.75 0.915966
725 0.917727
731.25 0.919084
737.5 0.920535
743.75 0.921865
750 0.923347
756.25 0.924532
762.5 0.925502
768.75 0.927002
775 0.92868
781.25 0.929658
787.5 0.931206
793.75 0.932058
800 0.933595
806.25 0.934284
812.5 0.93484
818.75 0.935645
825 0.936457
831.25 0.937443
837.5 0.938461
843.75 0.939402
850 0.940619
856.25 0.941782
862.5 0.94221
868.75 0.942231
875 0.9431
881.25 0.943624
887.5 0.944795
893.75 0.945546
900 0.945643
906.25 0.946615
912.5 0.947517
918.75 0.947835
925 0.948685
931.25 0.949748
937.5 0.949886
943.75 0.950688
950 0.951254
956.25 0.951992
962.5 0.952981
968.75 0.9538
975 0.954596
981.25 0.955238
987.5 0.955772
993.75 0.95646
1000 0.957126
1006.25 0.957837
1012.5 0.958222
1018.75 0.958699
1025 0.958878
1031.25 0.95927
1037.5 0.959708
1043.75 0.960561
1050 0.960502
1056.25 0.960921
1062.5 0.96116
1068.75 0.96162
1075 0.962392
1081.25 0.962586
1087.5 0.962977
1093.75 0.963238
1100 0.96312
1106.25 0.963514
1112.5 0.964224
1118.75 0.964604
1125 0.964877
1131.25 0.965105
1137.5 0.965541
1143.75 0.966404
1150 0.966867
1156.25 0.967234
1162.5 0.967523
1168.75 0.96777
1175 0.968061
1181.25 0.968216
1187.5 0.968318
1193.75 0.968598
1200 0.968613
1206.25 0.968612
1212.5 0.969139
1218.75 0.969486
1225 0.969622
1231.25 0.970163
1237.5 0.970525
1243.75 0.970718
1250 0.970816
