0 0.000397524
9 0.0329432
18 0.0614167
27 0.0894208
36 0.116106
45 0.143339
54 0.169298
63 0.194433
72 0.21778
81 0.242826
90 0.267847
99 0.290844
108 0.312197
117 0.335986
126 0.358834
135 0.381514
144 0.402376
153 0.424089
162 0.443459
171 0.462379
180 0.482605
189 0.50144
198 0.520091
207 0.537124
216 0.55303
225 0.569028
234 0.585213
243 0.600887
252 0.614672
261 0.629578
270 0.644917
279 0.658236
288 0.671113
297 0.68336
306 0.695063
315 0.705879
324 0.715378
333 0.725317
342 0.734919
351 0.744287
360 0.753918
369 0.763483
378 0.771666
387 0.780295
396 0.788419
405 0.796349
414 0.803107
423 0.809621
432 0.816816
441 0.824122
450 0.829394
459 0.835905
468 0.841071
477 0.846855
486 0.852715
495 0.858894
504 0.864243
513 0.868676
522 0.873288
531 0.877198
540 0.881809
549 0.88584
558 0.889122
567 0.892897
576 0.896056
585 0.899626
594 0.902214
603 0.905132
612 0.907768
621 0.910367
630 0.91306
639 0.91564
648 0.917415
657 0.919432
666 0.922004
675 0.923808
684 0.92544
693 0.927046
702 0.92867
711 0.930355
720 0.932321
729 0.932996
738 0.934627
747 0.935785
756 0.936724
765 0.937393
774 0.938589
783 0.939463
792 0.940627
801 0.941104
810 0.941864
819 0.942351
828 0.942742
837 0.943
846 0.943493
855 0.944346
864 0.944713
873 0.945567
882 0.946177
891 0.946578
900 0.947358
909 0.947666
918 0.94842
927 0.948881
936 0.949771
945 0.949898
954 0.95016
963 0.950338
972 0.950938
981 0.95113
990 0.951854
999 0.951731
1008 0.952204
1017 0.952697
1026 0.952816
1035 0.952889
1044 0.952717
1053 0.952678
1062 0.953187
1071 0.95353
1080 0.953291
1089 0.953781
1098 0.953469
1107 0.953173
1116 0.953711
1125 0.953763
1134 0.954033
1143 0.954254
1152 0.95446
1161 0.954176
1170 0.953884
1179 0.954171
1188 0.954441
1197 0.954323
1206 0.954621
1215 0.954931
1224 0.954963
1233 0.955118
1242 0.954871
1251 0.954726
1260 0.954988
1269 0.955141
1278 0.955615
1287 0.955484
1296 0.95575
1305 0.955546
1314 0.955935
1323 0.955856
1332 0.956402
1341 0.95648
1350 0.956348
1359 0.956179
1368 0.956237
1377 0.956485
1386 0.956529
1395 0.956315
1404 0.955641
1413 0.95541
1422 0.956085
1431 0.956028
1440 0.955791
1449 0.955745
1458 0.955353
1467 0.955612
1476 0.955963
1485 0.955887
1494 0.955961
1503 0.955851
1512 0.955654
1521 0.955709
1530 0.955859
1539 0.956012
1548 0.955757
1557 0.955794
1566 0.95595
1575 0.956148
1584 0.956164
1593 0.955977
1602 0.95585
1611 0.956407
1620 0.95637
1629 0.955964
1638 0.956285
1647 0.956093
1656 0.955784
1665 0.955681
1674 0.955454
1683 0.955986
1692 0.955751
1701 0.956279
1710 0.955832
1719 0.95646
1728 0.956247
1737 0.956258
1746 0.956407
1755 0.956441
1764 0.95627
1773 0.956377
1782 0.956608
1791 0.956356
1800 0.956521
