0 0.000395183
9 0.032609
18 0.0600097
27 0.0873965
36 0.114094
45 0.141205
54 0.167119
63 0.191553
72 0.216775
81 0.241323
90 0.266304
99 0.290034
108 0.312487
117 0.335343
126 0.357281
135 0.379676
144 0.400506
153 0.42194
162 0.441323
171 0.459594
180 0.479503
189 0.497868
198 0.517253
207 0.533812
216 0.549369
225 0.565876
234 0.582694
243 0.598022
252 0.61159
261 0.626477
270 0.64219
279 0.655832
288 0.668343
297 0.680136
306 0.691863
315 0.702618
324 0.71197
333 0.721446
342 0.730873
351 0.739876
360 0.748623
369 0.757326
378 0.765568
387 0.773545
396 0.781848
405 0.789722
414 0.796214
423 0.802721
432 0.809709
441 0.817013
450 0.82163
459 0.828617
468 0.83404
477 0.839611
486 0.845407
495 0.851398
504 0.856637
513 0.860806
522 0.865097
531 0.869078
540 0.87382
549 0.877899
558 0.881126
567 0.885402
576 0.888814
585 0.893042
594 0.896194
603 0.899757
612 0.902126
621 0.904614
630 0.907609
639 0.909858
648 0.911685
657 0.913793
666 0.916636
675 0.918108
684 0.919678
693 0.921383
702 0.923766
711 0.925628
720 0.927978
729 0.928703
738 0.930596
747 0.932115
756 0.933317
765 0.933954
774 0.935385
783 0.936322
792 0.937763
801 0.938261
810 0.939098
819 0.939833
828 0.94031
837 0.940755
846 0.941308
855 0.942389
864 0.942835
873 0.943743
882 0.944542
891 0.944974
900 0.946071
909 0.946468
918 0.947307
927 0.947879
936 0.948691
945 0.948763
954 0.949139
963 0.949499
972 0.950407
981 0.95059
990 0.951379
999 0.950989
1008 0.951447
1017 0.951877
1026 0.952176
1035 0.952023
1044 0.951766
1053 0.951743
1062 0.95237
1071 0.952461
1080 0.952152
1089 0.952679
1098 0.952354
1107 0.952444
1116 0.952756
1125 0.952876
1134 0.953175
1143 0.953509
1152 0.953503
1161 0.953344
1170 0.953056
1179 0.953612
1188 0.954023
1197 0.954063
1206 0.954437
1215 0.954738
1224 0.9545
1233 0.954827
1242 0.954602
1251 0.954408
1260 0.954624
1269 0.954873
1278 0.955081
1287 0.955047
1296 0.955528
1305 0.955327
1314 0.955766
1323 0.955712
1332 0.95641
1341 0.956509
1350 0.956499
1359 0.956045
1368 0.956357
1377 0.956506
1386 0.956414
1395 0.955996
1404 0.955675
1413 0.955427
1422 0.956166
1431 0.956119
1440 0.956023
1449 0.955892
1458 0.955268
1467 0.955559
1476 0.956098
1485 0.955856
1494 0.955941
1503 0.95554
1512 0.955516
1521 0.955832
1530 0.95592
1539 0.955847
1548 0.955766
1557 0.955854
1566 0.95573
1575 0.955946
1584 0.956071
1593 0.955919
1602 0.95589
1611 0.956373
1620 0.95625
1629 0.955975
1638 0.956206
1647 0.955836
1656 0.955734
1665 0.955601
1674 0.955419
1683 0.95591
1692 0.95571
1701 0.956623
1710 0.95626
1719 0.956843
1728 0.956265
1737 0.956451
1746 0.956408
1755 0.956486
1764 0.95621
1773 0.955959
1782 0.956265
1791 0.956171
1800 0.956362
