0 3.0687e-07
9 0.00190907
18 0.00647142
27 0.0137924
36 0.0232475
45 0.0351377
54 0.0485849
63 0.0629917
72 0.0786037
81 0.0949599
90 0.112914
99 0.131998
108 0.150892
117 0.170717
126 0.190455
135 0.211737
144 0.231773
153 0.253655
162 0.274128
171 0.293745
180 0.315859
189 0.336796
198 0.358499
207 0.37795
216 0.396784
225 0.416209
234 0.436095
243 0.454101
252 0.471159
261 0.489404
270 0.509355
279 0.526641
288 0.542793
297 0.558334
306 0.572789
315 0.586371
324 0.598579
333 0.610217
342 0.62189
351 0.633631
360 0.644935
369 0.655902
378 0.666889
387 0.67722
396 0.68816
405 0.698093
414 0.706313
423 0.714881
432 0.723482
441 0.732577
450 0.737932
459 0.74718
468 0.753956
477 0.761255
486 0.76874
495 0.776425
504 0.783491
513 0.789538
522 0.794956
531 0.800224
540 0.806348
549 0.811557
558 0.815631
567 0.821133
576 0.825356
585 0.830974
594 0.835247
603 0.840108
612 0.843322
621 0.846813
630 0.850973
639 0.853658
648 0.856269
657 0.859342
666 0.86321
675 0.86503
684 0.867081
693 0.869528
702 0.872768
711 0.875019
720 0.878066
729 0.878477
738 0.881261
747 0.883372
756 0.884843
765 0.885395
774 0.887372
783 0.888344
792 0.890626
801 0.891102
810 0.892488
819 0.893173
828 0.893658
837 0.894152
846 0.894652
855 0.896298
864 0.896621
873 0.897814
882 0.898882
891 0.899511
900 0.901105
909 0.90162
918 0.902947
927 0.903638
936 0.904929
945 0.904824
954 0.905283
963 0.905875
972 0.90745
981 0.907457
990 0.908928
999 0.908113
1008 0.908866
1017 0.909481
1026 0.909808
1035 0.909266
1044 0.90875
1053 0.908554
1062 0.909659
1071 0.909644
1080 0.909016
1089 0.90991
1098 0.909272
1107 0.909343
1116 0.90973
1125 0.909922
1134 0.910437
1143 0.911015
1152 0.91096
1161 0.910462
1170 0.909849
1179 0.910774
1188 0.911508
1197 0.911488
1206 0.91209
1215 0.912609
1224 0.911995
1233 0.912597
1242 0.912069
1251 0.911447
1260 0.911827
1269 0.912183
1278 0.912465
1287 0.91233
1296 0.91323
1305 0.912833
1314 0.913621
1323 0.913455
1332 0.914774
1341 0.914943
1350 0.914927
1359 0.914054
1368 0.914651
1377 0.914933
1386 0.914755
1395 0.913965
1404 0.913351
1413 0.912875
1422 0.914285
1431 0.914196
1440 0.914015
1449 0.913761
1458 0.912574
1467 0.913126
1476 0.91416
1485 0.913699
1494 0.913856
1503 0.913097
1512 0.913052
1521 0.913645
1530 0.913813
1539 0.913667
1548 0.913517
1557 0.913686
1566 0.913451
1575 0.913864
1584 0.914103
1593 0.913815
1602 0.91376
1611 0.914679
1620 0.914445
1629 0.913918
1638 0.914356
1647 0.913656
1656 0.91346
1665 0.913206
1674 0.912861
1683 0.913799
1692 0.913413
1701 0.915156
1710 0.914462
1719 0.915578
1728 0.914474
1737 0.914832
1746 0.914746
1755 0.914891
1764 0.914371
1773 0.913888
1782 0.914475
1791 0.914297
1800 0.914658
