0 3.04053e-07
9 0.00192071
18 0.00673527
27 0.0142814
36 0.0238432
45 0.035811
54 0.049345
63 0.0642359
72 0.0783138
81 0.0952559
90 0.113235
99 0.131823
108 0.150041
117 0.171093
126 0.19187
135 0.213486
144 0.233518
153 0.255945
162 0.276376
171 0.296933
180 0.31955
189 0.340901
198 0.361826
207 0.381644
216 0.400431
225 0.419145
234 0.438016
243 0.456328
252 0.473356
261 0.491588
270 0.511095
279 0.527609
288 0.543906
297 0.559516
306 0.573903
315 0.587573
324 0.600006
333 0.612172
342 0.623991
351 0.635998
360 0.648216
369 0.660406
378 0.671158
387 0.682519
396 0.693156
405 0.703253
414 0.712015
423 0.72048
432 0.729261
441 0.738657
450 0.745109
459 0.753942
468 0.760433
477 0.768245
486 0.776075
495 0.784289
504 0.791567
513 0.798043
522 0.804135
531 0.809382
540 0.815529
549 0.82068
558 0.82498
567 0.829905
576 0.833955
585 0.838741
594 0.842168
603 0.846099
612 0.849831
621 0.85353
630 0.857242
639 0.860569
648 0.863062
657 0.866026
666 0.869601
675 0.872072
684 0.874453
693 0.876884
702 0.878977
711 0.88123
720 0.883745
729 0.884228
738 0.886564
747 0.888185
756 0.889335
765 0.88996
774 0.891631
783 0.892628
792 0.894417
801 0.894913
810 0.896186
819 0.896485
828 0.896854
837 0.897025
846 0.897504
855 0.898822
864 0.899097
873 0.900285
882 0.901011
891 0.901669
900 0.902724
909 0.903099
918 0.904222
927 0.904723
936 0.906219
945 0.90616
954 0.906431
963 0.906634
972 0.907642
981 0.907695
990 0.909003
999 0.908689
1008 0.909493
1017 0.910247
1026 0.910279
1035 0.910209
1044 0.909853
1053 0.909663
1062 0.910562
1071 0.911074
1080 0.910589
1089 0.911442
1098 0.910833
1107 0.910193
1116 0.911064
1125 0.911133
1134 0.911607
1143 0.911986
1152 0.912347
1161 0.911659
1170 0.911054
1179 0.911499
1188 0.911976
1197 0.911682
1206 0.912166
1215 0.912713
1224 0.912657
1233 0.912933
1242 0.91239
1251 0.911923
1260 0.912398
1269 0.912603
1278 0.913421
1287 0.913119
1296 0.913612
1305 0.913212
1314 0.913918
1323 0.91372
1332 0.914751
1341 0.914887
1350 0.914638
1359 0.914311
1368 0.914421
1377 0.914893
1386 0.914975
1395 0.914571
1404 0.913287
1413 0.912843
1422 0.914132
1431 0.914023
1440 0.913572
1449 0.913482
1458 0.912736
1467 0.913229
1476 0.913902
1485 0.913755
1494 0.913894
1503 0.913687
1512 0.913313
1521 0.913412
1530 0.913696
1539 0.913983
1548 0.913501
1557 0.913572
1566 0.913872
1575 0.914251
1584 0.91428
1593 0.913924
1602 0.913682
1611 0.914744
1620 0.914673
1629 0.913899
1638 0.91451
1647 0.914147
1656 0.913557
1665 0.91336
1674 0.912927
1683 0.913946
1692 0.913491
1701 0.914501
1710 0.913647
1719 0.914848
1728 0.914441
1737 0.914462
1746 0.914744
1755 0.914809
1764 0.914485
1773 0.914687
1782 0.915131
1791 0.914651
1800 0.91496
