0 0.0350184
9 0.204663
18 0.202962
27 0.194277
36 0.21411
45 0.237734
54 0.260406
63 0.283262
72 0.327267
81 0.369425
90 0.407815
99 0.430833
108 0.454744
117 0.481907
126 0.507982
135 0.53117
144 0.555074
153 0.575237
162 0.592527
171 0.609335
180 0.626241
189 0.641251
198 0.660073
207 0.673653
216 0.685303
225 0.700223
234 0.715603
243 0.730252
252 0.74036
261 0.753025
270 0.764925
279 0.775582
288 0.784835
297 0.793011
306 0.803384
315 0.812226
324 0.81914
333 0.827596
342 0.835793
351 0.842508
360 0.849228
369 0.856401
378 0.862148
387 0.86823
396 0.874242
405 0.880653
414 0.885864
423 0.890556
432 0.896507
441 0.902522
450 0.906891
459 0.911778
468 0.916141
477 0.920123
486 0.924407
495 0.92889
504 0.932322
513 0.934476
522 0.937783
531 0.940518
540 0.943964
549 0.946996
558 0.949448
567 0.952552
576 0.955232
585 0.958058
594 0.960055
603 0.96227
612 0.963763
621 0.96519
630 0.966958
639 0.968815
648 0.969803
657 0.97087
666 0.972639
675 0.973773
684 0.974849
693 0.975757
702 0.977239
711 0.97872
720 0.980349
729 0.981464
738 0.982388
747 0.983273
756 0.9842
765 0.984954
774 0.985798
783 0.986717
792 0.987233
801 0.987768
810 0.988
819 0.988806
828 0.989283
837 0.989681
846 0.990305
855 0.990766
864 0.991358
873 0.991957
882 0.992466
891 0.992682
900 0.993236
909 0.993505
918 0.993809
927 0.994253
936 0.994539
945 0.99481
954 0.995095
963 0.995202
972 0.995375
981 0.995754
990 0.995795
999 0.995874
1008 0.996007
1017 0.996236
1026 0.996505
1035 0.99678
1044 0.996808
1053 0.996976
1062 0.997078
1071 0.997286
1080 0.997329
1089 0.997451
1098 0.997472
1107 0.997583
1116 0.997812
1125 0.997854
1134 0.997915
1143 0.997981
1152 0.998029
1161 0.998242
1170 0.998313
1179 0.998463
1188 0.998519
1197 0.998624
1206 0.998748
1215 0.998812
1224 0.998984
1233 0.999011
1242 0.999117
1251 0.999393
1260 0.999429
1269 0.999559
1278 0.999687
1287 0.999763
1296 0.999785
1305 0.9998
1314 0.999856
1323 0.999924
1332 0.999941
1341 0.999964
1350 0.999961
1359 0.999964
1368 0.999964
1377 0.999968
1386 0.999971
1395 0.999961
1404 0.999961
1413 0.999962
1422 0.999966
1431 0.999965
1440 0.999961
1449 0.999965
1458 0.99996
1467 0.999963
1476 0.99996
1485 0.999959
1494 0.999963
1503 0.999957
1512 0.999955
1521 0.999967
1530 0.999968
1539 0.999974
1548 0.999969
1557 0.999969
1566 0.999965
1575 0.999967
1584 0.999966
1593 0.999962
1602 0.999963
1611 0.999967
1620 0.999967
1629 0.999968
1638 0.999972
1647 0.999962
1656 0.999964
1665 0.999963
1674 0.999961
1683 0.999961
1692 0.999966
1701 0.999968
1710 0.999969
1719 0.999968
1728 0.999965
1737 0.999964
1746 0.999968
1755 0.999972
1764 0.999964
1773 0.999966
1782 0.999964
1791 0.999963
1800 0.999967
