0 0.0759244
9 0.230179
18 0.214405
27 0.213951
36 0.231287
45 0.25703
54 0.278382
63 0.300817
72 0.348785
81 0.38452
90 0.421631
99 0.441621
108 0.4606
117 0.484378
126 0.509885
135 0.533271
144 0.557698
153 0.576912
162 0.594622
171 0.61113
180 0.627996
189 0.644217
198 0.662352
207 0.677156
216 0.690729
225 0.705515
234 0.721026
243 0.736164
252 0.747144
261 0.759769
270 0.771165
279 0.782277
288 0.792373
297 0.801847
306 0.812073
315 0.820762
324 0.827578
333 0.836363
342 0.844686
351 0.851913
360 0.859562
369 0.867045
378 0.872889
387 0.879022
396 0.884893
405 0.891068
414 0.896068
423 0.900846
432 0.906962
441 0.912422
450 0.916828
459 0.920994
468 0.925032
477 0.928772
486 0.932676
495 0.936844
504 0.94022
513 0.942426
522 0.945579
531 0.948139
540 0.951205
549 0.954165
558 0.956433
567 0.959061
576 0.961344
585 0.963655
594 0.965384
603 0.967245
612 0.968705
621 0.970121
630 0.971735
639 0.973553
648 0.97456
657 0.975548
666 0.977051
675 0.978146
684 0.978966
693 0.979672
702 0.980811
711 0.981897
720 0.983291
729 0.984207
738 0.985076
747 0.985735
756 0.986458
765 0.987193
774 0.987874
783 0.988627
792 0.989107
801 0.989572
810 0.989766
819 0.990474
828 0.990897
837 0.991256
846 0.991773
855 0.992114
864 0.992588
873 0.99308
882 0.993565
891 0.993684
900 0.994165
909 0.994401
918 0.994751
927 0.995172
936 0.995395
945 0.995729
954 0.995983
963 0.996133
972 0.996286
981 0.996631
990 0.996715
999 0.996802
1008 0.996911
1017 0.997119
1026 0.997334
1035 0.997565
1044 0.997594
1053 0.997722
1062 0.997802
1071 0.997959
1080 0.997991
1089 0.998082
1098 0.998097
1107 0.998179
1116 0.998352
1125 0.998384
1134 0.998431
1143 0.998479
1152 0.998516
1161 0.998675
1170 0.998725
1179 0.99884
1188 0.998883
1197 0.998958
1206 0.999051
1215 0.9991
1224 0.999229
1233 0.999251
1242 0.999329
1251 0.999537
1260 0.999565
1269 0.999662
1278 0.999758
1287 0.999815
1296 0.999832
1305 0.999842
1314 0.999884
1323 0.999936
1332 0.999948
1341 0.999965
1350 0.999961
1359 0.999965
1368 0.999965
1377 0.999969
1386 0.999969
1395 0.999964
1404 0.999959
1413 0.999961
1422 0.999963
1431 0.999964
1440 0.999961
1449 0.999964
1458 0.99996
1467 0.999962
1476 0.99996
1485 0.999961
1494 0.999965
1503 0.999959
1512 0.999959
1521 0.999965
1530 0.999968
1539 0.999973
1548 0.999968
1557 0.999968
1566 0.999966
1575 0.999965
1584 0.999967
1593 0.999964
1602 0.999964
1611 0.999968
1620 0.999968
1629 0.999964
1638 0.99997
1647 0.999964
1656 0.999963
1665 0.999962
1674 0.999961
1683 0.99996
1692 0.999966
1701 0.999965
1710 0.999966
1719 0.999965
1728 0.999963
1737 0.999963
1746 0.999967
1755 0.999968
1764 0.999964
1773 0.999966
1782 0.999965
1791 0.999963
1800 0.999969
