0 1.60028e-08
84.5 0.00445903
169 0.0139656
253.5 0.0282228
338 0.0434346
422.5 0.0609391
507 0.0782959
591.5 0.0981735
676 0.119542
760.5 0.1405
845 0.163628
929.5 0.186786
1014 0.210224
1098.5 0.230707
1183 0.253748
1267.5 0.27563
1352 0.297394
1436.5 0.318197
1521 0.340551
1605.5 0.361113
1690 0.380275
1774.5 0.398737
1859 0.419184
1943.5 0.437573
2028 0.456421
2112.5 0.47592
2197 0.495701
2281.5 0.514651
2366 0.531837
2450.5 0.546753
2535 0.560874
2619.5 0.574886
2704 0.58803
2788.5 0.599373
2873 0.610653
2957.5 0.623221
3042 0.634125
3126.5 0.644955
3211 0.655221
3295.5 0.665603
3380 0.676203
3464.5 0.688066
3549 0.699871
3633.5 0.709977
3718 0.718064
3802.5 0.727205
3887 0.735602
3971.5 0.743587
4056 0.751799
4140.5 0.758086
4225 0.766065
4309.5 0.772445
4394 0.779113
4478.5 0.785258
4563 0.791718
4647.5 0.795807
4732 0.80085
4816.5 0.80485
4901 0.808391
4985.5 0.811817
5070 0.816104
5154.5 0.821225
5239 0.825632
5323.5 0.828541
5408 0.832956
5492.5 0.836759
5577 0.841496
5661.5 0.844207
5746 0.847218
5830.5 0.851646
5915 0.853485
5999.5 0.85692
6084 0.858248
6168.5 0.859413
6253 0.861499
6337.5 0.862652
6422 0.863961
6506.5 0.864039
6591 0.865197
6675.5 0.866216
6760 0.867129
6844.5 0.868003
6929 0.869157
7013.5 0.869567
7098 0.871667
7182.5 0.87182
7267 0.872502
7351.5 0.873862
7436 0.873806
7520.5 0.874566
7605 0.874855
7689.5 0.875805
7774 0.875791
7858.5 0.876997
7943 0.877393
8027.5 0.87756
8112 0.877691
8196.5 0.877857
8281 0.877083
8365.5 0.878588
8450 0.879012
