0 9.16941e-05
84.5 0.0398777
169 0.0733113
253.5 0.111465
338 0.144556
422.5 0.173787
507 0.200459
591.5 0.226245
676 0.253741
760.5 0.278295
845 0.303234
929.5 0.327227
1014 0.347318
1098.5 0.369898
1183 0.390399
1267.5 0.40876
1352 0.427328
1436.5 0.44667
1521 0.467272
1605.5 0.487462
1690 0.50543
1774.5 0.522761
1859 0.542054
1943.5 0.557769
2028 0.574895
2112.5 0.591413
2197 0.60612
2281.5 0.619761
2366 0.634821
2450.5 0.647032
2535 0.659189
2619.5 0.671282
2704 0.681828
2788.5 0.691217
2873 0.701851
2957.5 0.713383
3042 0.723706
3126.5 0.732034
3211 0.740915
3295.5 0.750481
3380 0.760499
3464.5 0.770884
3549 0.781099
3633.5 0.789507
3718 0.795863
3802.5 0.80216
3887 0.808553
3971.5 0.816359
4056 0.823257
4140.5 0.829014
4225 0.836084
4309.5 0.842326
4394 0.848947
4478.5 0.854322
4563 0.860468
4647.5 0.864079
4732 0.868972
4816.5 0.873285
4901 0.876809
4985.5 0.880179
5070 0.883884
5154.5 0.887705
5239 0.891047
5323.5 0.893981
5408 0.898091
5492.5 0.901541
5577 0.906171
5661.5 0.909351
5746 0.911256
5830.5 0.913552
5915 0.91628
5999.5 0.919445
6084 0.920801
6168.5 0.921592
6253 0.923297
6337.5 0.924946
6422 0.926056
6506.5 0.926788
6591 0.928288
6675.5 0.928968
6760 0.930388
6844.5 0.930631
6929 0.931444
7013.5 0.932226
7098 0.933388
7182.5 0.934253
7267 0.93456
7351.5 0.935278
7436 0.935319
7520.5 0.935266
7605 0.93524
7689.5 0.936236
7774 0.936498
7858.5 0.937008
7943 0.937297
8027.5 0.937477
8112 0.937719
8196.5 0.937816
8281 0.937275
8365.5 0.937671
8450 0.938819
