0 0.11543
84.5 -0.236747
169 -0.0807021
253.5 -0.00171141
338 0.0783857
422.5 0.13871
507 0.195903
591.5 0.226621
676 0.260694
760.5 0.292692
845 0.330123
929.5 0.368141
1014 0.39279
1098.5 0.429038
1183 0.458099
1267.5 0.487902
1352 0.515803
1436.5 0.538333
1521 0.566446
1605.5 0.594896
1690 0.617257
1774.5 0.638304
1859 0.658615
1943.5 0.676448
2028 0.695651
2112.5 0.71158
2197 0.725723
2281.5 0.736835
2366 0.75081
2450.5 0.765625
2535 0.775296
2619.5 0.782717
2704 0.794277
2788.5 0.803158
2873 0.813394
2957.5 0.825788
3042 0.83773
3126.5 0.844121
3211 0.85221
3295.5 0.861091
3380 0.868834
3464.5 0.876787
3549 0.884179
3633.5 0.888712
3718 0.892848
3802.5 0.897041
3887 0.900835
3971.5 0.906811
4056 0.910705
4140.5 0.91443
4225 0.919059
4309.5 0.922867
4394 0.926061
4478.5 0.929566
4563 0.932861
4647.5 0.935644
4732 0.938829
4816.5 0.941944
4901 0.943726
4985.5 0.947091
5070 0.949675
5154.5 0.952282
5239 0.954634
5323.5 0.956507
5408 0.958334
5492.5 0.959522
5577 0.961209
5661.5 0.96332
5746 0.964558
5830.5 0.96534
5915 0.966852
5999.5 0.968095
6084 0.969109
6168.5 0.969699
6253 0.970782
6337.5 0.971505
6422 0.97273
6506.5 0.973192
6591 0.973717
6675.5 0.973989
6760 0.974065
6844.5 0.9745
6929 0.974788
7013.5 0.975261
7098 0.975705
7182.5 0.976047
7267 0.976572
7351.5 0.976718
7436 0.977202
7520.5 0.977596
7605 0.977633
7689.5 0.977942
7774 0.978293
7858.5 0.978263
7943 0.978636
8027.5 0.979228
8112 0.979726
8196.5 0.980121
8281 0.980409
8365.5 0.980792
8450 0.981067
