0 0.0705048
84.5 -0.486742
169 -0.227569
253.5 -0.143234
338 0.018419
422.5 0.0784563
507 0.143021
591.5 0.174129
676 0.21223
760.5 0.236926
845 0.269482
929.5 0.310162
1014 0.346917
1098.5 0.384962
1183 0.412911
1267.5 0.442385
1352 0.472171
1436.5 0.504124
1521 0.535166
1605.5 0.568348
1690 0.59634
1774.5 0.622184
1859 0.642743
1943.5 0.660588
2028 0.680459
2112.5 0.698444
2197 0.711321
2281.5 0.721759
2366 0.737293
2450.5 0.751101
2535 0.761627
2619.5 0.770764
2704 0.782066
2788.5 0.7914
2873 0.802689
2957.5 0.816682
3042 0.831391
3126.5 0.838712
3211 0.84681
3295.5 0.857156
3380 0.865206
3464.5 0.874208
3549 0.883077
3633.5 0.888169
3718 0.892576
3802.5 0.896453
3887 0.900675
3971.5 0.907279
4056 0.910881
4140.5 0.91449
4225 0.919333
4309.5 0.923552
4394 0.9282
4478.5 0.931941
4563 0.936065
4647.5 0.939171
4732 0.943245
4816.5 0.94679
4901 0.948778
4985.5 0.953062
5070 0.956487
5154.5 0.959396
5239 0.962631
5323.5 0.96466
5408 0.966984
5492.5 0.968704
5577 0.970956
5661.5 0.973586
5746 0.974174
5830.5 0.975043
5915 0.977098
5999.5 0.978494
6084 0.979679
6168.5 0.980259
6253 0.981387
6337.5 0.982653
6422 0.983884
6506.5 0.984254
6591 0.985186
6675.5 0.985565
6760 0.985782
6844.5 0.986089
6929 0.986373
7013.5 0.986909
7098 0.987516
7182.5 0.987912
7267 0.988179
7351.5 0.988547
7436 0.988883
7520.5 0.989064
7605 0.98936
7689.5 0.989537
7774 0.990012
7858.5 0.989686
7943 0.990113
8027.5 0.990883
8112 0.991365
8196.5 0.991783
8281 0.992085
8365.5 0.992763
8450 0.993461
