0 1.00826e-08
128 0.00984358
256 0.0359353
384 0.0733603
512 0.121512
640 0.177766
768 0.236402
896 0.296593
1024 0.349008
1152 0.396765
1280 0.440712
1408 0.487869
1536 0.531295
1664 0.569675
1792 0.6101
1920 0.649568
2048 0.679768
2176 0.706978
2304 0.730221
2432 0.746201
2560 0.760415
2688 0.776415
2816 0.787449
2944 0.800701
3072 0.81157
3200 0.825307
3328 0.836934
3456 0.84701
3584 0.85578
3712 0.863966
3840 0.872115
3968 0.877968
4096 0.883659
4224 0.886714
4352 0.88758
4480 0.892978
4608 0.893977
4736 0.896819
4864 0.896009
4992 0.895722
5120 0.895167
5248 0.895337
5376 0.89608
5504 0.896967
5632 0.895966
5760 0.895997
5888 0.894318
6016 0.896162
6144 0.896228
6272 0.895115
6400 0.895053
6528 0.896323
6656 0.896521
6784 0.896505
6912 0.894665
7040 0.895092
7168 0.895751
7296 0.896643
7424 0.897692
7552 0.896828
7680 0.895374
7808 0.894835
7936 0.89381
8064 0.8937
8192 0.895014
8320 0.895118
8448 0.894404
8576 0.894764
8704 0.89602
8832 0.89487
8960 0.895624
9088 0.896003
9216 0.896076
9344 0.895888
9472 0.894922
9600 0.895496
9728 0.894089
9856 0.893145
9984 0.895093
10112 0.895144
10240 0.894218
10368 0.894202
10496 0.895085
10624 0.89332
10752 0.893189
10880 0.895548
11008 0.894103
11136 0.894528
11264 0.893591
11392 0.89566
11520 0.896275
11648 0.896951
11776 0.895673
11904 0.894374
12032 0.894931
12160 0.895594
12288 0.89676
12416 0.897054
12544 0.896004
12672 0.896404
12800 0.894714
