0 7.16923e-05
128 0.0763676
256 0.148027
384 0.211315
512 0.276164
640 0.338974
768 0.398065
896 0.454966
1024 0.502678
1152 0.545914
1280 0.584317
1408 0.622919
1536 0.660365
1664 0.691632
1792 0.723919
1920 0.753931
2048 0.77699
2176 0.797897
2304 0.814652
2432 0.827728
2560 0.83933
2688 0.852722
2816 0.862364
2944 0.8737
3072 0.884321
3200 0.895165
3328 0.904366
3456 0.912541
3584 0.919585
3712 0.925483
3840 0.93134
3968 0.935429
4096 0.938925
4224 0.94094
4352 0.941734
4480 0.944792
4608 0.94546
4736 0.946987
4864 0.94656
4992 0.946407
5120 0.946115
5248 0.946207
5376 0.946603
5504 0.947071
5632 0.946537
5760 0.946556
5888 0.945668
6016 0.946646
6144 0.94668
6272 0.946089
6400 0.946057
6528 0.94673
6656 0.946826
6784 0.94682
6912 0.94585
7040 0.946076
7168 0.946428
7296 0.946896
7424 0.947454
7552 0.946998
7680 0.946226
7808 0.94594
7936 0.945398
8064 0.945336
8192 0.946032
8320 0.94609
8448 0.945711
8576 0.945907
8704 0.946568
8832 0.945963
8960 0.946356
9088 0.946557
9216 0.9466
9344 0.946501
9472 0.945988
9600 0.946287
9728 0.945547
9856 0.945048
9984 0.946077
10112 0.946103
10240 0.945614
10368 0.945598
10496 0.946073
10624 0.945141
10752 0.94507
10880 0.946323
11008 0.945555
11136 0.945779
11264 0.945285
11392 0.946375
11520 0.946702
11648 0.947064
11776 0.946384
11904 0.945693
12032 0.945994
12160 0.946344
12288 0.946963
12416 0.947114
12544 0.946558
12672 0.946768
12800 0.945881
