0 41506.50000000 41610.09365079
40.00000000 837.03333333 841.83333333
80.00000000 565.63333333 568.76666667
120.00000000 455.33333333 459.16666667
160.00000000 394.36666667 394.96666667
200.00000000 349.80000000 352.90000000
240.00000000 321.56666667 323.60000000
280.00000000 299.26666667 300.50000000
320.00000000 283.30000000 281.90000000
360.00000000 266.70000000 267.33333333
400.00000000 254.26666667 256.53333333
440.00000000 246.20000000 247.46666667
480.00000000 236.40000000 236.40000000
520.00000000 228.80000000 229.13333333
560.00000000 220.03333333 222.73333333
600.00000000 214.93333333 215.86666667
640.00000000 210.33333333 210.63333333
680.00000000 204.56666667 205.30000000
720.00000000 200.00000000 200.90000000
760.00000000 196.16666667 197.96666667
800.00000000 192.30000000 192.70000000
840.00000000 188.10000000 187.93333333
880.00000000 183.83333333 184.33333333
920.00000000 178.86666667 179.66666667
960.00000000 175.73333333 177.63333333
1000.00000000 172.63333333 173.90000000
1040.00000000 170.40000000 171.53333333
1080.00000000 168.36666667 168.43333333
1120.00000000 165.03333333 166.86666667
1160.00000000 161.30000000 162.96666667
1200.00000000 159.86666667 160.03333333
1240.00000000 157.66666667 157.70000000
1280.00000000 153.80000000 155.06666667
1320.00000000 153.03333333 154.26666667
1360.00000000 152.03333333 152.63333333
1400.00000000 150.76666667 151.13333333
1440.00000000 148.63333333 149.36666667
1480.00000000 146.16666667 146.00000000
1520.00000000 144.70000000 145.50000000
1560.00000000 141.83333333 143.00000000
1600.00000000 140.36666667 141.76666667
1640.00000000 139.60000000 139.96666667
1680.00000000 136.56666667 137.53333333
1720.00000000 136.33333333 137.10000000
1760.00000000 135.03333333 136.53333333
1800.00000000 133.60000000 135.16666667
1840.00000000 133.06666667 133.73333333
1880.00000000 130.63333333 131.83333333
1920.00000000 129.40000000 129.63333333
1960.00000000 128.96666667 129.10000000
2000.00000000 126.80000000 127.53333333
2040.00000000 126.73333333 126.86666667
2080.00000000 125.30000000 127.06666667
2120.00000000 123.53333333 124.73333333
2160.00000000 122.86666667 124.10000000
2200.00000000 122.13333333 122.33333333
2240.00000000 120.13333333 120.66666667
2280.00000000 120.13333333 120.80000000
2320.00000000 119.63333333 119.16666667
2360.00000000 118.53333333 118.60000000
2400.00000000 116.80000000 118.00000000
2440.00000000 115.90000000 116.86666667
2480.00000000 114.76666667 116.40000000
2520.00000000 115.46666667 115.26666667
2560.00000000 113.46666667 114.53333333
2600.00000000 113.53333333 114.40000000
2640.00000000 112.40000000 113.70000000
2680.00000000 111.20000000 111.50000000
2720.00000000 110.96666667 111.60000000
2760.00000000 110.70000000 110.50000000
2800.00000000 109.83333333 110.36666667
2840.00000000 108.80000000 109.33333333
2880.00000000 108.50000000 109.03333333
2920.00000000 107.13333333 107.93333333
2960.00000000 106.36666667 106.76666667
3000.00000000 106.63333333 106.76666667
3040.00000000 104.86666667 106.86666667
3080.00000000 104.33333333 104.80000000
3120.00000000 104.36666667 105.50000000
3160.00000000 104.20000000 103.96666667
3200.00000000 102.90000000 104.00000000
3240.00000000 103.23333333 103.03333333
3280.00000000 101.90000000 102.76666667
3320.00000000 101.76666667 101.56666667
3360.00000000 101.16666667 101.30000000
3400.00000000 100.23333333 100.53333333
3440.00000000 99.96666667 99.80000000
3480.00000000 99.56666667 99.23333333
3520.00000000 98.26666667 99.13333333
3560.00000000 98.63333333 99.23333333
3600.00000000 98.40000000 98.40000000
3640.00000000 97.33333333 97.63333333
3680.00000000 97.76666667 97.86666667
3720.00000000 97.16666667 97.33333333
3760.00000000 96.63333333 96.26666667
3800.00000000 96.30000000 95.80000000
3840.00000000 95.80000000 96.46666667
3880.00000000 94.80000000 95.13333333
3920.00000000 94.33333333 94.10000000
3960.00000000 93.70000000 93.86666667
4000.00000000 93.80000000 93.56666667
