0 41489.50000000 41589.90000000
40.00000000 836.30000000 838.90000000
80.00000000 564.50000000 566.90000000
120.00000000 452.80000000 456.00000000
160.00000000 392.30000000 392.80000000
200.00000000 345.10000000 348.70000000
240.00000000 316.90000000 320.20000000
280.00000000 298.20000000 299.10000000
320.00000000 282.10000000 282.60000000
360.00000000 264.10000000 266.80000000
400.00000000 254.00000000 257.60000000
440.00000000 245.10000000 247.20000000
480.00000000 233.90000000 235.00000000
520.00000000 227.70000000 228.10000000
560.00000000 219.60000000 220.00000000
600.00000000 213.10000000 214.90000000
640.00000000 208.40000000 210.10000000
680.00000000 203.10000000 203.60000000
720.00000000 199.20000000 199.90000000
760.00000000 194.10000000 198.00000000
800.00000000 193.10000000 193.20000000
840.00000000 187.20000000 188.80000000
880.00000000 184.00000000 184.90000000
920.00000000 179.20000000 180.10000000
960.00000000 175.80000000 178.60000000
1000.00000000 173.20000000 174.50000000
1040.00000000 170.10000000 170.70000000
1080.00000000 166.30000000 168.80000000
1120.00000000 166.40000000 166.40000000
1160.00000000 161.10000000 162.70000000
1200.00000000 160.00000000 159.10000000
1240.00000000 157.00000000 156.50000000
1280.00000000 155.10000000 155.00000000
1320.00000000 152.60000000 154.80000000
1360.00000000 152.80000000 152.90000000
1400.00000000 153.40000000 153.40000000
1440.00000000 149.70000000 150.50000000
1480.00000000 148.40000000 147.00000000
1520.00000000 147.20000000 146.10000000
1560.00000000 143.10000000 144.40000000
1600.00000000 141.70000000 145.40000000
1640.00000000 142.20000000 141.60000000
1680.00000000 140.10000000 139.20000000
1720.00000000 138.20000000 139.30000000
1760.00000000 137.00000000 137.90000000
1800.00000000 134.90000000 136.00000000
1840.00000000 134.10000000 135.20000000
1880.00000000 131.20000000 135.70000000
1920.00000000 130.30000000 129.40000000
1960.00000000 130.60000000 130.00000000
2000.00000000 128.30000000 128.10000000
2040.00000000 127.00000000 127.50000000
2080.00000000 127.00000000 128.50000000
2120.00000000 124.70000000 124.30000000
2160.00000000 122.20000000 124.40000000
2200.00000000 122.50000000 123.60000000
2240.00000000 119.80000000 119.80000000
2280.00000000 121.00000000 121.30000000
2320.00000000 120.30000000 119.90000000
2360.00000000 119.30000000 119.70000000
2400.00000000 116.70000000 118.90000000
2440.00000000 116.80000000 118.60000000
2480.00000000 114.30000000 116.60000000
2520.00000000 115.70000000 116.10000000
2560.00000000 114.30000000 114.80000000
2600.00000000 114.10000000 114.50000000
2640.00000000 112.80000000 114.70000000
2680.00000000 111.00000000 112.50000000
2720.00000000 111.10000000 112.40000000
2760.00000000 111.10000000 112.60000000
2800.00000000 110.30000000 111.50000000
2840.00000000 110.30000000 109.40000000
2880.00000000 109.40000000 109.00000000
2920.00000000 106.00000000 108.60000000
2960.00000000 107.60000000 106.70000000
3000.00000000 107.80000000 106.80000000
3040.00000000 105.50000000 107.80000000
3080.00000000 104.40000000 104.50000000
3120.00000000 105.30000000 106.00000000
3160.00000000 105.40000000 105.80000000
3200.00000000 104.40000000 104.70000000
3240.00000000 104.60000000 103.30000000
3280.00000000 102.70000000 103.90000000
3320.00000000 103.20000000 101.90000000
3360.00000000 101.70000000 101.40000000
3400.00000000 99.40000000 100.00000000
3440.00000000 102.20000000 100.50000000
3480.00000000 99.30000000 99.80000000
3520.00000000 98.70000000 99.20000000
3560.00000000 98.90000000 100.80000000
3600.00000000 97.80000000 99.00000000
3640.00000000 97.90000000 98.10000000
3680.00000000 98.80000000 99.90000000
3720.00000000 98.70000000 97.10000000
3760.00000000 97.70000000 96.50000000
3800.00000000 97.80000000 95.30000000
3840.00000000 96.40000000 97.00000000
3880.00000000 94.80000000 96.40000000
3920.00000000 94.10000000 94.00000000
3960.00000000 93.80000000 93.20000000
4000.00000000 94.80000000 94.50000000
