0 41515.00000000 41620.19047619
40.00000000 837.40000000 843.30000000
80.00000000 566.20000000 569.70000000
120.00000000 456.60000000 460.75000000
160.00000000 395.40000000 396.05000000
200.00000000 352.15000000 355.00000000
240.00000000 323.90000000 325.30000000
280.00000000 299.80000000 301.20000000
320.00000000 283.90000000 281.55000000
360.00000000 268.00000000 267.60000000
400.00000000 254.40000000 256.00000000
440.00000000 246.75000000 247.60000000
480.00000000 237.65000000 237.10000000
520.00000000 229.35000000 229.65000000
560.00000000 220.25000000 224.10000000
600.00000000 215.85000000 216.35000000
640.00000000 211.30000000 210.90000000
680.00000000 205.30000000 206.15000000
720.00000000 200.40000000 201.40000000
760.00000000 197.20000000 197.95000000
800.00000000 191.90000000 192.45000000
840.00000000 188.55000000 187.50000000
880.00000000 183.75000000 184.05000000
920.00000000 178.70000000 179.45000000
960.00000000 175.70000000 177.15000000
1000.00000000 172.35000000 173.60000000
1040.00000000 170.55000000 171.95000000
1080.00000000 169.40000000 168.25000000
1120.00000000 164.35000000 167.10000000
1160.00000000 161.40000000 163.10000000
1200.00000000 159.80000000 160.50000000
1240.00000000 158.00000000 158.30000000
1280.00000000 153.15000000 155.10000000
1320.00000000 153.25000000 154.00000000
1360.00000000 151.65000000 152.50000000
1400.00000000 149.45000000 150.00000000
1440.00000000 148.10000000 148.80000000
1480.00000000 145.05000000 145.50000000
1520.00000000 143.45000000 145.20000000
1560.00000000 141.20000000 142.30000000
1600.00000000 139.70000000 139.95000000
1640.00000000 138.30000000 139.15000000
1680.00000000 134.80000000 136.70000000
1720.00000000 135.40000000 136.00000000
1760.00000000 134.05000000 135.85000000
1800.00000000 132.95000000 134.75000000
1840.00000000 132.55000000 133.00000000
1880.00000000 130.35000000 129.90000000
1920.00000000 128.95000000 129.75000000
1960.00000000 128.15000000 128.65000000
2000.00000000 126.05000000 127.25000000
2040.00000000 126.60000000 126.55000000
2080.00000000 124.45000000 126.35000000
2120.00000000 122.95000000 124.95000000
2160.00000000 123.20000000 123.95000000
2200.00000000 121.95000000 121.70000000
2240.00000000 120.30000000 121.10000000
2280.00000000 119.70000000 120.55000000
2320.00000000 119.30000000 118.80000000
2360.00000000 118.15000000 118.05000000
2400.00000000 116.85000000 117.55000000
2440.00000000 115.45000000 116.00000000
2480.00000000 115.00000000 116.30000000
2520.00000000 115.35000000 114.85000000
2560.00000000 113.05000000 114.40000000
2600.00000000 113.25000000 114.35000000
2640.00000000 112.20000000 113.20000000
2680.00000000 111.30000000 111.00000000
2720.00000000 110.90000000 111.20000000
2760.00000000 110.50000000 109.45000000
2800.00000000 109.60000000 109.80000000
2840.00000000 108.05000000 109.30000000
2880.00000000 108.05000000 109.05000000
2920.00000000 107.70000000 107.60000000
2960.00000000 105.75000000 106.80000000
3000.00000000 106.05000000 106.75000000
3040.00000000 104.55000000 106.40000000
3080.00000000 104.30000000 104.95000000
3120.00000000 103.90000000 105.25000000
3160.00000000 103.60000000 103.05000000
3200.00000000 102.15000000 103.65000000
3240.00000000 102.55000000 102.90000000
3280.00000000 101.50000000 102.20000000
3320.00000000 101.05000000 101.40000000
3360.00000000 100.90000000 101.25000000
3400.00000000 100.65000000 100.80000000
3440.00000000 98.85000000 99.45000000
3480.00000000 99.70000000 98.95000000
3520.00000000 98.05000000 99.10000000
3560.00000000 98.50000000 98.45000000
3600.00000000 98.70000000 98.10000000
3640.00000000 97.05000000 97.40000000
3680.00000000 97.25000000 96.85000000
3720.00000000 96.40000000 97.45000000
3760.00000000 96.10000000 96.15000000
3800.00000000 95.55000000 96.05000000
3840.00000000 95.50000000 96.20000000
3880.00000000 94.80000000 94.50000000
3920.00000000 94.45000000 94.15000000
3960.00000000 93.65000000 94.20000000
4000.00000000 93.30000000 93.10000000
