0 649.06800000 650.48400000
16.00000000 19.78000000 19.94000000
32.00000000 11.78800000 11.86000000
48.00000000 8.65600000 8.79000000
64.00000000 7.06600000 7.09800000
80.00000000 5.88800000 5.88400000
96.00000000 5.17200000 5.20600000
112.00000000 4.63000000 4.67600000
128.00000000 4.16400000 4.24200000
144.00000000 3.87000000 3.86000000
160.00000000 3.51200000 3.61600000
176.00000000 3.31200000 3.37600000
192.00000000 3.13200000 3.14200000
208.00000000 2.94000000 2.96200000
224.00000000 2.79600000 2.79800000
240.00000000 2.67800000 2.67200000
256.00000000 2.52000000 2.57000000
272.00000000 2.44600000 2.47000000
288.00000000 2.34800000 2.35200000
304.00000000 2.31000000 2.27200000
320.00000000 2.20000000 2.25000000
336.00000000 2.13800000 2.18000000
352.00000000 2.07600000 2.09200000
368.00000000 2.01600000 2.01200000
384.00000000 1.92400000 1.92200000
400.00000000 1.87200000 1.89600000
416.00000000 1.77200000 1.81400000
432.00000000 1.74200000 1.74400000
448.00000000 1.69800000 1.69200000
464.00000000 1.63400000 1.65200000
480.00000000 1.60600000 1.58000000
496.00000000 1.52800000 1.52200000
512.00000000 1.46400000 1.48800000
528.00000000 1.44800000 1.45800000
544.00000000 1.42600000 1.41400000
560.00000000 1.38600000 1.36200000
576.00000000 1.35600000 1.37400000
592.00000000 1.31600000 1.32800000
608.00000000 1.31200000 1.29600000
624.00000000 1.26400000 1.27800000
640.00000000 1.23800000 1.25200000
656.00000000 1.22400000 1.22600000
672.00000000 1.21000000 1.19200000
688.00000000 1.16400000 1.18200000
704.00000000 1.16400000 1.14800000
720.00000000 1.12200000 1.11200000
736.00000000 1.09200000 1.11400000
752.00000000 1.07400000 1.09400000
768.00000000 1.04800000 1.05200000
784.00000000 1.02800000 1.01400000
800.00000000 1.00800000 1.02000000
816.00000000 0.96400000 0.98400000
832.00000000 0.95000000 0.97600000
848.00000000 0.93800000 0.95600000
864.00000000 0.93600000 0.92400000
880.00000000 0.89400000 0.88800000
896.00000000 0.89600000 0.90000000
912.00000000 0.86600000 0.86400000
928.00000000 0.85200000 0.83000000
944.00000000 0.84600000 0.84600000
960.00000000 0.81600000 0.84200000
976.00000000 0.83000000 0.82600000
992.00000000 0.83000000 0.83400000
1008.00000000 0.81800000 0.81400000
1024.00000000 0.80400000 0.81000000
1040.00000000 0.79600000 0.79400000
1056.00000000 0.76000000 0.74000000
1072.00000000 0.73000000 0.75000000
1088.00000000 0.72200000 0.73400000
1104.00000000 0.70800000 0.70800000
1120.00000000 0.70000000 0.70400000
1136.00000000 0.69200000 0.67600000
1152.00000000 0.69400000 0.69000000
1168.00000000 0.67800000 0.68000000
1184.00000000 0.66000000 0.66600000
1200.00000000 0.65000000 0.66400000
1216.00000000 0.64200000 0.65800000
1232.00000000 0.62400000 0.62800000
1248.00000000 0.61600000 0.63000000
1264.00000000 0.59200000 0.61400000
1280.00000000 0.58800000 0.58800000
1296.00000000 0.57000000 0.56600000
1312.00000000 0.55400000 0.57200000
1328.00000000 0.55800000 0.53000000
1344.00000000 0.53200000 0.53000000
1360.00000000 0.52200000 0.53200000
1376.00000000 0.52400000 0.53000000
1392.00000000 0.50800000 0.51200000
1408.00000000 0.49400000 0.48800000
1424.00000000 0.49000000 0.50200000
1440.00000000 0.47600000 0.50600000
1456.00000000 0.46600000 0.47800000
1472.00000000 0.46800000 0.46200000
1488.00000000 0.45200000 0.47200000
1504.00000000 0.46200000 0.45200000
1520.00000000 0.43000000 0.44400000
1536.00000000 0.42000000 0.42000000
1552.00000000 0.40600000 0.41400000
1568.00000000 0.40600000 0.42000000
1584.00000000 0.40000000 0.40600000
1600.00000000 0.39000000 0.39000000
1616.00000000 0.38200000 0.38000000
1632.00000000 0.37000000 0.37600000
1648.00000000 0.35200000 0.35600000
1664.00000000 0.35800000 0.35400000
1680.00000000 0.34600000 0.35200000
1696.00000000 0.32800000 0.33200000
1712.00000000 0.34000000 0.34000000
1728.00000000 0.32400000 0.33000000
1744.00000000 0.33200000 0.33600000
1760.00000000 0.32000000 0.32400000
1776.00000000 0.31800000 0.32200000
1792.00000000 0.32000000 0.32200000
1808.00000000 0.31600000 0.30200000
1824.00000000 0.29800000 0.30000000
1840.00000000 0.29000000 0.29600000
1856.00000000 0.28600000 0.30200000
1872.00000000 0.28400000 0.28600000
1888.00000000 0.27800000 0.27600000
1904.00000000 0.25800000 0.26000000
1920.00000000 0.26200000 0.26000000
1936.00000000 0.25200000 0.25400000
1952.00000000 0.26800000 0.24800000
1968.00000000 0.24800000 0.24800000
1984.00000000 0.24000000 0.24400000
2000.00000000 0.24600000 0.23800000
2016.00000000 0.23400000 0.23600000
2032.00000000 0.22000000 0.22600000
2048.00000000 0.23000000 0.22600000
2064.00000000 0.23800000 0.23000000
2080.00000000 0.21600000 0.20800000
2096.00000000 0.21400000 0.21600000
2112.00000000 0.20400000 0.21400000
2128.00000000 0.20800000 0.19400000
2144.00000000 0.19400000 0.19800000
2160.00000000 0.19000000 0.19400000
2176.00000000 0.18200000 0.18000000
2192.00000000 0.18200000 0.18000000
2208.00000000 0.17800000 0.18600000
2224.00000000 0.18600000 0.18200000
2240.00000000 0.16400000 0.17200000
2256.00000000 0.16600000 0.16400000
2272.00000000 0.16800000 0.17400000
2288.00000000 0.15600000 0.16000000
2304.00000000 0.15200000 0.15600000
2320.00000000 0.15600000 0.16400000
2336.00000000 0.14600000 0.16000000
2352.00000000 0.14800000 0.14400000
2368.00000000 0.14600000 0.13800000
2384.00000000 0.13400000 0.13000000
2400.00000000 0.14000000 0.13400000
2416.00000000 0.13800000 0.13600000
2432.00000000 0.13200000 0.13400000
2448.00000000 0.13200000 0.13600000
2464.00000000 0.14000000 0.13400000
2480.00000000 0.12800000 0.13200000
2496.00000000 0.13200000 0.12800000
2512.00000000 0.13200000 0.13200000
2528.00000000 0.12200000 0.12000000
2544.00000000 0.11400000 0.11400000
2560.00000000 0.12000000 0.12000000
2576.00000000 0.11600000 0.11600000
2592.00000000 0.10200000 0.10800000
2608.00000000 0.11400000 0.11000000
2624.00000000 0.10600000 0.11000000
2640.00000000 0.10200000 0.11400000
2656.00000000 0.10800000 0.10800000
2672.00000000 0.10600000 0.10800000
2688.00000000 0.10800000 0.10600000
2704.00000000 0.10800000 0.10400000
2720.00000000 0.11000000 0.10600000
2736.00000000 0.09600000 0.09800000
2752.00000000 0.10800000 0.10600000
2768.00000000 0.09600000 0.09800000
2784.00000000 0.09600000 0.09800000
2800.00000000 0.09000000 0.10000000
2816.00000000 0.08600000 0.09400000
2832.00000000 0.09600000 0.09600000
2848.00000000 0.09600000 0.09600000
2864.00000000 0.09200000 0.08400000
2880.00000000 0.08600000 0.07600000
2896.00000000 0.08400000 0.08200000
2912.00000000 0.07800000 0.08400000
2928.00000000 0.08000000 0.08000000
2944.00000000 0.07200000 0.07400000
2960.00000000 0.08200000 0.07800000
2976.00000000 0.07600000 0.07800000
2992.00000000 0.07600000 0.07800000
3008.00000000 0.07000000 0.07400000
3024.00000000 0.07200000 0.07200000
3040.00000000 0.07000000 0.07200000
3056.00000000 0.07400000 0.07600000
3072.00000000 0.06600000 0.06600000
3088.00000000 0.06600000 0.06800000
3104.00000000 0.06600000 0.06600000
3120.00000000 0.07200000 0.07200000
3136.00000000 0.07000000 0.06800000
3152.00000000 0.06800000 0.07000000
3168.00000000 0.06200000 0.06200000
3184.00000000 0.06400000 0.06400000
3200.00000000 0.06200000 0.05800000
