0 649.43750000 651.03750000
16.00000000 19.71250000 19.86500000
32.00000000 11.75250000 11.79250000
48.00000000 8.58750000 8.72250000
64.00000000 7.04750000 7.06750000
80.00000000 5.87750000 5.88500000
96.00000000 5.17500000 5.21750000
112.00000000 4.64750000 4.70500000
128.00000000 4.18250000 4.23250000
144.00000000 3.88750000 3.88250000
160.00000000 3.54500000 3.66500000
176.00000000 3.36250000 3.40500000
192.00000000 3.16250000 3.18500000
208.00000000 2.96250000 3.01250000
224.00000000 2.84500000 2.83500000
240.00000000 2.72500000 2.71250000
256.00000000 2.59000000 2.61750000
272.00000000 2.48000000 2.51250000
288.00000000 2.40250000 2.39500000
304.00000000 2.36750000 2.34500000
320.00000000 2.27250000 2.32750000
336.00000000 2.19000000 2.23750000
352.00000000 2.12000000 2.13500000
368.00000000 2.06750000 2.07250000
384.00000000 1.97000000 1.97000000
400.00000000 1.90000000 1.94000000
416.00000000 1.81750000 1.86750000
432.00000000 1.77250000 1.78500000
448.00000000 1.74500000 1.74250000
464.00000000 1.69750000 1.69250000
480.00000000 1.65250000 1.62000000
496.00000000 1.56000000 1.56500000
512.00000000 1.49500000 1.51500000
528.00000000 1.50000000 1.49750000
544.00000000 1.46500000 1.44750000
560.00000000 1.42500000 1.39500000
576.00000000 1.38750000 1.40500000
592.00000000 1.35000000 1.35500000
608.00000000 1.33750000 1.32000000
624.00000000 1.29000000 1.30750000
640.00000000 1.27250000 1.27750000
656.00000000 1.24500000 1.26000000
672.00000000 1.23250000 1.20500000
688.00000000 1.18750000 1.20500000
704.00000000 1.18500000 1.17000000
720.00000000 1.14250000 1.12750000
736.00000000 1.11000000 1.13250000
752.00000000 1.09000000 1.11000000
768.00000000 1.06000000 1.06750000
784.00000000 1.04750000 1.03500000
800.00000000 1.02750000 1.04000000
816.00000000 0.99000000 1.02250000
832.00000000 0.97250000 1.00750000
848.00000000 0.96000000 0.98750000
864.00000000 0.95250000 0.93750000
880.00000000 0.91250000 0.90750000
896.00000000 0.91500000 0.92250000
912.00000000 0.88000000 0.87250000
928.00000000 0.86250000 0.85000000
944.00000000 0.86250000 0.86250000
960.00000000 0.83000000 0.86000000
976.00000000 0.85000000 0.84250000
992.00000000 0.84250000 0.85500000
1008.00000000 0.83750000 0.83250000
1024.00000000 0.81750000 0.83250000
1040.00000000 0.81000000 0.81250000
1056.00000000 0.77000000 0.75750000
1072.00000000 0.74500000 0.75500000
1088.00000000 0.73500000 0.74750000
1104.00000000 0.71250000 0.72000000
1120.00000000 0.71000000 0.71500000
1136.00000000 0.69750000 0.69000000
1152.00000000 0.71250000 0.70500000
1168.00000000 0.68500000 0.69750000
1184.00000000 0.67500000 0.68250000
1200.00000000 0.66500000 0.68000000
1216.00000000 0.64500000 0.66250000
1232.00000000 0.63250000 0.63500000
1248.00000000 0.62250000 0.63750000
1264.00000000 0.59500000 0.61000000
1280.00000000 0.58250000 0.58750000
1296.00000000 0.58000000 0.56750000
1312.00000000 0.55500000 0.58250000
1328.00000000 0.56500000 0.53250000
1344.00000000 0.53750000 0.53000000
1360.00000000 0.52750000 0.53500000
1376.00000000 0.52750000 0.54000000
1392.00000000 0.51250000 0.51250000
1408.00000000 0.49500000 0.49500000
1424.00000000 0.50000000 0.51250000
1440.00000000 0.48000000 0.51000000
1456.00000000 0.47500000 0.48750000
1472.00000000 0.47000000 0.47250000
1488.00000000 0.46000000 0.47500000
1504.00000000 0.46250000 0.45500000
1520.00000000 0.43250000 0.44500000
1536.00000000 0.42500000 0.42250000
1552.00000000 0.40500000 0.41750000
1568.00000000 0.41000000 0.42500000
1584.00000000 0.40250000 0.41000000
1600.00000000 0.38750000 0.39500000
1616.00000000 0.38000000 0.38250000
1632.00000000 0.37500000 0.37750000
1648.00000000 0.35250000 0.36000000
1664.00000000 0.36250000 0.35750000
1680.00000000 0.34250000 0.35250000
1696.00000000 0.32750000 0.32750000
1712.00000000 0.34000000 0.33500000
1728.00000000 0.32250000 0.32250000
1744.00000000 0.33250000 0.33000000
1760.00000000 0.31500000 0.32500000
1776.00000000 0.32250000 0.32500000
1792.00000000 0.32500000 0.32750000
1808.00000000 0.31750000 0.30250000
1824.00000000 0.30000000 0.30250000
1840.00000000 0.29250000 0.29500000
1856.00000000 0.29250000 0.30250000
1872.00000000 0.28500000 0.28250000
1888.00000000 0.27500000 0.27250000
1904.00000000 0.26500000 0.26250000
1920.00000000 0.26500000 0.25500000
1936.00000000 0.25500000 0.26000000
1952.00000000 0.26750000 0.24750000
1968.00000000 0.25250000 0.25000000
1984.00000000 0.24500000 0.24750000
2000.00000000 0.25000000 0.24250000
2016.00000000 0.24000000 0.24000000
2032.00000000 0.22500000 0.23500000
2048.00000000 0.24000000 0.23250000
2064.00000000 0.24500000 0.23250000
2080.00000000 0.21750000 0.21250000
2096.00000000 0.21750000 0.22000000
2112.00000000 0.21250000 0.22000000
2128.00000000 0.21250000 0.20250000
2144.00000000 0.20250000 0.20250000
2160.00000000 0.19750000 0.20500000
2176.00000000 0.19000000 0.19000000
2192.00000000 0.19250000 0.18750000
2208.00000000 0.18750000 0.19500000
2224.00000000 0.19250000 0.18500000
2240.00000000 0.17000000 0.18000000
2256.00000000 0.17500000 0.17500000
2272.00000000 0.17750000 0.18750000
2288.00000000 0.16750000 0.17500000
2304.00000000 0.16000000 0.16500000
2320.00000000 0.16750000 0.17500000
2336.00000000 0.15750000 0.17250000
2352.00000000 0.15750000 0.15500000
2368.00000000 0.15500000 0.14750000
2384.00000000 0.14500000 0.14000000
2400.00000000 0.15000000 0.14250000
2416.00000000 0.15000000 0.14500000
2432.00000000 0.14250000 0.14750000
2448.00000000 0.14500000 0.14750000
2464.00000000 0.15500000 0.15000000
2480.00000000 0.14000000 0.14750000
2496.00000000 0.14500000 0.14250000
2512.00000000 0.14500000 0.14500000
2528.00000000 0.13750000 0.13500000
2544.00000000 0.12500000 0.12750000
2560.00000000 0.13250000 0.13500000
2576.00000000 0.12750000 0.12750000
2592.00000000 0.11500000 0.12000000
2608.00000000 0.13000000 0.12500000
2624.00000000 0.12000000 0.12500000
2640.00000000 0.12000000 0.13000000
2656.00000000 0.12250000 0.12500000
2672.00000000 0.12000000 0.12250000
2688.00000000 0.12250000 0.12250000
2704.00000000 0.12250000 0.11750000
2720.00000000 0.12500000 0.12000000
2736.00000000 0.10750000 0.11000000
2752.00000000 0.12250000 0.12000000
2768.00000000 0.10750000 0.11500000
2784.00000000 0.11250000 0.11000000
2800.00000000 0.10000000 0.11250000
2816.00000000 0.09750000 0.10750000
2832.00000000 0.10750000 0.10750000
2848.00000000 0.10750000 0.11000000
2864.00000000 0.10250000 0.09250000
2880.00000000 0.09750000 0.08250000
2896.00000000 0.09250000 0.09000000
2912.00000000 0.08750000 0.09250000
2928.00000000 0.08750000 0.08750000
2944.00000000 0.08000000 0.08000000
2960.00000000 0.09000000 0.08500000
2976.00000000 0.08250000 0.08500000
2992.00000000 0.08500000 0.08750000
3008.00000000 0.08000000 0.08500000
3024.00000000 0.08250000 0.08250000
3040.00000000 0.08000000 0.08250000
3056.00000000 0.08500000 0.08750000
3072.00000000 0.07500000 0.07500000
3088.00000000 0.07500000 0.07750000
3104.00000000 0.07500000 0.07500000
3120.00000000 0.08250000 0.08250000
3136.00000000 0.08000000 0.08000000
3152.00000000 0.07750000 0.08000000
3168.00000000 0.07250000 0.07250000
3184.00000000 0.07500000 0.07500000
3200.00000000 0.07250000 0.06750000
