0 2595.79354839 2602.73870968
128.00000000 16.61935484 16.64193548
256.00000000 9.57419355 9.57419355
384.00000000 6.88064516 6.93870968
512.00000000 5.45161290 5.52258065
640.00000000 4.60000000 4.60645161
768.00000000 3.94516129 3.96129032
896.00000000 3.45806452 3.49354839
1024.00000000 3.09032258 3.12258064
1152.00000000 2.76129032 2.79032258
1280.00000000 2.52903226 2.51612903
1408.00000000 2.33870968 2.31935484
1536.00000000 2.16774194 2.20322581
1664.00000000 2.03548387 2.00645161
1792.00000000 1.90645161 1.93225806
1920.00000000 1.79677419 1.77419355
2048.00000000 1.63548387 1.66451613
2176.00000000 1.57419355 1.60645161
2304.00000000 1.50645161 1.49677419
2432.00000000 1.40322581 1.44838710
2560.00000000 1.34516129 1.33870968
2688.00000000 1.25483871 1.28709677
2816.00000000 1.18387097 1.21935484
2944.00000000 1.15806452 1.19677419
3072.00000000 1.12258065 1.13548387
3200.00000000 1.06451613 1.06451613
3328.00000000 1.01935484 1.04838710
3456.00000000 0.96774193 0.96774193
3584.00000000 0.90645161 0.90645161
3712.00000000 0.87096774 0.86774194
3840.00000000 0.82258065 0.81935484
3968.00000000 0.78709677 0.81612903
4096.00000000 0.75161290 0.78064516
4224.00000000 0.72258064 0.74193548
4352.00000000 0.69677419 0.69677419
4480.00000000 0.62903226 0.66129032
4608.00000000 0.60000000 0.61290323
4736.00000000 0.58709677 0.58709677
4864.00000000 0.56451613 0.57419355
4992.00000000 0.54516129 0.54516129
5120.00000000 0.53225806 0.54193548
5248.00000000 0.51612903 0.52903226
5376.00000000 0.49032258 0.49354839
5504.00000000 0.47419355 0.44516129
5632.00000000 0.42580645 0.42903226
5760.00000000 0.40967742 0.42580645
5888.00000000 0.38064516 0.40645161
6016.00000000 0.37419355 0.39032258
6144.00000000 0.36774194 0.38387097
6272.00000000 0.35483871 0.34838710
6400.00000000 0.35806452 0.35806452
6528.00000000 0.34516129 0.33548387
6656.00000000 0.32580645 0.30645161
6784.00000000 0.30967742 0.31290323
6912.00000000 0.30322581 0.28387097
7040.00000000 0.28064516 0.28064516
7168.00000000 0.24838710 0.27096774
7296.00000000 0.25483871 0.25806452
7424.00000000 0.24516129 0.25161290
7552.00000000 0.24516129 0.24193548
7680.00000000 0.23548387 0.23548387
7808.00000000 0.21290323 0.22580645
7936.00000000 0.22580645 0.22903226
8064.00000000 0.20000000 0.20000000
8192.00000000 0.20322581 0.19354839
8320.00000000 0.19354839 0.20000000
8448.00000000 0.18709677 0.18709677
8576.00000000 0.17096774 0.16451613
8704.00000000 0.14838710 0.16129032
8832.00000000 0.15161290 0.15806452
8960.00000000 0.14193548 0.15483871
9088.00000000 0.14193548 0.14193548
9216.00000000 0.13225806 0.12258065
9344.00000000 0.10000000 0.11290323
9472.00000000 0.11935484 0.12580645
9600.00000000 0.12258065 0.10967742
9728.00000000 0.11290323 0.11290323
9856.00000000 0.11612903 0.10967742
9984.00000000 0.10645161 0.10645161
10112.00000000 0.10322581 0.10322581
10240.00000000 0.10322581 0.10322581
10368.00000000 0.10322581 0.09354839
10496.00000000 0.10000000 0.10000000
10624.00000000 0.08709677 0.09354839
10752.00000000 0.09354839 0.09032258
10880.00000000 0.09354839 0.09354839
11008.00000000 0.08709677 0.09677419
11136.00000000 0.08709677 0.08709677
11264.00000000 0.08387097 0.08387097
11392.00000000 0.08387097 0.08709677
11520.00000000 0.07096774 0.08064516
11648.00000000 0.08064516 0.07096774
11776.00000000 0.06774194 0.07096774
11904.00000000 0.07419355 0.06774194
12032.00000000 0.07096774 0.07419355
12160.00000000 0.06451613 0.06451613
12288.00000000 0.06451613 0.06451613
12416.00000000 0.06451613 0.06451613
12544.00000000 0.06129032 0.05806452
12672.00000000 0.05483871 0.06451613
12800.00000000 0.05806452 0.06129032
