0 28.79100000 3520000.00000000
128.00000000 55.24667500 3520000.00000000
256.00000000 71.43247500 3520000.00000000
384.00000000 69.83250000 3520000.00000000
512.00000000 73.21720000 3520000.00000000
640.00000000 80.72775000 3520000.00000000
768.00000000 79.55167500 3520000.00000000
896.00000000 82.89307500 3520000.00000000
1024.00000000 84.69960000 3520000.00000000
1152.00000000 92.93847500 3520000.00000000
1280.00000000 98.90382500 3520000.00000000
1408.00000000 106.12230000 3520000.00000000
1536.00000000 114.33347500 3520000.00000000
1664.00000000 121.95187500 3520000.00000000
1792.00000000 128.60055000 3520000.00000000
1920.00000000 135.41272500 3520000.00000000
2048.00000000 142.11195000 3520000.00000000
2176.00000000 148.60515000 3520000.00000000
2304.00000000 154.72607500 3520000.00000000
2432.00000000 160.77460000 3520000.00000000
2560.00000000 164.84265000 3520000.00000000
2688.00000000 172.32225000 3520000.00000000
2816.00000000 177.35192500 3520000.00000000
2944.00000000 181.51767500 3520000.00000000
3072.00000000 185.91762500 3520000.00000000
3200.00000000 190.49485000 3520000.00000000
3328.00000000 195.58087500 3520000.00000000
3456.00000000 199.14217500 3520000.00000000
3584.00000000 203.48500000 3520000.00000000
3712.00000000 206.67852500 3520000.00000000
3840.00000000 209.49755000 3520000.00000000
3968.00000000 213.15340000 3520000.00000000
4096.00000000 216.15220000 3520000.00000000
4224.00000000 218.85240000 3520000.00000000
4352.00000000 221.04227500 3520000.00000000
4480.00000000 222.74117500 3520000.00000000
4608.00000000 225.37267500 3520000.00000000
4736.00000000 227.24050000 3520000.00000000
4864.00000000 229.56807500 3520000.00000000
4992.00000000 231.79217500 3520000.00000000
5120.00000000 233.44547500 3520000.00000000
5248.00000000 235.37760000 3520000.00000000
5376.00000000 237.41515000 3520000.00000000
5504.00000000 239.37092500 3520000.00000000
5632.00000000 240.61335000 3520000.00000000
5760.00000000 241.99732500 3520000.00000000
5888.00000000 243.31455000 3520000.00000000
6016.00000000 244.13387500 3520000.00000000
6144.00000000 245.36942500 3520000.00000000
6272.00000000 246.21410000 3520000.00000000
6400.00000000 247.41807500 3520000.00000000
6528.00000000 248.48215000 3520000.00000000
6656.00000000 249.12875000 3520000.00000000
6784.00000000 250.27945000 3520000.00000000
6912.00000000 251.07480000 3520000.00000000
7040.00000000 251.69840000 3520000.00000000
7168.00000000 252.70972500 3520000.00000000
7296.00000000 253.46112500 3520000.00000000
7424.00000000 254.01132500 3520000.00000000
7552.00000000 254.71297500 3520000.00000000
7680.00000000 255.34522500 3520000.00000000
7808.00000000 255.93612500 3520000.00000000
7936.00000000 256.39820000 3520000.00000000
8064.00000000 256.87740000 3520000.00000000
8192.00000000 257.65550000 3520000.00000000
8320.00000000 258.37857500 3520000.00000000
8448.00000000 258.85725000 3520000.00000000
8576.00000000 259.41597500 3520000.00000000
8704.00000000 259.84870000 3520000.00000000
8832.00000000 260.45795000 3520000.00000000
8960.00000000 260.82220000 3520000.00000000
9088.00000000 261.01082500 3520000.00000000
9216.00000000 261.50292500 3520000.00000000
9344.00000000 261.75490000 3520000.00000000
9472.00000000 261.93652500 3520000.00000000
9600.00000000 262.24520000 3520000.00000000
9728.00000000 262.48097500 3520000.00000000
9856.00000000 262.77810000 3520000.00000000
9984.00000000 263.11992500 3520000.00000000
10112.00000000 263.15312500 3520000.00000000
10240.00000000 263.25710000 3520000.00000000
10368.00000000 263.42555000 3520000.00000000
10496.00000000 263.62792500 3520000.00000000
10624.00000000 263.97502500 3520000.00000000
10752.00000000 264.04670000 3520000.00000000
10880.00000000 264.29915000 3520000.00000000
11008.00000000 264.36330000 3520000.00000000
11136.00000000 264.86370000 3520000.00000000
11264.00000000 265.00687500 3520000.00000000
11392.00000000 265.38170000 3520000.00000000
11520.00000000 265.69687500 3520000.00000000
11648.00000000 265.93295000 3520000.00000000
11776.00000000 266.30140000 3520000.00000000
11904.00000000 266.66872500 3520000.00000000
12032.00000000 266.65775000 3520000.00000000
12160.00000000 266.83492500 3520000.00000000
12288.00000000 267.08727500 3520000.00000000
12416.00000000 267.32090000 3520000.00000000
12544.00000000 267.54110000 3520000.00000000
12672.00000000 267.73600000 3520000.00000000
12800.00000000 268.04565000 3520000.00000000
