0 2595.62800000 2602.61600000
128.00000000 16.66800000 16.68800000
256.00000000 9.52800000 9.54400000
384.00000000 6.88000000 6.90400000
512.00000000 5.46000000 5.52400000
640.00000000 4.60400000 4.60400000
768.00000000 3.93600000 3.95200000
896.00000000 3.44000000 3.44400000
1024.00000000 3.06400000 3.13200000
1152.00000000 2.74400000 2.78400000
1280.00000000 2.55200000 2.50400000
1408.00000000 2.32000000 2.31200000
1536.00000000 2.14800000 2.20000000
1664.00000000 2.03200000 2.00800000
1792.00000000 1.93200000 1.93200000
1920.00000000 1.81600000 1.78000000
2048.00000000 1.63200000 1.67600000
2176.00000000 1.57600000 1.60000000
2304.00000000 1.48400000 1.48400000
2432.00000000 1.40800000 1.45200000
2560.00000000 1.35600000 1.34000000
2688.00000000 1.26000000 1.29600000
2816.00000000 1.18800000 1.21600000
2944.00000000 1.16800000 1.20400000
3072.00000000 1.12400000 1.14000000
3200.00000000 1.06400000 1.06000000
3328.00000000 1.01200000 1.05600000
3456.00000000 0.97600000 0.96400000
3584.00000000 0.90000000 0.90000000
3712.00000000 0.86000000 0.85600000
3840.00000000 0.80400000 0.80000000
3968.00000000 0.77200000 0.80400000
4096.00000000 0.74400000 0.76400000
4224.00000000 0.72000000 0.74000000
4352.00000000 0.68400000 0.68800000
4480.00000000 0.62000000 0.64000000
4608.00000000 0.58400000 0.60000000
4736.00000000 0.56400000 0.57200000
4864.00000000 0.55200000 0.54800000
4992.00000000 0.52800000 0.52800000
5120.00000000 0.52000000 0.52800000
5248.00000000 0.50000000 0.50800000
5376.00000000 0.47200000 0.47600000
5504.00000000 0.44400000 0.42000000
5632.00000000 0.39600000 0.40000000
5760.00000000 0.38400000 0.39200000
5888.00000000 0.35600000 0.37600000
6016.00000000 0.36000000 0.36400000
6144.00000000 0.34400000 0.36000000
6272.00000000 0.34000000 0.32400000
6400.00000000 0.34000000 0.33600000
6528.00000000 0.34000000 0.33200000
6656.00000000 0.32000000 0.30000000
6784.00000000 0.30400000 0.30800000
6912.00000000 0.30000000 0.28000000
7040.00000000 0.28400000 0.28800000
7168.00000000 0.23600000 0.27200000
7296.00000000 0.24800000 0.25200000
7424.00000000 0.24000000 0.24000000
7552.00000000 0.23600000 0.22800000
7680.00000000 0.22000000 0.22000000
7808.00000000 0.20400000 0.22000000
7936.00000000 0.22000000 0.22000000
8064.00000000 0.21200000 0.20400000
8192.00000000 0.20800000 0.20800000
8320.00000000 0.19600000 0.20400000
8448.00000000 0.19200000 0.19200000
8576.00000000 0.17600000 0.16800000
8704.00000000 0.14800000 0.16000000
8832.00000000 0.14800000 0.15600000
8960.00000000 0.14000000 0.15200000
9088.00000000 0.14000000 0.14000000
9216.00000000 0.13200000 0.12400000
9344.00000000 0.10000000 0.11600000
9472.00000000 0.12000000 0.12800000
9600.00000000 0.12800000 0.10800000
9728.00000000 0.11200000 0.11200000
9856.00000000 0.11600000 0.11200000
9984.00000000 0.10400000 0.10400000
10112.00000000 0.10400000 0.10400000
10240.00000000 0.10000000 0.10400000
10368.00000000 0.10000000 0.08800000
10496.00000000 0.09600000 0.09600000
10624.00000000 0.08000000 0.08800000
10752.00000000 0.08800000 0.08400000
10880.00000000 0.08800000 0.08800000
11008.00000000 0.08400000 0.09200000
11136.00000000 0.08400000 0.08800000
11264.00000000 0.08000000 0.08400000
11392.00000000 0.08000000 0.08400000
11520.00000000 0.07200000 0.07600000
11648.00000000 0.08000000 0.06800000
11776.00000000 0.06800000 0.07200000
11904.00000000 0.07600000 0.07200000
12032.00000000 0.07200000 0.07600000
12160.00000000 0.06400000 0.06800000
12288.00000000 0.06400000 0.06400000
12416.00000000 0.06400000 0.06800000
12544.00000000 0.06000000 0.06400000
12672.00000000 0.05200000 0.06400000
12800.00000000 0.05600000 0.06000000
