0 2596.48333333 2603.25000000
128.00000000 16.41666667 16.45000000
256.00000000 9.76666667 9.70000000
384.00000000 6.88333333 7.08333333
512.00000000 5.41666667 5.51666667
640.00000000 4.58333333 4.61666667
768.00000000 3.98333333 4.00000000
896.00000000 3.53333333 3.70000000
1024.00000000 3.20000000 3.08333333
1152.00000000 2.83333333 2.81666667
1280.00000000 2.43333333 2.56666667
1408.00000000 2.41666667 2.35000000
1536.00000000 2.25000000 2.21666667
1664.00000000 2.05000000 2.00000000
1792.00000000 1.80000000 1.93333333
1920.00000000 1.71666667 1.75000000
2048.00000000 1.65000000 1.61666667
2176.00000000 1.56666667 1.63333333
2304.00000000 1.60000000 1.55000000
2432.00000000 1.38333333 1.43333333
2560.00000000 1.30000000 1.33333333
2688.00000000 1.23333333 1.25000000
2816.00000000 1.16666667 1.23333333
2944.00000000 1.11666667 1.16666667
3072.00000000 1.11666667 1.11666667
3200.00000000 1.06666667 1.08333333
3328.00000000 1.05000000 1.01666667
3456.00000000 0.93333333 0.98333333
3584.00000000 0.93333333 0.93333333
3712.00000000 0.91666667 0.91666667
3840.00000000 0.90000000 0.90000000
3968.00000000 0.85000000 0.86666667
4096.00000000 0.78333333 0.85000000
4224.00000000 0.73333333 0.75000000
4352.00000000 0.75000000 0.73333333
4480.00000000 0.66666667 0.75000000
4608.00000000 0.66666667 0.66666667
4736.00000000 0.68333333 0.65000000
4864.00000000 0.61666667 0.68333333
4992.00000000 0.61666667 0.61666667
5120.00000000 0.58333333 0.60000000
5248.00000000 0.58333333 0.61666667
5376.00000000 0.56666667 0.56666667
5504.00000000 0.60000000 0.55000000
5632.00000000 0.55000000 0.55000000
5760.00000000 0.51666667 0.56666667
5888.00000000 0.48333333 0.53333333
6016.00000000 0.43333333 0.50000000
6144.00000000 0.46666667 0.48333333
6272.00000000 0.41666667 0.45000000
6400.00000000 0.43333333 0.45000000
6528.00000000 0.36666667 0.35000000
6656.00000000 0.35000000 0.33333333
6784.00000000 0.33333333 0.33333333
6912.00000000 0.31666667 0.30000000
7040.00000000 0.26666667 0.25000000
7168.00000000 0.30000000 0.26666667
7296.00000000 0.28333333 0.28333333
7424.00000000 0.26666667 0.30000000
7552.00000000 0.28333333 0.30000000
7680.00000000 0.30000000 0.30000000
7808.00000000 0.25000000 0.25000000
7936.00000000 0.25000000 0.26666667
8064.00000000 0.15000000 0.18333333
8192.00000000 0.18333333 0.13333333
8320.00000000 0.18333333 0.18333333
8448.00000000 0.16666667 0.16666667
8576.00000000 0.15000000 0.15000000
8704.00000000 0.15000000 0.16666667
8832.00000000 0.16666667 0.16666667
8960.00000000 0.15000000 0.16666667
9088.00000000 0.15000000 0.15000000
9216.00000000 0.13333333 0.11666667
9344.00000000 0.10000000 0.10000000
9472.00000000 0.11666667 0.11666667
9600.00000000 0.10000000 0.11666667
9728.00000000 0.11666667 0.11666667
9856.00000000 0.11666667 0.10000000
9984.00000000 0.11666667 0.11666667
10112.00000000 0.10000000 0.10000000
10240.00000000 0.11666667 0.10000000
10368.00000000 0.11666667 0.11666667
10496.00000000 0.11666667 0.11666667
10624.00000000 0.11666667 0.11666667
10752.00000000 0.11666667 0.11666667
10880.00000000 0.11666667 0.11666667
11008.00000000 0.10000000 0.11666667
11136.00000000 0.10000000 0.08333333
11264.00000000 0.10000000 0.08333333
11392.00000000 0.10000000 0.10000000
11520.00000000 0.06666667 0.10000000
11648.00000000 0.08333333 0.08333333
11776.00000000 0.06666667 0.06666667
11904.00000000 0.06666667 0.05000000
12032.00000000 0.06666667 0.06666667
12160.00000000 0.06666667 0.05000000
12288.00000000 0.06666667 0.06666667
12416.00000000 0.06666667 0.05000000
12544.00000000 0.06666667 0.03333333
12672.00000000 0.06666667 0.06666667
12800.00000000 0.06666667 0.06666667
