0 1013.35000000 1016.29500000
25.00000000 23.91500000 23.82000000
50.00000000 15.57000000 15.53500000
75.00000000 12.38000000 12.36000000
100.00000000 10.38500000 10.39000000
125.00000000 9.23500000 9.18500000
150.00000000 8.35000000 8.26500000
175.00000000 7.58000000 7.57000000
200.00000000 7.09000000 7.08000000
225.00000000 6.74000000 6.71500000
250.00000000 6.34000000 6.39000000
275.00000000 5.99500000 6.02500000
300.00000000 5.60500000 5.72500000
325.00000000 5.54500000 5.50500000
350.00000000 5.24000000 5.24000000
375.00000000 4.99500000 5.02500000
400.00000000 4.90000000 4.94500000
425.00000000 4.72500000 4.75000000
450.00000000 4.55000000 4.60500000
475.00000000 4.49000000 4.53500000
500.00000000 4.39500000 4.44500000
525.00000000 4.27500000 4.26000000
550.00000000 4.13500000 4.21000000
575.00000000 4.05500000 4.13000000
600.00000000 4.04500000 4.08000000
625.00000000 3.90500000 3.97500000
650.00000000 3.81500000 3.85500000
675.00000000 3.77500000 3.81000000
700.00000000 3.68500000 3.75500000
725.00000000 3.71500000 3.74000000
750.00000000 3.69000000 3.71500000
775.00000000 3.66000000 3.64000000
800.00000000 3.52000000 3.54500000
825.00000000 3.51500000 3.62500000
850.00000000 3.42500000 3.51000000
875.00000000 3.44500000 3.48000000
900.00000000 3.38500000 3.42000000
925.00000000 3.38500000 3.40500000
950.00000000 3.34000000 3.31500000
975.00000000 3.22500000 3.32500000
1000.00000000 3.20500000 3.19500000
1025.00000000 3.19500000 3.20500000
1050.00000000 3.10000000 3.14500000
1075.00000000 3.09500000 3.15500000
1100.00000000 3.08000000 3.13000000
1125.00000000 3.04500000 3.08500000
1150.00000000 3.02500000 3.13500000
1175.00000000 3.04500000 3.13000000
1200.00000000 2.98000000 3.04000000
1225.00000000 3.02000000 2.99000000
1250.00000000 2.95500000 3.03000000
1275.00000000 2.92500000 2.96000000
1300.00000000 2.89500000 2.95500000
1325.00000000 2.90500000 2.93000000
1350.00000000 2.88500000 2.95500000
1375.00000000 2.89500000 2.93500000
1400.00000000 2.85500000 2.92000000
1425.00000000 2.80500000 2.91000000
1450.00000000 2.88500000 2.90500000
1475.00000000 2.85500000 2.90000000
1500.00000000 2.88500000 2.86500000
1525.00000000 2.81500000 2.91500000
1550.00000000 2.82500000 2.76000000
1575.00000000 2.80000000 2.79000000
1600.00000000 2.79000000 2.77500000
1625.00000000 2.75500000 2.77500000
1650.00000000 2.73000000 2.71500000
1675.00000000 2.74500000 2.74000000
1700.00000000 2.76000000 2.78000000
1725.00000000 2.79500000 2.73500000
1750.00000000 2.67500000 2.71500000
1775.00000000 2.69500000 2.67500000
1800.00000000 2.66000000 2.71500000
1825.00000000 2.64500000 2.68500000
1850.00000000 2.68500000 2.65000000
1875.00000000 2.61500000 2.61500000
1900.00000000 2.59500000 2.67000000
1925.00000000 2.54500000 2.61000000
1950.00000000 2.61500000 2.61500000
1975.00000000 2.58000000 2.61000000
2000.00000000 2.58000000 2.61500000
2025.00000000 2.57000000 2.62500000
2050.00000000 2.55000000 2.54500000
2075.00000000 2.52000000 2.58500000
2100.00000000 2.52000000 2.61000000
2125.00000000 2.54500000 2.51000000
2150.00000000 2.59000000 2.58500000
2175.00000000 2.50000000 2.55500000
2200.00000000 2.46000000 2.57000000
2225.00000000 2.51000000 2.53500000
2250.00000000 2.54500000 2.57000000
2275.00000000 2.50500000 2.55500000
2300.00000000 2.47500000 2.53000000
2325.00000000 2.47500000 2.48500000
2350.00000000 2.49500000 2.52500000
2375.00000000 2.54000000 2.51500000
2400.00000000 2.47500000 2.53500000
2425.00000000 2.49500000 2.51500000
2450.00000000 2.47000000 2.47000000
2475.00000000 2.48000000 2.47000000
2500.00000000 2.47000000 2.50500000
2525.00000000 2.49500000 2.49000000
2550.00000000 2.42500000 2.43000000
2575.00000000 2.47500000 2.48000000
2600.00000000 2.43500000 2.53500000
2625.00000000 2.47500000 2.50000000
2650.00000000 2.47500000 2.46500000
2675.00000000 2.45000000 2.47000000
2700.00000000 2.45000000 2.48500000
2725.00000000 2.41000000 2.49000000
2750.00000000 2.45000000 2.48500000
2775.00000000 2.41000000 2.45500000
2800.00000000 2.45500000 2.39500000
2825.00000000 2.40500000 2.44500000
2850.00000000 2.43000000 2.45000000
2875.00000000 2.39000000 2.41000000
2900.00000000 2.40500000 2.39000000
2925.00000000 2.41500000 2.41500000
2950.00000000 2.41000000 2.44500000
2975.00000000 2.36500000 2.42500000
3000.00000000 2.40000000 2.41500000
3025.00000000 2.41500000 2.40000000
3050.00000000 2.38000000 2.38000000
3075.00000000 2.41500000 2.40000000
3100.00000000 2.39000000 2.37000000
3125.00000000 2.38500000 2.36500000
3150.00000000 2.30000000 2.37500000
3175.00000000 2.33000000 2.36000000
3200.00000000 2.38000000 2.35000000
3225.00000000 2.36000000 2.39500000
3250.00000000 2.38000000 2.37500000
3275.00000000 2.37000000 2.36500000
3300.00000000 2.38000000 2.35500000
3325.00000000 2.33500000 2.38500000
3350.00000000 2.37000000 2.41500000
3375.00000000 2.29500000 2.34500000
3400.00000000 2.36000000 2.34000000
3425.00000000 2.31500000 2.33000000
3450.00000000 2.36000000 2.34500000
3475.00000000 2.31000000 2.34000000
3500.00000000 2.35500000 2.38500000
3525.00000000 2.34500000 2.32000000
3550.00000000 2.35000000 2.34500000
3575.00000000 2.36500000 2.35500000
3600.00000000 2.34000000 2.36000000
3625.00000000 2.32500000 2.40500000
3650.00000000 2.33000000 2.35000000
3675.00000000 2.30500000 2.38500000
3700.00000000 2.31000000 2.33000000
3725.00000000 2.31000000 2.37500000
3750.00000000 2.30000000 2.36000000
3775.00000000 2.28000000 2.32000000
3800.00000000 2.32500000 2.36000000
3825.00000000 2.37000000 2.36500000
3850.00000000 2.26000000 2.36000000
3875.00000000 2.28000000 2.29000000
3900.00000000 2.24500000 2.34000000
3925.00000000 2.32500000 2.36000000
3950.00000000 2.25000000 2.33500000
3975.00000000 2.30500000 2.36500000
4000.00000000 2.33000000 2.31500000
4025.00000000 2.29000000 2.32000000
4050.00000000 2.27000000 2.36000000
4075.00000000 2.28500000 2.35500000
4100.00000000 2.31000000 2.33000000
4125.00000000 2.29500000 2.31000000
4150.00000000 2.32000000 2.31500000
4175.00000000 2.26000000 2.27500000
4200.00000000 2.29000000 2.29500000
4225.00000000 2.31000000 2.32000000
4250.00000000 2.34000000 2.33500000
4275.00000000 2.27500000 2.25500000
4300.00000000 2.27500000 2.34000000
4325.00000000 2.23000000 2.26000000
4350.00000000 2.29500000 2.25500000
4375.00000000 2.27500000 2.29500000
4400.00000000 2.22500000 2.28500000
4425.00000000 2.31000000 2.28500000
4450.00000000 2.26000000 2.30500000
4475.00000000 2.25500000 2.26000000
4500.00000000 2.25000000 2.24500000
4525.00000000 2.23000000 2.23500000
4550.00000000 2.21500000 2.25500000
4575.00000000 2.30500000 2.28000000
4600.00000000 2.31000000 2.25500000
4625.00000000 2.27500000 2.28000000
4650.00000000 2.24000000 2.25000000
4675.00000000 2.26500000 2.28500000
4700.00000000 2.25500000 2.27500000
4725.00000000 2.23000000 2.22000000
4750.00000000 2.22500000 2.25000000
4775.00000000 2.18500000 2.24000000
4800.00000000 2.27500000 2.28500000
4825.00000000 2.24500000 2.29500000
4850.00000000 2.24500000 2.28500000
4875.00000000 2.24500000 2.28500000
4900.00000000 2.27000000 2.24000000
4925.00000000 2.25000000 2.26500000
4950.00000000 2.28000000 2.29000000
4975.00000000 2.28000000 2.30000000
5000.00000000 2.27000000 2.23000000
