0 162.45250000 162.78250000
8.00000000 8.54750000 8.61750000
16.00000000 5.17750000 5.18000000
24.00000000 3.79750000 3.82000000
32.00000000 3.02250000 2.98750000
40.00000000 2.50250000 2.51000000
48.00000000 2.18500000 2.17500000
56.00000000 1.98250000 2.01500000
64.00000000 1.77500000 1.76000000
72.00000000 1.63500000 1.64250000
80.00000000 1.46750000 1.45500000
88.00000000 1.29500000 1.33750000
96.00000000 1.24250000 1.25500000
104.00000000 1.19000000 1.19250000
112.00000000 1.10750000 1.09250000
120.00000000 1.05750000 1.03750000
128.00000000 0.96750000 0.96500000
136.00000000 0.87000000 0.88500000
144.00000000 0.82500000 0.82250000
152.00000000 0.74000000 0.76250000
160.00000000 0.70250000 0.68500000
168.00000000 0.66750000 0.68750000
176.00000000 0.62500000 0.65250000
184.00000000 0.60500000 0.60250000
192.00000000 0.57000000 0.56500000
200.00000000 0.52500000 0.52500000
208.00000000 0.50250000 0.47750000
216.00000000 0.48000000 0.48000000
224.00000000 0.44250000 0.44500000
232.00000000 0.41750000 0.44250000
240.00000000 0.40500000 0.40750000
248.00000000 0.38500000 0.37250000
256.00000000 0.34500000 0.35500000
264.00000000 0.33500000 0.33750000
272.00000000 0.30000000 0.30500000
280.00000000 0.28750000 0.28750000
288.00000000 0.28000000 0.27750000
296.00000000 0.25500000 0.24500000
304.00000000 0.23750000 0.25500000
312.00000000 0.23750000 0.22750000
320.00000000 0.23000000 0.23000000
328.00000000 0.22250000 0.21250000
336.00000000 0.19500000 0.20000000
344.00000000 0.18250000 0.19000000
352.00000000 0.16500000 0.17250000
360.00000000 0.17000000 0.16750000
368.00000000 0.15250000 0.15250000
376.00000000 0.14500000 0.13500000
384.00000000 0.13250000 0.12500000
392.00000000 0.12500000 0.12500000
400.00000000 0.12000000 0.11750000
408.00000000 0.10750000 0.11250000
416.00000000 0.10250000 0.11000000
424.00000000 0.10750000 0.10250000
432.00000000 0.11000000 0.10750000
440.00000000 0.10000000 0.09750000
448.00000000 0.08750000 0.08750000
456.00000000 0.08250000 0.09000000
464.00000000 0.08000000 0.08750000
472.00000000 0.08000000 0.08500000
480.00000000 0.08000000 0.07250000
488.00000000 0.08000000 0.07250000
496.00000000 0.07750000 0.07500000
504.00000000 0.07250000 0.07000000
512.00000000 0.06750000 0.06250000
520.00000000 0.06500000 0.06250000
528.00000000 0.05750000 0.06500000
536.00000000 0.05500000 0.06250000
544.00000000 0.05250000 0.06000000
552.00000000 0.05750000 0.05250000
560.00000000 0.05250000 0.05500000
568.00000000 0.05500000 0.05500000
576.00000000 0.05250000 0.05000000
584.00000000 0.04500000 0.05000000
592.00000000 0.04500000 0.04500000
600.00000000 0.04250000 0.04250000
608.00000000 0.04000000 0.04250000
616.00000000 0.04000000 0.04000000
624.00000000 0.03750000 0.04000000
632.00000000 0.04000000 0.03750000
640.00000000 0.03750000 0.04000000
648.00000000 0.03500000 0.03750000
656.00000000 0.03250000 0.03500000
664.00000000 0.03750000 0.03750000
672.00000000 0.03000000 0.03000000
680.00000000 0.03250000 0.03000000
688.00000000 0.03250000 0.03250000
696.00000000 0.03000000 0.03250000
704.00000000 0.03000000 0.02750000
712.00000000 0.03250000 0.03250000
720.00000000 0.03000000 0.03250000
728.00000000 0.03250000 0.03000000
736.00000000 0.02500000 0.02750000
744.00000000 0.02750000 0.02500000
752.00000000 0.02250000 0.02500000
760.00000000 0.02000000 0.02000000
768.00000000 0.02000000 0.02000000
776.00000000 0.02000000 0.02000000
784.00000000 0.02000000 0.02000000
792.00000000 0.02000000 0.02000000
800.00000000 0.02000000 0.01500000
