0 162.66500000 163.08000000
4.00000000 14.87500000 14.74500000
8.00000000 8.45500000 8.56000000
12.00000000 6.26000000 6.29500000
16.00000000 5.15500000 5.21000000
20.00000000 4.35500000 4.33000000
24.00000000 3.80000000 3.86000000
28.00000000 3.35000000 3.39000000
32.00000000 2.98000000 3.00000000
36.00000000 2.74000000 2.75000000
40.00000000 2.48000000 2.50000000
44.00000000 2.27500000 2.32000000
48.00000000 2.17500000 2.19000000
52.00000000 1.99000000 2.05500000
56.00000000 1.93500000 1.95000000
60.00000000 1.83500000 1.79500000
64.00000000 1.73000000 1.73000000
68.00000000 1.63500000 1.67500000
72.00000000 1.62500000 1.64000000
76.00000000 1.52000000 1.50500000
80.00000000 1.41500000 1.40000000
84.00000000 1.38500000 1.36500000
88.00000000 1.25000000 1.27000000
92.00000000 1.23000000 1.26000000
96.00000000 1.19000000 1.20500000
100.00000000 1.17500000 1.17500000
104.00000000 1.13500000 1.13000000
108.00000000 1.05000000 1.06000000
112.00000000 1.08000000 1.06500000
116.00000000 1.00000000 1.03500000
120.00000000 1.02500000 1.02000000
124.00000000 0.94500000 0.94000000
128.00000000 0.95500000 0.95500000
132.00000000 0.87500000 0.86000000
136.00000000 0.86000000 0.86000000
140.00000000 0.82000000 0.83500000
144.00000000 0.80500000 0.78000000
148.00000000 0.73500000 0.78500000
152.00000000 0.71500000 0.73500000
156.00000000 0.66000000 0.69000000
160.00000000 0.67000000 0.65000000
164.00000000 0.65500000 0.66000000
168.00000000 0.65000000 0.66500000
172.00000000 0.61000000 0.62000000
176.00000000 0.57000000 0.64000000
180.00000000 0.59500000 0.59500000
184.00000000 0.58500000 0.59000000
188.00000000 0.54000000 0.55500000
192.00000000 0.54000000 0.54500000
196.00000000 0.51000000 0.51500000
200.00000000 0.48500000 0.51500000
204.00000000 0.48500000 0.47000000
208.00000000 0.46500000 0.45000000
212.00000000 0.47500000 0.47000000
216.00000000 0.45000000 0.45500000
220.00000000 0.45500000 0.44000000
224.00000000 0.40500000 0.41500000
228.00000000 0.37000000 0.41500000
232.00000000 0.39000000 0.41500000
236.00000000 0.36000000 0.38000000
240.00000000 0.36000000 0.36000000
244.00000000 0.34000000 0.33500000
248.00000000 0.34000000 0.32000000
252.00000000 0.35500000 0.34000000
256.00000000 0.29500000 0.28500000
260.00000000 0.29500000 0.30000000
264.00000000 0.28500000 0.28500000
268.00000000 0.29000000 0.29000000
272.00000000 0.26000000 0.28000000
276.00000000 0.27000000 0.26000000
280.00000000 0.25500000 0.26000000
284.00000000 0.25000000 0.23000000
288.00000000 0.25500000 0.25000000
292.00000000 0.22500000 0.23500000
296.00000000 0.21500000 0.21000000
300.00000000 0.22500000 0.22000000
304.00000000 0.21000000 0.23000000
308.00000000 0.21500000 0.22000000
312.00000000 0.21500000 0.20000000
316.00000000 0.20500000 0.20500000
320.00000000 0.20500000 0.20000000
324.00000000 0.19000000 0.16500000
328.00000000 0.18500000 0.18000000
332.00000000 0.16500000 0.16500000
336.00000000 0.16500000 0.15000000
340.00000000 0.15500000 0.15000000
344.00000000 0.15000000 0.15500000
348.00000000 0.13500000 0.14500000
352.00000000 0.12500000 0.14000000
356.00000000 0.12500000 0.13500000
360.00000000 0.13000000 0.13000000
364.00000000 0.13500000 0.13500000
368.00000000 0.12500000 0.13500000
372.00000000 0.12500000 0.12500000
376.00000000 0.13000000 0.12500000
380.00000000 0.12000000 0.12500000
384.00000000 0.12000000 0.11000000
388.00000000 0.11500000 0.11500000
392.00000000 0.11500000 0.11000000
396.00000000 0.12000000 0.10500000
400.00000000 0.11000000 0.10500000
404.00000000 0.10000000 0.10000000
408.00000000 0.09000000 0.08500000
412.00000000 0.09000000 0.09500000
416.00000000 0.07500000 0.09500000
420.00000000 0.09000000 0.08500000
424.00000000 0.09500000 0.08000000
428.00000000 0.08500000 0.09000000
432.00000000 0.09500000 0.09000000
436.00000000 0.09000000 0.09500000
440.00000000 0.09500000 0.09000000
444.00000000 0.09000000 0.08500000
448.00000000 0.09000000 0.08500000
452.00000000 0.09000000 0.08500000
456.00000000 0.08500000 0.09000000
460.00000000 0.07000000 0.08500000
464.00000000 0.07000000 0.08500000
468.00000000 0.08000000 0.07500000
472.00000000 0.07500000 0.08500000
476.00000000 0.08000000 0.07000000
480.00000000 0.08000000 0.06000000
484.00000000 0.07500000 0.08000000
488.00000000 0.08000000 0.07000000
492.00000000 0.07500000 0.07000000
496.00000000 0.08000000 0.08000000
500.00000000 0.06000000 0.07500000
504.00000000 0.08000000 0.07500000
508.00000000 0.07000000 0.07500000
512.00000000 0.07000000 0.06000000
516.00000000 0.07500000 0.07500000
520.00000000 0.07500000 0.07000000
524.00000000 0.07000000 0.07000000
528.00000000 0.06500000 0.07000000
532.00000000 0.06500000 0.07000000
536.00000000 0.06000000 0.06500000
540.00000000 0.06000000 0.06000000
544.00000000 0.05000000 0.06000000
548.00000000 0.06000000 0.05000000
552.00000000 0.06000000 0.05000000
556.00000000 0.06000000 0.06000000
560.00000000 0.05000000 0.05500000
564.00000000 0.05000000 0.06000000
568.00000000 0.06000000 0.05500000
572.00000000 0.05500000 0.06000000
576.00000000 0.05000000 0.04500000
580.00000000 0.05000000 0.05000000
584.00000000 0.04000000 0.04500000
588.00000000 0.04500000 0.04500000
592.00000000 0.04500000 0.04500000
596.00000000 0.04500000 0.03000000
600.00000000 0.04500000 0.04500000
604.00000000 0.04000000 0.03500000
608.00000000 0.03500000 0.04500000
612.00000000 0.04500000 0.04500000
616.00000000 0.04000000 0.04000000
620.00000000 0.04500000 0.04500000
624.00000000 0.04000000 0.04500000
628.00000000 0.04500000 0.04500000
632.00000000 0.04500000 0.04000000
636.00000000 0.04500000 0.04500000
640.00000000 0.04500000 0.04500000
644.00000000 0.04500000 0.04500000
648.00000000 0.04000000 0.04500000
652.00000000 0.04000000 0.03500000
656.00000000 0.04000000 0.04000000
660.00000000 0.04000000 0.04500000
664.00000000 0.04500000 0.04500000
668.00000000 0.04500000 0.04500000
672.00000000 0.03500000 0.03500000
676.00000000 0.04000000 0.03500000
680.00000000 0.04000000 0.03500000
684.00000000 0.04000000 0.04000000
688.00000000 0.04000000 0.04000000
692.00000000 0.03500000 0.03500000
696.00000000 0.03500000 0.04000000
700.00000000 0.04000000 0.04000000
704.00000000 0.03500000 0.03000000
708.00000000 0.04000000 0.04000000
712.00000000 0.04000000 0.04000000
716.00000000 0.03500000 0.04000000
720.00000000 0.03500000 0.04000000
724.00000000 0.03500000 0.04000000
728.00000000 0.04000000 0.03500000
732.00000000 0.03500000 0.03500000
736.00000000 0.03000000 0.03000000
740.00000000 0.03000000 0.03000000
744.00000000 0.03000000 0.03000000
748.00000000 0.02500000 0.02500000
752.00000000 0.02500000 0.02500000
756.00000000 0.02000000 0.02500000
760.00000000 0.02000000 0.02000000
764.00000000 0.02000000 0.02000000
768.00000000 0.02000000 0.02000000
772.00000000 0.02000000 0.02000000
776.00000000 0.02000000 0.02000000
780.00000000 0.02000000 0.02000000
784.00000000 0.02000000 0.02000000
788.00000000 0.01500000 0.02000000
792.00000000 0.02000000 0.02000000
796.00000000 0.02000000 0.02000000
800.00000000 0.02000000 0.01000000
