0 0.000932735
4 0.0345743
8 0.0628819
12 0.0867066
16 0.109156
20 0.130426
24 0.152616
28 0.17271
32 0.193157
36 0.213978
40 0.235822
44 0.255292
48 0.274007
52 0.292725
56 0.311006
60 0.328553
64 0.346136
68 0.364361
72 0.381457
76 0.396017
80 0.409499
84 0.423662
88 0.436465
92 0.451423
96 0.463995
100 0.475868
104 0.48702
108 0.500622
112 0.51163
116 0.52526
120 0.538852
124 0.550961
128 0.562803
132 0.574045
136 0.584436
140 0.595245
144 0.60337
148 0.613278
152 0.623753
156 0.632571
160 0.641923
164 0.652194
168 0.661317
172 0.670236
176 0.676847
180 0.684639
184 0.691293
188 0.699282
192 0.707374
196 0.714798
200 0.721831
204 0.727497
208 0.732883
212 0.739544
216 0.746159
220 0.752942
224 0.758882
228 0.764877
232 0.769902
236 0.775201
240 0.781105
244 0.785671
248 0.790209
252 0.795082
256 0.79854
260 0.804136
264 0.809403
268 0.812953
272 0.817451
276 0.820681
280 0.825256
284 0.82891
288 0.833567
292 0.836309
296 0.840517
300 0.844375
304 0.848299
308 0.851084
312 0.854004
316 0.856284
320 0.858936
324 0.862237
328 0.864703
332 0.866446
336 0.869497
340 0.871262
344 0.87353
348 0.875656
352 0.877244
356 0.87966
360 0.880873
364 0.884224
368 0.887656
372 0.889964
376 0.893047
380 0.894399
384 0.896377
388 0.89873
392 0.900637
396 0.90327
400 0.904883
404 0.90605
408 0.907495
412 0.908338
416 0.910607
420 0.911937
424 0.914024
428 0.915836
432 0.91733
436 0.917974
440 0.920082
444 0.920904
448 0.922616
452 0.923185
456 0.923504
460 0.924623
464 0.92522
468 0.925712
472 0.926991
476 0.927598
480 0.928845
484 0.929314
488 0.929636
492 0.930297
496 0.930634
500 0.93092
504 0.931806
508 0.932667
512 0.932457
516 0.932708
520 0.933335
524 0.93376
528 0.934043
532 0.934496
536 0.935319
540 0.936138
544 0.936741
548 0.937424
552 0.937589
556 0.937322
560 0.937277
564 0.937644
568 0.938187
572 0.938755
576 0.939879
580 0.940433
584 0.94081
588 0.941245
592 0.94176
596 0.942516
600 0.942756
604 0.943464
608 0.943599
612 0.944036
616 0.943719
620 0.943808
624 0.94426
628 0.944243
632 0.945285
636 0.945352
640 0.946388
644 0.947111
648 0.948003
652 0.948633
656 0.949406
660 0.949781
664 0.950485
668 0.950858
672 0.951173
676 0.951371
680 0.951685
684 0.951735
688 0.95185
692 0.952349
696 0.952946
700 0.952927
704 0.953851
708 0.954131
712 0.954066
716 0.95398
720 0.95401
724 0.953398
728 0.953429
732 0.953675
736 0.953713
740 0.953794
744 0.953573
748 0.954158
752 0.954209
756 0.953929
760 0.954021
764 0.953908
768 0.95456
772 0.954387
776 0.954347
780 0.954574
784 0.955333
788 0.955428
792 0.955244
796 0.955484
800 0.956103
