0 0.000986821
4 0.0367767
8 0.0678839
12 0.0940855
16 0.119122
20 0.141864
24 0.164604
28 0.185555
32 0.206089
36 0.225885
40 0.245965
44 0.264583
48 0.282193
52 0.299507
56 0.317346
60 0.334036
64 0.349853
68 0.366813
72 0.382749
76 0.397287
80 0.411038
84 0.424125
88 0.437891
92 0.451708
96 0.463976
100 0.476008
104 0.487787
108 0.499995
112 0.511717
116 0.524812
120 0.538381
124 0.55013
128 0.562899
132 0.574102
136 0.585488
140 0.596158
144 0.604163
148 0.614414
152 0.625922
156 0.635539
160 0.646262
164 0.656196
168 0.666145
172 0.675953
176 0.683497
180 0.691909
184 0.69992
188 0.708624
192 0.717356
196 0.725197
200 0.733318
204 0.739979
208 0.746114
212 0.752244
216 0.758821
220 0.765168
224 0.771196
228 0.777229
232 0.781819
236 0.787413
240 0.792633
244 0.79723
248 0.801879
252 0.807372
256 0.811731
260 0.816939
264 0.821991
268 0.825894
272 0.830955
276 0.834924
280 0.838961
284 0.843136
288 0.846598
292 0.849381
296 0.85309
300 0.856237
304 0.85959
308 0.861741
312 0.864891
316 0.867462
320 0.870125
324 0.872521
328 0.875082
332 0.877225
336 0.880436
340 0.882437
344 0.884845
348 0.886889
352 0.888755
356 0.890452
360 0.891998
364 0.894437
368 0.896998
372 0.898999
376 0.901863
380 0.903202
384 0.904593
388 0.90657
392 0.908073
396 0.909756
400 0.911005
404 0.912049
408 0.912659
412 0.913905
416 0.91522
420 0.916545
424 0.91783
428 0.919303
432 0.920394
436 0.920801
440 0.922083
444 0.922844
448 0.924142
452 0.925026
456 0.925739
460 0.926628
464 0.927571
468 0.927984
472 0.928965
476 0.929573
480 0.9305
484 0.931035
488 0.931431
492 0.931464
496 0.931454
500 0.931735
504 0.93264
508 0.933486
512 0.933895
516 0.934278
520 0.934996
524 0.93549
528 0.935868
532 0.936168
536 0.936625
540 0.937245
544 0.937107
548 0.937795
552 0.938313
556 0.938511
560 0.938408
564 0.938747
568 0.938914
572 0.939411
576 0.940222
580 0.940676
584 0.941183
588 0.941604
592 0.942153
596 0.943122
600 0.943425
604 0.944039
608 0.944349
612 0.944706
616 0.9449
620 0.945026
624 0.945365
628 0.945326
632 0.946341
636 0.946507
640 0.946914
644 0.947487
648 0.948017
652 0.948214
656 0.948764
660 0.94906
664 0.949487
668 0.949722
672 0.949973
676 0.949804
680 0.950028
684 0.950071
688 0.950378
692 0.950713
696 0.951256
700 0.951318
704 0.951748
708 0.952087
712 0.95185
716 0.951756
720 0.951882
724 0.951564
728 0.951626
732 0.951805
736 0.951723
740 0.952011
744 0.952307
748 0.952291
752 0.952719
756 0.952617
760 0.952819
764 0.95306
768 0.953158
772 0.952819
776 0.95304
780 0.952892
784 0.953215
788 0.953216
792 0.953283
796 0.953634
800 0.953992
