0 1.62633e-06
4 0.00216833
8 0.00723132
12 0.0133859
16 0.0205293
20 0.0291645
24 0.0394663
28 0.050528
32 0.0629969
36 0.0770809
40 0.0921599
44 0.106681
48 0.120815
52 0.13753
56 0.153738
60 0.168648
64 0.184785
68 0.202431
72 0.218096
76 0.232682
80 0.24688
84 0.261634
88 0.27459
92 0.289184
96 0.302794
100 0.315736
104 0.329088
108 0.344574
112 0.357804
116 0.373014
120 0.389251
124 0.404024
128 0.418589
132 0.432702
136 0.445403
140 0.45884
144 0.469747
148 0.482937
152 0.495679
156 0.506193
160 0.517953
164 0.531503
168 0.542353
172 0.55333
176 0.561661
180 0.571375
184 0.579804
188 0.589922
192 0.600194
196 0.609456
200 0.618506
204 0.62556
208 0.632761
212 0.640617
216 0.648871
220 0.657805
224 0.664916
228 0.672742
232 0.679253
236 0.685383
240 0.692837
244 0.697722
248 0.703334
252 0.709585
256 0.714191
260 0.72136
264 0.728791
268 0.733479
272 0.739998
276 0.744359
280 0.750703
284 0.755589
288 0.761894
292 0.765403
296 0.77046
300 0.775179
304 0.780207
308 0.783656
312 0.7874
316 0.790164
320 0.793627
324 0.797781
328 0.800816
332 0.803094
336 0.807234
340 0.809846
344 0.81283
348 0.815568
352 0.817264
356 0.820271
360 0.820789
364 0.825399
368 0.830152
372 0.832712
376 0.837346
380 0.839325
384 0.841862
388 0.845483
392 0.847593
396 0.85139
400 0.853612
404 0.855262
408 0.857209
412 0.858503
416 0.861781
420 0.863535
424 0.866518
428 0.868681
432 0.870633
436 0.871237
440 0.874254
444 0.875141
448 0.877348
452 0.877876
456 0.878293
460 0.880006
464 0.880829
468 0.881229
472 0.883127
476 0.884016
480 0.886056
484 0.886592
488 0.887063
492 0.887883
496 0.888168
500 0.888019
504 0.888837
508 0.889831
512 0.888959
516 0.889341
520 0.890154
524 0.890864
528 0.890954
532 0.891398
536 0.892304
540 0.893916
544 0.894691
548 0.89558
552 0.895739
556 0.895051
560 0.894721
564 0.895137
568 0.895828
572 0.896355
576 0.898348
580 0.899135
584 0.899253
588 0.899844
592 0.900396
596 0.901602
600 0.901856
604 0.902762
608 0.902469
612 0.902724
616 0.90224
620 0.902138
624 0.90264
628 0.902348
632 0.903734
636 0.903799
640 0.905252
644 0.906091
648 0.907162
652 0.90802
656 0.909234
660 0.909768
664 0.910681
668 0.911155
672 0.911584
676 0.91186
680 0.912244
684 0.912134
688 0.912227
692 0.912934
696 0.913873
700 0.91367
704 0.915248
708 0.915742
712 0.915652
716 0.915565
720 0.915652
724 0.914472
728 0.914455
732 0.914787
736 0.914786
740 0.914862
744 0.914339
748 0.915494
752 0.915494
756 0.914888
760 0.914984
764 0.91471
768 0.915926
772 0.915568
776 0.9155
780 0.915851
784 0.91719
788 0.917296
792 0.916902
796 0.917367
800 0.918526
