0 0.0882166
4 0.0327158
8 -0.0165585
12 0.0207694
16 0.0893593
20 0.131324
24 0.1778
28 0.219071
32 0.239143
36 0.25891
40 0.286392
44 0.3103
48 0.33721
52 0.354391
56 0.377811
60 0.406848
64 0.427814
68 0.452232
72 0.478271
76 0.497598
80 0.513916
84 0.530229
88 0.54952
92 0.568317
96 0.581168
100 0.596085
104 0.606612
108 0.618698
112 0.629307
116 0.64314
120 0.656539
124 0.66674
128 0.67799
132 0.687582
136 0.698014
140 0.708378
144 0.71443
148 0.723045
152 0.735328
156 0.745297
160 0.754827
164 0.762344
168 0.771694
172 0.781356
176 0.787862
180 0.795828
184 0.802467
188 0.808809
192 0.815735
196 0.821812
200 0.828264
204 0.833432
208 0.838056
212 0.843959
216 0.849267
220 0.854103
224 0.859152
228 0.863303
232 0.866604
236 0.871496
240 0.875641
244 0.879748
248 0.884047
252 0.888029
256 0.891362
260 0.895329
264 0.898106
268 0.901447
272 0.904328
276 0.907248
280 0.909812
284 0.912494
288 0.91479
292 0.917161
296 0.920154
300 0.922909
304 0.925656
308 0.927561
312 0.930155
316 0.932075
320 0.933923
324 0.935862
328 0.93799
332 0.939523
336 0.941442
340 0.942523
344 0.944056
348 0.945417
352 0.946843
356 0.948194
360 0.949904
364 0.951498
368 0.952956
372 0.95443
376 0.95573
380 0.956288
384 0.957215
388 0.958021
392 0.959232
396 0.9601
400 0.960602
404 0.961126
408 0.961894
412 0.962516
416 0.963523
420 0.964274
424 0.965169
428 0.966332
432 0.967056
436 0.967697
440 0.968615
444 0.969123
448 0.970043
452 0.970602
456 0.970993
460 0.971538
464 0.971931
468 0.972359
472 0.972924
476 0.97331
480 0.973969
484 0.974459
488 0.974665
492 0.974856
496 0.975267
500 0.975902
504 0.976859
508 0.977352
512 0.977874
516 0.978084
520 0.978682
524 0.978965
528 0.979464
532 0.980038
536 0.980567
540 0.980628
544 0.98069
548 0.981222
552 0.981533
556 0.98194
560 0.98222
564 0.982525
568 0.982749
572 0.983169
576 0.983331
580 0.98357
584 0.984214
588 0.984538
592 0.985059
596 0.985362
600 0.985638
604 0.986051
608 0.986472
612 0.986951
616 0.98704
620 0.987192
624 0.987482
628 0.987707
632 0.988197
636 0.988301
640 0.988635
644 0.98902
648 0.989349
652 0.989543
656 0.98979
660 0.990041
664 0.990324
668 0.990422
672 0.99054
676 0.9905
680 0.990737
684 0.991001
688 0.991268
692 0.99149
696 0.991686
700 0.991808
704 0.992074
708 0.992148
712 0.992247
716 0.992175
720 0.99217
724 0.992216
728 0.992268
732 0.992321
736 0.992373
740 0.99243
744 0.99257
748 0.9926
752 0.992589
756 0.992722
760 0.992765
764 0.99285
768 0.992908
772 0.992796
776 0.992844
780 0.992895
784 0.992914
788 0.992951
792 0.99302
796 0.993089
800 0.993192
