0 0.130644
4 0.186084
8 0.171202
12 0.219495
16 0.277031
20 0.285554
24 0.305555
28 0.306072
32 0.31151
36 0.316522
40 0.342811
44 0.363134
48 0.390842
52 0.394991
56 0.410567
60 0.437681
64 0.457681
68 0.475196
72 0.501157
76 0.516341
80 0.527755
84 0.542342
88 0.558598
92 0.58092
96 0.593561
100 0.605719
104 0.612549
108 0.625129
112 0.63311
116 0.647997
120 0.659427
124 0.669041
128 0.678477
132 0.6869
136 0.695998
140 0.705003
144 0.709684
148 0.715968
152 0.725982
156 0.73498
160 0.743033
164 0.750455
168 0.759882
172 0.768233
176 0.77399
180 0.781017
184 0.786734
188 0.793604
192 0.800519
196 0.807176
200 0.812941
204 0.818029
208 0.821931
212 0.828694
216 0.834546
220 0.839689
224 0.845434
228 0.850086
232 0.854065
236 0.859474
240 0.864436
244 0.869682
248 0.873638
252 0.877516
256 0.879991
260 0.884441
264 0.887568
268 0.89017
272 0.892592
276 0.894818
280 0.897723
284 0.90031
288 0.903489
292 0.905649
296 0.90942
300 0.912744
304 0.915794
308 0.918117
312 0.920369
316 0.92234
320 0.924291
324 0.926923
328 0.928978
332 0.930247
336 0.932266
340 0.933146
344 0.934769
348 0.936363
352 0.938007
356 0.939946
360 0.942196
364 0.944302
368 0.946418
372 0.948643
376 0.950079
380 0.950779
384 0.952245
388 0.953242
392 0.955069
396 0.956497
400 0.957501
404 0.958175
408 0.959127
412 0.959488
416 0.960713
420 0.961635
424 0.9628
428 0.964321
432 0.965372
436 0.966108
440 0.967275
444 0.968072
448 0.969306
452 0.969957
456 0.970179
460 0.970665
464 0.971031
468 0.971658
472 0.972288
476 0.972597
480 0.972991
484 0.973405
488 0.973571
492 0.974082
496 0.974496
500 0.975298
504 0.976303
508 0.977051
512 0.977593
516 0.977703
520 0.978143
524 0.978259
528 0.978775
532 0.979256
536 0.980016
540 0.97996
544 0.98039
548 0.980864
552 0.981042
556 0.981245
560 0.981521
564 0.981847
568 0.98224
572 0.982872
576 0.983048
580 0.983356
584 0.984036
588 0.984308
592 0.984795
596 0.985067
600 0.985297
604 0.985801
608 0.986421
612 0.987073
616 0.986936
620 0.987242
624 0.987648
628 0.987939
632 0.988618
636 0.988688
640 0.989278
644 0.989886
648 0.990595
652 0.990982
656 0.991277
660 0.991482
664 0.991963
668 0.992232
672 0.992425
676 0.992538
680 0.99278
684 0.993006
688 0.993148
692 0.993422
696 0.993649
700 0.993833
704 0.994046
708 0.994095
712 0.994057
716 0.99397
720 0.993939
724 0.993945
728 0.994029
732 0.994184
736 0.994263
740 0.99435
744 0.99446
748 0.994425
752 0.994531
756 0.994606
760 0.994695
764 0.994758
768 0.994796
772 0.994826
776 0.994816
780 0.994908
784 0.995039
788 0.995121
792 0.995167
796 0.995161
800 0.995194
