0 9.87492e-05
84.5 0.00171036
169 0.00185034
253.5 0.00172495
338 0.00164959
422.5 0.0016128
507 0.00123884
591.5 0.00137595
676 0.0013875
760.5 0.00129132
845 0.00112094
929.5 0.000963545
1014 0.00122263
1098.5 0.00134541
1183 0.00098881
1267.5 0.000983274
1352 0.00105437
1436.5 0.00104831
1521 0.00108099
1605.5 0.000975567
1690 0.00101773
1774.5 0.000881418
1859 0.000942499
1943.5 0.000991517
2028 0.000869923
2112.5 0.000851313
2197 0.00100892
2281.5 0.000802922
2366 0.000919498
2450.5 0.000930173
2535 0.000892775
2619.5 0.000723217
2704 0.000777169
2788.5 0.000738571
2873 0.00068064
2957.5 0.0008441
3042 0.000763334
3126.5 0.000886875
3211 0.000772716
3295.5 0.000633438
3380 0.000706964
3464.5 0.000782561
3549 0.000707687
3633.5 0.000715576
3718 0.000735705
3802.5 0.000754142
3887 0.000763259
3971.5 0.000797588
4056 0.000747664
4140.5 0.000810508
4225 0.000708806
4309.5 0.000777993
4394 0.000729969
4478.5 0.000750202
4563 0.000692229
4647.5 0.000741776
4732 0.000721747
4816.5 0.00062975
4901 0.000663261
4985.5 0.000667263
5070 0.0006377
5154.5 0.000742277
5239 0.000674015
5323.5 0.000663975
5408 0.000750246
5492.5 0.000634871
5577 0.000609027
5661.5 0.00070109
5746 0.000605331
5830.5 0.000649196
5915 0.000605796
5999.5 0.000627627
6084 0.000768778
6168.5 0.000603573
6253 0.000661772
6337.5 0.000675474
6422 0.000525431
6506.5 0.000905271
6591 0.000581153
6675.5 0.000825366
6760 0.000601016
6844.5 0.000610234
6929 0.000645317
7013.5 0.000621787
7098 0.000640146
7182.5 0.000709735
7267 0.000706439
7351.5 0.000721421
7436 0.000802655
7520.5 0.000565153
7605 0.00068609
7689.5 0.000632078
7774 0.000539747
7858.5 0.000609877
7943 0.000603081
8027.5 0.000644951
8112 0.000635033
8196.5 0.00049543
8281 0.00059465
8365.5 0.000617268
8450 0.000633905
