0 -0.43318
84.5 0.169223
169 -0.41485
253.5 -0.34953
338 -0.0213706
422.5 -0.00526989
507 0.12147
591.5 -0.0658778
676 0.0396305
760.5 0.0238939
845 -0.267212
929.5 0.165764
1014 -0.169128
1098.5 0.0929262
1183 -0.285881
1267.5 0.0812826
1352 -0.00172434
1436.5 -0.103976
1521 -0.163935
1605.5 0.113833
1690 -0.101026
1774.5 0.113408
1859 0.242214
1943.5 0.107725
2028 0.0605962
2112.5 0.130311
2197 -0.176474
2281.5 -0.108329
2366 0.200421
2450.5 0.0396809
2535 -0.0118182
2619.5 -0.0578097
2704 0.113703
2788.5 -0.283789
2873 0.17538
2957.5 0.212699
3042 0.0736899
3126.5 -0.106433
3211 0.0472683
3295.5 0.0717551
3380 -0.229527
3464.5 0.0450462
3549 -0.215606
3633.5 -0.159517
3718 -0.201443
3802.5 0.250909
3887 0.121033
3971.5 0.102884
4056 -0.0410261
4140.5 -0.0857721
4225 0.104847
4309.5 0.306275
4394 -0.0993071
4478.5 0.103245
4563 0.0684068
4647.5 -0.023575
4732 -0.000575544
4816.5 0.323413
4901 -0.131292
4985.5 0.0415702
5070 -0.0961849
5154.5 -0.485225
5239 0.335983
5323.5 -0.245007
5408 0.145342
5492.5 -0.175064
5577 0.0446163
5661.5 0.00888454
5746 -0.0121365
5830.5 -0.174651
5915 -0.105051
5999.5 0.0854692
6084 -0.33452
6168.5 -0.00133714
6253 -0.148251
6337.5 0.112365
6422 -0.181224
6506.5 -1.43001
6591 0.251093
6675.5 -1.60545
6760 0.0463277
6844.5 0.141872
6929 -0.393676
7013.5 -0.112153
7098 0.0199275
7182.5 -0.125124
7267 0.0874183
7351.5 0.191443
7436 -0.155393
7520.5 -0.245353
7605 0.186203
7689.5 -0.236472
7774 0.00122373
7858.5 -0.240727
7943 0.197186
8027.5 -0.160173
8112 0.0760659
8196.5 -0.398772
8281 0.0608736
8365.5 -0.178357
8450 -0.0647335
