0 820.51200000 822.44000000
20.25000000 19.48000000 19.56800000
40.50000000 10.84400000 10.93200000
60.75000000 7.77600000 7.75200000
81.00000000 6.05200000 6.04000000
101.25000000 4.98400000 5.02000000
121.50000000 4.38400000 4.27200000
141.75000000 3.74000000 3.79600000
162.00000000 3.35200000 3.33200000
182.25000000 3.06000000 3.08400000
202.50000000 2.78000000 2.82000000
222.75000000 2.56400000 2.60800000
243.00000000 2.41200000 2.41200000
263.25000000 2.26000000 2.18800000
283.50000000 2.05600000 2.09200000
303.75000000 1.95600000 1.92800000
324.00000000 1.80400000 1.83600000
344.25000000 1.75200000 1.75600000
364.50000000 1.59600000 1.56800000
384.75000000 1.52800000 1.50000000
405.00000000 1.37600000 1.40000000
425.25000000 1.31600000 1.29200000
445.50000000 1.23600000 1.20400000
465.75000000 1.19600000 1.18800000
486.00000000 1.17200000 1.14800000
506.25000000 1.10800000 1.12400000
526.50000000 1.06000000 1.00800000
546.75000000 0.98400000 1.00000000
567.00000000 0.95200000 0.91200000
587.25000000 0.94000000 0.90800000
607.50000000 0.86000000 0.85200000
627.75000000 0.83600000 0.84400000
648.00000000 0.78000000 0.80800000
668.25000000 0.78000000 0.74400000
688.50000000 0.73200000 0.72400000
708.75000000 0.68400000 0.69200000
729.00000000 0.62800000 0.66800000
749.25000000 0.57600000 0.61600000
769.50000000 0.59200000 0.59200000
789.75000000 0.54800000 0.55600000
810.00000000 0.53200000 0.54800000
830.25000000 0.51200000 0.51600000
850.50000000 0.46800000 0.45200000
870.75000000 0.43600000 0.44800000
891.00000000 0.40400000 0.43600000
911.25000000 0.39200000 0.40000000
931.50000000 0.36400000 0.37600000
951.75000000 0.34400000 0.32000000
972.00000000 0.32800000 0.32000000
992.25000000 0.31200000 0.31600000
1012.50000000 0.27200000 0.26800000
1032.75000000 0.25600000 0.26000000
1053.00000000 0.27600000 0.26400000
1073.25000000 0.24800000 0.24800000
1093.50000000 0.23600000 0.24400000
1113.75000000 0.24000000 0.24400000
1134.00000000 0.22400000 0.22800000
1154.25000000 0.20400000 0.22400000
1174.50000000 0.19200000 0.18400000
1194.75000000 0.20400000 0.20000000
1215.00000000 0.20000000 0.19200000
1235.25000000 0.18800000 0.19600000
1255.50000000 0.16400000 0.16000000
1275.75000000 0.14800000 0.15200000
1296.00000000 0.14800000 0.14400000
1316.25000000 0.14000000 0.14000000
1336.50000000 0.11600000 0.12400000
1356.75000000 0.12000000 0.12000000
1377.00000000 0.10800000 0.10400000
1397.25000000 0.10400000 0.10400000
1417.50000000 0.09200000 0.10000000
1437.75000000 0.10000000 0.10400000
1458.00000000 0.10000000 0.09600000
1478.25000000 0.10000000 0.09200000
1498.50000000 0.08800000 0.08800000
1518.75000000 0.08000000 0.08000000
1539.00000000 0.08400000 0.08400000
1559.25000000 0.06400000 0.06400000
1579.50000000 0.06000000 0.06400000
1599.75000000 0.06000000 0.06000000
1620.00000000 0.04800000 0.05200000
1640.25000000 0.04400000 0.04800000
1660.50000000 0.04800000 0.04800000
1680.75000000 0.04400000 0.04400000
1701.00000000 0.04800000 0.04800000
1721.25000000 0.04000000 0.04400000
1741.50000000 0.04400000 0.04400000
1761.75000000 0.04400000 0.04000000
1782.00000000 0.03200000 0.03200000
1802.25000000 0.03200000 0.03200000
1822.50000000 0.02800000 0.03200000
1842.75000000 0.02400000 0.02400000
1863.00000000 0.02000000 0.02400000
1883.25000000 0.02400000 0.02400000
1903.50000000 0.02400000 0.02000000
1923.75000000 0.02400000 0.02400000
1944.00000000 0.02400000 0.02400000
1964.25000000 0.02400000 0.02400000
1984.50000000 0.02400000 0.02000000
2004.75000000 0.02000000 0.02400000
2025.00000000 0.02000000 0.02400000
2045.25000000 0.02400000 0.02000000
2065.50000000 0.02000000 0.02000000
2085.75000000 0.02400000 0.02400000
2106.00000000 0.02400000 0.02000000
2126.25000000 0.02000000 0.02400000
2146.50000000 0.01600000 0.02000000
2166.75000000 0.02000000 0.02000000
2187.00000000 0.01600000 0.02000000
2207.25000000 0.01200000 0.01600000
2227.50000000 0.02000000 0.02000000
2247.75000000 0.01600000 0.02000000
2268.00000000 0.01600000 0.02000000
2288.25000000 0.02000000 0.01600000
2308.50000000 0.01200000 0.01200000
2328.75000000 0.01200000 0.01200000
2349.00000000 0.01600000 0.01200000
2369.25000000 0.01600000 0.00800000
2389.50000000 0.00800000 0.01200000
2409.75000000 0.01200000 0.01200000
2430.00000000 0.01200000 0.01200000
2450.25000000 0.01200000 0.00800000
2470.50000000 0.00400000 0.00800000
2490.75000000 0.00800000 0.00800000
2511.00000000 0.00800000 0.00800000
2531.25000000 0.00800000 0.00800000
2551.50000000 0.00800000 0.00400000
2571.75000000 0.00800000 0.00800000
2592.00000000 0.00800000 0.00800000
2612.25000000 0.00800000 0.00800000
2632.50000000 0.00800000 0.00800000
2652.75000000 0.00800000 0.00800000
2673.00000000 0.00800000 0.00800000
2693.25000000 0.00800000 0.00800000
2713.50000000 0.00800000 0.00800000
2733.75000000 0.00800000 0.00800000
2754.00000000 0.00800000 0.00800000
2774.25000000 0.00800000 0.00400000
2794.50000000 0.00800000 0.00800000
2814.75000000 0.00800000 0.00800000
2835.00000000 0.00800000 0.00800000
2855.25000000 0.00400000 0.00000000
2875.50000000 0.00000000 0.00000000
2895.75000000 0.00000000 0.00000000
2916.00000000 0.00000000 0.00000000
2936.25000000 0.00000000 0.00000000
2956.50000000 0.00000000 0.00000000
2976.75000000 0.00000000 0.00000000
2997.00000000 0.00000000 0.00000000
3017.25000000 0.00000000 0.00000000
3037.50000000 0.00000000 0.00000000
3057.75000000 0.00000000 0.00000000
3078.00000000 0.00000000 0.00000000
3098.25000000 0.00000000 0.00000000
3118.50000000 0.00000000 0.00000000
3138.75000000 0.00000000 0.00000000
3159.00000000 0.00000000 0.00000000
3179.25000000 0.00000000 0.00000000
3199.50000000 0.00000000 0.00000000
3219.75000000 0.00000000 0.00000000
3240.00000000 0.00000000 0.00000000
3260.25000000 0.00000000 0.00000000
3280.50000000 0.00000000 0.00000000
3300.75000000 0.00000000 0.00000000
3321.00000000 0.00000000 0.00000000
3341.25000000 0.00000000 0.00000000
3361.50000000 0.00000000 0.00000000
3381.75000000 0.00000000 0.00000000
3402.00000000 0.00000000 0.00000000
3422.25000000 0.00000000 0.00000000
3442.50000000 0.00000000 0.00000000
3462.75000000 0.00000000 0.00000000
3483.00000000 0.00000000 0.00000000
3503.25000000 0.00000000 0.00000000
3523.50000000 0.00000000 0.00000000
3543.75000000 0.00000000 0.00000000
3564.00000000 0.00000000 0.00000000
3584.25000000 0.00000000 0.00000000
3604.50000000 0.00000000 0.00000000
3624.75000000 0.00000000 0.00000000
3645.00000000 0.00000000 0.00000000
3665.25000000 0.00000000 0.00000000
3685.50000000 0.00000000 0.00000000
3705.75000000 0.00000000 0.00000000
3726.00000000 0.00000000 0.00000000
3746.25000000 0.00000000 0.00000000
3766.50000000 0.00000000 0.00000000
3786.75000000 0.00000000 0.00000000
3807.00000000 0.00000000 0.00000000
3827.25000000 0.00000000 0.00000000
3847.50000000 0.00000000 0.00000000
3867.75000000 0.00000000 0.00000000
3888.00000000 0.00000000 0.00000000
3908.25000000 0.00000000 0.00000000
3928.50000000 0.00000000 0.00000000
3948.75000000 0.00000000 0.00000000
3969.00000000 0.00000000 0.00000000
3989.25000000 0.00000000 0.00000000
4009.50000000 0.00000000 0.00000000
4029.75000000 0.00000000 0.00000000
4050.00000000 0.00000000 0.00000000
