0 0.000188644
20.25 0.0375448
40.5 0.0727839
60.75 0.10815
81 0.141877
101.25 0.174953
121.5 0.207903
141.75 0.241091
162 0.271984
182.25 0.30336
202.5 0.334433
222.75 0.36401
243 0.394607
263.25 0.425091
283.5 0.453469
303.75 0.482877
324 0.510919
344.25 0.535933
364.5 0.562028
384.75 0.58702
405 0.608199
425.25 0.63041
445.5 0.65089
465.75 0.670132
486 0.687055
506.25 0.705084
526.5 0.720211
546.75 0.735169
567 0.748445
587.25 0.761402
607.5 0.773839
627.75 0.785406
648 0.797238
668.25 0.806882
688.5 0.8177
708.75 0.826047
729 0.834542
749.25 0.842137
769.5 0.849893
789.75 0.857209
810 0.863727
830.25 0.869982
850.5 0.876164
870.75 0.882471
891 0.887755
911.25 0.892031
931.5 0.896268
951.75 0.900513
972 0.904223
992.25 0.907977
1012.5 0.911341
1032.75 0.914843
1053 0.917583
1073.25 0.920106
1093.5 0.922301
1113.75 0.924004
1134 0.926678
1154.25 0.928396
1174.5 0.930006
1194.75 0.931725
1215 0.933467
1235.25 0.935804
1255.5 0.937234
1275.75 0.938463
1296 0.939951
1316.25 0.940531
1336.5 0.941397
1356.75 0.94166
1377 0.942626
1397.25 0.943274
1417.5 0.943754
1437.75 0.944678
1458 0.944748
1478.25 0.945218
1498.5 0.944953
1518.75 0.944738
1539 0.944786
1559.25 0.945354
1579.5 0.946035
1599.75 0.945981
1620 0.946089
1640.25 0.945966
1660.5 0.945689
1680.75 0.945808
1701 0.946166
1721.25 0.945807
1741.5 0.945976
1761.75 0.946567
1782 0.946611
1802.25 0.947012
1822.5 0.946802
1842.75 0.947255
1863 0.947239
1883.25 0.947017
1903.5 0.947554
1923.75 0.947663
1944 0.947798
1964.25 0.948198
1984.5 0.94873
2004.75 0.948886
2025 0.949177
2045.25 0.949128
2065.5 0.949543
2085.75 0.949951
2106 0.950201
2126.25 0.950367
2146.5 0.951015
2166.75 0.950702
2187 0.950805
2207.25 0.951151
2227.5 0.95077
2247.75 0.951201
2268 0.951978
2288.25 0.951761
2308.5 0.951943
2328.75 0.951973
2349 0.951545
2369.25 0.952178
2389.5 0.952153
2409.75 0.951971
2430 0.952102
2450.25 0.951875
2470.5 0.951949
2490.75 0.952288
2511 0.952314
2531.25 0.952631
2551.5 0.951915
2571.75 0.951887
2592 0.952337
2612.25 0.952494
2632.5 0.95239
2652.75 0.952038
2673 0.951862
2693.25 0.951715
2713.5 0.951764
2733.75 0.952201
2754 0.952015
2774.25 0.952122
2794.5 0.951788
2814.75 0.951841
2835 0.95194
2855.25 0.952367
2875.5 0.952197
2895.75 0.951606
2916 0.951668
2936.25 0.951626
2956.5 0.951689
2976.75 0.951813
2997 0.951358
3017.25 0.951471
3037.5 0.951652
3057.75 0.952152
3078 0.952302
3098.25 0.951696
3118.5 0.951887
3138.75 0.951898
3159 0.952098
3179.25 0.952069
3199.5 0.952507
3219.75 0.95253
3240 0.951951
3260.25 0.95256
3280.5 0.951634
3300.75 0.951831
3321 0.952082
3341.25 0.951692
3361.5 0.951878
3381.75 0.951767
3402 0.951846
3422.25 0.95151
3442.5 0.952
3462.75 0.952231
3483 0.9521
3503.25 0.952414
3523.5 0.952055
3543.75 0.952103
3564 0.951976
3584.25 0.952057
3604.5 0.952333
3624.75 0.952291
3645 0.95193
3665.25 0.951675
3685.5 0.951538
3705.75 0.952186
3726 0.951573
3746.25 0.951908
3766.5 0.952115
3786.75 0.952205
3807 0.951745
3827.25 0.952363
3847.5 0.952082
3867.75 0.951673
3888 0.952112
3908.25 0.951856
3928.5 0.951969
3948.75 0.951719
3969 0.952003
3989.25 0.951785
4009.5 0.95233
4029.75 0.952026
4050 0.951961
