0 2593.21666667 2600.96666667
128.00000000 16.75833333 16.92500000
256.00000000 9.48333333 9.56666667
384.00000000 6.85833333 7.02500000
512.00000000 5.36666667 5.38333333
640.00000000 4.48333333 4.52500000
768.00000000 4.00000000 4.04166667
896.00000000 3.60000000 3.60000000
1024.00000000 3.10833333 3.13333333
1152.00000000 2.83333333 2.91666667
1280.00000000 2.61666667 2.59166667
1408.00000000 2.25833333 2.30000000
1536.00000000 2.09166667 2.13333333
1664.00000000 1.96666667 1.98333333
1792.00000000 1.89166667 1.86666667
1920.00000000 1.77500000 1.80833333
2048.00000000 1.73333333 1.73333333
2176.00000000 1.62500000 1.51666667
2304.00000000 1.48333333 1.51666667
2432.00000000 1.43333333 1.49166667
2560.00000000 1.37500000 1.40833333
2688.00000000 1.37500000 1.32500000
2816.00000000 1.35000000 1.31666667
2944.00000000 1.19166667 1.29166667
3072.00000000 1.20833333 1.18333333
3200.00000000 1.11666667 1.14166667
3328.00000000 1.08333333 1.12500000
3456.00000000 1.04166667 1.04166667
3584.00000000 0.92500000 0.98333333
3712.00000000 0.93333333 0.90000000
3840.00000000 0.90000000 0.89166667
3968.00000000 0.83333333 0.80833333
4096.00000000 0.80833333 0.80000000
4224.00000000 0.72500000 0.80833333
4352.00000000 0.70833333 0.73333333
4480.00000000 0.69166667 0.71666667
4608.00000000 0.63333333 0.64166667
4736.00000000 0.66666667 0.65833333
4864.00000000 0.65833333 0.64166667
4992.00000000 0.64166667 0.65833333
5120.00000000 0.59166667 0.62500000
5248.00000000 0.57500000 0.59166667
5376.00000000 0.55833333 0.58333333
5504.00000000 0.55833333 0.55000000
5632.00000000 0.55000000 0.53333333
5760.00000000 0.51666667 0.54166667
5888.00000000 0.54166667 0.53333333
6016.00000000 0.52500000 0.52500000
6144.00000000 0.48333333 0.49166667
6272.00000000 0.47500000 0.48333333
6400.00000000 0.46666667 0.45000000
6528.00000000 0.41666667 0.42500000
6656.00000000 0.38333333 0.40833333
6784.00000000 0.38333333 0.35000000
6912.00000000 0.35000000 0.35833333
7040.00000000 0.32500000 0.38333333
7168.00000000 0.35000000 0.35833333
7296.00000000 0.32500000 0.33333333
7424.00000000 0.30833333 0.35000000
7552.00000000 0.27500000 0.31666667
7680.00000000 0.27500000 0.30000000
7808.00000000 0.22500000 0.23333333
7936.00000000 0.21666667 0.21666667
8064.00000000 0.20833333 0.20833333
8192.00000000 0.20833333 0.20833333
8320.00000000 0.17500000 0.18333333
8448.00000000 0.18333333 0.17500000
8576.00000000 0.18333333 0.16666667
8704.00000000 0.14166667 0.15833333
8832.00000000 0.15000000 0.15833333
8960.00000000 0.15000000 0.13333333
9088.00000000 0.14166667 0.13333333
9216.00000000 0.14166667 0.13333333
9344.00000000 0.10833333 0.11666667
9472.00000000 0.11666667 0.12500000
9600.00000000 0.10833333 0.11666667
9728.00000000 0.09166667 0.10000000
9856.00000000 0.07500000 0.08333333
9984.00000000 0.07500000 0.07500000
10112.00000000 0.07500000 0.05833333
10240.00000000 0.07500000 0.07500000
10368.00000000 0.06666667 0.05833333
10496.00000000 0.06666667 0.05833333
10624.00000000 0.06666667 0.05833333
10752.00000000 0.05833333 0.05000000
10880.00000000 0.05833333 0.05833333
11008.00000000 0.03333333 0.05000000
11136.00000000 0.05833333 0.05833333
11264.00000000 0.05833333 0.05000000
11392.00000000 0.04166667 0.04166667
11520.00000000 0.05000000 0.04166667
11648.00000000 0.05000000 0.05000000
11776.00000000 0.05000000 0.05000000
11904.00000000 0.04166667 0.05000000
12032.00000000 0.03333333 0.04166667
12160.00000000 0.04166667 0.03333333
12288.00000000 0.04166667 0.04166667
12416.00000000 0.03333333 0.03333333
12544.00000000 0.03333333 0.03333333
12672.00000000 0.03333333 0.03333333
12800.00000000 0.03333333 0.03333333
