0 2595.89000000 2601.55666667
128.00000000 16.71000000 16.87333333
256.00000000 10.19000000 10.17333333
384.00000000 7.27333333 7.37333333
512.00000000 5.66666667 5.68333333
640.00000000 4.73333333 4.78333333
768.00000000 3.89000000 4.00000000
896.00000000 3.50000000 3.54333333
1024.00000000 3.16000000 3.17333333
1152.00000000 2.89333333 2.92000000
1280.00000000 2.63666667 2.69333333
1408.00000000 2.48333333 2.48666667
1536.00000000 2.30000000 2.29333333
1664.00000000 2.12000000 2.16333333
1792.00000000 2.00666667 1.97666667
1920.00000000 1.86333333 1.92000000
2048.00000000 1.79000000 1.78333333
2176.00000000 1.71666667 1.69666667
2304.00000000 1.64000000 1.65333333
2432.00000000 1.53000000 1.54000000
2560.00000000 1.41666667 1.42666667
2688.00000000 1.35333333 1.36666667
2816.00000000 1.29666667 1.29333333
2944.00000000 1.23000000 1.22333333
3072.00000000 1.18000000 1.18666667
3200.00000000 1.12666667 1.15000000
3328.00000000 1.06000000 1.08000000
3456.00000000 0.99333333 1.04333333
3584.00000000 1.00666667 1.00333333
3712.00000000 0.95000000 0.93333333
3840.00000000 0.89333333 0.89000000
3968.00000000 0.84666667 0.87333333
4096.00000000 0.83666667 0.85000000
4224.00000000 0.80333333 0.81333333
4352.00000000 0.80666667 0.80333333
4480.00000000 0.74333333 0.73000000
4608.00000000 0.73333333 0.73000000
4736.00000000 0.72000000 0.71333333
4864.00000000 0.66333333 0.69666667
4992.00000000 0.63000000 0.64333333
5120.00000000 0.62000000 0.64666667
5248.00000000 0.64000000 0.60666667
5376.00000000 0.60000000 0.61333333
5504.00000000 0.55333333 0.57000000
5632.00000000 0.52666667 0.51666667
5760.00000000 0.52333333 0.51666667
5888.00000000 0.48333333 0.51666667
6016.00000000 0.48000000 0.48333333
6144.00000000 0.46666667 0.45666667
6272.00000000 0.47333333 0.46666667
6400.00000000 0.44666667 0.42000000
6528.00000000 0.43333333 0.42666667
6656.00000000 0.39666667 0.39333333
6784.00000000 0.39333333 0.37333333
6912.00000000 0.36333333 0.35666667
7040.00000000 0.36000000 0.35000000
7168.00000000 0.33000000 0.33333333
7296.00000000 0.33000000 0.33666667
7424.00000000 0.32000000 0.30333333
7552.00000000 0.29666667 0.29666667
7680.00000000 0.31000000 0.29333333
7808.00000000 0.28333333 0.27000000
7936.00000000 0.26000000 0.26333333
8064.00000000 0.25000000 0.25333333
8192.00000000 0.23666667 0.25000000
8320.00000000 0.24666667 0.24000000
8448.00000000 0.23000000 0.24000000
8576.00000000 0.22000000 0.22666667
8704.00000000 0.21666667 0.23000000
8832.00000000 0.21666667 0.20666667
8960.00000000 0.20333333 0.19666667
9088.00000000 0.18000000 0.18666667
9216.00000000 0.17666667 0.16000000
9344.00000000 0.15666667 0.15666667
9472.00000000 0.14333333 0.15000000
9600.00000000 0.13666667 0.15333333
9728.00000000 0.15666667 0.14333333
9856.00000000 0.14000000 0.14333333
9984.00000000 0.13333333 0.13333333
10112.00000000 0.11333333 0.12000000
10240.00000000 0.10666667 0.11333333
10368.00000000 0.10666667 0.10666667
10496.00000000 0.10666667 0.10666667
10624.00000000 0.10000000 0.10333333
10752.00000000 0.09000000 0.09333333
10880.00000000 0.08666667 0.09000000
11008.00000000 0.08333333 0.07666667
11136.00000000 0.06000000 0.07666667
11264.00000000 0.07000000 0.07333333
11392.00000000 0.06666667 0.07000000
11520.00000000 0.06333333 0.06000000
11648.00000000 0.05666667 0.06000000
11776.00000000 0.06333333 0.06333333
11904.00000000 0.05666667 0.05666667
12032.00000000 0.05666667 0.06333333
12160.00000000 0.06000000 0.06333333
12288.00000000 0.05666667 0.05333333
12416.00000000 0.06000000 0.05000000
12544.00000000 0.05333333 0.06000000
12672.00000000 0.05666667 0.05333333
12800.00000000 0.05333333 0.05000000
