0 -2.20481900 5120000.00000000
128.00000000 29.28630000 5120000.00000000
256.00000000 50.03089000 5120000.00000000
384.00000000 66.73845000 5120000.00000000
512.00000000 68.55698000 5120000.00000000
640.00000000 82.96655000 5120000.00000000
768.00000000 97.51700000 5120000.00000000
896.00000000 103.33090000 5120000.00000000
1024.00000000 112.11100000 5120000.00000000
1152.00000000 118.90660000 5120000.00000000
1280.00000000 128.24330000 5120000.00000000
1408.00000000 136.86080000 5120000.00000000
1536.00000000 146.03060000 5120000.00000000
1664.00000000 157.45350000 5120000.00000000
1792.00000000 166.99520000 5120000.00000000
1920.00000000 176.74590000 5120000.00000000
2048.00000000 187.70980000 5120000.00000000
2176.00000000 196.87870000 5120000.00000000
2304.00000000 204.81390000 5120000.00000000
2432.00000000 212.89290000 5120000.00000000
2560.00000000 222.46650000 5120000.00000000
2688.00000000 229.80650000 5120000.00000000
2816.00000000 238.72360000 5120000.00000000
2944.00000000 245.18750000 5120000.00000000
3072.00000000 253.09760000 5120000.00000000
3200.00000000 260.18610000 5120000.00000000
3328.00000000 265.55240000 5120000.00000000
3456.00000000 272.86040000 5120000.00000000
3584.00000000 278.03170000 5120000.00000000
3712.00000000 283.51350000 5120000.00000000
3840.00000000 289.11210000 5120000.00000000
3968.00000000 293.80590000 5120000.00000000
4096.00000000 297.86780000 5120000.00000000
4224.00000000 302.75010000 5120000.00000000
4352.00000000 306.99270000 5120000.00000000
4480.00000000 311.42600000 5120000.00000000
4608.00000000 314.84480000 5120000.00000000
4736.00000000 318.77670000 5120000.00000000
4864.00000000 322.05120000 5120000.00000000
4992.00000000 325.57950000 5120000.00000000
5120.00000000 329.07670000 5120000.00000000
5248.00000000 332.55780000 5120000.00000000
5376.00000000 336.07920000 5120000.00000000
5504.00000000 339.02290000 5120000.00000000
5632.00000000 341.39250000 5120000.00000000
5760.00000000 344.23280000 5120000.00000000
5888.00000000 346.22750000 5120000.00000000
6016.00000000 348.45450000 5120000.00000000
6144.00000000 350.60790000 5120000.00000000
6272.00000000 352.75860000 5120000.00000000
6400.00000000 355.02970000 5120000.00000000
6528.00000000 357.36180000 5120000.00000000
6656.00000000 359.17800000 5120000.00000000
6784.00000000 360.92380000 5120000.00000000
6912.00000000 362.38120000 5120000.00000000
7040.00000000 364.08860000 5120000.00000000
7168.00000000 364.96410000 5120000.00000000
7296.00000000 367.15380000 5120000.00000000
7424.00000000 368.53110000 5120000.00000000
7552.00000000 370.04610000 5120000.00000000
7680.00000000 371.30970000 5120000.00000000
7808.00000000 372.59840000 5120000.00000000
7936.00000000 373.81850000 5120000.00000000
8064.00000000 374.55200000 5120000.00000000
8192.00000000 375.58740000 5120000.00000000
8320.00000000 376.14520000 5120000.00000000
8448.00000000 377.17430000 5120000.00000000
8576.00000000 378.14420000 5120000.00000000
8704.00000000 378.92280000 5120000.00000000
8832.00000000 379.91440000 5120000.00000000
8960.00000000 380.69760000 5120000.00000000
9088.00000000 381.38370000 5120000.00000000
9216.00000000 382.21120000 5120000.00000000
9344.00000000 383.01570000 5120000.00000000
9472.00000000 383.27230000 5120000.00000000
9600.00000000 384.04840000 5120000.00000000
9728.00000000 384.82610000 5120000.00000000
9856.00000000 385.39860000 5120000.00000000
9984.00000000 385.72470000 5120000.00000000
10112.00000000 386.31090000 5120000.00000000
10240.00000000 386.55770000 5120000.00000000
10368.00000000 387.06590000 5120000.00000000
10496.00000000 387.50710000 5120000.00000000
10624.00000000 387.81040000 5120000.00000000
10752.00000000 387.86540000 5120000.00000000
10880.00000000 388.19320000 5120000.00000000
11008.00000000 388.26260000 5120000.00000000
11136.00000000 388.46830000 5120000.00000000
11264.00000000 388.73870000 5120000.00000000
11392.00000000 388.89210000 5120000.00000000
11520.00000000 389.21820000 5120000.00000000
11648.00000000 389.41630000 5120000.00000000
11776.00000000 389.51160000 5120000.00000000
11904.00000000 389.67960000 5120000.00000000
12032.00000000 389.96730000 5120000.00000000
12160.00000000 390.19550000 5120000.00000000
12288.00000000 390.48460000 5120000.00000000
12416.00000000 390.62280000 5120000.00000000
12544.00000000 390.98120000 5120000.00000000
12672.00000000 391.17730000 5120000.00000000
12800.00000000 391.42670000 5120000.00000000
