0 2595.89000000 2601.55666667
64.00000000 28.68000000 28.92000000
128.00000000 16.71000000 16.87333333
192.00000000 13.16000000 13.00000000
256.00000000 10.19000000 10.17333333
320.00000000 8.48000000 8.52000000
384.00000000 7.27333333 7.37333333
448.00000000 6.16000000 6.24000000
512.00000000 5.66666667 5.68333333
576.00000000 4.92000000 4.96000000
640.00000000 4.73333333 4.78333333
704.00000000 4.44000000 4.40000000
768.00000000 3.89000000 4.00000000
832.00000000 4.04000000 4.04000000
896.00000000 3.50000000 3.54333333
960.00000000 3.48000000 3.60000000
1024.00000000 3.16000000 3.17333333
1088.00000000 3.08000000 3.28000000
1152.00000000 2.89333333 2.92000000
1216.00000000 3.12000000 3.00000000
1280.00000000 2.63666667 2.69333333
1344.00000000 2.84000000 3.04000000
1408.00000000 2.48333333 2.48666667
1472.00000000 2.56000000 2.60000000
1536.00000000 2.30000000 2.29333333
1600.00000000 2.52000000 2.44000000
1664.00000000 2.12000000 2.16333333
1728.00000000 2.20000000 2.36000000
1792.00000000 2.00666667 1.97666667
1856.00000000 1.96000000 2.12000000
1920.00000000 1.86333333 1.92000000
1984.00000000 1.88000000 1.88000000
2048.00000000 1.79000000 1.78333333
2112.00000000 1.80000000 1.84000000
2176.00000000 1.71666667 1.69666667
2240.00000000 1.64000000 1.68000000
2304.00000000 1.64000000 1.65333333
2368.00000000 1.64000000 1.64000000
2432.00000000 1.53000000 1.54000000
2496.00000000 1.60000000 1.64000000
2560.00000000 1.41666667 1.42666667
2624.00000000 1.52000000 1.60000000
2688.00000000 1.35333333 1.36666667
2752.00000000 1.52000000 1.40000000
2816.00000000 1.29666667 1.29333333
2880.00000000 1.44000000 1.32000000
2944.00000000 1.23000000 1.22333333
3008.00000000 1.28000000 1.40000000
3072.00000000 1.18000000 1.18666667
3136.00000000 1.28000000 1.32000000
3200.00000000 1.12666667 1.15000000
3264.00000000 1.28000000 1.20000000
3328.00000000 1.06000000 1.08000000
3392.00000000 1.24000000 1.12000000
3456.00000000 0.99333333 1.04333333
3520.00000000 1.20000000 1.16000000
3584.00000000 1.00666667 1.00333333
3648.00000000 1.00000000 1.04000000
3712.00000000 0.95000000 0.93333333
3776.00000000 1.04000000 1.04000000
3840.00000000 0.89333333 0.89000000
3904.00000000 0.88000000 0.96000000
3968.00000000 0.84666667 0.87333333
4032.00000000 0.88000000 0.80000000
4096.00000000 0.83666667 0.85000000
4160.00000000 0.96000000 0.96000000
4224.00000000 0.80333333 0.81333333
4288.00000000 0.92000000 0.96000000
4352.00000000 0.80666667 0.80333333
4416.00000000 0.84000000 0.96000000
4480.00000000 0.74333333 0.73000000
4544.00000000 0.92000000 0.96000000
4608.00000000 0.73333333 0.73000000
4672.00000000 0.88000000 0.92000000
4736.00000000 0.72000000 0.71333333
4800.00000000 0.92000000 0.84000000
4864.00000000 0.66333333 0.69666667
4928.00000000 0.84000000 0.80000000
4992.00000000 0.63000000 0.64333333
5056.00000000 0.64000000 0.72000000
5120.00000000 0.62000000 0.64666667
5184.00000000 0.72000000 0.76000000
5248.00000000 0.64000000 0.60666667
5312.00000000 0.72000000 0.72000000
5376.00000000 0.60000000 0.61333333
5440.00000000 0.60000000 0.56000000
5504.00000000 0.55333333 0.57000000
5568.00000000 0.64000000 0.64000000
5632.00000000 0.52666667 0.51666667
5696.00000000 0.64000000 0.60000000
5760.00000000 0.52333333 0.51666667
5824.00000000 0.56000000 0.60000000
5888.00000000 0.48333333 0.51666667
5952.00000000 0.60000000 0.64000000
6016.00000000 0.48000000 0.48333333
6080.00000000 0.56000000 0.64000000
6144.00000000 0.46666667 0.45666667
6208.00000000 0.64000000 0.64000000
6272.00000000 0.47333333 0.46666667
6336.00000000 0.60000000 0.60000000
6400.00000000 0.44666667 0.42000000
6464.00000000 0.46666667 0.48444444
6528.00000000 0.43333333 0.42666667
6592.00000000 0.44444444 0.46666667
6656.00000000 0.39666667 0.39333333
6720.00000000 0.41777778 0.41333333
6784.00000000 0.39333333 0.37333333
6848.00000000 0.39111111 0.37333333
6912.00000000 0.36333333 0.35666667
6976.00000000 0.37333333 0.36000000
7040.00000000 0.36000000 0.35000000
7104.00000000 0.36888889 0.35555556
7168.00000000 0.33000000 0.33333333
7232.00000000 0.35111111 0.36888889
7296.00000000 0.33000000 0.33666667
7360.00000000 0.34222222 0.33333333
7424.00000000 0.32000000 0.30333333
7488.00000000 0.32000000 0.33333333
7552.00000000 0.29666667 0.29666667
7616.00000000 0.32444444 0.30666667
7680.00000000 0.31000000 0.29333333
7744.00000000 0.29777778 0.32888889
7808.00000000 0.28333333 0.27000000
7872.00000000 0.30222222 0.30666667
7936.00000000 0.26000000 0.26333333
8000.00000000 0.28000000 0.26666667
8064.00000000 0.25000000 0.25333333
8128.00000000 0.24444444 0.28000000
8192.00000000 0.23666667 0.25000000
8256.00000000 0.26666667 0.27111111
8320.00000000 0.24666667 0.24000000
8384.00000000 0.26222222 0.27111111
8448.00000000 0.23000000 0.24000000
8512.00000000 0.26222222 0.25777778
8576.00000000 0.22000000 0.22666667
8640.00000000 0.25777778 0.25777778
8704.00000000 0.21666667 0.23000000
8768.00000000 0.23111111 0.23111111
8832.00000000 0.21666667 0.20666667
8896.00000000 0.22222222 0.21333333
8960.00000000 0.20333333 0.19666667
9024.00000000 0.20888889 0.21333333
9088.00000000 0.18000000 0.18666667
9152.00000000 0.20000000 0.20888889
9216.00000000 0.17666667 0.16000000
9280.00000000 0.19555556 0.18666667
9344.00000000 0.15666667 0.15666667
9408.00000000 0.20000000 0.18222222
9472.00000000 0.14333333 0.15000000
9536.00000000 0.17333333 0.18222222
9600.00000000 0.13666667 0.15333333
9664.00000000 0.17777778 0.18222222
9728.00000000 0.15666667 0.14333333
9792.00000000 0.17333333 0.16444444
9856.00000000 0.14000000 0.14333333
9920.00000000 0.14666667 0.15555556
9984.00000000 0.13333333 0.13333333
10048.00000000 0.14666667 0.14222222
10112.00000000 0.11333333 0.12000000
10176.00000000 0.12888889 0.13333333
10240.00000000 0.10666667 0.11333333
10304.00000000 0.13777778 0.13777778
10368.00000000 0.10666667 0.10666667
10432.00000000 0.12888889 0.12888889
10496.00000000 0.10666667 0.10666667
10560.00000000 0.12000000 0.12444444
10624.00000000 0.10000000 0.10333333
10688.00000000 0.12000000 0.12444444
10752.00000000 0.09000000 0.09333333
10816.00000000 0.10666667 0.10222222
10880.00000000 0.08666667 0.09000000
10944.00000000 0.09333333 0.09777778
11008.00000000 0.08333333 0.07666667
11072.00000000 0.09333333 0.08888889
11136.00000000 0.06000000 0.07666667
11200.00000000 0.09333333 0.08888889
11264.00000000 0.07000000 0.07333333
11328.00000000 0.08444444 0.09333333
11392.00000000 0.06666667 0.07000000
11456.00000000 0.07555556 0.07555556
11520.00000000 0.06333333 0.06000000
11584.00000000 0.07555556 0.08000000
11648.00000000 0.05666667 0.06000000
11712.00000000 0.07111111 0.07111111
11776.00000000 0.06333333 0.06333333
11840.00000000 0.07111111 0.07111111
11904.00000000 0.05666667 0.05666667
11968.00000000 0.06222222 0.07111111
12032.00000000 0.05666667 0.06333333
12096.00000000 0.07111111 0.06666667
12160.00000000 0.06000000 0.06333333
12224.00000000 0.05777778 0.07555556
12288.00000000 0.05666667 0.05333333
12352.00000000 0.06666667 0.06666667
12416.00000000 0.06000000 0.05000000
12480.00000000 0.06666667 0.06666667
12544.00000000 0.05333333 0.06000000
12608.00000000 0.05777778 0.04888889
12672.00000000 0.05666667 0.05333333
12736.00000000 0.06222222 0.05333333
12800.00000000 0.05333333 0.05000000
