0 2594.99333333 2601.30888889
128.00000000 16.75111111 16.91333333
256.00000000 10.00222222 10.00666666
384.00000000 7.18000000 7.29333333
512.00000000 5.60444445 5.62666666
640.00000000 4.67555555 4.72444444
768.00000000 3.93111111 4.02000000
896.00000000 3.54444444 3.57777778
1024.00000000 3.15777778 3.17111111
1152.00000000 2.86888889 2.90888889
1280.00000000 2.62222222 2.65777778
1408.00000000 2.41555555 2.44000000
1536.00000000 2.24888889 2.24888889
1664.00000000 2.08222222 2.10888889
1792.00000000 1.97333334 1.94888889
1920.00000000 1.84000000 1.88222222
2048.00000000 1.76666667 1.76444444
2176.00000000 1.68666667 1.64444445
2304.00000000 1.58666667 1.60888889
2432.00000000 1.48888889 1.51555556
2560.00000000 1.39555556 1.41111111
2688.00000000 1.35111111 1.34444445
2816.00000000 1.29555556 1.28666666
2944.00000000 1.20444444 1.22222222
3072.00000000 1.16666667 1.17555556
3200.00000000 1.10444445 1.13333333
3328.00000000 1.05111111 1.08000000
3456.00000000 0.99555555 1.02222222
3584.00000000 0.96444445 0.97777778
3712.00000000 0.92666667 0.91111111
3840.00000000 0.88000000 0.88000000
3968.00000000 0.83333334 0.84444444
4096.00000000 0.82222222 0.82666667
4224.00000000 0.77555555 0.80222222
4352.00000000 0.77111111 0.77111111
4480.00000000 0.72444444 0.71777778
4608.00000000 0.69111111 0.69333333
4736.00000000 0.69555556 0.69111111
4864.00000000 0.65111111 0.67333334
4992.00000000 0.62444444 0.64000000
5120.00000000 0.60666667 0.63111111
5248.00000000 0.61555556 0.59555556
5376.00000000 0.58444444 0.59777778
5504.00000000 0.55111111 0.56222222
5632.00000000 0.53111111 0.51777778
5760.00000000 0.51333333 0.51777778
5888.00000000 0.49333333 0.51333334
6016.00000000 0.48444444 0.48666666
6144.00000000 0.45777778 0.45333334
6272.00000000 0.45777778 0.45777778
6400.00000000 0.44222222 0.42000000
6528.00000000 0.41777778 0.41555556
6656.00000000 0.38222222 0.38666666
6784.00000000 0.38000000 0.36000000
6912.00000000 0.35333333 0.34888889
7040.00000000 0.34444444 0.35111111
7168.00000000 0.33111111 0.33333333
7296.00000000 0.32444444 0.32666667
7424.00000000 0.30888889 0.31111111
7552.00000000 0.28444445 0.29333334
7680.00000000 0.29555556 0.29111111
7808.00000000 0.26222222 0.25777778
7936.00000000 0.24666667 0.24666666
8064.00000000 0.23777778 0.23777778
8192.00000000 0.22888889 0.23555556
8320.00000000 0.22666667 0.22444444
8448.00000000 0.21777778 0.22222222
8576.00000000 0.21111111 0.20888889
8704.00000000 0.19777778 0.21111111
8832.00000000 0.19777778 0.19333334
8960.00000000 0.18666666 0.17777778
9088.00000000 0.16666667 0.17111111
9216.00000000 0.16666667 0.15333333
9344.00000000 0.14444445 0.14666667
9472.00000000 0.13777778 0.14222222
9600.00000000 0.12888889 0.14444444
9728.00000000 0.14000000 0.13333333
9856.00000000 0.12000000 0.12888889
9984.00000000 0.11777778 0.11777778
10112.00000000 0.10444444 0.10222222
10240.00000000 0.10000000 0.10444444
10368.00000000 0.09777778 0.09555556
10496.00000000 0.09555556 0.09555556
10624.00000000 0.09333333 0.09333333
10752.00000000 0.08444444 0.08444444
10880.00000000 0.08000000 0.08444444
11008.00000000 0.07333333 0.07111111
11136.00000000 0.06222222 0.07555556
11264.00000000 0.07111111 0.07111111
11392.00000000 0.06444445 0.06666667
11520.00000000 0.06444444 0.06000000
11648.00000000 0.06000000 0.06222222
11776.00000000 0.06000000 0.06444444
11904.00000000 0.05777778 0.06000000
12032.00000000 0.05333334 0.06222222
12160.00000000 0.06000000 0.05777778
12288.00000000 0.05777778 0.05555555
12416.00000000 0.05555556 0.05111111
12544.00000000 0.05333333 0.05777778
12672.00000000 0.05555556 0.05333333
12800.00000000 0.05333333 0.04888889
