0 3.06399600 4480000.00000000
128.00000000 62.45170000 4480000.00000000
256.00000000 73.67740000 4480000.00000000
384.00000000 79.74690000 4480000.00000000
512.00000000 77.80300500 4480000.00000000
640.00000000 86.13740000 4480000.00000000
768.00000000 93.13330000 4480000.00000000
896.00000000 97.61210000 4480000.00000000
1024.00000000 104.47985000 4480000.00000000
1152.00000000 110.03980000 4480000.00000000
1280.00000000 116.11475000 4480000.00000000
1408.00000000 121.61075000 4480000.00000000
1536.00000000 128.86530000 4480000.00000000
1664.00000000 138.17600000 4480000.00000000
1792.00000000 145.98585000 4480000.00000000
1920.00000000 153.69285000 4480000.00000000
2048.00000000 162.68990000 4480000.00000000
2176.00000000 170.79715000 4480000.00000000
2304.00000000 177.73140000 4480000.00000000
2432.00000000 184.62290000 4480000.00000000
2560.00000000 193.08885000 4480000.00000000
2688.00000000 200.01040000 4480000.00000000
2816.00000000 207.84570000 4480000.00000000
2944.00000000 213.58325000 4480000.00000000
3072.00000000 220.32335000 4480000.00000000
3200.00000000 226.31020000 4480000.00000000
3328.00000000 231.05095000 4480000.00000000
3456.00000000 237.11705000 4480000.00000000
3584.00000000 241.45215000 4480000.00000000
3712.00000000 246.00830000 4480000.00000000
3840.00000000 250.97645000 4480000.00000000
3968.00000000 255.01305000 4480000.00000000
4096.00000000 258.75970000 4480000.00000000
4224.00000000 263.10355000 4480000.00000000
4352.00000000 266.85560000 4480000.00000000
4480.00000000 270.43915000 4480000.00000000
4608.00000000 273.08445000 4480000.00000000
4736.00000000 276.70530000 4480000.00000000
4864.00000000 279.58505000 4480000.00000000
4992.00000000 282.60645000 4480000.00000000
5120.00000000 285.61760000 4480000.00000000
5248.00000000 288.66155000 4480000.00000000
5376.00000000 292.02920000 4480000.00000000
5504.00000000 294.71945000 4480000.00000000
5632.00000000 296.67885000 4480000.00000000
5760.00000000 299.18250000 4480000.00000000
5888.00000000 301.03955000 4480000.00000000
6016.00000000 303.13695000 4480000.00000000
6144.00000000 305.07600000 4480000.00000000
6272.00000000 307.00970000 4480000.00000000
6400.00000000 308.94100000 4480000.00000000
6528.00000000 311.14345000 4480000.00000000
6656.00000000 312.76710000 4480000.00000000
6784.00000000 314.46340000 4480000.00000000
6912.00000000 315.68570000 4480000.00000000
7040.00000000 317.23675000 4480000.00000000
7168.00000000 318.07210000 4480000.00000000
7296.00000000 319.97900000 4480000.00000000
7424.00000000 321.16200000 4480000.00000000
7552.00000000 322.55320000 4480000.00000000
7680.00000000 323.63335000 4480000.00000000
7808.00000000 324.75345000 4480000.00000000
7936.00000000 325.87985000 4480000.00000000
8064.00000000 326.58810000 4480000.00000000
8192.00000000 327.49860000 4480000.00000000
8320.00000000 328.01425000 4480000.00000000
8448.00000000 328.93445000 4480000.00000000
8576.00000000 329.94740000 4480000.00000000
8704.00000000 330.60840000 4480000.00000000
8832.00000000 331.47660000 4480000.00000000
8960.00000000 332.22850000 4480000.00000000
9088.00000000 332.88115000 4480000.00000000
9216.00000000 333.66865000 4480000.00000000
9344.00000000 334.51795000 4480000.00000000
9472.00000000 334.79485000 4480000.00000000
9600.00000000 335.45310000 4480000.00000000
9728.00000000 336.18980000 4480000.00000000
9856.00000000 336.68855000 4480000.00000000
9984.00000000 337.01450000 4480000.00000000
10112.00000000 337.54865000 4480000.00000000
10240.00000000 337.79540000 4480000.00000000
10368.00000000 338.25025000 4480000.00000000
10496.00000000 338.62790000 4480000.00000000
10624.00000000 338.92225000 4480000.00000000
10752.00000000 339.00020000 4480000.00000000
10880.00000000 339.25135000 4480000.00000000
11008.00000000 339.32805000 4480000.00000000
11136.00000000 339.53685000 4480000.00000000
11264.00000000 339.81625000 4480000.00000000
11392.00000000 339.91775000 4480000.00000000
11520.00000000 340.24415000 4480000.00000000
11648.00000000 340.39565000 4480000.00000000
11776.00000000 340.45330000 4480000.00000000
11904.00000000 340.58830000 4480000.00000000
12032.00000000 340.89430000 4480000.00000000
12160.00000000 341.06890000 4480000.00000000
12288.00000000 341.28280000 4480000.00000000
12416.00000000 341.36525000 4480000.00000000
12544.00000000 341.66465000 4480000.00000000
12672.00000000 341.85460000 4480000.00000000
12800.00000000 342.01410000 4480000.00000000
