0 2593.20000000 2600.81333333
128.00000000 16.83333333 16.99333333
256.00000000 9.62666667 9.67333333
384.00000000 6.99333333 7.13333333
512.00000000 5.48000000 5.51333333
640.00000000 4.56000000 4.60666667
768.00000000 4.01333333 4.06000000
896.00000000 3.63333333 3.64666667
1024.00000000 3.15333333 3.16666667
1152.00000000 2.82000000 2.88666667
1280.00000000 2.59333333 2.58666667
1408.00000000 2.28000000 2.34666667
1536.00000000 2.14666667 2.16000000
1664.00000000 2.00666667 2.00000000
1792.00000000 1.90666667 1.89333333
1920.00000000 1.79333333 1.80666667
2048.00000000 1.72000000 1.72666667
2176.00000000 1.62666667 1.54000000
2304.00000000 1.48000000 1.52000000
2432.00000000 1.40666667 1.46666667
2560.00000000 1.35333333 1.38000000
2688.00000000 1.34666667 1.30000000
2816.00000000 1.29333333 1.27333333
2944.00000000 1.15333333 1.22000000
3072.00000000 1.14000000 1.15333333
3200.00000000 1.06000000 1.10000000
3328.00000000 1.03333333 1.08000000
3456.00000000 1.00000000 0.98000000
3584.00000000 0.88000000 0.92666667
3712.00000000 0.88000000 0.86666667
3840.00000000 0.85333333 0.86000000
3968.00000000 0.80666667 0.78666667
4096.00000000 0.79333333 0.78000000
4224.00000000 0.72000000 0.78000000
4352.00000000 0.70000000 0.70666667
4480.00000000 0.68666667 0.69333333
4608.00000000 0.60666667 0.62000000
4736.00000000 0.64666667 0.64666667
4864.00000000 0.62666667 0.62666667
4992.00000000 0.61333333 0.63333333
5120.00000000 0.58000000 0.60000000
5248.00000000 0.56666667 0.57333333
5376.00000000 0.55333333 0.56666667
5504.00000000 0.54666667 0.54666667
5632.00000000 0.54000000 0.52000000
5760.00000000 0.49333333 0.52000000
5888.00000000 0.51333333 0.50666667
6016.00000000 0.49333333 0.49333333
6144.00000000 0.44000000 0.44666667
6272.00000000 0.42666667 0.44000000
6400.00000000 0.43333333 0.42000000
6528.00000000 0.38666667 0.39333333
6656.00000000 0.35333333 0.37333333
6784.00000000 0.35333333 0.33333333
6912.00000000 0.33333333 0.33333333
7040.00000000 0.31333333 0.35333333
7168.00000000 0.33333333 0.33333333
7296.00000000 0.31333333 0.30666667
7424.00000000 0.28666667 0.32666667
7552.00000000 0.26000000 0.28666667
7680.00000000 0.26666667 0.28666667
7808.00000000 0.22000000 0.23333333
7936.00000000 0.22000000 0.21333333
8064.00000000 0.21333333 0.20666667
8192.00000000 0.21333333 0.20666667
8320.00000000 0.18666667 0.19333333
8448.00000000 0.19333333 0.18666667
8576.00000000 0.19333333 0.17333333
8704.00000000 0.16000000 0.17333333
8832.00000000 0.16000000 0.16666667
8960.00000000 0.15333333 0.14000000
9088.00000000 0.14000000 0.14000000
9216.00000000 0.14666667 0.14000000
9344.00000000 0.12000000 0.12666667
9472.00000000 0.12666667 0.12666667
9600.00000000 0.11333333 0.12666667
9728.00000000 0.10666667 0.11333333
9856.00000000 0.08000000 0.10000000
9984.00000000 0.08666667 0.08666667
10112.00000000 0.08666667 0.06666667
10240.00000000 0.08666667 0.08666667
10368.00000000 0.08000000 0.07333333
10496.00000000 0.07333333 0.07333333
10624.00000000 0.08000000 0.07333333
10752.00000000 0.07333333 0.06666667
10880.00000000 0.06666667 0.07333333
11008.00000000 0.05333333 0.06000000
11136.00000000 0.06666667 0.07333333
11264.00000000 0.07333333 0.06666667
11392.00000000 0.06000000 0.06000000
11520.00000000 0.06666667 0.06000000
11648.00000000 0.06666667 0.06666667
11776.00000000 0.05333333 0.06666667
11904.00000000 0.06000000 0.06666667
12032.00000000 0.04666667 0.06000000
12160.00000000 0.06000000 0.04666667
12288.00000000 0.06000000 0.06000000
12416.00000000 0.04666667 0.05333333
12544.00000000 0.05333333 0.05333333
12672.00000000 0.05333333 0.05333333
12800.00000000 0.05333333 0.04666667
