0 2595.12619048 2601.38809524
128.00000000 16.72380952 16.88809524
256.00000000 9.98809524 10.00000000
384.00000000 7.15476190 7.27380952
512.00000000 5.58095238 5.59761904
640.00000000 4.66190476 4.70952381
768.00000000 3.92142857 4.01190476
896.00000000 3.52857143 3.55952381
1024.00000000 3.14523809 3.16190476
1152.00000000 2.87619047 2.91904762
1280.00000000 2.63095238 2.66428571
1408.00000000 2.41904762 2.43333334
1536.00000000 2.24047619 2.24761904
1664.00000000 2.07619048 2.11190476
1792.00000000 1.97380953 1.94523810
1920.00000000 1.83809524 1.88809524
2048.00000000 1.77380952 1.76904762
2176.00000000 1.69047619 1.64523810
2304.00000000 1.59523809 1.61428571
2432.00000000 1.50238095 1.52619048
2560.00000000 1.40476191 1.42142857
2688.00000000 1.35952381 1.35476191
2816.00000000 1.31190476 1.30000000
2944.00000000 1.21904762 1.24285714
3072.00000000 1.18809524 1.18571429
3200.00000000 1.12380953 1.14761905
3328.00000000 1.06666667 1.09285714
3456.00000000 1.00714286 1.04285714
3584.00000000 0.98333334 0.99761904
3712.00000000 0.94523809 0.92380952
3840.00000000 0.89523809 0.89047619
3968.00000000 0.84285714 0.85476190
4096.00000000 0.82857143 0.83571429
4224.00000000 0.78095238 0.81190476
4352.00000000 0.77857143 0.78333333
4480.00000000 0.72857143 0.72619048
4608.00000000 0.70476190 0.70476191
4736.00000000 0.70476191 0.69761904
4864.00000000 0.66190476 0.68095238
4992.00000000 0.63333333 0.64761904
5120.00000000 0.61190476 0.64047619
5248.00000000 0.62142857 0.60238096
5376.00000000 0.58809524 0.60476190
5504.00000000 0.55476190 0.56428571
5632.00000000 0.53333334 0.52142857
5760.00000000 0.52142857 0.52380953
5888.00000000 0.50000000 0.52142857
6016.00000000 0.49285714 0.49523809
6144.00000000 0.47142857 0.46666667
6272.00000000 0.47380952 0.47142857
6400.00000000 0.45238096 0.42857143
6528.00000000 0.42857143 0.42619048
6656.00000000 0.39285714 0.39761904
6784.00000000 0.39047619 0.36666666
6912.00000000 0.35952381 0.35714286
7040.00000000 0.35000000 0.35952381
7168.00000000 0.33571429 0.34047619
7296.00000000 0.32857143 0.33571429
7424.00000000 0.31666667 0.31666666
7552.00000000 0.29047619 0.30238096
7680.00000000 0.30000000 0.29523809
7808.00000000 0.26666666 0.25952381
7936.00000000 0.24761905 0.25000000
8064.00000000 0.23809524 0.24047619
8192.00000000 0.22857143 0.23809524
8320.00000000 0.22619048 0.22380952
8448.00000000 0.21666667 0.22142857
8576.00000000 0.20952381 0.20952381
8704.00000000 0.19523810 0.20952381
8832.00000000 0.19761905 0.19285714
8960.00000000 0.18809524 0.17857143
9088.00000000 0.16904762 0.17142857
9216.00000000 0.16666667 0.15238095
9344.00000000 0.14285714 0.14523810
9472.00000000 0.13571428 0.14285714
9600.00000000 0.12857143 0.14285714
9728.00000000 0.13809524 0.13095238
9856.00000000 0.12142857 0.12619047
9984.00000000 0.11666666 0.11666666
10112.00000000 0.10238095 0.10238095
10240.00000000 0.09761905 0.10238095
10368.00000000 0.09523810 0.09285714
10496.00000000 0.09523810 0.09285714
10624.00000000 0.09047619 0.09047619
10752.00000000 0.08095238 0.08095238
10880.00000000 0.07857143 0.08095238
11008.00000000 0.06904762 0.06904762
11136.00000000 0.05952381 0.07142857
11264.00000000 0.06666667 0.06666666
11392.00000000 0.05952381 0.06190476
11520.00000000 0.05952381 0.05476191
11648.00000000 0.05476191 0.05714286
11776.00000000 0.05952381 0.05952381
11904.00000000 0.05238096 0.05476191
12032.00000000 0.05000000 0.05714286
12160.00000000 0.05476191 0.05476190
12288.00000000 0.05238096 0.05000000
12416.00000000 0.05238095 0.04523809
12544.00000000 0.04761904 0.05238095
12672.00000000 0.05000000 0.04761904
12800.00000000 0.04761904 0.04523809
