0 2595.74000000 2600.71500000
64.00000000 23.57500000 23.72000000
128.00000000 12.97000000 13.13000000
192.00000000 9.18000000 9.31500000
256.00000000 7.18000000 7.12500000
320.00000000 5.96500000 5.99000000
384.00000000 5.13000000 5.16000000
448.00000000 4.38500000 4.37500000
512.00000000 3.85000000 3.80000000
576.00000000 3.48500000 3.52500000
640.00000000 3.26500000 3.23500000
704.00000000 2.95000000 3.06000000
768.00000000 2.71500000 2.78000000
832.00000000 2.57500000 2.59500000
896.00000000 2.31000000 2.38000000
960.00000000 2.16500000 2.22000000
1024.00000000 2.01500000 2.05000000
1088.00000000 1.90000000 1.90000000
1152.00000000 1.87500000 1.86000000
1216.00000000 1.71500000 1.76000000
1280.00000000 1.71000000 1.67000000
1344.00000000 1.61000000 1.64000000
1408.00000000 1.50500000 1.52500000
1472.00000000 1.43500000 1.47000000
1536.00000000 1.39500000 1.40500000
1600.00000000 1.35500000 1.34000000
1664.00000000 1.23000000 1.27000000
1728.00000000 1.25500000 1.22000000
1792.00000000 1.20000000 1.18000000
1856.00000000 1.11500000 1.11500000
1920.00000000 1.10500000 1.09500000
1984.00000000 1.07500000 1.08000000
2048.00000000 0.99000000 0.97500000
2112.00000000 0.94000000 0.97000000
2176.00000000 0.90000000 0.89500000
2240.00000000 0.91500000 0.89500000
2304.00000000 0.86000000 0.88000000
2368.00000000 0.86500000 0.86000000
2432.00000000 0.80500000 0.83500000
2496.00000000 0.72500000 0.77500000
2560.00000000 0.75000000 0.72500000
2624.00000000 0.70000000 0.71000000
2688.00000000 0.68500000 0.66000000
2752.00000000 0.63500000 0.65000000
2816.00000000 0.65000000 0.64000000
2880.00000000 0.60500000 0.58500000
2944.00000000 0.58500000 0.58000000
3008.00000000 0.53500000 0.55500000
3072.00000000 0.52000000 0.53500000
3136.00000000 0.51500000 0.51500000
3200.00000000 0.51000000 0.50500000
3264.00000000 0.49500000 0.50000000
3328.00000000 0.47000000 0.48500000
3392.00000000 0.46000000 0.45500000
3456.00000000 0.44000000 0.43500000
3520.00000000 0.42500000 0.42500000
3584.00000000 0.39000000 0.41500000
3648.00000000 0.40500000 0.39000000
3712.00000000 0.37000000 0.38500000
3776.00000000 0.36000000 0.35500000
3840.00000000 0.35000000 0.32500000
3904.00000000 0.31500000 0.32500000
3968.00000000 0.33000000 0.31500000
4032.00000000 0.32500000 0.31000000
4096.00000000 0.30500000 0.31000000
4160.00000000 0.29000000 0.30500000
4224.00000000 0.29500000 0.29000000
4288.00000000 0.27000000 0.26500000
4352.00000000 0.23000000 0.25500000
4416.00000000 0.20500000 0.23500000
4480.00000000 0.22000000 0.20500000
4544.00000000 0.21000000 0.21500000
4608.00000000 0.20000000 0.20000000
4672.00000000 0.20500000 0.20000000
4736.00000000 0.21500000 0.21500000
4800.00000000 0.20000000 0.19500000
4864.00000000 0.20500000 0.19500000
4928.00000000 0.20000000 0.19000000
4992.00000000 0.19500000 0.17500000
5056.00000000 0.17500000 0.18500000
5120.00000000 0.18000000 0.17500000
5184.00000000 0.17500000 0.17000000
5248.00000000 0.16500000 0.16000000
5312.00000000 0.14000000 0.16000000
5376.00000000 0.14000000 0.15500000
5440.00000000 0.14000000 0.14500000
5504.00000000 0.11500000 0.12500000
5568.00000000 0.10000000 0.11000000
5632.00000000 0.09000000 0.10000000
5696.00000000 0.08500000 0.08500000
5760.00000000 0.07000000 0.07000000
5824.00000000 0.08000000 0.07000000
5888.00000000 0.07500000 0.07500000
5952.00000000 0.07500000 0.07000000
6016.00000000 0.06000000 0.07000000
6080.00000000 0.06000000 0.06500000
6144.00000000 0.07000000 0.06500000
6208.00000000 0.07000000 0.07000000
6272.00000000 0.06500000 0.06000000
6336.00000000 0.06000000 0.06000000
6400.00000000 0.06500000 0.05500000
6464.00000000 0.06000000 0.06000000
6528.00000000 0.05500000 0.05500000
6592.00000000 0.05500000 0.05000000
6656.00000000 0.05000000 0.05500000
6720.00000000 0.04000000 0.04000000
6784.00000000 0.04000000 0.03500000
6848.00000000 0.03500000 0.03000000
6912.00000000 0.03500000 0.03500000
6976.00000000 0.03500000 0.03500000
7040.00000000 0.03500000 0.03500000
7104.00000000 0.03000000 0.03000000
7168.00000000 0.02500000 0.02500000
7232.00000000 0.02500000 0.02500000
7296.00000000 0.02500000 0.02500000
7360.00000000 0.02000000 0.02500000
7424.00000000 0.02500000 0.02500000
7488.00000000 0.02500000 0.02500000
7552.00000000 0.02500000 0.02000000
7616.00000000 0.02500000 0.02500000
7680.00000000 0.02500000 0.01500000
7744.00000000 0.02500000 0.02500000
7808.00000000 0.02000000 0.02000000
7872.00000000 0.02000000 0.01500000
7936.00000000 0.02000000 0.02000000
8000.00000000 0.01500000 0.01500000
8064.00000000 0.01500000 0.01000000
8128.00000000 0.01000000 0.01000000
8192.00000000 0.01000000 0.01000000
8256.00000000 0.00500000 0.00500000
8320.00000000 0.00500000 0.00500000
8384.00000000 0.00500000 0.00500000
8448.00000000 0.00500000 0.00500000
8512.00000000 0.00500000 0.00500000
8576.00000000 0.00500000 0.00500000
8640.00000000 0.00500000 0.00500000
8704.00000000 0.00000000 0.00000000
8768.00000000 0.00000000 0.00000000
8832.00000000 0.00000000 0.00000000
8896.00000000 0.00000000 0.00000000
8960.00000000 0.00000000 0.00000000
9024.00000000 0.00000000 0.00000000
9088.00000000 0.00000000 0.00000000
9152.00000000 0.00000000 0.00000000
9216.00000000 0.00000000 0.00000000
9280.00000000 0.00000000 0.00000000
9344.00000000 0.00000000 0.00000000
9408.00000000 0.00000000 0.00000000
9472.00000000 0.00000000 0.00000000
9536.00000000 0.00000000 0.00000000
9600.00000000 0.00000000 0.00000000
9664.00000000 0.00000000 0.00000000
9728.00000000 0.00000000 0.00000000
9792.00000000 0.00000000 0.00000000
9856.00000000 0.00000000 0.00000000
9920.00000000 0.00000000 0.00000000
9984.00000000 0.00000000 0.00000000
10048.00000000 0.00000000 0.00000000
10112.00000000 0.00000000 0.00000000
10176.00000000 0.00000000 0.00000000
10240.00000000 0.00000000 0.00000000
10304.00000000 0.00000000 0.00000000
10368.00000000 0.00000000 0.00000000
10432.00000000 0.00000000 0.00000000
10496.00000000 0.00000000 0.00000000
10560.00000000 0.00000000 0.00000000
10624.00000000 0.00000000 0.00000000
10688.00000000 0.00000000 0.00000000
10752.00000000 0.00000000 0.00000000
10816.00000000 0.00000000 0.00000000
10880.00000000 0.00000000 0.00000000
10944.00000000 0.00000000 0.00000000
11008.00000000 0.00000000 0.00000000
11072.00000000 0.00000000 0.00000000
11136.00000000 0.00000000 0.00000000
11200.00000000 0.00000000 0.00000000
11264.00000000 0.00000000 0.00000000
11328.00000000 0.00000000 0.00000000
11392.00000000 0.00000000 0.00000000
11456.00000000 0.00000000 0.00000000
11520.00000000 0.00000000 0.00000000
11584.00000000 0.00000000 0.00000000
11648.00000000 0.00000000 0.00000000
11712.00000000 0.00000000 0.00000000
11776.00000000 0.00000000 0.00000000
11840.00000000 0.00000000 0.00000000
11904.00000000 0.00000000 0.00000000
11968.00000000 0.00000000 0.00000000
12032.00000000 0.00000000 0.00000000
12096.00000000 0.00000000 0.00000000
12160.00000000 0.00000000 0.00000000
12224.00000000 0.00000000 0.00000000
12288.00000000 0.00000000 0.00000000
12352.00000000 0.00000000 0.00000000
12416.00000000 0.00000000 0.00000000
12480.00000000 0.00000000 0.00000000
12544.00000000 0.00000000 0.00000000
12608.00000000 0.00000000 0.00000000
12672.00000000 0.00000000 0.00000000
12736.00000000 0.00000000 0.00000000
12800.00000000 0.00000000 0.00000000
