0 2595.82400000 2603.24800000
128.00000000 16.90800000 16.96000000
256.00000000 9.77600000 9.82000000
384.00000000 7.10800000 7.18800000
512.00000000 5.67200000 5.75200000
640.00000000 4.74400000 4.86800000
768.00000000 4.07600000 4.10400000
896.00000000 3.57600000 3.62800000
1024.00000000 3.22400000 3.17600000
1152.00000000 2.86400000 2.93600000
1280.00000000 2.63600000 2.66800000
1408.00000000 2.40400000 2.42400000
1536.00000000 2.26400000 2.26400000
1664.00000000 2.13600000 2.06800000
1792.00000000 1.97200000 1.97600000
1920.00000000 1.88800000 1.88800000
2048.00000000 1.80400000 1.77600000
2176.00000000 1.68400000 1.69600000
2304.00000000 1.58000000 1.56800000
2432.00000000 1.47600000 1.48000000
2560.00000000 1.43200000 1.42000000
2688.00000000 1.33600000 1.35200000
2816.00000000 1.25200000 1.24800000
2944.00000000 1.20400000 1.20400000
3072.00000000 1.16400000 1.18400000
3200.00000000 1.14400000 1.14000000
3328.00000000 1.07200000 1.08800000
3456.00000000 0.99200000 1.02000000
3584.00000000 0.96400000 0.95600000
3712.00000000 0.89200000 0.93200000
3840.00000000 0.85200000 0.87600000
3968.00000000 0.78400000 0.83200000
4096.00000000 0.75600000 0.78000000
4224.00000000 0.75200000 0.73200000
4352.00000000 0.72000000 0.72800000
4480.00000000 0.69600000 0.70000000
4608.00000000 0.66000000 0.66800000
4736.00000000 0.64400000 0.64400000
4864.00000000 0.59200000 0.61600000
4992.00000000 0.56000000 0.56400000
5120.00000000 0.55600000 0.54800000
5248.00000000 0.55600000 0.53600000
5376.00000000 0.51600000 0.52000000
5504.00000000 0.50400000 0.50800000
5632.00000000 0.47200000 0.47600000
5760.00000000 0.44400000 0.48400000
5888.00000000 0.45600000 0.45200000
6016.00000000 0.42800000 0.44000000
6144.00000000 0.40800000 0.40400000
6272.00000000 0.39600000 0.39600000
6400.00000000 0.39200000 0.39200000
6528.00000000 0.36400000 0.37600000
6656.00000000 0.35200000 0.33600000
6784.00000000 0.33600000 0.35600000
6912.00000000 0.31200000 0.34000000
7040.00000000 0.32000000 0.32400000
7168.00000000 0.31200000 0.30000000
7296.00000000 0.28800000 0.29600000
7424.00000000 0.28000000 0.26400000
7552.00000000 0.26000000 0.26800000
7680.00000000 0.24800000 0.24400000
7808.00000000 0.22800000 0.20800000
7936.00000000 0.21200000 0.21600000
8064.00000000 0.20400000 0.20400000
8192.00000000 0.20400000 0.20000000
8320.00000000 0.19600000 0.19200000
8448.00000000 0.18000000 0.18000000
8576.00000000 0.18400000 0.16800000
8704.00000000 0.16800000 0.16800000
8832.00000000 0.16800000 0.17200000
8960.00000000 0.16000000 0.15600000
9088.00000000 0.14400000 0.13600000
9216.00000000 0.13600000 0.14000000
9344.00000000 0.11600000 0.14000000
9472.00000000 0.12000000 0.12800000
9600.00000000 0.12000000 0.11600000
9728.00000000 0.11200000 0.10800000
9856.00000000 0.11200000 0.10400000
9984.00000000 0.09600000 0.10000000
10112.00000000 0.09200000 0.10000000
10240.00000000 0.08400000 0.10000000
10368.00000000 0.08000000 0.09200000
10496.00000000 0.08400000 0.08000000
10624.00000000 0.07600000 0.08000000
10752.00000000 0.06400000 0.07200000
10880.00000000 0.06000000 0.06000000
11008.00000000 0.06000000 0.06400000
11136.00000000 0.06000000 0.04800000
11264.00000000 0.05600000 0.05600000
11392.00000000 0.06000000 0.06000000
11520.00000000 0.05200000 0.05200000
11648.00000000 0.05200000 0.04800000
11776.00000000 0.04400000 0.05200000
11904.00000000 0.05200000 0.04800000
12032.00000000 0.05200000 0.05200000
12160.00000000 0.04800000 0.04400000
12288.00000000 0.04400000 0.04800000
12416.00000000 0.04800000 0.04800000
12544.00000000 0.04400000 0.04800000
12672.00000000 0.04000000 0.04800000
12800.00000000 0.03600000 0.04400000
