0 -0.342637
4 -0.209055
8 -0.0746365
12 -0.0175952
16 0.00358991
20 0.0824291
24 0.111089
28 0.147881
32 0.177781
36 0.204368
40 0.217406
44 0.246997
48 0.260317
52 0.277687
56 0.294705
60 0.321982
64 0.339679
68 0.367163
72 0.387537
76 0.407073
80 0.422103
84 0.446231
88 0.461635
92 0.480893
96 0.49757
100 0.513615
104 0.529288
108 0.541652
112 0.551923
116 0.563171
120 0.570817
124 0.584054
128 0.597098
132 0.608929
136 0.615134
140 0.623567
144 0.632343
148 0.639865
152 0.64781
156 0.658402
160 0.665621
164 0.67059
168 0.676409
172 0.68316
176 0.692362
180 0.701353
184 0.707136
188 0.713928
192 0.719843
196 0.727848
200 0.735526
204 0.74287
208 0.74892
212 0.754692
216 0.759942
220 0.765696
224 0.771829
228 0.777251
232 0.78169
236 0.786494
240 0.790691
244 0.795843
248 0.799519
252 0.803515
256 0.807475
260 0.812838
264 0.818386
268 0.821942
272 0.827604
276 0.831997
280 0.834465
284 0.836699
288 0.841224
292 0.843848
296 0.847788
300 0.850166
304 0.853809
308 0.857245
312 0.85966
316 0.86349
320 0.865855
324 0.868957
328 0.871301
332 0.874924
336 0.877786
340 0.879409
344 0.880728
348 0.883292
352 0.884869
356 0.886678
360 0.888595
364 0.890051
368 0.891216
372 0.892403
376 0.894179
380 0.894965
384 0.89574
388 0.898276
392 0.900916
396 0.902162
400 0.904221
404 0.905167
408 0.906703
412 0.907744
416 0.908602
420 0.910929
424 0.912427
428 0.914245
432 0.915831
436 0.91714
440 0.919509
444 0.920828
448 0.921568
452 0.923211
456 0.924785
460 0.926303
464 0.927288
468 0.927254
472 0.927757
476 0.928596
480 0.929662
484 0.929706
488 0.930223
492 0.931188
496 0.932038
500 0.933037
504 0.933534
508 0.933779
512 0.935106
516 0.935637
520 0.936409
524 0.93705
528 0.937858
532 0.938717
536 0.939442
540 0.9401
544 0.941065
548 0.941811
552 0.94227
556 0.943101
560 0.943916
564 0.944945
568 0.945285
572 0.945943
576 0.945868
580 0.946564
584 0.947079
588 0.948128
592 0.949291
596 0.95027
600 0.951464
604 0.952885
608 0.953999
612 0.954736
616 0.955715
620 0.955984
624 0.956403
628 0.956637
632 0.956618
636 0.95684
640 0.957349
644 0.957591
648 0.957572
652 0.957641
656 0.958132
660 0.958578
664 0.959191
668 0.959482
672 0.959924
676 0.95987
680 0.960061
684 0.960015
688 0.960482
692 0.960761
696 0.961095
700 0.961723
704 0.961833
708 0.961921
712 0.962201
716 0.962246
720 0.962536
724 0.962723
728 0.963284
732 0.963658
736 0.963973
740 0.964409
744 0.964669
748 0.964671
752 0.964794
756 0.964985
760 0.964806
764 0.964651
768 0.964871
772 0.965079
776 0.965247
780 0.965086
784 0.965148
788 0.965321
792 0.965535
796 0.965452
800 0.965427
