0 7.79665e-07
6.25 0.00193398
12.5 0.00441504
18.75 0.00693647
25 0.00855362
31.25 0.00993755
37.5 0.0105584
43.75 0.010541
50 0.0109981
56.25 0.0121403
62.5 0.0132792
68.75 0.0134644
75 0.0131086
81.25 0.0133322
87.5 0.0129002
93.75 0.0126509
100 0.0121122
106.25 0.0117856
112.5 0.0114618
118.75 0.0114389
125 0.012206
131.25 0.0136599
137.5 0.0149143
143.75 0.0163488
150 0.0178372
156.25 0.0183759
162.5 0.0186619
168.75 0.0196285
175 0.0206313
181.25 0.0214161
187.5 0.0225439
193.75 0.0242372
200 0.0259036
206.25 0.0274885
212.5 0.0293609
218.75 0.0311142
225 0.0332157
231.25 0.0358012
237.5 0.0380573
243.75 0.0404307
250 0.0424602
256.25 0.0438534
262.5 0.0452734
268.75 0.0464309
275 0.0478287
281.25 0.0500705
287.5 0.0524571
293.75 0.0555043
300 0.0578461
306.25 0.0594192
312.5 0.0601382
318.75 0.0618988
325 0.0631287
331.25 0.0648978
337.5 0.0664459
343.75 0.0678216
350 0.0693566
356.25 0.0720509
362.5 0.0744233
368.75 0.0762859
375 0.0788127
381.25 0.0812048
387.5 0.0833854
393.75 0.0846986
400 0.0858825
406.25 0.087267
412.5 0.0877523
418.75 0.0882069
425 0.0891182
431.25 0.0894932
437.5 0.0900773
443.75 0.0903287
450 0.0911406
456.25 0.0912425
462.5 0.0917512
468.75 0.0924582
475 0.0931965
481.25 0.0941621
487.5 0.0956558
493.75 0.0964487
500 0.0980085
506.25 0.0991114
512.5 0.100733
518.75 0.10193
525 0.102744
531.25 0.104119
537.5 0.105374
543.75 0.106592
550 0.107727
556.25 0.109352
562.5 0.1101
568.75 0.110622
575 0.111194
581.25 0.112058
587.5 0.11372
593.75 0.115144
600 0.116575
606.25 0.118165
612.5 0.119007
618.75 0.119746
625 0.120672
631.25 0.12185
637.5 0.122951
643.75 0.124371
650 0.125739
656.25 0.12759
662.5 0.129186
668.75 0.130409
675 0.131981
681.25 0.133046
687.5 0.134274
693.75 0.134759
700 0.135201
706.25 0.135277
712.5 0.13499
718.75 0.135332
725 0.135577
731.25 0.135723
737.5 0.136366
743.75 0.137806
750 0.138758
756.25 0.139695
762.5 0.140654
768.75 0.141517
775 0.142485
781.25 0.143422
787.5 0.144304
793.75 0.145299
800 0.146295
806.25 0.146705
812.5 0.147382
818.75 0.147913
825 0.148043
831.25 0.148173
837.5 0.148833
843.75 0.149452
850 0.149908
856.25 0.15047
862.5 0.15111
868.75 0.151855
875 0.152298
881.25 0.153168
887.5 0.153651
893.75 0.153553
900 0.154517
906.25 0.155118
912.5 0.155356
918.75 0.155655
925 0.156227
931.25 0.156413
937.5 0.156813
943.75 0.157014
950 0.157094
956.25 0.157474
962.5 0.157861
968.75 0.158657
975 0.159306
981.25 0.159798
987.5 0.160525
993.75 0.16181
1000 0.162886
1006.25 0.164071
1012.5 0.164611
1018.75 0.164681
1025 0.16476
1031.25 0.165374
1037.5 0.165824
1043.75 0.166236
1050 0.167058
1056.25 0.16789
1062.5 0.168606
1068.75 0.169444
1075 0.170451
1081.25 0.171626
1087.5 0.17277
1093.75 0.174023
1100 0.175031
1106.25 0.17611
1112.5 0.176954
1118.75 0.177253
1125 0.178095
1131.25 0.178654
1137.5 0.17835
1143.75 0.178463
1150 0.178549
1156.25 0.178312
1162.5 0.178227
1168.75 0.178265
1175 0.179359
1181.25 0.180049
1187.5 0.180856
1193.75 0.182006
1200 0.183475
1206.25 0.184366
1212.5 0.185756
1218.75 0.186948
1225 0.187943
1231.25 0.189148
1237.5 0.190276
1243.75 0.191345
1250 0.192393
