0 0.000624728
6.25 0.0308788
12.5 0.0475327
18.75 0.059794
25 0.067899
31.25 0.0737218
37.5 0.0762798
43.75 0.0764167
50 0.0779026
56.25 0.080879
62.5 0.0839417
68.75 0.0848099
75 0.0852071
81.25 0.0872659
87.5 0.086857
93.75 0.0860117
100 0.0839914
106.25 0.0833151
112.5 0.083179
118.75 0.0823226
125 0.0828475
131.25 0.0836503
137.5 0.0849271
143.75 0.0864655
150 0.0880296
156.25 0.0876165
162.5 0.0868697
168.75 0.0873013
175 0.0871078
181.25 0.0875303
187.5 0.0886155
193.75 0.0906699
200 0.0918182
206.25 0.0923944
212.5 0.0934203
218.75 0.0952753
225 0.0955141
231.25 0.0977378
237.5 0.0995415
243.75 0.101443
250 0.103401
256.25 0.10406
262.5 0.10556
268.75 0.106577
275 0.107995
281.25 0.110774
287.5 0.11433
293.75 0.118652
300 0.120363
306.25 0.120736
312.5 0.119916
318.75 0.121068
325 0.121516
331.25 0.123281
337.5 0.125565
343.75 0.127283
350 0.129041
356.25 0.131175
362.5 0.133883
368.75 0.135825
375 0.138198
381.25 0.140303
387.5 0.142636
393.75 0.143549
400 0.144048
406.25 0.144561
412.5 0.144524
418.75 0.144458
425 0.145453
431.25 0.146101
437.5 0.146506
443.75 0.14605
450 0.147496
456.25 0.14699
462.5 0.14725
468.75 0.148306
475 0.149698
481.25 0.150977
487.5 0.152902
493.75 0.153645
500 0.155237
506.25 0.156151
512.5 0.157421
518.75 0.158841
525 0.159611
531.25 0.160045
537.5 0.161099
543.75 0.163049
550 0.163421
556.25 0.164902
562.5 0.165203
568.75 0.165347
575 0.165316
581.25 0.166688
587.5 0.168968
593.75 0.171031
600 0.171942
606.25 0.17201
612.5 0.17176
618.75 0.171968
625 0.172552
631.25 0.175224
637.5 0.178021
643.75 0.17935
650 0.180552
656.25 0.182051
662.5 0.183856
668.75 0.185212
675 0.18718
681.25 0.188319
687.5 0.189105
693.75 0.189667
700 0.189636
706.25 0.189089
712.5 0.189557
718.75 0.18919
725 0.188983
731.25 0.18941
737.5 0.190035
743.75 0.191004
750 0.191954
756.25 0.1924
762.5 0.192813
768.75 0.192444
775 0.194257
781.25 0.195282
787.5 0.196017
793.75 0.197004
800 0.197755
806.25 0.197714
812.5 0.197936
818.75 0.198631
825 0.19948
831.25 0.199791
837.5 0.200743
843.75 0.201471
850 0.202295
856.25 0.203426
862.5 0.204711
868.75 0.20595
875 0.206411
881.25 0.207201
887.5 0.208944
893.75 0.208883
900 0.209507
906.25 0.211194
912.5 0.210707
918.75 0.210233
925 0.210766
931.25 0.210719
937.5 0.210498
943.75 0.210361
950 0.210735
956.25 0.211405
962.5 0.211417
968.75 0.212557
975 0.213292
981.25 0.214109
987.5 0.214765
993.75 0.215834
1000 0.217486
1006.25 0.218176
1012.5 0.217911
1018.75 0.217272
1025 0.216966
1031.25 0.217282
1037.5 0.217887
1043.75 0.218453
1050 0.218909
1056.25 0.219902
1062.5 0.219523
1068.75 0.219787
1075 0.220946
1081.25 0.222413
1087.5 0.224151
1093.75 0.225507
1100 0.227105
1106.25 0.228908
1112.5 0.22969
1118.75 0.229608
1125 0.231031
1131.25 0.23171
1137.5 0.230971
1143.75 0.230325
1150 0.230786
1156.25 0.230732
1162.5 0.230922
1168.75 0.230633
1175 0.232105
1181.25 0.232491
1187.5 0.23309
1193.75 0.233654
1200 0.234978
1206.25 0.235819
1212.5 0.237615
1218.75 0.239452
1225 0.24005
1231.25 0.241391
1237.5 0.241939
1243.75 0.243015
1250 0.24458
