0 253.46571429 254.04857143
6.25000000 15.61428571 15.76857143
12.50000000 9.24571429 9.30571429
18.75000000 6.87428571 6.92142857
25.00000000 5.62857143 5.65428571
31.25000000 4.74000000 4.77428571
37.50000000 4.17857143 4.22285714
43.75000000 3.71857143 3.74142857
50.00000000 3.41428571 3.40571429
56.25000000 3.09857143 3.12142857
62.50000000 2.88857143 2.88285714
68.75000000 2.68571429 2.69428571
75.00000000 2.51571429 2.53285714
81.25000000 2.40000000 2.40000000
87.50000000 2.24714286 2.26714286
93.75000000 2.16142857 2.16285714
100.00000000 2.04142857 2.05857143
106.25000000 1.97285714 1.99285714
112.50000000 1.91000000 1.93714286
118.75000000 1.82857143 1.86142857
125.00000000 1.75857143 1.76714286
131.25000000 1.70000000 1.68857143
137.50000000 1.67142857 1.63428571
143.75000000 1.55428571 1.59000000
150.00000000 1.50000000 1.54142857
156.25000000 1.47142857 1.48428571
162.50000000 1.44714286 1.43571429
168.75000000 1.39714286 1.38857143
175.00000000 1.34714286 1.35714286
181.25000000 1.32714286 1.32285714
187.50000000 1.26714286 1.30142857
193.75000000 1.21000000 1.25285714
200.00000000 1.17714286 1.19571429
206.25000000 1.15285714 1.14857143
212.50000000 1.12714286 1.12285714
218.75000000 1.08000000 1.11714286
225.00000000 1.05571429 1.06571429
231.25000000 1.02285714 1.04142857
237.50000000 1.00714286 1.02285714
243.75000000 0.97571429 0.98857143
250.00000000 0.95428571 0.94857143
256.25000000 0.92285714 0.93000000
262.50000000 0.89000000 0.91142857
268.75000000 0.86714286 0.88714286
275.00000000 0.84142857 0.85428571
281.25000000 0.82285714 0.83571429
287.50000000 0.81000000 0.81714286
293.75000000 0.79428571 0.79142857
300.00000000 0.77571429 0.77142857
306.25000000 0.75714286 0.75714286
312.50000000 0.74000000 0.73428571
318.75000000 0.72714286 0.72428571
325.00000000 0.70857143 0.70285714
331.25000000 0.67857143 0.68857143
337.50000000 0.65857143 0.66000000
343.75000000 0.64285714 0.63857143
350.00000000 0.62285714 0.63000000
356.25000000 0.59857143 0.61571429
362.50000000 0.58714286 0.59857143
368.75000000 0.57714286 0.58714286
375.00000000 0.55285714 0.58000000
381.25000000 0.56000000 0.57428571
387.50000000 0.55000000 0.54857143
393.75000000 0.54857143 0.53142857
400.00000000 0.52857143 0.52857143
406.25000000 0.51285714 0.50285714
412.50000000 0.50285714 0.50714286
418.75000000 0.47571429 0.47428571
425.00000000 0.45857143 0.46142857
431.25000000 0.45857143 0.46428571
437.50000000 0.44285714 0.44000000
443.75000000 0.43857143 0.44285714
450.00000000 0.41714286 0.42142857
456.25000000 0.40857143 0.40714286
462.50000000 0.38142857 0.40000000
468.75000000 0.38714286 0.38285714
475.00000000 0.37714286 0.39000000
481.25000000 0.37857143 0.37857143
487.50000000 0.36428571 0.38285714
493.75000000 0.35714286 0.36142857
500.00000000 0.35571429 0.34571429
506.25000000 0.33714286 0.34428571
512.50000000 0.34428571 0.34714286
518.75000000 0.34142857 0.32714286
525.00000000 0.32428571 0.33285714
531.25000000 0.31571429 0.32000000
537.50000000 0.30857143 0.31714286
543.75000000 0.29857143 0.30142857
550.00000000 0.28714286 0.29714286
556.25000000 0.30000000 0.29285714
562.50000000 0.27285714 0.29142857
568.75000000 0.27857143 0.27857143
575.00000000 0.26142857 0.26571429
581.25000000 0.27142857 0.26000000
587.50000000 0.26428571 0.26714286
593.75000000 0.26571429 0.26714286
600.00000000 0.26000000 0.26142857
606.25000000 0.24571429 0.24428571
612.50000000 0.24428571 0.23285714
618.75000000 0.23285714 0.23714286
625.00000000 0.22714286 0.22857143
631.25000000 0.23428571 0.23142857
637.50000000 0.22285714 0.22428571
643.75000000 0.21142857 0.21571429
650.00000000 0.21428571 0.22000000
656.25000000 0.21142857 0.21000000
662.50000000 0.20571429 0.21571429
668.75000000 0.20714286 0.20285714
675.00000000 0.21000000 0.20714286
681.25000000 0.19000000 0.20714286
687.50000000 0.20428571 0.20000000
693.75000000 0.19000000 0.19000000
700.00000000 0.18857143 0.18714286
706.25000000 0.18571429 0.18857143
712.50000000 0.18285714 0.18428571
718.75000000 0.17714286 0.17857143
725.00000000 0.17285714 0.17571429
731.25000000 0.17428571 0.17285714
737.50000000 0.17000000 0.17142857
743.75000000 0.16571429 0.16571429
750.00000000 0.16428571 0.16571429
756.25000000 0.15857143 0.16714286
762.50000000 0.15857143 0.15000000
768.75000000 0.15571429 0.15285714
775.00000000 0.14428571 0.15000000
781.25000000 0.13857143 0.14142857
787.50000000 0.14285714 0.14285714
793.75000000 0.14000000 0.13571429
800.00000000 0.13571429 0.13714286
806.25000000 0.12714286 0.13285714
812.50000000 0.13000000 0.13285714
818.75000000 0.12714286 0.12428571
825.00000000 0.12714286 0.12571429
831.25000000 0.11857143 0.12000000
837.50000000 0.12142857 0.11142857
843.75000000 0.11857143 0.11142857
850.00000000 0.11142857 0.11142857
856.25000000 0.11000000 0.11428571
862.50000000 0.11000000 0.10428571
868.75000000 0.11285714 0.10714286
875.00000000 0.10714286 0.10428571
881.25000000 0.10857143 0.10571429
887.50000000 0.10428571 0.09857143
893.75000000 0.10428571 0.10428571
900.00000000 0.09714286 0.09571429
906.25000000 0.09857143 0.10000000
912.50000000 0.09571429 0.09714286
918.75000000 0.09000000 0.09285714
925.00000000 0.09142857 0.09000000
931.25000000 0.08857143 0.08714286
937.50000000 0.08428571 0.08571429
943.75000000 0.08857143 0.08714286
950.00000000 0.08428571 0.08714286
956.25000000 0.08714286 0.09000000
962.50000000 0.07428571 0.08857143
968.75000000 0.08142857 0.08142857
975.00000000 0.08000000 0.08571429
981.25000000 0.08142857 0.08142857
987.50000000 0.07571429 0.07714286
993.75000000 0.07714286 0.07571429
1000.00000000 0.07142857 0.07714286
1006.25000000 0.07571429 0.07428571
1012.50000000 0.06285714 0.06714286
1018.75000000 0.06714286 0.06714286
1025.00000000 0.06571429 0.06714286
1031.25000000 0.06571429 0.06142857
1037.50000000 0.06428571 0.06142857
1043.75000000 0.06000000 0.05857143
1050.00000000 0.06142857 0.06285714
1056.25000000 0.05571429 0.06000000
1062.50000000 0.06142857 0.06142857
1068.75000000 0.06142857 0.06285714
1075.00000000 0.05714286 0.06000000
1081.25000000 0.05857143 0.05714286
1087.50000000 0.05428571 0.05428571
1093.75000000 0.05714286 0.05714286
1100.00000000 0.05142857 0.05428571
1106.25000000 0.05857143 0.05285714
1112.50000000 0.05285714 0.05571429
1118.75000000 0.05285714 0.05142857
1125.00000000 0.05285714 0.05142857
1131.25000000 0.04857143 0.05000000
1137.50000000 0.04857143 0.05000000
1143.75000000 0.04714286 0.05142857
1150.00000000 0.04571429 0.04428571
1156.25000000 0.04571429 0.04714286
1162.50000000 0.04714286 0.04714286
1168.75000000 0.04428571 0.04142857
1175.00000000 0.04714286 0.04714286
1181.25000000 0.04571429 0.04714286
1187.50000000 0.04285714 0.04285714
1193.75000000 0.04142857 0.04285714
1200.00000000 0.04000000 0.04142857
1206.25000000 0.04285714 0.04142857
1212.50000000 0.04000000 0.04285714
1218.75000000 0.04142857 0.04000000
1225.00000000 0.04285714 0.03714286
1231.25000000 0.03857143 0.04285714
1237.50000000 0.04000000 0.04142857
1243.75000000 0.03857143 0.04000000
1250.00000000 0.04285714 0.04142857
