0 254.43333333 254.87666667
6.25000000 15.61666667 15.75333333
12.50000000 9.28333333 9.40333333
18.75000000 6.88666667 6.97333333
25.00000000 5.66000000 5.64333333
31.25000000 4.83333333 4.84000000
37.50000000 4.24000000 4.25000000
43.75000000 3.78666667 3.83000000
50.00000000 3.43666667 3.48666667
56.25000000 3.15333333 3.19000000
62.50000000 2.97666667 2.94666667
68.75000000 2.67000000 2.70333333
75.00000000 2.49666667 2.51333333
81.25000000 2.40333333 2.36333333
87.50000000 2.25666667 2.24666667
93.75000000 2.15666667 2.10666667
100.00000000 2.03666667 2.03666667
106.25000000 1.95666667 1.97000000
112.50000000 1.90000000 1.95000000
118.75000000 1.88000000 1.87666667
125.00000000 1.79333333 1.82666667
131.25000000 1.76333333 1.73666667
137.50000000 1.68333333 1.64333333
143.75000000 1.60000000 1.58666667
150.00000000 1.53000000 1.56333333
156.25000000 1.51000000 1.52333333
162.50000000 1.48000000 1.50333333
168.75000000 1.44333333 1.41666667
175.00000000 1.37333333 1.39000000
181.25000000 1.36666667 1.35666667
187.50000000 1.30666667 1.34000000
193.75000000 1.22666667 1.27333333
200.00000000 1.20666667 1.21333333
206.25000000 1.18000000 1.15000000
212.50000000 1.14333333 1.13333333
218.75000000 1.09000000 1.13000000
225.00000000 1.05000000 1.07000000
231.25000000 1.02000000 1.02666667
237.50000000 0.99000000 1.01666667
243.75000000 0.96333333 0.99666667
250.00000000 0.95000000 0.93666667
256.25000000 0.92000000 0.92000000
262.50000000 0.90333333 0.90666667
268.75000000 0.88000000 0.89666667
275.00000000 0.87000000 0.87666667
281.25000000 0.83666667 0.85000000
287.50000000 0.80333333 0.82333333
293.75000000 0.80666667 0.78333333
300.00000000 0.80333333 0.78333333
306.25000000 0.76666667 0.76000000
312.50000000 0.77666667 0.76333333
318.75000000 0.76666667 0.77000000
325.00000000 0.75333333 0.75000000
331.25000000 0.71333333 0.72333333
337.50000000 0.68333333 0.70333333
343.75000000 0.67000000 0.67666667
350.00000000 0.64666667 0.66666667
356.25000000 0.63666667 0.64333333
362.50000000 0.63000000 0.63000000
368.75000000 0.58666667 0.62333333
375.00000000 0.57666667 0.61333333
381.25000000 0.59000000 0.61000000
387.50000000 0.58666667 0.58000000
393.75000000 0.58333333 0.57333333
400.00000000 0.56333333 0.56000000
406.25000000 0.53666667 0.52333333
412.50000000 0.53000000 0.52333333
418.75000000 0.51333333 0.49666667
425.00000000 0.47333333 0.50333333
431.25000000 0.50333333 0.50333333
437.50000000 0.46000000 0.48666667
443.75000000 0.48000000 0.48000000
450.00000000 0.46666667 0.46666667
456.25000000 0.45000000 0.44333333
462.50000000 0.43000000 0.44333333
468.75000000 0.42666667 0.43000000
475.00000000 0.42000000 0.44333333
481.25000000 0.43000000 0.43000000
487.50000000 0.42666667 0.43333333
493.75000000 0.41000000 0.41333333
500.00000000 0.40666667 0.39333333
506.25000000 0.38666667 0.39333333
512.50000000 0.39333333 0.40000000
518.75000000 0.40000000 0.37666667
525.00000000 0.38333333 0.39000000
531.25000000 0.38000000 0.38000000
537.50000000 0.38000000 0.38333333
543.75000000 0.35333333 0.36333333
550.00000000 0.33666667 0.36666667
556.25000000 0.36333333 0.35333333
562.50000000 0.33000000 0.35000000
568.75000000 0.34333333 0.33333333
575.00000000 0.32333333 0.33666667
581.25000000 0.32666667 0.31333333
587.50000000 0.32000000 0.32333333
593.75000000 0.32000000 0.32000000
600.00000000 0.30666667 0.31000000
606.25000000 0.29666667 0.31000000
612.50000000 0.29333333 0.28666667
618.75000000 0.27666667 0.28333333
625.00000000 0.27666667 0.27666667
631.25000000 0.28000000 0.27333333
637.50000000 0.27333333 0.27333333
643.75000000 0.26333333 0.26000000
650.00000000 0.27666667 0.28000000
656.25000000 0.27000000 0.25666667
662.50000000 0.25666667 0.27333333
668.75000000 0.25666667 0.25000000
675.00000000 0.26000000 0.25000000
681.25000000 0.24333333 0.25333333
687.50000000 0.24666667 0.25333333
693.75000000 0.24000000 0.24666667
700.00000000 0.23333333 0.22333333
706.25000000 0.22666667 0.22666667
712.50000000 0.21666667 0.23000000
718.75000000 0.22333333 0.22333333
725.00000000 0.21000000 0.21666667
731.25000000 0.21666667 0.21333333
737.50000000 0.21333333 0.21666667
743.75000000 0.21666667 0.21333333
750.00000000 0.21000000 0.21000000
756.25000000 0.20000000 0.21000000
762.50000000 0.20333333 0.19000000
768.75000000 0.20666667 0.19333333
775.00000000 0.19666667 0.19333333
781.25000000 0.18666667 0.18666667
787.50000000 0.18333333 0.18333333
793.75000000 0.17666667 0.17666667
800.00000000 0.16333333 0.18000000
806.25000000 0.16000000 0.17000000
812.50000000 0.16666667 0.16666667
818.75000000 0.16333333 0.16333333
825.00000000 0.17333333 0.17333333
831.25000000 0.16000000 0.16666667
837.50000000 0.16333333 0.14333333
843.75000000 0.16000000 0.15333333
850.00000000 0.14333333 0.14666667
856.25000000 0.14666667 0.15000000
862.50000000 0.15000000 0.14666667
868.75000000 0.15333333 0.14000000
875.00000000 0.14333333 0.14333333
881.25000000 0.14333333 0.14333333
887.50000000 0.14000000 0.13000000
893.75000000 0.14000000 0.14000000
900.00000000 0.14333333 0.13666667
906.25000000 0.14666667 0.14666667
912.50000000 0.13333333 0.14666667
918.75000000 0.13333333 0.13333333
925.00000000 0.13000000 0.13333333
931.25000000 0.13000000 0.13000000
937.50000000 0.13000000 0.13333333
943.75000000 0.13666667 0.13333333
950.00000000 0.12666667 0.13666667
956.25000000 0.13000000 0.13333333
962.50000000 0.10666667 0.13000000
968.75000000 0.11333333 0.11666667
975.00000000 0.12000000 0.12666667
981.25000000 0.12000000 0.12000000
987.50000000 0.11000000 0.11333333
993.75000000 0.11000000 0.11000000
1000.00000000 0.10000000 0.11333333
1006.25000000 0.11000000 0.11000000
1012.50000000 0.10000000 0.10333333
1018.75000000 0.10333333 0.10333333
1025.00000000 0.09666667 0.10333333
1031.25000000 0.09666667 0.09000000
1037.50000000 0.09666667 0.09333333
1043.75000000 0.09000000 0.09000000
1050.00000000 0.09000000 0.09333333
1056.25000000 0.08333333 0.08666667
1062.50000000 0.09333333 0.09000000
1068.75000000 0.09000000 0.09333333
1075.00000000 0.08666667 0.08666667
1081.25000000 0.09000000 0.09000000
1087.50000000 0.08666667 0.08333333
1093.75000000 0.09000000 0.09000000
1100.00000000 0.08000000 0.08333333
1106.25000000 0.09000000 0.07666667
1112.50000000 0.08000000 0.08666667
1118.75000000 0.08333333 0.08000000
1125.00000000 0.08333333 0.08000000
1131.25000000 0.07666667 0.08333333
1137.50000000 0.07666667 0.08333333
1143.75000000 0.07333333 0.08666667
1150.00000000 0.07666667 0.07000000
1156.25000000 0.07000000 0.07333333
1162.50000000 0.07333333 0.07666667
1168.75000000 0.06666667 0.06000000
1175.00000000 0.07666667 0.07666667
1181.25000000 0.07333333 0.07333333
1187.50000000 0.07333333 0.07000000
1193.75000000 0.07000000 0.07000000
1200.00000000 0.06666667 0.07333333
1206.25000000 0.07000000 0.07000000
1212.50000000 0.07000000 0.07000000
1218.75000000 0.07333333 0.06333333
1225.00000000 0.07333333 0.06666667
1231.25000000 0.06666667 0.07333333
1237.50000000 0.06666667 0.07000000
1243.75000000 0.06333333 0.06666667
1250.00000000 0.07000000 0.06666667
