0 5.52883e-08
25 7.07945e-05
50 2.97398e-05
75 2.57084e-05
100 1.76437e-05
125 1.46758e-05
150 1.74413e-05
175 1.72284e-05
200 1.73088e-05
225 1.71544e-05
250 1.60777e-05
275 9.53419e-06
300 2.05657e-05
325 1.32536e-05
350 1.0687e-05
375 1.92031e-05
400 9.42965e-06
425 1.49783e-05
450 1.42356e-05
475 1.29874e-05
500 1.00441e-05
525 1.11937e-05
550 9.01485e-06
575 9.58183e-06
600 1.01887e-05
625 1.10027e-05
650 8.95212e-06
675 1.06048e-05
700 1.1758e-05
725 9.00825e-06
750 1.02807e-05
775 8.79633e-06
800 8.92454e-06
825 7.97651e-06
850 7.04409e-06
875 9.14945e-06
900 8.98879e-06
925 7.23181e-06
950 9.74446e-06
975 9.87527e-06
1000 8.2346e-06
1025 9.61229e-06
1050 7.67186e-06
1075 9.37806e-06
1100 1.01193e-05
1125 1.50344e-05
1150 8.86493e-06
1175 5.94984e-06
1200 5.04662e-06
1225 8.3482e-06
1250 6.82296e-06
1275 7.53228e-06
1300 5.76239e-06
1325 6.79291e-06
1350 6.72283e-06
1375 6.15979e-06
1400 7.81334e-06
1425 5.33953e-06
1450 6.80292e-06
1475 6.31078e-06
1500 6.28342e-06
1525 7.37982e-06
1550 6.30569e-06
1575 5.07063e-06
1600 6.78087e-06
1625 3.71269e-06
1650 4.03001e-06
1675 5.78537e-06
1700 3.63891e-06
1725 5.79289e-06
1750 5.65018e-06
1775 4.75315e-06
1800 7.96649e-06
1825 4.32978e-06
1850 6.5203e-06
1875 4.19365e-06
1900 6.05796e-06
1925 7.19615e-06
1950 5.3139e-06
1975 7.8308e-06
2000 4.69419e-06
2025 4.87091e-06
2050 5.11976e-06
2075 3.97771e-06
2100 4.54106e-06
2125 3.28632e-06
2150 5.06453e-06
2175 6.11964e-06
2200 5.56542e-06
2225 4.99841e-06
2250 6.72513e-06
2275 5.42159e-06
2300 5.45475e-06
2325 4.62799e-06
2350 4.74772e-06
2375 4.07133e-06
2400 4.40828e-06
2425 3.52322e-06
2450 4.12561e-06
2475 5.09281e-06
2500 5.85949e-06
2525 4.73144e-06
2550 3.78768e-06
2575 4.79879e-06
2600 5.49468e-06
2625 4.19109e-06
2650 3.32216e-06
2675 5.85487e-06
2700 6.26555e-06
2725 3.87478e-06
2750 4.92168e-06
2775 5.16973e-06
2800 3.96921e-06
2825 3.63669e-06
2850 3.76833e-06
2875 3.91526e-06
2900 4.05703e-06
2925 6.99072e-06
2950 3.70519e-06
2975 4.03451e-06
3000 4.73353e-06
3025 4.24505e-06
3050 3.79177e-06
3075 4.40771e-06
3100 4.92094e-06
3125 4.13859e-06
3150 4.30032e-06
3175 4.22453e-06
3200 3.56026e-06
3225 5.26249e-06
3250 3.40516e-06
3275 3.23325e-06
3300 3.87098e-06
3325 3.06406e-06
3350 3.62852e-06
3375 4.01306e-06
3400 2.79481e-06
3425 5.0337e-06
3450 6.33509e-06
3475 2.81634e-06
3500 3.82855e-06
3525 2.4316e-06
3550 3.2234e-06
3575 3.85323e-06
3600 4.04871e-06
3625 3.38724e-06
3650 7.38915e-06
3675 3.53273e-06
3700 4.31293e-06
3725 3.87874e-06
3750 5.22315e-06
3775 3.32705e-06
3800 3.27412e-06
3825 3.09304e-06
3850 4.14487e-06
3875 4.61981e-06
3900 3.86614e-06
3925 2.58101e-06
3950 2.84605e-06
3975 3.61961e-06
4000 3.09938e-06
4025 2.92878e-06
4050 3.47463e-06
4075 3.67503e-06
4100 3.3804e-06
4125 3.22428e-06
4150 3.63096e-06
4175 3.10241e-06
4200 3.34287e-06
4225 4.26512e-06
4250 3.836e-06
4275 4.83072e-06
4300 2.55821e-06
4325 3.17233e-06
4350 3.55914e-06
4375 3.64237e-06
4400 4.11953e-06
4425 6.09937e-06
4450 3.29881e-06
4475 2.99736e-06
4500 2.06381e-06
4525 3.12596e-06
4550 2.69266e-06
4575 2.35716e-06
4600 2.99592e-06
4625 2.18018e-06
4650 2.20651e-06
4675 2.95896e-06
4700 4.63746e-06
4725 2.17866e-06
4750 4.09144e-06
4775 3.18058e-06
4800 3.03644e-06
4825 2.66775e-06
4850 2.59204e-06
4875 3.29948e-06
4900 2.36206e-06
4925 3.63407e-06
4950 2.78655e-06
4975 3.1263e-06
5000 2.79675e-06
