0 1.17043e-07
16 0.00148578
32 0.00445594
48 0.00836909
64 0.0128525
80 0.0173916
96 0.0221573
112 0.0277254
128 0.0331016
144 0.0386349
160 0.0443874
176 0.0505768
192 0.0568317
208 0.0633725
224 0.0701544
240 0.0766618
256 0.0831013
272 0.090172
288 0.0964579
304 0.10291
320 0.109187
336 0.115402
352 0.122286
368 0.128649
384 0.135775
400 0.142459
416 0.149264
432 0.15559
448 0.162815
464 0.169321
480 0.17632
496 0.183355
512 0.189561
528 0.195911
544 0.202152
560 0.209077
576 0.216001
592 0.22306
608 0.229122
624 0.235908
640 0.242793
656 0.249694
672 0.256176
688 0.262176
704 0.267993
720 0.274143
736 0.280005
752 0.285536
768 0.291595
784 0.29766
800 0.303247
816 0.308826
832 0.314705
848 0.320021
864 0.325203
880 0.330506
896 0.335313
912 0.340475
928 0.34566
944 0.350278
960 0.354345
976 0.358566
992 0.364002
1008 0.369197
1024 0.37448
1040 0.379129
1056 0.384
1072 0.389137
1088 0.393642
1104 0.398651
1120 0.403232
1136 0.408026
1152 0.412698
1168 0.416548
1184 0.420974
1200 0.425221
1216 0.429312
1232 0.433336
1248 0.437783
1264 0.442298
1280 0.447049
1296 0.451655
1312 0.455832
1328 0.460143
1344 0.464157
1360 0.468207
1376 0.471751
1392 0.475655
1408 0.479235
1424 0.483428
1440 0.486426
1456 0.490524
1472 0.494421
1488 0.498732
1504 0.502326
1520 0.505628
1536 0.509485
1552 0.513223
1568 0.517806
1584 0.521354
1600 0.525103
1616 0.529103
1632 0.532579
1648 0.535915
1664 0.539372
1680 0.542277
1696 0.545549
1712 0.548841
1728 0.551977
1744 0.555273
1760 0.558166
1776 0.560513
1792 0.563622
1808 0.566599
1824 0.56871
1840 0.571235
1856 0.573805
1872 0.577105
1888 0.579967
1904 0.582884
1920 0.585893
1936 0.588428
1952 0.591084
1968 0.592751
1984 0.595078
2000 0.597713
2016 0.600739
2032 0.603294
2048 0.605658
2064 0.608064
2080 0.61046
2096 0.612994
2112 0.615642
2128 0.617475
2144 0.620075
2160 0.622563
2176 0.624783
2192 0.627408
2208 0.629615
2224 0.631044
2240 0.633722
2256 0.636191
2272 0.638286
2288 0.640372
2304 0.641876
2320 0.643921
2336 0.645841
2352 0.648129
2368 0.650049
2384 0.651921
2400 0.653906
2416 0.655972
2432 0.657556
2448 0.659833
2464 0.661263
2480 0.662826
2496 0.664626
2512 0.666482
2528 0.667827
2544 0.669503
2560 0.670927
2576 0.672686
2592 0.67426
2608 0.675315
2624 0.676325
2640 0.677889
2656 0.679401
2672 0.681126
2688 0.683072
2704 0.684596
2720 0.686647
2736 0.687896
2752 0.689024
2768 0.6907
2784 0.691842
2800 0.692547
2816 0.693696
2832 0.694869
2848 0.695883
2864 0.697616
2880 0.698313
2896 0.699522
2912 0.70061
2928 0.702262
2944 0.703446
2960 0.704241
2976 0.705799
2992 0.707095
3008 0.707961
3024 0.709169
3040 0.709981
3056 0.711116
3072 0.712225
3088 0.713578
3104 0.715405
3120 0.716898
3136 0.717754
3152 0.719014
3168 0.720163
3184 0.721116
3200 0.722322
