0 0.000245023
16 0.0270714
32 0.047217
48 0.0647529
64 0.0803115
80 0.09439
96 0.107396
112 0.120742
128 0.132685
144 0.143958
160 0.155085
176 0.166325
192 0.176419
208 0.187277
224 0.198313
240 0.208289
256 0.217843
272 0.22762
288 0.236465
304 0.245261
320 0.253603
336 0.262334
352 0.271049
368 0.278803
384 0.287367
400 0.294951
416 0.302519
432 0.309257
448 0.316906
464 0.323748
480 0.330939
496 0.338204
512 0.345028
528 0.351981
544 0.35894
560 0.36565
576 0.372554
592 0.379387
608 0.385509
624 0.391802
640 0.398306
656 0.405017
672 0.410578
688 0.415895
704 0.421672
720 0.426987
736 0.432471
752 0.437497
768 0.443346
784 0.448992
800 0.454344
816 0.459308
832 0.46453
848 0.469344
864 0.473674
880 0.478418
896 0.482664
912 0.487177
928 0.491771
944 0.495999
960 0.500338
976 0.504279
992 0.508976
1008 0.513458
1024 0.517976
1040 0.521978
1056 0.526061
1072 0.530635
1088 0.534749
1104 0.53907
1120 0.54324
1136 0.547219
1152 0.551238
1168 0.554684
1184 0.558635
1200 0.562659
1216 0.566255
1232 0.569932
1248 0.573663
1264 0.577512
1280 0.581561
1296 0.585299
1312 0.588678
1328 0.592039
1344 0.595711
1360 0.599005
1376 0.601933
1392 0.605261
1408 0.608006
1424 0.611235
1440 0.613551
1456 0.617074
1472 0.620261
1488 0.623465
1504 0.626314
1520 0.62913
1536 0.631986
1552 0.634929
1568 0.63819
1584 0.640863
1600 0.643885
1616 0.647161
1632 0.650217
1648 0.652612
1664 0.654927
1680 0.657301
1696 0.65979
1712 0.662275
1728 0.664548
1744 0.666926
1760 0.669005
1776 0.670588
1792 0.672851
1808 0.675294
1824 0.677111
1840 0.679296
1856 0.681399
1872 0.683855
1888 0.686118
1904 0.688228
1920 0.690492
1936 0.692391
1952 0.694197
1968 0.695625
1984 0.697805
2000 0.699847
2016 0.702214
2032 0.704017
2048 0.706164
2064 0.708011
2080 0.709802
2096 0.711473
2112 0.713371
2128 0.714916
2144 0.717329
2160 0.719205
2176 0.721057
2192 0.723033
2208 0.724747
2224 0.725793
2240 0.727426
2256 0.729372
2272 0.730952
2288 0.732302
2304 0.733517
2320 0.734862
2336 0.736558
2352 0.7381
2368 0.739531
2384 0.741221
2400 0.742608
2416 0.74375
2432 0.744689
2448 0.746109
2464 0.747345
2480 0.748575
2496 0.750023
2512 0.751424
2528 0.752228
2544 0.753341
2560 0.754491
2576 0.755669
2592 0.75664
2608 0.75763
2624 0.758154
2640 0.759396
2656 0.760351
2672 0.761586
2688 0.762836
2704 0.763919
2720 0.765244
2736 0.766179
2752 0.767065
2768 0.768207
2784 0.769035
2800 0.769704
2816 0.770589
2832 0.771546
2848 0.772279
2864 0.773412
2880 0.773851
2896 0.774882
2912 0.775549
2928 0.776719
2944 0.777645
2960 0.778231
2976 0.779314
2992 0.780219
3008 0.780722
3024 0.781567
3040 0.782191
3056 0.782951
3072 0.783674
3088 0.784688
3104 0.785751
3120 0.786461
3136 0.787237
3152 0.788339
3168 0.788991
3184 0.789694
3200 0.790454
