0 1.19158e-07
16 0.00147397
32 0.00443148
48 0.00829171
64 0.0126208
80 0.0170769
96 0.0217176
112 0.0270863
128 0.0322888
144 0.0376259
160 0.0431916
176 0.0492272
192 0.0551215
208 0.0615826
224 0.0686302
240 0.0752071
256 0.0817408
272 0.0887917
288 0.0953281
304 0.10181
320 0.107853
336 0.114541
352 0.121329
368 0.127824
384 0.134779
400 0.141391
416 0.147941
432 0.15403
448 0.160863
464 0.167033
480 0.173691
496 0.180671
512 0.186942
528 0.193498
544 0.200113
560 0.206915
576 0.213794
592 0.220783
608 0.227038
624 0.233617
640 0.240507
656 0.247856
672 0.254532
688 0.260583
704 0.266811
720 0.272804
736 0.278651
752 0.284179
768 0.290405
784 0.296575
800 0.302512
816 0.308107
832 0.314079
848 0.319499
864 0.324573
880 0.329676
896 0.334603
912 0.33979
928 0.344977
944 0.349717
960 0.35438
976 0.358822
992 0.364155
1008 0.369394
1024 0.374405
1040 0.379072
1056 0.383969
1072 0.389301
1088 0.394189
1104 0.399238
1120 0.404027
1136 0.408897
1152 0.41369
1168 0.417827
1184 0.422702
1200 0.42755
1216 0.431924
1232 0.436289
1248 0.441049
1264 0.445636
1280 0.450571
1296 0.455247
1312 0.459525
1328 0.464036
1344 0.468166
1360 0.472499
1376 0.476165
1392 0.480355
1408 0.483843
1424 0.488002
1440 0.491195
1456 0.495396
1472 0.499612
1488 0.503886
1504 0.507669
1520 0.511387
1536 0.5152
1552 0.518975
1568 0.523238
1584 0.526635
1600 0.530491
1616 0.534719
1632 0.538594
1648 0.541802
1664 0.545082
1680 0.548039
1696 0.551321
1712 0.554723
1728 0.557708
1744 0.560758
1760 0.563269
1776 0.565408
1792 0.568352
1808 0.571326
1824 0.573498
1840 0.576184
1856 0.578915
1872 0.582125
1888 0.585035
1904 0.58771
1920 0.59082
1936 0.593277
1952 0.595765
1968 0.597711
1984 0.600397
2000 0.603027
2016 0.60631
2032 0.60882
2048 0.611561
2064 0.614213
2080 0.616921
2096 0.619272
2112 0.621915
2128 0.624108
2144 0.627112
2160 0.629716
2176 0.632102
2192 0.634852
2208 0.637242
2224 0.638776
2240 0.641367
2256 0.644114
2272 0.6462
2288 0.648312
2304 0.649904
2320 0.651768
2336 0.653916
2352 0.655971
2368 0.657996
2384 0.659956
2400 0.661642
2416 0.663315
2432 0.664607
2448 0.66652
2464 0.668184
2480 0.66968
2496 0.671613
2512 0.673433
2528 0.674753
2544 0.676454
2560 0.678032
2576 0.679551
2592 0.681031
2608 0.682307
2624 0.682923
2640 0.684354
2656 0.68586
2672 0.687454
2688 0.689169
2704 0.690617
2720 0.692377
2736 0.693345
2752 0.694528
2768 0.696174
2784 0.697345
2800 0.698186
2816 0.699376
2832 0.700707
2848 0.70169
2864 0.703099
2880 0.703784
2896 0.704903
2912 0.70601
2928 0.70754
2944 0.708862
2960 0.709803
2976 0.711106
2992 0.712207
3008 0.713041
3024 0.714179
3040 0.714918
3056 0.715891
3072 0.716814
3088 0.718007
3104 0.719509
3120 0.720602
3136 0.721479
3152 0.722839
3168 0.723877
3184 0.724783
3200 0.725938
