0 1.19954e-07
16 0.00149395
32 0.00430807
48 0.00796277
64 0.0123802
80 0.0167914
96 0.0209268
112 0.0258143
128 0.0302079
144 0.0349093
160 0.0398767
176 0.045136
192 0.0499316
208 0.0559574
224 0.0623042
240 0.0686316
256 0.0741171
272 0.0808255
288 0.0875165
304 0.0936456
320 0.0992236
336 0.103986
352 0.111312
368 0.117237
384 0.123814
400 0.130095
416 0.135843
432 0.141727
448 0.14827
464 0.154406
480 0.160213
496 0.166818
512 0.172777
528 0.179269
544 0.185631
560 0.193251
576 0.199568
592 0.20622
608 0.210923
624 0.216932
640 0.222961
656 0.230099
672 0.236808
688 0.242431
704 0.248072
720 0.253533
736 0.258697
752 0.264573
768 0.269987
784 0.275758
800 0.281394
816 0.287047
832 0.29176
848 0.29698
864 0.30149
880 0.306848
896 0.311882
912 0.317236
928 0.322114
944 0.326542
960 0.329938
976 0.332982
992 0.338353
1008 0.342727
1024 0.347083
1040 0.352326
1056 0.357311
1072 0.362874
1088 0.368486
1104 0.374268
1120 0.379215
1136 0.384288
1152 0.389241
1168 0.393232
1184 0.397469
1200 0.40229
1216 0.406472
1232 0.410916
1248 0.41492
1264 0.418782
1280 0.42283
1296 0.427493
1312 0.43066
1328 0.435094
1344 0.439051
1360 0.442715
1376 0.444988
1392 0.44829
1408 0.451232
1424 0.455466
1440 0.457426
1456 0.462135
1472 0.466008
1488 0.469662
1504 0.473572
1520 0.476818
1536 0.479892
1552 0.483325
1568 0.487632
1584 0.492081
1600 0.495782
1616 0.499641
1632 0.502445
1648 0.505717
1664 0.507647
1680 0.510516
1696 0.514389
1712 0.517349
1728 0.520665
1744 0.524133
1760 0.526789
1776 0.529666
1792 0.533545
1808 0.535881
1824 0.537925
1840 0.54085
1856 0.542817
1872 0.546632
1888 0.549742
1904 0.5531
1920 0.556595
1936 0.558636
1952 0.560874
1968 0.563953
1984 0.566969
2000 0.569366
2016 0.571814
2032 0.574447
2048 0.577015
2064 0.5794
2080 0.581677
2096 0.583773
2112 0.586137
2128 0.588169
2144 0.591836
2160 0.594138
2176 0.597464
2192 0.600776
2208 0.602398
2224 0.604317
2240 0.606936
2256 0.610631
2272 0.61401
2288 0.616566
2304 0.617655
2320 0.619478
2336 0.62097
2352 0.622947
2368 0.625316
2384 0.627669
2400 0.63053
2416 0.63247
2432 0.635005
2448 0.637046
2464 0.638712
2480 0.640662
2496 0.642639
2512 0.64509
2528 0.64665
2544 0.64863
2560 0.650402
2576 0.653095
2592 0.655053
2608 0.656749
2624 0.657299
2640 0.658875
2656 0.66064
2672 0.66191
2688 0.663935
2704 0.665808
2720 0.667754
2736 0.668877
2752 0.670532
2768 0.672899
2784 0.674313
2800 0.67548
2816 0.676899
2832 0.677948
2848 0.67872
2864 0.680878
2880 0.682024
2896 0.682873
2912 0.683738
2928 0.685697
2944 0.687074
2960 0.686807
2976 0.689213
2992 0.690694
3008 0.690766
3024 0.691682
3040 0.692913
3056 0.694288
3072 0.695237
3088 0.697194
3104 0.698387
3120 0.700672
3136 0.70124
3152 0.702339
3168 0.703653
3184 0.70448
3200 0.705141
