0 0.000240476
16 0.0268889
32 0.046613
48 0.0637959
64 0.0791117
80 0.0928478
96 0.104947
112 0.117913
128 0.129586
144 0.140501
160 0.151375
176 0.162161
192 0.171879
208 0.182621
224 0.193081
240 0.202553
256 0.211534
272 0.221171
288 0.229734
304 0.238162
320 0.246501
336 0.254427
352 0.26333
368 0.270834
384 0.27966
400 0.28688
416 0.294735
432 0.302114
448 0.310566
464 0.317568
480 0.325096
496 0.332798
512 0.339393
528 0.346162
544 0.352883
560 0.359928
576 0.366239
592 0.373342
608 0.379215
624 0.385332
640 0.392091
656 0.398755
672 0.404079
688 0.409066
704 0.414289
720 0.419933
736 0.425337
752 0.430528
768 0.436213
784 0.442205
800 0.447996
816 0.453639
832 0.45849
848 0.463273
864 0.467691
880 0.472068
896 0.476019
912 0.480443
928 0.485157
944 0.489328
960 0.493047
976 0.496753
992 0.502168
1008 0.506626
1024 0.511511
1040 0.51597
1056 0.520008
1072 0.524498
1088 0.528462
1104 0.533427
1120 0.53768
1136 0.541864
1152 0.54598
1168 0.549231
1184 0.552621
1200 0.556214
1216 0.559512
1232 0.562859
1248 0.565933
1264 0.569742
1280 0.573411
1296 0.576913
1312 0.579928
1328 0.583375
1344 0.587347
1360 0.590394
1376 0.592938
1392 0.595986
1408 0.598853
1424 0.602343
1440 0.604362
1456 0.607882
1472 0.611295
1488 0.614174
1504 0.617005
1520 0.61913
1536 0.621717
1552 0.624451
1568 0.627494
1584 0.630069
1600 0.632683
1616 0.635471
1632 0.638082
1648 0.640388
1664 0.642185
1680 0.644227
1696 0.646984
1712 0.649178
1728 0.651575
1744 0.654216
1760 0.656494
1776 0.658216
1792 0.660732
1808 0.663027
1824 0.664534
1840 0.666622
1856 0.668205
1872 0.670678
1888 0.672796
1904 0.674736
1920 0.677058
1936 0.678505
1952 0.680094
1968 0.681629
1984 0.683559
2000 0.68568
2016 0.687404
2032 0.689062
2048 0.69087
2064 0.692165
2080 0.693536
2096 0.695279
2112 0.696789
2128 0.698083
2144 0.70025
2160 0.701955
2176 0.703591
2192 0.705338
2208 0.706704
2224 0.707549
2240 0.708876
2256 0.710423
2272 0.712134
2288 0.713358
2304 0.714407
2320 0.715847
2336 0.717435
2352 0.719025
2368 0.720284
2384 0.722081
2400 0.723874
2416 0.724996
2432 0.726202
2448 0.727597
2464 0.728615
2480 0.729881
2496 0.731096
2512 0.732207
2528 0.732869
2544 0.733862
2560 0.734631
2576 0.736078
2592 0.737044
2608 0.737869
2624 0.738527
2640 0.73984
2656 0.740797
2672 0.741807
2688 0.743197
2704 0.744359
2720 0.74566
2736 0.746908
2752 0.74788
2768 0.749153
2784 0.750024
2800 0.750721
2816 0.751309
2832 0.75229
2848 0.752868
2864 0.754234
2880 0.755023
2896 0.756295
2912 0.756947
2928 0.758465
2944 0.759356
2960 0.759338
2976 0.76059
2992 0.761537
3008 0.761982
3024 0.762699
3040 0.763766
3056 0.764877
3072 0.765652
3088 0.76706
3104 0.768262
3120 0.769267
3136 0.770148
3152 0.771329
3168 0.772024
3184 0.772839
3200 0.773627
