0 0.000240629
16 0.0267168
32 0.0466639
48 0.064024
64 0.0795877
80 0.0938017
96 0.106536
112 0.120053
128 0.132125
144 0.143579
160 0.154734
176 0.165925
192 0.176037
208 0.186849
224 0.197501
240 0.207055
256 0.216264
272 0.226129
288 0.234598
304 0.243141
320 0.251551
336 0.259893
352 0.268518
368 0.276082
384 0.284649
400 0.292128
416 0.299717
432 0.306515
448 0.314452
464 0.321512
480 0.328923
496 0.336283
512 0.343175
528 0.350128
544 0.356727
560 0.363399
576 0.370083
592 0.37682
608 0.38272
624 0.389119
640 0.395683
656 0.402203
672 0.407647
688 0.413042
704 0.418726
720 0.424161
736 0.429851
752 0.435094
768 0.440809
784 0.446553
800 0.451833
816 0.456755
832 0.461896
848 0.466607
864 0.470992
880 0.475764
896 0.480014
912 0.484495
928 0.489086
944 0.493207
960 0.497333
976 0.50121
992 0.506161
1008 0.510599
1024 0.515164
1040 0.519111
1056 0.523185
1072 0.527601
1088 0.531602
1104 0.536028
1120 0.540222
1136 0.544184
1152 0.548073
1168 0.551494
1184 0.555404
1200 0.559157
1216 0.562681
1232 0.566245
1248 0.569923
1264 0.573869
1280 0.577809
1296 0.581484
1312 0.584893
1328 0.588386
1344 0.592185
1360 0.595483
1376 0.598509
1392 0.601821
1408 0.604476
1424 0.607728
1440 0.609922
1456 0.613496
1472 0.616626
1488 0.619762
1504 0.622719
1520 0.62569
1536 0.628716
1552 0.631785
1568 0.63531
1584 0.638222
1600 0.641324
1616 0.644566
1632 0.647558
1648 0.65025
1664 0.652639
1680 0.655088
1696 0.657643
1712 0.660118
1728 0.662503
1744 0.66503
1760 0.667123
1776 0.668755
1792 0.671112
1808 0.673641
1824 0.67535
1840 0.677283
1856 0.679286
1872 0.681862
1888 0.684044
1904 0.686241
1920 0.688478
1936 0.690455
1952 0.692364
1968 0.693792
1984 0.695817
2000 0.697805
2016 0.700015
2032 0.701782
2048 0.703719
2064 0.70521
2080 0.70686
2096 0.708623
2112 0.710472
2128 0.711866
2144 0.714146
2160 0.715906
2176 0.717619
2192 0.719652
2208 0.721368
2224 0.722361
2240 0.724075
2256 0.725999
2272 0.727526
2288 0.729001
2304 0.730164
2320 0.73157
2336 0.733152
2352 0.734749
2368 0.736181
2384 0.737913
2400 0.739336
2416 0.740617
2432 0.741496
2448 0.742904
2464 0.744123
2480 0.745368
2496 0.746775
2512 0.748269
2528 0.749117
2544 0.750242
2560 0.7513
2576 0.752674
2592 0.75376
2608 0.754705
2624 0.75543
2640 0.756784
2656 0.757781
2672 0.758971
2688 0.760354
2704 0.761298
2720 0.762762
2736 0.763826
2752 0.764703
2768 0.765879
2784 0.766683
2800 0.767312
2816 0.768064
2832 0.768996
2848 0.769775
2864 0.770911
2880 0.771395
2896 0.772432
2912 0.773011
2928 0.774251
2944 0.775048
2960 0.775534
2976 0.776722
2992 0.777704
3008 0.778293
3024 0.779072
3040 0.77982
3056 0.780809
3072 0.781571
3088 0.782718
3104 0.783814
3120 0.784627
3136 0.785408
3152 0.786421
3168 0.787038
3184 0.787721
3200 0.788363
