0 1.19157e-07
16 0.00146279
32 0.00427215
48 0.00783763
64 0.0120825
80 0.0163198
96 0.0204867
112 0.0253158
128 0.0298767
144 0.0345119
160 0.0395715
176 0.0450777
192 0.0500136
208 0.0557902
224 0.0620028
240 0.0679715
256 0.0732443
272 0.0798001
288 0.086316
304 0.0923596
320 0.0978536
336 0.102675
352 0.109594
368 0.115535
384 0.122349
400 0.128639
416 0.134908
432 0.140981
448 0.14767
464 0.153728
480 0.160099
496 0.166713
512 0.172591
528 0.179181
544 0.185639
560 0.193324
576 0.199809
592 0.206586
608 0.211764
624 0.218388
640 0.225296
656 0.232446
672 0.238785
688 0.244649
704 0.250432
720 0.256036
736 0.261085
752 0.266708
768 0.271953
784 0.278069
800 0.283632
816 0.289834
832 0.295121
848 0.300513
864 0.305344
880 0.310438
896 0.315517
912 0.320741
928 0.325692
944 0.330239
960 0.333992
976 0.337984
992 0.34403
1008 0.348692
1024 0.353702
1040 0.358701
1056 0.363897
1072 0.369399
1088 0.374904
1104 0.381303
1120 0.386306
1136 0.39165
1152 0.396673
1168 0.400871
1184 0.405283
1200 0.410129
1216 0.414481
1232 0.41906
1248 0.423143
1264 0.427885
1280 0.432699
1296 0.437492
1312 0.440836
1328 0.445463
1344 0.449563
1360 0.453496
1376 0.456085
1392 0.459697
1408 0.463022
1424 0.467367
1440 0.469294
1456 0.473873
1472 0.477561
1488 0.480967
1504 0.484305
1520 0.487162
1536 0.490048
1552 0.493409
1568 0.497522
1584 0.501185
1600 0.504384
1616 0.508023
1632 0.51079
1648 0.513724
1664 0.515911
1680 0.518655
1696 0.522149
1712 0.525161
1728 0.528763
1744 0.53205
1760 0.534513
1776 0.537152
1792 0.540618
1808 0.543169
1824 0.54556
1840 0.548382
1856 0.550539
1872 0.554047
1888 0.556473
1904 0.559303
1920 0.562455
1936 0.56442
1952 0.566913
1968 0.569449
1984 0.572161
2000 0.575004
2016 0.57756
2032 0.579571
2048 0.58186
2064 0.584274
2080 0.586401
2096 0.588662
2112 0.590949
2128 0.593184
2144 0.596414
2160 0.598642
2176 0.601456
2192 0.604461
2208 0.60592
2224 0.607495
2240 0.60968
2256 0.612867
2272 0.615391
2288 0.617702
2304 0.61843
2320 0.620122
2336 0.621394
2352 0.623365
2368 0.624963
2384 0.626949
2400 0.629143
2416 0.631209
2432 0.633405
2448 0.634987
2464 0.6362
2480 0.638241
2496 0.639971
2512 0.642109
2528 0.643366
2544 0.645679
2560 0.647263
2576 0.649705
2592 0.651582
2608 0.653076
2624 0.65404
2640 0.655858
2656 0.657778
2672 0.658866
2688 0.660721
2704 0.662346
2720 0.664494
2736 0.665535
2752 0.667155
2768 0.669342
2784 0.670569
2800 0.671451
2816 0.672728
2832 0.673655
2848 0.67427
2864 0.676305
2880 0.677258
2896 0.678288
2912 0.679166
2928 0.681028
2944 0.682456
2960 0.682391
2976 0.684085
2992 0.685301
3008 0.685346
3024 0.686493
3040 0.687389
3056 0.688913
3072 0.689594
3088 0.691791
3104 0.692892
3120 0.694744
3136 0.695727
3152 0.696836
3168 0.698072
3184 0.69923
3200 0.69989
