0 0.000239471
16 0.0269778
32 0.0459855
48 0.0625093
64 0.0776993
80 0.0912767
96 0.102476
112 0.114795
128 0.125418
144 0.136013
160 0.146668
176 0.156727
192 0.165083
208 0.17549
224 0.185345
240 0.194814
256 0.203075
272 0.212447
288 0.221001
304 0.228845
320 0.236304
336 0.242627
352 0.251903
368 0.258469
384 0.266888
400 0.273599
416 0.280283
432 0.287688
448 0.295853
464 0.302692
480 0.309425
496 0.316975
512 0.323613
528 0.331074
544 0.337764
560 0.345726
576 0.351805
592 0.358262
608 0.363374
624 0.369471
640 0.37571
656 0.381941
672 0.387268
688 0.391883
704 0.3969
720 0.401872
736 0.407304
752 0.413085
768 0.418089
784 0.42361
800 0.429019
816 0.433958
832 0.437901
848 0.442883
864 0.447189
880 0.452418
896 0.456954
912 0.461678
928 0.466404
944 0.470334
960 0.473827
976 0.47703
992 0.481914
1008 0.48615
1024 0.490101
1040 0.494946
1056 0.498921
1072 0.503555
1088 0.508074
1104 0.513048
1120 0.517332
1136 0.521629
1152 0.52591
1168 0.529332
1184 0.533079
1200 0.537009
1216 0.540471
1232 0.54432
1248 0.547766
1264 0.551348
1280 0.554642
1296 0.558705
1312 0.561562
1328 0.56486
1344 0.568559
1360 0.571873
1376 0.573734
1392 0.576201
1408 0.578629
1424 0.582225
1440 0.583859
1456 0.587764
1472 0.590799
1488 0.593662
1504 0.596919
1520 0.599793
1536 0.601991
1552 0.604707
1568 0.608159
1584 0.611434
1600 0.614446
1616 0.617494
1632 0.619727
1648 0.622537
1664 0.623918
1680 0.626045
1696 0.629378
1712 0.631846
1728 0.634254
1744 0.636762
1760 0.638786
1776 0.640845
1792 0.643653
1808 0.645567
1824 0.646965
1840 0.649489
1856 0.650724
1872 0.653388
1888 0.655403
1904 0.657649
1920 0.660343
1936 0.661753
1952 0.663352
1968 0.665877
1984 0.66845
2000 0.670476
2016 0.672123
2032 0.673965
2048 0.675859
2064 0.677554
2080 0.679143
2096 0.680822
2112 0.68255
2128 0.683771
2144 0.686753
2160 0.688752
2176 0.691238
2192 0.693828
2208 0.695143
2224 0.696427
2240 0.697875
2256 0.700293
2272 0.702772
2288 0.70429
2304 0.704962
2320 0.706386
2336 0.708037
2352 0.709634
2368 0.711622
2384 0.713801
2400 0.71633
2416 0.71757
2432 0.719293
2448 0.720779
2464 0.721915
2480 0.723292
2496 0.724947
2512 0.726451
2528 0.727489
2544 0.728935
2560 0.730315
2576 0.732337
2592 0.73374
2608 0.735349
2624 0.73624
2640 0.737762
2656 0.739315
2672 0.740216
2688 0.742026
2704 0.743592
2720 0.744807
2736 0.745524
2752 0.746536
2768 0.74791
2784 0.748835
2800 0.749743
2816 0.75085
2832 0.751458
2848 0.752016
2864 0.753757
2880 0.754598
2896 0.755564
2912 0.75601
2928 0.757725
2944 0.758564
2960 0.758323
2976 0.760152
2992 0.761452
3008 0.761699
3024 0.762467
3040 0.763493
3056 0.764128
3072 0.764882
3088 0.766514
3104 0.767348
3120 0.768442
3136 0.769206
3152 0.770234
3168 0.770884
3184 0.771495
3200 0.771621
