0 0.000246321
16 0.027481
32 0.0478201
48 0.0654386
64 0.0812137
80 0.0954603
96 0.108566
112 0.121802
128 0.133657
144 0.14496
160 0.156149
176 0.167466
192 0.177771
208 0.188594
224 0.199577
240 0.209424
256 0.218926
272 0.228632
288 0.237422
304 0.246138
320 0.254528
336 0.263312
352 0.272163
368 0.280006
384 0.288398
400 0.295954
416 0.303475
432 0.31023
448 0.317819
464 0.324662
480 0.331786
496 0.339058
512 0.34599
528 0.352961
544 0.359789
560 0.366397
576 0.373217
592 0.380026
608 0.38608
624 0.392463
640 0.399057
656 0.405742
672 0.411192
688 0.416459
704 0.422306
720 0.427746
736 0.433236
752 0.438265
768 0.444036
784 0.449792
800 0.455216
816 0.460363
832 0.465676
848 0.470532
864 0.474906
880 0.479565
896 0.483852
912 0.488457
928 0.492929
944 0.497273
960 0.501701
976 0.505559
992 0.510378
1008 0.514712
1024 0.519324
1040 0.523364
1056 0.527375
1072 0.531835
1088 0.535967
1104 0.540216
1120 0.544376
1136 0.548431
1152 0.55246
1168 0.555858
1184 0.559824
1200 0.563715
1216 0.567251
1232 0.570839
1248 0.574478
1264 0.578155
1280 0.581952
1296 0.585603
1312 0.588833
1328 0.592136
1344 0.595649
1360 0.598787
1376 0.601717
1392 0.604929
1408 0.607757
1424 0.610993
1440 0.613375
1456 0.616855
1472 0.620073
1488 0.623257
1504 0.626293
1520 0.628996
1536 0.631806
1552 0.634728
1568 0.637926
1584 0.640722
1600 0.643734
1616 0.646993
1632 0.650082
1648 0.652573
1664 0.654893
1680 0.657245
1696 0.659767
1712 0.662312
1728 0.664604
1744 0.666935
1760 0.668961
1776 0.67049
1792 0.672808
1808 0.675234
1824 0.677041
1840 0.679133
1856 0.68112
1872 0.683514
1888 0.685609
1904 0.68749
1920 0.689637
1936 0.69146
1952 0.693187
1968 0.694686
1984 0.696882
2000 0.698914
2016 0.701244
2032 0.703122
2048 0.705367
2064 0.707258
2080 0.709189
2096 0.710884
2112 0.712768
2128 0.714376
2144 0.716842
2160 0.718659
2176 0.720542
2192 0.722525
2208 0.724305
2224 0.725337
2240 0.726919
2256 0.728785
2272 0.730375
2288 0.731835
2304 0.733175
2320 0.734423
2336 0.736196
2352 0.737752
2368 0.739139
2384 0.740888
2400 0.742221
2416 0.743431
2432 0.744393
2448 0.745857
2464 0.747135
2480 0.748387
2496 0.75003
2512 0.751485
2528 0.752309
2544 0.753434
2560 0.754576
2576 0.755684
2592 0.756713
2608 0.757738
2624 0.758385
2640 0.759544
2656 0.760592
2672 0.761924
2688 0.76312
2704 0.764074
2720 0.765438
2736 0.766356
2752 0.767323
2768 0.768492
2784 0.769272
2800 0.770097
2816 0.771021
2832 0.771936
2848 0.772721
2864 0.773869
2880 0.774377
2896 0.775497
2912 0.776189
2928 0.777292
2944 0.778239
2960 0.778849
2976 0.779849
2992 0.780791
3008 0.781254
3024 0.782163
3040 0.782804
3056 0.783575
3072 0.784282
3088 0.785319
3104 0.786414
3120 0.787115
3136 0.787924
3152 0.789009
3168 0.789746
3184 0.790546
3200 0.791291
