0 0.000233945
16 0.0262786
32 0.0444573
48 0.0604641
64 0.0762405
80 0.0897506
96 0.100503
112 0.11266
128 0.123258
144 0.133608
160 0.144258
176 0.153422
192 0.161023
208 0.170782
224 0.180308
240 0.188557
256 0.196031
272 0.204962
288 0.21305
304 0.220577
320 0.228554
336 0.234701
352 0.244022
368 0.250255
384 0.258696
400 0.265228
416 0.271542
432 0.278127
448 0.286495
464 0.29276
480 0.298776
496 0.305589
512 0.311737
528 0.319256
544 0.325823
560 0.333234
576 0.339182
592 0.344984
608 0.349426
624 0.35557
640 0.36211
656 0.368547
672 0.37413
688 0.379195
704 0.38461
720 0.390237
736 0.39607
752 0.401843
768 0.406539
784 0.412373
800 0.417379
816 0.422195
832 0.425866
848 0.431076
864 0.43584
880 0.44168
896 0.446367
912 0.451496
928 0.456334
944 0.460632
960 0.464486
976 0.467222
992 0.471661
1008 0.476241
1024 0.481043
1040 0.486633
1056 0.490974
1072 0.495652
1088 0.500507
1104 0.506509
1120 0.51136
1136 0.515834
1152 0.520272
1168 0.523821
1184 0.527217
1200 0.531867
1216 0.535438
1232 0.539822
1248 0.543555
1264 0.546863
1280 0.550133
1296 0.553621
1312 0.555894
1328 0.559002
1344 0.562594
1360 0.565825
1376 0.567832
1392 0.570173
1408 0.572464
1424 0.575913
1440 0.577426
1456 0.580277
1472 0.582826
1488 0.584957
1504 0.58773
1520 0.590484
1536 0.592145
1552 0.594786
1568 0.598646
1584 0.602364
1600 0.605322
1616 0.608665
1632 0.611134
1648 0.614301
1664 0.615401
1680 0.617733
1696 0.620955
1712 0.623482
1728 0.625784
1744 0.627804
1760 0.629745
1776 0.630848
1792 0.633532
1808 0.63535
1824 0.636619
1840 0.639213
1856 0.640598
1872 0.643135
1888 0.644532
1904 0.647021
1920 0.649961
1936 0.650874
1952 0.652586
1968 0.655136
1984 0.657898
2000 0.659537
2016 0.661093
2032 0.662985
2048 0.664659
2064 0.666456
2080 0.667665
2096 0.669244
2112 0.671023
2128 0.672281
2144 0.675291
2160 0.676795
2176 0.679005
2192 0.682254
2208 0.68369
2224 0.684044
2240 0.685381
2256 0.688047
2272 0.690857
2288 0.692334
2304 0.692844
2320 0.6942
2336 0.696096
2352 0.697987
2368 0.700659
2384 0.703165
2400 0.706438
2416 0.708437
2432 0.710277
2448 0.71161
2464 0.712815
2480 0.714432
2496 0.716228
2512 0.717787
2528 0.719175
2544 0.720448
2560 0.721761
2576 0.724033
2592 0.725773
2608 0.727594
2624 0.728656
2640 0.730599
2656 0.732328
2672 0.733647
2688 0.736128
2704 0.737705
2720 0.738926
2736 0.739858
2752 0.741137
2768 0.742711
2784 0.743613
2800 0.744623
2816 0.745589
2832 0.746351
2848 0.747003
2864 0.748932
2880 0.749719
2896 0.750632
2912 0.751115
2928 0.753231
2944 0.754339
2960 0.754016
2976 0.755787
2992 0.757345
3008 0.757797
3024 0.758597
3040 0.759763
3056 0.760306
3072 0.76139
3088 0.763638
3104 0.764602
3120 0.765618
3136 0.766556
3152 0.767595
3168 0.767776
3184 0.768116
3200 0.768469
