0 0.000244812
16 0.0272117
32 0.0474395
48 0.0651367
64 0.0808612
80 0.0950418
96 0.108218
112 0.121578
128 0.133601
144 0.144946
160 0.156199
176 0.167558
192 0.177753
208 0.188683
224 0.19976
240 0.209666
256 0.219224
272 0.22897
288 0.237828
304 0.246609
320 0.255045
336 0.263917
352 0.272838
368 0.280761
384 0.289228
400 0.296808
416 0.304455
432 0.311272
448 0.318914
464 0.325819
480 0.332903
496 0.340183
512 0.347064
528 0.354079
544 0.360948
560 0.36763
576 0.374513
592 0.381321
608 0.387426
624 0.393765
640 0.400281
656 0.407001
672 0.412554
688 0.417786
704 0.423622
720 0.42901
736 0.434512
752 0.439544
768 0.44532
784 0.451037
800 0.456475
816 0.461599
832 0.466932
848 0.471916
864 0.476375
880 0.481141
896 0.485379
912 0.489871
928 0.494355
944 0.498631
960 0.503017
976 0.506897
992 0.511699
1008 0.516087
1024 0.520624
1040 0.524693
1056 0.528746
1072 0.533284
1088 0.537418
1104 0.541595
1120 0.545731
1136 0.549671
1152 0.55361
1168 0.557013
1184 0.561027
1200 0.564916
1216 0.568502
1232 0.572056
1248 0.575774
1264 0.579537
1280 0.583387
1296 0.587092
1312 0.590402
1328 0.593683
1344 0.597304
1360 0.600507
1376 0.603516
1392 0.606807
1408 0.609593
1424 0.612883
1440 0.615214
1456 0.618722
1472 0.621902
1488 0.625019
1504 0.627919
1520 0.6307
1536 0.633505
1552 0.636476
1568 0.639726
1584 0.642442
1600 0.645463
1616 0.648748
1632 0.651863
1648 0.654238
1664 0.656591
1680 0.65891
1696 0.661376
1712 0.663826
1728 0.6661
1744 0.668429
1760 0.670474
1776 0.672035
1792 0.6743
1808 0.676681
1824 0.678557
1840 0.680705
1856 0.682756
1872 0.685159
1888 0.687266
1904 0.689265
1920 0.691409
1936 0.693277
1952 0.694989
1968 0.696422
1984 0.698643
2000 0.700672
2016 0.702967
2032 0.70479
2048 0.706942
2064 0.708788
2080 0.710648
2096 0.712302
2112 0.714204
2128 0.715795
2144 0.718188
2160 0.720054
2176 0.721879
2192 0.723898
2208 0.725608
2224 0.72663
2240 0.72821
2256 0.730106
2272 0.731688
2288 0.733085
2304 0.734325
2320 0.735614
2336 0.737307
2352 0.738878
2368 0.740271
2384 0.74193
2400 0.743322
2416 0.744549
2432 0.745465
2448 0.746892
2464 0.748161
2480 0.749447
2496 0.750935
2512 0.752332
2528 0.753163
2544 0.754296
2560 0.75544
2576 0.756553
2592 0.75752
2608 0.758445
2624 0.759047
2640 0.760288
2656 0.761278
2672 0.762489
2688 0.763647
2704 0.764697
2720 0.766006
2736 0.766978
2752 0.767883
2768 0.76905
2784 0.76982
2800 0.770536
2816 0.771419
2832 0.772286
2848 0.773029
2864 0.774147
2880 0.774654
2896 0.775687
2912 0.776312
2928 0.777408
2944 0.77828
2960 0.778833
2976 0.779867
2992 0.780821
3008 0.781287
3024 0.782192
3040 0.782808
3056 0.783561
3072 0.784253
3088 0.785267
3104 0.786351
3120 0.787026
3136 0.787813
3152 0.788897
3168 0.78955
3184 0.790226
3200 0.79097
