0 0.000239821
16 0.0267373
32 0.0462226
48 0.0628185
64 0.0777254
80 0.0911857
96 0.102603
112 0.114967
128 0.126142
144 0.136371
160 0.147219
176 0.15765
192 0.166533
208 0.176609
224 0.186459
240 0.195569
256 0.203745
272 0.213168
288 0.221733
304 0.229706
320 0.237294
336 0.243731
352 0.252362
368 0.259061
384 0.268008
400 0.274766
416 0.282055
432 0.289211
448 0.297191
464 0.304006
480 0.311467
496 0.318944
512 0.32564
528 0.332974
544 0.339831
560 0.347512
576 0.353713
592 0.360064
608 0.365722
624 0.37214
640 0.379038
656 0.385522
672 0.390622
688 0.395725
704 0.401231
720 0.406318
736 0.411425
752 0.416782
768 0.421781
784 0.427486
800 0.432967
816 0.438417
832 0.442986
848 0.44813
864 0.452486
880 0.45751
896 0.462019
912 0.466666
928 0.471303
944 0.47536
960 0.478951
976 0.482757
992 0.488229
1008 0.492529
1024 0.496919
1040 0.501245
1056 0.505333
1072 0.509749
1088 0.514082
1104 0.519613
1120 0.523808
1136 0.528348
1152 0.532522
1168 0.535927
1184 0.539695
1200 0.543606
1216 0.547115
1232 0.550954
1248 0.554365
1264 0.558227
1280 0.561849
1296 0.565768
1312 0.568515
1328 0.572057
1344 0.575737
1360 0.5791
1376 0.581107
1392 0.583811
1408 0.586409
1424 0.589885
1440 0.591351
1456 0.59503
1472 0.597996
1488 0.600579
1504 0.603331
1520 0.605727
1536 0.607953
1552 0.610633
1568 0.613963
1584 0.61668
1600 0.619208
1616 0.622176
1632 0.624447
1648 0.626857
1664 0.628198
1680 0.630133
1696 0.632991
1712 0.63522
1728 0.637822
1744 0.64037
1760 0.642294
1776 0.643985
1792 0.646627
1808 0.64877
1824 0.650463
1840 0.652875
1856 0.654295
1872 0.65669
1888 0.658402
1904 0.660286
1920 0.662711
1936 0.664172
1952 0.666041
1968 0.668127
1984 0.670326
2000 0.672485
2016 0.674372
2032 0.675708
2048 0.67745
2064 0.679097
2080 0.680481
2096 0.682223
2112 0.683779
2128 0.685348
2144 0.688021
2160 0.689704
2176 0.691643
2192 0.694023
2208 0.69517
2224 0.696296
2240 0.697572
2256 0.699814
2272 0.701618
2288 0.703123
2304 0.703593
2320 0.704903
2336 0.706217
2352 0.70773
2368 0.709059
2384 0.710929
2400 0.712891
2416 0.714178
2432 0.715651
2448 0.717041
2464 0.718031
2480 0.719643
2496 0.721028
2512 0.722369
2528 0.723251
2544 0.724823
2560 0.725929
2576 0.727842
2592 0.729221
2608 0.730451
2624 0.73152
2640 0.733097
2656 0.734505
2672 0.735322
2688 0.737029
2704 0.738331
2720 0.739746
2736 0.740668
2752 0.741635
2768 0.743022
2784 0.743832
2800 0.744397
2816 0.74527
2832 0.745929
2848 0.746442
2864 0.748127
2880 0.74877
2896 0.749853
2912 0.750242
2928 0.751815
2944 0.752904
2960 0.752685
2976 0.754104
2992 0.754979
3008 0.755195
3024 0.756049
3040 0.756921
3056 0.757799
3072 0.758367
3088 0.760025
3104 0.760677
3120 0.761643
3136 0.762411
3152 0.763433
3168 0.764076
3184 0.764894
3200 0.765241
