0 1.15679e-07
16 0.00149468
32 0.00443108
48 0.0082265
64 0.0125439
80 0.0167768
96 0.021132
112 0.0262146
128 0.0311765
144 0.0362664
160 0.0415857
176 0.047412
192 0.0529184
208 0.0591925
224 0.0657899
240 0.0720069
256 0.0780524
272 0.0848802
288 0.0911375
304 0.097294
320 0.103322
336 0.109203
352 0.116062
368 0.122363
384 0.129161
400 0.135496
416 0.142353
432 0.148911
448 0.156339
464 0.162586
480 0.169344
496 0.176287
512 0.182233
528 0.18857
544 0.194804
560 0.201791
576 0.208191
592 0.215526
608 0.221407
624 0.228008
640 0.234754
656 0.242092
672 0.248792
688 0.2547
704 0.260397
720 0.266698
736 0.272351
752 0.278159
768 0.284375
784 0.290981
800 0.297128
816 0.30364
832 0.309635
848 0.315103
864 0.320193
880 0.325026
896 0.32967
912 0.334725
928 0.339942
944 0.344678
960 0.348721
976 0.352863
992 0.35902
1008 0.364156
1024 0.369674
1040 0.374873
1056 0.379906
1072 0.385348
1088 0.390274
1104 0.395964
1120 0.400997
1136 0.406063
1152 0.411028
1168 0.414824
1184 0.419031
1200 0.42345
1216 0.427535
1232 0.43142
1248 0.435369
1264 0.439902
1280 0.444596
1296 0.449158
1312 0.452858
1328 0.457538
1344 0.461884
1360 0.465769
1376 0.469105
1392 0.473117
1408 0.476814
1424 0.481305
1440 0.484054
1456 0.488212
1472 0.492648
1488 0.496756
1504 0.50042
1520 0.503068
1536 0.50643
1552 0.509924
1568 0.514078
1584 0.517441
1600 0.520763
1616 0.524321
1632 0.527464
1648 0.530183
1664 0.532891
1680 0.535576
1696 0.538962
1712 0.542013
1728 0.54516
1744 0.548776
1760 0.551692
1776 0.554207
1792 0.55749
1808 0.560179
1824 0.562235
1840 0.564817
1856 0.567048
1872 0.570362
1888 0.573131
1904 0.576011
1920 0.579257
1936 0.581151
1952 0.583385
1968 0.585301
1984 0.587704
2000 0.590487
2016 0.592981
2032 0.5954
2048 0.597596
2064 0.599516
2080 0.60165
2096 0.604092
2112 0.60623
2128 0.608067
2144 0.610685
2160 0.612981
2176 0.615183
2192 0.617452
2208 0.619358
2224 0.620688
2240 0.622792
2256 0.625046
2272 0.627183
2288 0.628941
2304 0.630358
2320 0.632247
2336 0.634088
2352 0.63619
2368 0.637641
2384 0.639748
2400 0.641877
2416 0.643675
2432 0.645469
2448 0.647177
2464 0.648645
2480 0.650142
2496 0.651834
2512 0.653405
2528 0.654607
2544 0.656201
2560 0.657294
2576 0.659042
2592 0.66049
2608 0.661468
2624 0.662191
2640 0.663663
2656 0.665092
2672 0.666477
2688 0.66819
2704 0.66973
2720 0.671673
2736 0.673032
2752 0.674333
2768 0.676322
2784 0.677604
2800 0.678433
2816 0.679369
2832 0.680728
2848 0.681389
2864 0.682978
2880 0.683991
2896 0.685287
2912 0.686499
2928 0.688531
2944 0.689679
2960 0.689862
2976 0.69134
2992 0.692737
3008 0.693352
3024 0.694416
3040 0.695558
3056 0.69714
3072 0.698195
3088 0.700066
3104 0.701818
3120 0.703593
3136 0.704559
3152 0.706
3168 0.707235
3184 0.708248
3200 0.709539
