0 1.19176e-07
16 0.00147736
32 0.00442797
48 0.00831879
64 0.0126939
80 0.0171979
96 0.02193
112 0.0273513
128 0.0326654
144 0.0381073
160 0.0438068
176 0.0499481
192 0.0559182
208 0.0624245
224 0.0695337
240 0.076054
256 0.0825744
272 0.0895579
288 0.096151
304 0.102606
320 0.10873
336 0.115565
352 0.122552
368 0.129243
384 0.136143
400 0.142785
416 0.1495
432 0.15567
448 0.162541
464 0.168817
480 0.175467
496 0.182522
512 0.188864
528 0.195506
544 0.202023
560 0.208868
576 0.215732
592 0.222788
608 0.229052
624 0.235725
640 0.242635
656 0.250055
672 0.256725
688 0.262689
704 0.268974
720 0.27501
736 0.280871
752 0.2864
768 0.292589
784 0.298895
800 0.304973
816 0.310801
832 0.316943
848 0.322587
864 0.327893
880 0.333062
896 0.338055
912 0.343254
928 0.348373
944 0.353227
960 0.358013
976 0.362421
992 0.367897
1008 0.373071
1024 0.378128
1040 0.382893
1056 0.387778
1072 0.3931
1088 0.39804
1104 0.402933
1120 0.407694
1136 0.412521
1152 0.417185
1168 0.421245
1184 0.42614
1200 0.430795
1216 0.435136
1232 0.439363
1248 0.444037
1264 0.448508
1280 0.453224
1296 0.457805
1312 0.461952
1328 0.466337
1344 0.470401
1360 0.474606
1376 0.478333
1392 0.482485
1408 0.486017
1424 0.490214
1440 0.493403
1456 0.497641
1472 0.501828
1488 0.50598
1504 0.509784
1520 0.513421
1536 0.517163
1552 0.521017
1568 0.525255
1584 0.528739
1600 0.532587
1616 0.536861
1632 0.540815
1648 0.543961
1664 0.547292
1680 0.550237
1696 0.55349
1712 0.556844
1728 0.559837
1744 0.562857
1760 0.565303
1776 0.567426
1792 0.570368
1808 0.57325
1824 0.575539
1840 0.578166
1856 0.580823
1872 0.583967
1888 0.586724
1904 0.589265
1920 0.592232
1936 0.594619
1952 0.597
1968 0.598918
1984 0.60162
2000 0.60423
2016 0.607399
2032 0.609955
2048 0.612699
2064 0.615319
2080 0.618131
2096 0.620496
2112 0.623135
2128 0.625379
2144 0.62838
2160 0.630943
2176 0.633285
2192 0.636105
2208 0.638527
2224 0.640006
2240 0.642501
2256 0.645165
2272 0.647242
2288 0.649442
2304 0.651044
2320 0.652838
2336 0.654995
2352 0.657092
2368 0.659045
2384 0.66096
2400 0.662674
2416 0.664433
2432 0.665658
2448 0.667525
2464 0.669254
2480 0.67083
2496 0.672814
2512 0.674635
2528 0.675996
2544 0.67773
2560 0.679267
2576 0.680665
2592 0.682089
2608 0.68331
2624 0.684014
2640 0.685433
2656 0.686977
2672 0.688561
2688 0.690179
2704 0.691547
2720 0.693274
2736 0.69432
2752 0.695507
2768 0.697198
2784 0.698325
2800 0.6992
2816 0.700374
2832 0.701611
2848 0.702579
2864 0.703997
2880 0.704756
2896 0.705849
2912 0.706928
2928 0.708376
2944 0.709631
2960 0.710533
2976 0.711737
2992 0.712927
3008 0.713712
3024 0.714921
3040 0.715651
3056 0.716592
3072 0.717466
3088 0.718656
3104 0.720173
3120 0.721246
3136 0.722102
3152 0.723449
3168 0.724438
3184 0.725289
3200 0.726427
