0 1.20229e-07
16 0.00150278
32 0.00448582
48 0.00836786
64 0.0127703
80 0.0173205
96 0.0220593
112 0.0274712
128 0.0327385
144 0.0381864
160 0.0438678
176 0.0500215
192 0.0560326
208 0.0624515
224 0.0694952
240 0.0760044
256 0.0825357
272 0.0894923
288 0.0960385
304 0.102464
320 0.108573
336 0.115374
352 0.122318
368 0.128982
384 0.135852
400 0.142441
416 0.149106
432 0.155246
448 0.162042
464 0.168245
480 0.174928
496 0.181998
512 0.188366
528 0.194949
544 0.201381
560 0.208172
576 0.215012
592 0.222066
608 0.228296
624 0.235036
640 0.242011
656 0.249433
672 0.256016
688 0.262026
704 0.268385
720 0.274419
736 0.28024
752 0.285762
768 0.291929
784 0.298236
800 0.304286
816 0.310119
832 0.316261
848 0.321758
864 0.326951
880 0.331967
896 0.33699
912 0.342269
928 0.347366
944 0.352268
960 0.357071
976 0.361433
992 0.366877
1008 0.372035
1024 0.377154
1040 0.381915
1056 0.386711
1072 0.391933
1088 0.396904
1104 0.401909
1120 0.406624
1136 0.411547
1152 0.416332
1168 0.420408
1184 0.425283
1200 0.429925
1216 0.434191
1232 0.43842
1248 0.442983
1264 0.447383
1280 0.452016
1296 0.456504
1312 0.460601
1328 0.464969
1344 0.468944
1360 0.473052
1376 0.476731
1392 0.480797
1408 0.484372
1424 0.488451
1440 0.491706
1456 0.495858
1472 0.499984
1488 0.504132
1504 0.507975
1520 0.511513
1536 0.51522
1552 0.519043
1568 0.523184
1584 0.526747
1600 0.530579
1616 0.534777
1632 0.538692
1648 0.541956
1664 0.545219
1680 0.548221
1696 0.551503
1712 0.554946
1728 0.55793
1744 0.560931
1760 0.563341
1776 0.565437
1792 0.568431
1808 0.571323
1824 0.573542
1840 0.576104
1856 0.578668
1872 0.581757
1888 0.584469
1904 0.586891
1920 0.589862
1936 0.592193
1952 0.594586
1968 0.596535
1984 0.599233
2000 0.601793
2016 0.604936
2032 0.607523
2048 0.610333
2064 0.613001
2080 0.615871
2096 0.618299
2112 0.620947
2128 0.623241
2144 0.626312
2160 0.628867
2176 0.631285
2192 0.634049
2208 0.636528
2224 0.637998
2240 0.64042
2256 0.643055
2272 0.64515
2288 0.647373
2304 0.649058
2320 0.65081
2336 0.653041
2352 0.655137
2368 0.657088
2384 0.659121
2400 0.660808
2416 0.662561
2432 0.663809
2448 0.665715
2464 0.667448
2480 0.669007
2496 0.671161
2512 0.673042
2528 0.674372
2544 0.676092
2560 0.677623
2576 0.679019
2592 0.680546
2608 0.68189
2624 0.682652
2640 0.684002
2656 0.685601
2672 0.687288
2688 0.688979
2704 0.690215
2720 0.692034
2736 0.693021
2752 0.694323
2768 0.695982
2784 0.697069
2800 0.698122
2816 0.699349
2832 0.700622
2848 0.701646
2864 0.703122
2880 0.703919
2896 0.705086
2912 0.706249
2928 0.70768
2944 0.709039
2960 0.710002
2976 0.711193
2992 0.712363
3008 0.713116
3024 0.714304
3040 0.715075
3056 0.716033
3072 0.716932
3088 0.71816
3104 0.719684
3120 0.720777
3136 0.721653
3152 0.72299
3168 0.724062
3184 0.725062
3200 0.72621
