0 1.17192e-07
16 0.00146085
32 0.00444301
48 0.00838155
64 0.0129402
80 0.0174743
96 0.0221978
112 0.0277793
128 0.0331416
144 0.0386564
160 0.0443216
176 0.0504318
192 0.0564899
208 0.0631784
224 0.0701322
240 0.0768008
256 0.0830692
272 0.0902043
288 0.0966864
304 0.10302
320 0.109302
336 0.115628
352 0.122454
368 0.128794
384 0.13581
400 0.142527
416 0.149485
432 0.156017
448 0.163363
464 0.169788
480 0.17677
496 0.183907
512 0.190186
528 0.196692
544 0.20286
560 0.20987
576 0.216555
592 0.223673
608 0.229622
624 0.236302
640 0.243325
656 0.25038
672 0.257129
688 0.263285
704 0.269371
720 0.275566
736 0.281473
752 0.287242
768 0.293415
784 0.299533
800 0.305273
816 0.310787
832 0.316648
848 0.321958
864 0.327067
880 0.332245
896 0.337165
912 0.342267
928 0.34761
944 0.352171
960 0.356272
976 0.360446
992 0.365909
1008 0.370818
1024 0.376071
1040 0.380787
1056 0.38548
1072 0.39058
1088 0.395297
1104 0.400456
1120 0.405284
1136 0.410028
1152 0.41471
1168 0.418664
1184 0.423383
1200 0.427658
1216 0.431791
1232 0.435784
1248 0.440158
1264 0.444687
1280 0.449422
1296 0.454222
1312 0.458422
1328 0.463092
1344 0.467344
1360 0.471429
1376 0.47501
1392 0.478913
1408 0.482289
1424 0.486436
1440 0.489343
1456 0.493292
1472 0.496984
1488 0.501013
1504 0.504307
1520 0.507279
1536 0.510706
1552 0.514355
1568 0.518717
1584 0.522228
1600 0.525894
1616 0.529919
1632 0.533278
1648 0.536789
1664 0.539962
1680 0.543007
1696 0.546416
1712 0.549698
1728 0.552868
1744 0.556195
1760 0.558926
1776 0.561355
1792 0.564452
1808 0.567344
1824 0.569303
1840 0.571655
1856 0.574169
1872 0.577612
1888 0.580495
1904 0.583333
1920 0.586415
1936 0.588841
1952 0.591285
1968 0.593094
1984 0.595352
2000 0.598074
2016 0.601066
2032 0.60354
2048 0.605977
2064 0.608346
2080 0.610811
2096 0.61333
2112 0.61603
2128 0.617868
2144 0.620555
2160 0.622806
2176 0.625025
2192 0.627549
2208 0.629641
2224 0.631079
2240 0.633631
2256 0.636232
2272 0.638135
2288 0.640089
2304 0.641456
2320 0.643407
2336 0.645329
2352 0.647399
2368 0.64927
2384 0.651309
2400 0.653139
2416 0.654943
2432 0.656549
2448 0.658621
2464 0.660103
2480 0.661615
2496 0.66347
2512 0.665401
2528 0.666655
2544 0.668438
2560 0.669834
2576 0.671668
2592 0.673235
2608 0.674327
2624 0.6752
2640 0.67675
2656 0.678247
2672 0.679839
2688 0.681824
2704 0.683259
2720 0.685311
2736 0.68655
2752 0.687624
2768 0.689405
2784 0.690587
2800 0.691357
2816 0.692333
2832 0.693545
2848 0.694625
2864 0.696182
2880 0.696976
2896 0.69803
2912 0.699164
2928 0.700943
2944 0.702145
2960 0.702741
2976 0.704168
2992 0.705443
3008 0.706333
3024 0.707384
3040 0.708362
3056 0.709602
3072 0.710691
3088 0.712276
3104 0.713907
3120 0.715399
3136 0.716265
3152 0.717574
3168 0.718691
3184 0.719624
3200 0.720758
