0 1.15995e-07
16 0.00136772
32 0.00385598
48 0.00711074
64 0.0114001
80 0.0158425
96 0.0199661
112 0.02456
128 0.0290277
144 0.0338162
160 0.0390273
176 0.0441795
192 0.0487524
208 0.0543237
224 0.0606042
240 0.0660402
256 0.0708277
272 0.0769967
288 0.0832106
304 0.0889601
320 0.0948398
336 0.0997042
352 0.106792
368 0.112605
384 0.119114
400 0.125231
416 0.130516
432 0.135496
448 0.141927
464 0.147514
480 0.152244
496 0.158009
512 0.163194
528 0.169225
544 0.175286
560 0.182252
576 0.188315
592 0.194419
608 0.198514
624 0.204263
640 0.210493
656 0.217304
672 0.224426
688 0.230407
704 0.236574
720 0.242434
736 0.247945
752 0.25371
768 0.259039
784 0.264963
800 0.27029
816 0.275796
832 0.280264
848 0.285728
864 0.290532
880 0.296386
896 0.302152
912 0.308046
928 0.313034
944 0.317781
960 0.321581
976 0.324139
992 0.329402
1008 0.333908
1024 0.339407
1040 0.345387
1056 0.3508
1072 0.35645
1088 0.362784
1104 0.36943
1120 0.375153
1136 0.380261
1152 0.385569
1168 0.389572
1184 0.393597
1200 0.39907
1216 0.403299
1232 0.408405
1248 0.412628
1264 0.415972
1280 0.419998
1296 0.423714
1312 0.426032
1328 0.430002
1344 0.433698
1360 0.437266
1376 0.439581
1392 0.442828
1408 0.445741
1424 0.449772
1440 0.451545
1456 0.455079
1472 0.458601
1488 0.461189
1504 0.464487
1520 0.467417
1536 0.469933
1552 0.4732
1568 0.478041
1584 0.483003
1600 0.486515
1616 0.490776
1632 0.494083
1648 0.497723
1664 0.499509
1680 0.502333
1696 0.506081
1712 0.509161
1728 0.512224
1744 0.514865
1760 0.517216
1776 0.518825
1792 0.522326
1808 0.524425
1824 0.526151
1840 0.529117
1856 0.531195
1872 0.535046
1888 0.537443
1904 0.54084
1920 0.544578
1936 0.5461
1952 0.548503
1968 0.551329
1984 0.5546
2000 0.556812
2016 0.558801
2032 0.561415
2048 0.563742
2064 0.566138
2080 0.567866
2096 0.569646
2112 0.57224
2128 0.574071
2144 0.577609
2160 0.579394
2176 0.581994
2192 0.586002
2208 0.587897
2224 0.588463
2240 0.591077
2256 0.594943
2272 0.5988
2288 0.601167
2304 0.602076
2320 0.603736
2336 0.60551
2352 0.608322
2368 0.611366
2384 0.614332
2400 0.618232
2416 0.621097
2432 0.623549
2448 0.625325
2464 0.626903
2480 0.629027
2496 0.630897
2512 0.633476
2528 0.635536
2544 0.637263
2560 0.639269
2576 0.641922
2592 0.644136
2608 0.646151
2624 0.646729
2640 0.648963
2656 0.650981
2672 0.652469
2688 0.655372
2704 0.657251
2720 0.659118
2736 0.660547
2752 0.662721
2768 0.665341
2784 0.666873
2800 0.668332
2816 0.66954
2832 0.670959
2848 0.671803
2864 0.674218
2880 0.675293
2896 0.676103
2912 0.677073
2928 0.679502
2944 0.68123
2960 0.680937
2976 0.683245
2992 0.685146
3008 0.685427
3024 0.686223
3040 0.687467
3056 0.688659
3072 0.690044
3088 0.692608
3104 0.693873
3120 0.696002
3136 0.696771
3152 0.697969
3168 0.698452
3184 0.698954
3200 0.699938
