0 0.000243655
16 0.0266621
32 0.0465692
48 0.0639577
64 0.0796601
80 0.093958
96 0.106318
112 0.11976
128 0.131613
144 0.142787
160 0.153776
176 0.164729
192 0.17467
208 0.185566
224 0.195998
240 0.205266
256 0.214428
272 0.223885
288 0.232285
304 0.240791
320 0.249394
336 0.257481
352 0.266289
368 0.273602
384 0.282332
400 0.289903
416 0.29809
432 0.30532
448 0.313785
464 0.321002
480 0.328762
496 0.336364
512 0.343071
528 0.350006
544 0.356783
560 0.363611
576 0.370311
592 0.377342
608 0.383257
624 0.389403
640 0.396173
656 0.402662
672 0.407748
688 0.413039
704 0.418423
720 0.424138
736 0.429448
752 0.434654
768 0.440433
784 0.446411
800 0.451989
816 0.457299
832 0.462362
848 0.467281
864 0.471615
880 0.476576
896 0.480842
912 0.485389
928 0.490152
944 0.494119
960 0.497961
976 0.501665
992 0.506656
1008 0.511099
1024 0.515907
1040 0.519957
1056 0.523912
1072 0.528035
1088 0.532187
1104 0.536863
1120 0.54105
1136 0.545127
1152 0.549363
1168 0.552623
1184 0.556277
1200 0.559688
1216 0.563112
1232 0.56642
1248 0.569613
1264 0.573477
1280 0.57734
1296 0.580773
1312 0.584055
1328 0.587494
1344 0.591177
1360 0.59414
1376 0.596761
1392 0.599826
1408 0.602361
1424 0.605599
1440 0.607799
1456 0.611322
1472 0.614387
1488 0.617138
1504 0.619573
1520 0.621887
1536 0.624352
1552 0.627262
1568 0.630319
1584 0.632778
1600 0.635434
1616 0.638261
1632 0.640647
1648 0.642989
1664 0.644851
1680 0.647159
1696 0.649696
1712 0.651976
1728 0.654297
1744 0.65661
1760 0.658704
1776 0.660505
1792 0.663009
1808 0.665361
1824 0.666946
1840 0.668892
1856 0.670611
1872 0.673297
1888 0.675422
1904 0.6775
1920 0.679738
1936 0.681411
1952 0.683184
1968 0.684535
1984 0.686533
2000 0.688571
2016 0.690615
2032 0.692269
2048 0.69392
2064 0.695346
2080 0.696812
2096 0.698632
2112 0.700413
2128 0.701639
2144 0.703674
2160 0.705508
2176 0.707219
2192 0.709105
2208 0.710594
2224 0.711634
2240 0.713115
2256 0.714895
2272 0.716529
2288 0.717835
2304 0.718811
2320 0.720335
2336 0.721958
2352 0.723479
2368 0.724671
2384 0.726454
2400 0.727949
2416 0.728981
2432 0.730306
2448 0.731669
2464 0.732659
2480 0.733875
2496 0.735135
2512 0.736442
2528 0.737214
2544 0.738357
2560 0.739109
2576 0.740581
2592 0.741522
2608 0.742306
2624 0.743145
2640 0.744613
2656 0.745527
2672 0.746464
2688 0.747794
2704 0.748826
2720 0.75015
2736 0.751298
2752 0.752312
2768 0.753505
2784 0.754426
2800 0.754939
2816 0.755754
2832 0.756526
2848 0.757204
2864 0.75839
2880 0.75902
2896 0.760156
2912 0.760855
2928 0.76244
2944 0.763506
2960 0.763718
2976 0.76486
2992 0.765958
3008 0.766438
3024 0.767152
3040 0.768066
3056 0.769211
3072 0.770056
3088 0.771307
3104 0.772594
3120 0.773631
3136 0.774463
3152 0.775518
3168 0.776155
3184 0.776922
3200 0.77764
