0 0.01523
16 -0.0112526
32 0.0122977
48 0.0224594
64 0.0432692
80 0.0832853
96 0.117058
112 0.142067
128 0.165972
144 0.184415
160 0.204189
176 0.220534
192 0.228946
208 0.244146
224 0.254933
240 0.266484
256 0.277536
272 0.286229
288 0.295154
304 0.307493
320 0.323034
336 0.335623
352 0.348539
368 0.355558
384 0.367886
400 0.374745
416 0.383476
432 0.389476
448 0.398244
464 0.406371
480 0.414074
496 0.420461
512 0.429644
528 0.438157
544 0.446782
560 0.45239
576 0.459652
592 0.466083
608 0.472332
624 0.478155
640 0.484018
656 0.489039
672 0.490085
688 0.493468
704 0.499433
720 0.503689
736 0.510134
752 0.515288
768 0.522533
784 0.528846
800 0.534543
816 0.539528
832 0.544499
848 0.549602
864 0.553384
880 0.559635
896 0.563719
912 0.568349
928 0.573521
944 0.57847
960 0.584397
976 0.588966
992 0.594304
1008 0.598864
1024 0.604526
1040 0.608714
1056 0.612528
1072 0.617409
1088 0.621507
1104 0.626146
1120 0.630925
1136 0.6345
1152 0.638567
1168 0.641982
1184 0.645505
1200 0.649495
1216 0.652952
1232 0.656838
1248 0.659791
1264 0.66384
1280 0.667791
1296 0.671104
1312 0.67397
1328 0.676112
1344 0.680742
1360 0.683139
1376 0.685799
1392 0.688774
1408 0.691152
1424 0.693814
1440 0.695172
1456 0.698998
1472 0.701374
1488 0.703693
1504 0.705815
1520 0.707982
1536 0.710086
1552 0.712651
1568 0.715306
1584 0.71773
1600 0.72044
1616 0.723263
1632 0.726071
1648 0.727873
1664 0.729201
1680 0.731522
1696 0.733535
1712 0.735266
1728 0.737142
1744 0.739274
1760 0.74149
1776 0.742664
1792 0.744606
1808 0.747152
1824 0.74913
1840 0.751343
1856 0.753158
1872 0.755235
1888 0.757249
1904 0.75921
1920 0.760811
1936 0.762474
1952 0.763742
1968 0.764792
1984 0.766981
2000 0.768793
2016 0.770424
2032 0.771646
2048 0.77361
2064 0.774709
2080 0.77551
2096 0.77661
2112 0.777919
2128 0.778904
2144 0.781266
2160 0.782583
2176 0.784239
2192 0.785617
2208 0.786803
2224 0.787387
2240 0.787927
2256 0.789223
2272 0.790546
2288 0.791064
2304 0.792108
2320 0.793073
2336 0.794665
2352 0.795923
2368 0.796875
2384 0.798789
2400 0.800216
2416 0.80087
2432 0.801563
2448 0.802685
2464 0.803661
2480 0.80492
2496 0.806096
2512 0.807318
2528 0.807536
2544 0.808058
2560 0.808916
2576 0.809967
2592 0.810433
2608 0.811319
2624 0.811888
2640 0.813291
2656 0.813665
2672 0.814761
2688 0.815695
2704 0.816569
2720 0.817658
2736 0.818893
2752 0.81961
2768 0.820329
2784 0.820887
2800 0.821517
2816 0.822217
2832 0.822902
2848 0.823487
2864 0.824576
2880 0.824766
2896 0.826027
2912 0.826205
2928 0.827203
2944 0.827808
2960 0.828019
2976 0.829127
2992 0.830035
3008 0.830174
3024 0.830837
3040 0.831494
3056 0.832177
3072 0.832824
3088 0.833902
3104 0.834623
3120 0.834961
3136 0.83584
3152 0.836904
3168 0.837158
3184 0.837773
3200 0.838162
