0 0.00892134
16 -0.0136373
32 -0.00166434
48 0.00553275
64 0.0212762
80 0.0660678
96 0.0906065
112 0.115933
128 0.140107
144 0.158881
160 0.177193
176 0.193324
192 0.201326
208 0.219496
224 0.232882
240 0.243625
256 0.255991
272 0.266724
288 0.276484
304 0.289977
320 0.305868
336 0.318084
352 0.331808
368 0.338374
384 0.351059
400 0.359108
416 0.368043
432 0.375987
448 0.386333
464 0.395094
480 0.404527
496 0.411501
512 0.421067
528 0.429172
544 0.439017
560 0.445329
576 0.452711
592 0.458786
608 0.464691
624 0.469589
640 0.476151
656 0.481118
672 0.481044
688 0.484117
704 0.490079
720 0.495656
736 0.502523
752 0.507998
768 0.515182
784 0.522156
800 0.52892
816 0.53473
832 0.538843
848 0.543504
864 0.547565
880 0.554297
896 0.558452
912 0.562859
928 0.568533
944 0.573028
960 0.578357
976 0.582952
992 0.588322
1008 0.59285
1024 0.598422
1040 0.602588
1056 0.606609
1072 0.610793
1088 0.614688
1104 0.620381
1120 0.624879
1136 0.628464
1152 0.6325
1168 0.636191
1184 0.640203
1200 0.643526
1216 0.647191
1232 0.651253
1248 0.65446
1264 0.658671
1280 0.662883
1296 0.665392
1312 0.6686
1328 0.67108
1344 0.676022
1360 0.678124
1376 0.68107
1392 0.683857
1408 0.686252
1424 0.688735
1440 0.689884
1456 0.694236
1472 0.69634
1488 0.698079
1504 0.700016
1520 0.702276
1536 0.704774
1552 0.707816
1568 0.710521
1584 0.712986
1600 0.715649
1616 0.718018
1632 0.720423
1648 0.722375
1664 0.72393
1680 0.726284
1696 0.728295
1712 0.729771
1728 0.732318
1744 0.734592
1760 0.736982
1776 0.737996
1792 0.740356
1808 0.74297
1824 0.744741
1840 0.746521
1856 0.74803
1872 0.750551
1888 0.75266
1904 0.754229
1920 0.755565
1936 0.757371
1952 0.758972
1968 0.759919
1984 0.761701
2000 0.762993
2016 0.764591
2032 0.765802
2048 0.767715
2064 0.768461
2080 0.769045
2096 0.770194
2112 0.771566
2128 0.772402
2144 0.774483
2160 0.775839
2176 0.777349
2192 0.778987
2208 0.780171
2224 0.780743
2240 0.781362
2256 0.782457
2272 0.783755
2288 0.784477
2304 0.785578
2320 0.787096
2336 0.788606
2352 0.790054
2368 0.791197
2384 0.793138
2400 0.794746
2416 0.795475
2432 0.795914
2448 0.797137
2464 0.797925
2480 0.799469
2496 0.800589
2512 0.80162
2528 0.801695
2544 0.802202
2560 0.802745
2576 0.804247
2592 0.804971
2608 0.806046
2624 0.806822
2640 0.808344
2656 0.808971
2672 0.809698
2688 0.810974
2704 0.811475
2720 0.812504
2736 0.813728
2752 0.814406
2768 0.81534
2784 0.816
2800 0.816606
2816 0.817345
2832 0.818058
2848 0.818706
2864 0.820023
2880 0.82075
2896 0.822307
2912 0.822213
2928 0.823299
2944 0.823697
2960 0.823754
2976 0.825001
2992 0.825843
3008 0.826067
3024 0.826417
3040 0.827166
3056 0.827892
3072 0.82864
3088 0.829735
3104 0.83045
3120 0.830783
3136 0.831652
3152 0.832539
3168 0.832909
3184 0.833614
3200 0.833882
