0 0.00922329
16 -0.0351734
32 -0.0162827
48 -0.00113636
64 0.0124872
80 0.0666371
96 0.0954333
112 0.123028
128 0.145782
144 0.164945
160 0.188114
176 0.20063
192 0.209968
208 0.228345
224 0.240028
240 0.250904
256 0.264447
272 0.275
288 0.282964
304 0.295929
320 0.312855
336 0.326292
352 0.33798
368 0.343728
384 0.357579
400 0.364245
416 0.373354
432 0.379709
448 0.389904
464 0.398478
480 0.407757
496 0.415788
512 0.425066
528 0.433024
544 0.441781
560 0.447346
576 0.453578
592 0.459731
608 0.465379
624 0.469703
640 0.477456
656 0.48243
672 0.481301
688 0.483387
704 0.488984
720 0.494294
736 0.500701
752 0.505802
768 0.512161
784 0.518582
800 0.525894
816 0.530676
832 0.534278
848 0.539258
864 0.542869
880 0.549357
896 0.553181
912 0.557749
928 0.563281
944 0.567761
960 0.573002
976 0.577344
992 0.582782
1008 0.587539
1024 0.593327
1040 0.597318
1056 0.600487
1072 0.604017
1088 0.608205
1104 0.613733
1120 0.61826
1136 0.622256
1152 0.626676
1168 0.630338
1184 0.633945
1200 0.63683
1216 0.640317
1232 0.644224
1248 0.646833
1264 0.650936
1280 0.654537
1296 0.656987
1312 0.659957
1328 0.662303
1344 0.667198
1360 0.669445
1376 0.671512
1392 0.674002
1408 0.6758
1424 0.678621
1440 0.680161
1456 0.684297
1472 0.686443
1488 0.687895
1504 0.689721
1520 0.692324
1536 0.694439
1552 0.697452
1568 0.699938
1584 0.702268
1600 0.704788
1616 0.707411
1632 0.709746
1648 0.712186
1664 0.713191
1680 0.715531
1696 0.717946
1712 0.719653
1728 0.721902
1744 0.72369
1760 0.725715
1776 0.726824
1792 0.729274
1808 0.732011
1824 0.733341
1840 0.735271
1856 0.736579
1872 0.739097
1888 0.740768
1904 0.742135
1920 0.743563
1936 0.744957
1952 0.7463
1968 0.747546
1984 0.749527
2000 0.751008
2016 0.752348
2032 0.753258
2048 0.754882
2064 0.755483
2080 0.756134
2096 0.757336
2112 0.758538
2128 0.759369
2144 0.761473
2160 0.762967
2176 0.764151
2192 0.765677
2208 0.766679
2224 0.767126
2240 0.767527
2256 0.768706
2272 0.770072
2288 0.771028
2304 0.771919
2320 0.773422
2336 0.775185
2352 0.776524
2368 0.777622
2384 0.779766
2400 0.781368
2416 0.781944
2432 0.782848
2448 0.784127
2464 0.784779
2480 0.786064
2496 0.787012
2512 0.7879
2528 0.788046
2544 0.788291
2560 0.788916
2576 0.790454
2592 0.79091
2608 0.791911
2624 0.792844
2640 0.79456
2656 0.795071
2672 0.795641
2688 0.796889
2704 0.797679
2720 0.798408
2736 0.799852
2752 0.800792
2768 0.80137
2784 0.802103
2800 0.802705
2816 0.803264
2832 0.803749
2848 0.804294
2864 0.805616
2880 0.806243
2896 0.807846
2912 0.80794
2928 0.809318
2944 0.810175
2960 0.80993
2976 0.811127
2992 0.811963
3008 0.81202
3024 0.812387
3040 0.813507
3056 0.814424
3072 0.815263
3088 0.816368
3104 0.81728
3120 0.817658
3136 0.8186
3152 0.819564
3168 0.819748
3184 0.820555
3200 0.820854
