0 0.00340104
16 -0.0243093
32 0.00365025
48 0.00599446
64 0.0217749
80 0.0642257
96 0.093132
112 0.119746
128 0.146595
144 0.166479
160 0.188017
176 0.206717
192 0.215207
208 0.230581
224 0.241035
240 0.250512
256 0.261347
272 0.270883
288 0.279427
304 0.293291
320 0.310121
336 0.323331
352 0.337392
368 0.344668
384 0.358226
400 0.364752
416 0.373419
432 0.37994
448 0.389346
464 0.397622
480 0.406223
496 0.41288
512 0.422478
528 0.431556
544 0.440824
560 0.446594
576 0.453842
592 0.459988
608 0.465787
624 0.470805
640 0.47757
656 0.482673
672 0.483368
688 0.486863
704 0.492814
720 0.49755
736 0.504632
752 0.509797
768 0.517002
784 0.524405
800 0.530351
816 0.535844
832 0.540776
848 0.545775
864 0.549784
880 0.556058
896 0.559989
912 0.564448
928 0.569798
944 0.574543
960 0.58039
976 0.585058
992 0.590654
1008 0.595022
1024 0.600934
1040 0.605048
1056 0.609143
1072 0.613787
1088 0.617968
1104 0.623215
1120 0.628128
1136 0.632001
1152 0.635815
1168 0.639368
1184 0.643049
1200 0.646699
1216 0.650288
1232 0.654327
1248 0.657364
1264 0.661819
1280 0.665501
1296 0.66836
1312 0.671335
1328 0.673589
1344 0.678503
1360 0.680986
1376 0.683729
1392 0.686768
1408 0.688968
1424 0.691649
1440 0.692874
1456 0.697004
1472 0.699312
1488 0.701197
1504 0.703432
1520 0.705698
1536 0.708105
1552 0.710829
1568 0.71361
1584 0.716168
1600 0.718784
1616 0.721491
1632 0.724204
1648 0.726225
1664 0.727604
1680 0.729711
1696 0.731661
1712 0.733322
1728 0.73544
1744 0.737562
1760 0.739483
1776 0.740481
1792 0.742618
1808 0.745278
1824 0.74709
1840 0.748901
1856 0.750493
1872 0.752742
1888 0.754718
1904 0.756516
1920 0.758065
1936 0.75985
1952 0.761364
1968 0.762522
1984 0.764543
2000 0.765978
2016 0.767541
2032 0.768783
2048 0.770612
2064 0.771204
2080 0.771906
2096 0.772946
2112 0.774267
2128 0.775246
2144 0.77749
2160 0.778682
2176 0.780217
2192 0.781778
2208 0.783066
2224 0.78365
2240 0.784264
2256 0.785536
2272 0.786768
2288 0.787481
2304 0.788415
2320 0.789665
2336 0.79109
2352 0.792401
2368 0.793373
2384 0.795369
2400 0.796748
2416 0.797573
2432 0.798045
2448 0.799115
2464 0.800028
2480 0.801291
2496 0.802384
2512 0.803591
2528 0.803738
2544 0.804246
2560 0.804939
2576 0.80622
2592 0.806825
2608 0.807765
2624 0.808643
2640 0.810252
2656 0.810723
2672 0.811591
2688 0.812706
2704 0.813278
2720 0.814333
2736 0.815683
2752 0.816382
2768 0.817143
2784 0.817764
2800 0.818396
2816 0.818933
2832 0.81954
2848 0.820265
2864 0.821411
2880 0.821801
2896 0.823209
2912 0.823291
2928 0.824358
2944 0.824903
2960 0.824957
2976 0.826221
2992 0.827163
3008 0.82741
3024 0.827963
3040 0.828821
3056 0.829736
3072 0.830449
3088 0.831589
3104 0.832384
3120 0.832619
3136 0.833516
3152 0.834447
3168 0.83459
3184 0.835198
3200 0.835355
