0 0.0115168
16 0.00485238
32 0.0324511
48 0.0393081
64 0.0585973
80 0.0960949
96 0.127408
112 0.149586
128 0.169941
144 0.186174
160 0.204491
176 0.220937
192 0.230215
208 0.246563
224 0.257484
240 0.269919
256 0.281814
272 0.291775
288 0.300084
304 0.312841
320 0.328462
336 0.340817
352 0.353693
368 0.360415
384 0.372527
400 0.379189
416 0.387151
432 0.393338
448 0.401857
464 0.409757
480 0.416715
496 0.42279
512 0.432058
528 0.440593
544 0.449356
560 0.454565
576 0.461915
592 0.467822
608 0.473996
624 0.479689
640 0.485661
656 0.49046
672 0.491636
688 0.495006
704 0.501167
720 0.505786
736 0.512339
752 0.517588
768 0.524585
784 0.530755
800 0.536388
816 0.541342
832 0.546299
848 0.551501
864 0.55511
880 0.561268
896 0.565084
912 0.569614
928 0.574501
944 0.57932
960 0.585075
976 0.589498
992 0.594932
1008 0.599299
1024 0.604949
1040 0.609191
1056 0.612964
1072 0.617753
1088 0.621833
1104 0.626327
1120 0.631086
1136 0.634661
1152 0.638802
1168 0.6423
1184 0.646106
1200 0.650097
1216 0.653641
1232 0.657398
1248 0.660586
1264 0.664613
1280 0.668319
1296 0.671786
1312 0.674738
1328 0.676906
1344 0.68151
1360 0.683876
1376 0.686735
1392 0.689663
1408 0.692112
1424 0.694938
1440 0.696386
1456 0.700053
1472 0.70249
1488 0.704771
1504 0.707057
1520 0.709293
1536 0.711373
1552 0.713859
1568 0.716541
1584 0.718928
1600 0.721656
1616 0.724412
1632 0.727269
1648 0.729144
1664 0.730512
1680 0.732645
1696 0.734645
1712 0.736356
1728 0.738221
1744 0.740242
1760 0.742471
1776 0.743609
1792 0.745563
1808 0.748082
1824 0.750021
1840 0.752231
1856 0.754017
1872 0.756044
1888 0.757822
1904 0.759665
1920 0.76114
1936 0.762841
1952 0.764
1968 0.765126
1984 0.76743
2000 0.769242
2016 0.770853
2032 0.772058
2048 0.774029
2064 0.775192
2080 0.776029
2096 0.777044
2112 0.778377
2128 0.779421
2144 0.781724
2160 0.783085
2176 0.784736
2192 0.786125
2208 0.78724
2224 0.787847
2240 0.788398
2256 0.789683
2272 0.79103
2288 0.791541
2304 0.792648
2320 0.793562
2336 0.795128
2352 0.796403
2368 0.797364
2384 0.799258
2400 0.800648
2416 0.801425
2432 0.802167
2448 0.803392
2464 0.804359
2480 0.805653
2496 0.806862
2512 0.808074
2528 0.808303
2544 0.80883
2560 0.809744
2576 0.8108
2592 0.811355
2608 0.812128
2624 0.81279
2640 0.814208
2656 0.814624
2672 0.815663
2688 0.81648
2704 0.817386
2720 0.818483
2736 0.819695
2752 0.820462
2768 0.821182
2784 0.821636
2800 0.822352
2816 0.823073
2832 0.823642
2848 0.824281
2864 0.825307
2880 0.82558
2896 0.826888
2912 0.826986
2928 0.827897
2944 0.828449
2960 0.828624
2976 0.829752
2992 0.830657
3008 0.830765
3024 0.831495
3040 0.83214
3056 0.83285
3072 0.833488
3088 0.83457
3104 0.835327
3120 0.835591
3136 0.836538
3152 0.837567
3168 0.837903
3184 0.838529
3200 0.838892
