0 -0.119401
16 0.0194105
32 0.0490365
48 0.0550001
64 0.0387247
80 0.0332439
96 0.0233337
112 0.0649459
128 0.0893596
144 0.105647
160 0.124625
176 0.123072
192 0.119722
208 0.137459
224 0.13589
240 0.142518
256 0.156875
272 0.167157
288 0.16677
304 0.171586
320 0.184429
336 0.189973
352 0.206574
368 0.20199
384 0.220144
400 0.219773
416 0.229928
432 0.248384
448 0.270854
464 0.278891
480 0.294502
496 0.307973
512 0.320701
528 0.339704
544 0.348861
560 0.358749
576 0.363108
592 0.366418
608 0.374149
624 0.384385
640 0.394702
656 0.400139
672 0.396647
688 0.397599
704 0.40072
720 0.408022
736 0.419435
752 0.428825
768 0.432669
784 0.441862
800 0.448434
816 0.452743
832 0.454671
848 0.46239
864 0.470532
880 0.480704
896 0.483506
912 0.488849
928 0.496767
944 0.502322
960 0.509454
976 0.515139
992 0.519304
1008 0.527781
1024 0.533256
1040 0.541512
1056 0.544737
1072 0.549075
1088 0.551799
1104 0.560017
1120 0.565318
1136 0.570902
1152 0.575573
1168 0.580219
1184 0.583965
1200 0.589276
1216 0.593275
1232 0.598514
1248 0.603403
1264 0.609063
1280 0.612252
1296 0.617553
1312 0.621335
1328 0.623923
1344 0.629756
1360 0.634216
1376 0.636675
1392 0.637861
1408 0.639852
1424 0.643944
1440 0.645719
1456 0.648498
1472 0.649929
1488 0.652183
1504 0.655322
1520 0.659432
1536 0.65977
1552 0.662408
1568 0.666095
1584 0.668836
1600 0.672227
1616 0.675273
1632 0.677098
1648 0.681061
1664 0.681055
1680 0.683591
1696 0.687497
1712 0.690194
1728 0.691992
1744 0.693694
1760 0.695803
1776 0.696321
1792 0.698618
1808 0.700857
1824 0.701771
1840 0.705027
1856 0.705558
1872 0.706438
1888 0.70627
1904 0.708092
1920 0.710902
1936 0.710925
1952 0.712037
1968 0.715457
1984 0.718665
2000 0.719941
2016 0.721409
2032 0.722748
2048 0.723908
2064 0.725383
2080 0.726122
2096 0.728151
2112 0.729123
2128 0.729825
2144 0.733362
2160 0.73509
2176 0.73767
2192 0.741057
2208 0.742285
2224 0.742373
2240 0.741713
2256 0.743278
2272 0.745402
2288 0.745807
2304 0.745761
2320 0.747209
2336 0.750367
2352 0.751356
2368 0.75466
2384 0.757524
2400 0.761193
2416 0.762469
2432 0.764011
2448 0.765128
2464 0.766195
2480 0.767613
2496 0.77014
2512 0.770471
2528 0.771228
2544 0.772238
2560 0.772854
2576 0.77548
2592 0.777141
2608 0.779452
2624 0.781915
2640 0.784199
2656 0.786172
2672 0.78777
2688 0.790569
2704 0.79228
2720 0.792849
2736 0.793279
2752 0.793481
2768 0.79384
2784 0.793994
2800 0.794634
2816 0.795582
2832 0.795493
2848 0.79608
2864 0.79797
2880 0.79858
2896 0.800061
2912 0.799887
2928 0.802339
2944 0.802817
2960 0.802306
2976 0.803871
2992 0.805473
3008 0.806407
3024 0.807542
3040 0.809045
3056 0.808682
3072 0.809683
3088 0.812284
3104 0.813115
3120 0.81263
3136 0.814224
3152 0.815399
3168 0.815137
3184 0.815338
3200 0.814759
