0 0.0293122
1 0.0414806
2 0.0941145
3 0.147123
4 0.194579
5 0.231924
6 0.265254
7 0.297734
8 0.328823
9 0.357412
10 0.38493
11 0.410083
12 0.434181
13 0.457113
14 0.478327
15 0.498341
16 0.518265
17 0.536682
18 0.554012
19 0.570825
20 0.586998
21 0.603043
22 0.617567
23 0.631478
24 0.644325
25 0.65648
26 0.668321
27 0.679551
28 0.689591
29 0.699413
30 0.708549
31 0.717672
32 0.725965
33 0.734272
34 0.742086
35 0.749735
36 0.757216
37 0.764449
38 0.771272
39 0.777935
40 0.784169
41 0.790013
42 0.795414
43 0.800469
44 0.805617
45 0.810392
46 0.814728
47 0.819141
48 0.823124
49 0.827001
50 0.830756
51 0.83453
52 0.838029
53 0.841415
54 0.844804
55 0.8479
56 0.850734
57 0.853276
58 0.855965
59 0.858355
60 0.860848
61 0.86329
62 0.865657
63 0.867885
64 0.870062
65 0.872062
66 0.873916
67 0.875862
68 0.877691
69 0.879267
70 0.880855
71 0.88238
72 0.883688
73 0.885038
74 0.886167
75 0.887279
76 0.888399
77 0.889462
78 0.890582
79 0.891729
80 0.892844
81 0.893987
82 0.895124
83 0.896261
84 0.897293
85 0.898275
86 0.899194
87 0.90007
88 0.900895
89 0.901825
90 0.902687
91 0.903512
92 0.904337
93 0.905152
94 0.905878
95 0.906624
96 0.907311
97 0.907893
98 0.908422
99 0.908969
100 0.909472
101 0.910066
102 0.910506
103 0.911027
104 0.911612
105 0.912185
106 0.912795
107 0.913294
108 0.913693
109 0.914105
110 0.914563
111 0.914984
112 0.915335
113 0.915643
114 0.915972
115 0.91621
116 0.916454
117 0.916667
118 0.916886
119 0.917101
120 0.917324
121 0.91754
122 0.917726
123 0.917889
124 0.918072
125 0.918282
126 0.918499
127 0.918659
128 0.918775
129 0.918911
130 0.919001
131 0.919161
132 0.919369
133 0.919415
134 0.919538
135 0.919609
136 0.919658
137 0.919855
138 0.919963
139 0.920072
140 0.920167
141 0.920231
142 0.920223
143 0.920232
144 0.920252
145 0.920293
146 0.920335
147 0.920346
148 0.920382
149 0.920419
150 0.920435
151 0.920502
152 0.920542
153 0.920613
154 0.920603
155 0.920681
156 0.92073
157 0.920787
158 0.920743
159 0.920771
160 0.920806
161 0.920877
162 0.92091
163 0.920963
164 0.921069
165 0.921141
166 0.921236
167 0.921331
168 0.921419
169 0.921459
170 0.921541
171 0.921573
172 0.921618
173 0.921595
174 0.921592
175 0.921613
176 0.92163
177 0.921588
178 0.921606
179 0.921605
180 0.921627
181 0.921649
182 0.921669
183 0.921727
184 0.921732
185 0.921702
186 0.921712
187 0.921725
188 0.921694
189 0.921733
190 0.921793
191 0.921773
192 0.921803
193 0.921831
194 0.921877
195 0.921913
196 0.921927
197 0.921952
198 0.921982
199 0.922028
200 0.922071
