0 0.0891725
1 0.0315775
2 0.0976645
3 0.160411
4 0.232865
5 0.286684
6 0.318973
7 0.348099
8 0.36992
9 0.38979
10 0.414448
11 0.43366
12 0.452823
13 0.470846
14 0.490415
15 0.511787
16 0.535549
17 0.555513
18 0.5741
19 0.592907
20 0.610554
21 0.62917
22 0.644753
23 0.66126
24 0.676523
25 0.690432
26 0.704581
27 0.718331
28 0.729145
29 0.740808
30 0.751177
31 0.762112
32 0.770838
33 0.780073
34 0.788605
35 0.797692
36 0.806815
37 0.815567
38 0.823413
39 0.831543
40 0.839267
41 0.84649
42 0.852808
43 0.858391
44 0.864435
45 0.869585
46 0.873791
47 0.878761
48 0.882717
49 0.886615
50 0.890397
51 0.894595
52 0.898185
53 0.901733
54 0.90581
55 0.90937
56 0.912245
57 0.914443
58 0.9173
59 0.919293
60 0.921787
61 0.924275
62 0.926573
63 0.928646
64 0.930882
65 0.932877
66 0.934576
67 0.936682
68 0.93867
69 0.940201
70 0.941873
71 0.94341
72 0.944544
73 0.946069
74 0.947004
75 0.947998
76 0.949006
77 0.949825
78 0.95076
79 0.951573
80 0.952199
81 0.952852
82 0.953552
83 0.954312
84 0.954846
85 0.955424
86 0.955943
87 0.956454
88 0.956907
89 0.957662
90 0.958197
91 0.958709
92 0.959319
93 0.960019
94 0.960584
95 0.96135
96 0.962043
97 0.962504
98 0.962918
99 0.963439
100 0.963848
101 0.96455
102 0.96469
103 0.965023
104 0.965533
105 0.966005
106 0.966646
107 0.967034
108 0.967162
109 0.967414
110 0.967863
111 0.968285
112 0.968592
113 0.968802
114 0.969146
115 0.969266
116 0.969506
117 0.969733
118 0.969994
119 0.970177
120 0.970432
121 0.970729
122 0.970934
123 0.971013
124 0.971171
125 0.971376
126 0.971608
127 0.971686
128 0.971701
129 0.97186
130 0.971888
131 0.972131
132 0.972555
133 0.972507
134 0.972712
135 0.972764
136 0.972763
137 0.973221
138 0.973415
139 0.97365
140 0.973845
141 0.973937
142 0.973825
143 0.973822
144 0.973884
145 0.974016
146 0.974148
147 0.974182
148 0.974315
149 0.974449
150 0.974511
151 0.974756
152 0.974887
153 0.975122
154 0.975058
155 0.975282
156 0.975401
157 0.975558
158 0.975375
159 0.975441
160 0.975512
161 0.975655
162 0.975639
163 0.975701
164 0.975976
165 0.976167
166 0.976412
167 0.976656
168 0.97689
169 0.977005
170 0.977236
171 0.977325
172 0.977451
173 0.977353
174 0.97734
175 0.977417
176 0.977471
177 0.977347
178 0.977416
179 0.977424
180 0.977493
181 0.977586
182 0.977647
183 0.977831
184 0.977849
185 0.977763
186 0.977791
187 0.977838
188 0.977755
189 0.977885
190 0.978088
191 0.978024
192 0.978114
193 0.978231
194 0.978372
195 0.978498
196 0.978535
197 0.978623
198 0.978728
199 0.978878
200 0.979018
