0 0.0505144
1 0.0309869
2 0.114711
3 0.173349
4 0.227592
5 0.26709
6 0.297787
7 0.329515
8 0.358264
9 0.383202
10 0.408927
11 0.431021
12 0.452782
13 0.473074
14 0.493222
15 0.513306
16 0.534254
17 0.552656
18 0.569966
19 0.587303
20 0.604124
21 0.621453
22 0.636413
23 0.651632
24 0.665606
25 0.678649
26 0.691718
27 0.704365
28 0.714972
29 0.725792
30 0.73554
31 0.745687
32 0.754452
33 0.763431
34 0.771772
35 0.780309
36 0.788746
37 0.796872
38 0.804284
39 0.811689
40 0.81858
41 0.824963
42 0.830641
43 0.835711
44 0.841007
45 0.845652
46 0.84965
47 0.854133
48 0.857975
49 0.861878
50 0.865717
51 0.869739
52 0.873205
53 0.876529
54 0.880127
55 0.883373
56 0.886212
57 0.88856
58 0.891299
59 0.893466
60 0.895897
61 0.898322
62 0.900588
63 0.902679
64 0.90483
65 0.90676
66 0.908463
67 0.910429
68 0.912268
69 0.913777
70 0.915373
71 0.916875
72 0.918049
73 0.91945
74 0.920462
75 0.921517
76 0.92259
77 0.923578
78 0.924708
79 0.925803
80 0.926753
81 0.927664
82 0.928574
83 0.929517
84 0.930278
85 0.931028
86 0.931709
87 0.932364
88 0.932988
89 0.933817
90 0.934502
91 0.935157
92 0.935886
93 0.936707
94 0.937434
95 0.938277
96 0.939038
97 0.939588
98 0.940069
99 0.94061
100 0.941078
101 0.941739
102 0.942024
103 0.942428
104 0.942952
105 0.943434
106 0.944013
107 0.944403
108 0.94463
109 0.944924
110 0.945356
111 0.945768
112 0.946091
113 0.946357
114 0.946729
115 0.946967
116 0.947256
117 0.94749
118 0.947737
119 0.947966
120 0.948228
121 0.948479
122 0.948648
123 0.948743
124 0.948879
125 0.94906
126 0.949258
127 0.949349
128 0.949386
129 0.949508
130 0.949547
131 0.949731
132 0.950034
133 0.950014
134 0.950154
135 0.95019
136 0.950185
137 0.950482
138 0.950601
139 0.950748
140 0.950866
141 0.950918
142 0.950841
143 0.950824
144 0.950852
145 0.95093
146 0.951006
147 0.951019
148 0.951093
149 0.951174
150 0.951211
151 0.951361
152 0.951444
153 0.95159
154 0.951552
155 0.951693
156 0.951768
157 0.951865
158 0.951746
159 0.951783
160 0.951826
161 0.951919
162 0.951908
163 0.951949
164 0.952126
165 0.952244
166 0.952404
167 0.952562
168 0.952716
169 0.952784
170 0.952937
171 0.952993
172 0.953078
173 0.953021
174 0.953012
175 0.953058
176 0.953095
177 0.95301
178 0.953052
179 0.953054
180 0.953101
181 0.953156
182 0.953198
183 0.953321
184 0.953333
185 0.953275
186 0.953296
187 0.953325
188 0.953266
189 0.953351
190 0.953481
191 0.95344
192 0.953502
193 0.95357
194 0.953666
195 0.953746
196 0.953774
197 0.953829
198 0.953895
199 0.953993
200 0.954085
