0 0.000258812
16 0.0326979
32 0.0577177
48 0.0797757
64 0.101542
80 0.123012
96 0.142074
112 0.161784
128 0.179479
144 0.197269
160 0.214736
176 0.231747
192 0.24896
208 0.265046
224 0.280149
240 0.29409
256 0.308311
272 0.322548
288 0.337018
304 0.350739
320 0.365485
336 0.380632
352 0.39491
368 0.408397
384 0.422294
400 0.43656
416 0.447886
432 0.459166
448 0.47139
464 0.482626
480 0.493376
496 0.504793
512 0.515139
528 0.525448
544 0.536265
560 0.544467
576 0.555641
592 0.564291
608 0.573108
624 0.581519
640 0.589921
656 0.597984
672 0.607273
688 0.613742
704 0.62185
720 0.629857
736 0.636478
752 0.642776
768 0.649753
784 0.656989
800 0.663616
816 0.670824
832 0.677926
848 0.684829
864 0.691594
880 0.697844
896 0.703959
912 0.710993
928 0.716388
944 0.723822
960 0.729888
976 0.735963
992 0.742151
1008 0.74758
1024 0.754043
1040 0.759904
1056 0.765584
1072 0.770538
1088 0.774871
1104 0.779729
1120 0.784497
1136 0.788433
1152 0.793583
1168 0.798586
1184 0.802737
1200 0.807066
1216 0.811175
1232 0.815143
1248 0.819334
1264 0.822616
1280 0.826263
1296 0.829819
1312 0.832745
1328 0.836386
1344 0.839119
1360 0.842273
1376 0.84584
1392 0.849554
1408 0.851367
1424 0.85436
1440 0.856772
1456 0.859862
1472 0.861919
1488 0.863829
1504 0.865634
1520 0.867343
1536 0.869923
1552 0.871612
1568 0.872868
1584 0.875222
1600 0.877003
1616 0.879177
1632 0.882067
1648 0.883631
1664 0.885928
1680 0.887968
1696 0.890703
1712 0.892539
1728 0.893878
1744 0.895436
1760 0.896867
1776 0.898309
1792 0.90033
1808 0.90143
1824 0.902705
1840 0.903439
1856 0.904551
1872 0.905732
1888 0.90642
1904 0.907711
1920 0.908634
1936 0.909433
1952 0.9109
1968 0.911205
1984 0.911676
2000 0.912746
2016 0.912955
2032 0.913576
2048 0.914614
2064 0.915506
2080 0.91623
2096 0.916498
2112 0.917554
2128 0.918243
2144 0.919188
2160 0.919442
2176 0.919741
2192 0.920985
2208 0.921621
2224 0.922298
2240 0.923351
2256 0.923924
2272 0.924728
2288 0.924789
2304 0.925348
2320 0.926242
2336 0.926343
2352 0.926456
2368 0.926485
2384 0.926726
2400 0.927112
2416 0.927464
2432 0.927616
2448 0.927707
2464 0.928246
2480 0.929148
2496 0.929531
2512 0.929971
2528 0.930585
2544 0.930744
2560 0.931002
2576 0.931093
2592 0.93101
2608 0.931961
2624 0.931541
2640 0.931902
2656 0.932051
2672 0.93263
2688 0.932799
2704 0.933474
2720 0.93366
2736 0.934333
2752 0.934253
2768 0.934483
2784 0.934682
2800 0.934831
2816 0.934597
2832 0.934787
2848 0.935011
2864 0.934959
2880 0.935012
2896 0.935263
2912 0.935395
2928 0.935742
2944 0.935864
2960 0.935474
2976 0.935675
2992 0.935788
3008 0.935863
3024 0.936034
3040 0.935499
3056 0.935893
3072 0.935823
3088 0.935637
3104 0.935964
3120 0.936145
3136 0.936314
3152 0.936575
3168 0.936965
3184 0.937037
3200 0.937948
