0 1.39492e-07
16 0.00206304
32 0.00653006
48 0.0121043
64 0.0191401
80 0.027546
96 0.0357565
112 0.0459216
128 0.0555538
144 0.0661673
160 0.0777157
176 0.0896581
192 0.102069
208 0.114018
224 0.125513
240 0.136535
256 0.148354
272 0.160865
288 0.173963
304 0.186659
320 0.200464
336 0.214412
352 0.228201
368 0.241673
384 0.256106
400 0.271434
416 0.284298
432 0.297243
448 0.310816
464 0.323733
480 0.336331
496 0.349048
512 0.361102
528 0.373438
544 0.386256
560 0.396399
576 0.409042
592 0.420035
608 0.430654
624 0.440348
640 0.451109
656 0.460997
672 0.472033
688 0.480808
704 0.49062
720 0.500946
736 0.509072
752 0.517257
768 0.526006
784 0.534887
800 0.543036
816 0.552067
832 0.56093
848 0.56913
864 0.577646
880 0.586153
896 0.593788
912 0.602879
928 0.610637
944 0.620903
960 0.629238
976 0.637873
992 0.645921
1008 0.653899
1024 0.662147
1040 0.669743
1056 0.677037
1072 0.683884
1088 0.689471
1104 0.695293
1120 0.700863
1136 0.705377
1152 0.711935
1168 0.717743
1184 0.722994
1200 0.728297
1216 0.732891
1232 0.737768
1248 0.743007
1264 0.74751
1280 0.751986
1296 0.756917
1312 0.761023
1328 0.765863
1344 0.770138
1360 0.774902
1376 0.77905
1392 0.784792
1408 0.787304
1424 0.791042
1440 0.793752
1456 0.798179
1472 0.800858
1488 0.80354
1504 0.806223
1520 0.808338
1536 0.81145
1552 0.813927
1568 0.81538
1584 0.817847
1600 0.819739
1616 0.822846
1632 0.826134
1648 0.82899
1664 0.831588
1680 0.833872
1696 0.836915
1712 0.839233
1728 0.840956
1744 0.843162
1760 0.844748
1776 0.846344
1792 0.849098
1808 0.850245
1824 0.851386
1840 0.851776
1856 0.852963
1872 0.854524
1888 0.855447
1904 0.857214
1920 0.858301
1936 0.859196
1952 0.861061
1968 0.861556
1984 0.861859
2000 0.863642
2016 0.864693
2032 0.86505
2048 0.866681
2064 0.868067
2080 0.868813
2096 0.869523
2112 0.870646
2128 0.871445
2144 0.872947
2160 0.873046
2176 0.873535
2192 0.874828
2208 0.875932
2224 0.876366
2240 0.877816
2256 0.878486
2272 0.879206
2288 0.879328
2304 0.880173
2320 0.881524
2336 0.881596
2352 0.881707
2368 0.881711
2384 0.882143
2400 0.882576
2416 0.883126
2432 0.883247
2448 0.883189
2464 0.884054
2480 0.885423
2496 0.885925
2512 0.886455
2528 0.887302
2544 0.887009
2560 0.887306
2576 0.887716
2592 0.88741
2608 0.888486
2624 0.888002
2640 0.888295
2656 0.888429
2672 0.889206
2688 0.889415
2704 0.89033
2720 0.890519
2736 0.891061
2752 0.891048
2768 0.891449
2784 0.892034
2800 0.891838
2816 0.891037
2832 0.891793
2848 0.892307
2864 0.891851
2880 0.892204
2896 0.892208
2912 0.89206
2928 0.892578
2944 0.892661
2960 0.892229
2976 0.892233
2992 0.892145
3008 0.892281
3024 0.892465
3040 0.891646
3056 0.891965
3072 0.891692
3088 0.891426
3104 0.89201
3120 0.892289
3136 0.892649
3152 0.892755
3168 0.893553
3184 0.893867
3200 0.894822
