0 0.000262397
16 0.032051
32 0.0568956
48 0.0786584
64 0.100396
80 0.121878
96 0.140704
112 0.160486
128 0.177791
144 0.194898
160 0.211923
176 0.228495
192 0.245294
208 0.260551
224 0.275335
240 0.288815
256 0.302644
272 0.31657
288 0.330893
304 0.344355
320 0.359088
336 0.373348
352 0.388025
368 0.40148
384 0.415313
400 0.429317
416 0.441393
432 0.453228
448 0.465738
464 0.477663
480 0.488617
496 0.499903
512 0.510301
528 0.520979
544 0.532135
560 0.540891
576 0.552208
592 0.561622
608 0.571003
624 0.579897
640 0.588887
656 0.597384
672 0.606761
688 0.614101
704 0.622279
720 0.631034
736 0.637962
752 0.644903
768 0.652469
784 0.660372
800 0.667685
816 0.674776
832 0.682067
848 0.688848
864 0.695905
880 0.70285
896 0.708851
912 0.716144
928 0.722444
944 0.730025
960 0.736336
976 0.742527
992 0.74872
1008 0.754415
1024 0.760774
1040 0.766683
1056 0.772037
1072 0.777038
1088 0.781363
1104 0.78599
1120 0.79019
1136 0.793926
1152 0.798994
1168 0.803437
1184 0.807286
1200 0.811282
1216 0.815008
1232 0.818926
1248 0.822833
1264 0.826428
1280 0.830086
1296 0.833895
1312 0.836814
1328 0.840352
1344 0.843179
1360 0.846628
1376 0.849894
1392 0.853933
1408 0.855953
1424 0.858852
1440 0.861318
1456 0.86463
1472 0.86669
1488 0.868585
1504 0.870581
1520 0.872408
1536 0.874918
1552 0.876585
1568 0.877997
1584 0.880095
1600 0.881602
1616 0.883874
1632 0.886388
1648 0.888358
1664 0.890444
1680 0.892359
1696 0.894701
1712 0.89648
1728 0.897733
1744 0.899325
1760 0.900747
1776 0.902011
1792 0.903975
1808 0.905019
1824 0.905996
1840 0.906661
1856 0.907752
1872 0.90896
1888 0.909787
1904 0.911181
1920 0.911991
1936 0.912802
1952 0.914115
1968 0.914736
1984 0.915234
2000 0.916347
2016 0.917133
2032 0.917629
2048 0.918653
2064 0.9195
2080 0.920111
2096 0.920663
2112 0.921532
2128 0.922069
2144 0.923122
2160 0.923296
2176 0.92374
2192 0.924673
2208 0.92538
2224 0.925755
2240 0.926819
2256 0.927324
2272 0.927898
2288 0.92804
2304 0.928665
2320 0.929561
2336 0.929787
2352 0.930028
2368 0.930171
2384 0.930566
2400 0.930824
2416 0.931219
2432 0.931308
2448 0.931373
2464 0.931835
2480 0.93264
2496 0.933032
2512 0.933449
2528 0.934021
2544 0.933895
2560 0.934082
2576 0.934315
2592 0.934225
2608 0.934829
2624 0.934568
2640 0.93471
2656 0.934824
2672 0.935237
2688 0.935443
2704 0.935983
2720 0.93619
2736 0.936578
2752 0.936695
2768 0.936935
2784 0.937289
2800 0.937213
2816 0.936754
2832 0.937171
2848 0.937457
2864 0.937244
2880 0.937535
2896 0.937622
2912 0.937548
2928 0.937841
2944 0.937865
2960 0.937683
2976 0.937728
2992 0.937659
3008 0.937736
3024 0.937907
3040 0.937524
3056 0.937774
3072 0.937662
3088 0.937541
3104 0.937891
3120 0.938077
3136 0.938279
3152 0.938394
3168 0.938878
3184 0.939129
3200 0.939699
