0 0.000260704
16 0.0316582
32 0.0563454
48 0.0777221
64 0.0993451
80 0.120392
96 0.139092
112 0.15887
128 0.175833
144 0.193327
160 0.21074
176 0.227297
192 0.244373
208 0.260105
224 0.274818
240 0.288586
256 0.302315
272 0.316777
288 0.331056
304 0.34485
320 0.359761
336 0.374118
352 0.389386
368 0.40367
384 0.418047
400 0.432196
416 0.444949
432 0.457071
448 0.469945
464 0.482256
480 0.493835
496 0.505778
512 0.516466
528 0.527606
544 0.539048
560 0.548164
576 0.559613
592 0.56961
608 0.579406
624 0.588492
640 0.597597
656 0.606169
672 0.615427
688 0.622536
704 0.631048
720 0.639711
736 0.64673
752 0.653428
768 0.661082
784 0.668718
800 0.676131
816 0.683094
832 0.690048
848 0.696763
864 0.703853
880 0.710834
896 0.717142
912 0.724243
928 0.730286
944 0.737747
960 0.74397
976 0.749789
992 0.755783
1008 0.761151
1024 0.767144
1040 0.772966
1056 0.7779
1072 0.782702
1088 0.787096
1104 0.79163
1120 0.795773
1136 0.799276
1152 0.804371
1168 0.808572
1184 0.812625
1200 0.816377
1216 0.819662
1232 0.823155
1248 0.826904
1264 0.830532
1280 0.833767
1296 0.837279
1312 0.840083
1328 0.843428
1344 0.846108
1360 0.849458
1376 0.852414
1392 0.85641
1408 0.858521
1424 0.861462
1440 0.863806
1456 0.86683
1472 0.86885
1488 0.870705
1504 0.872665
1520 0.874597
1536 0.877018
1552 0.878703
1568 0.880003
1584 0.882058
1600 0.88349
1616 0.885749
1632 0.888084
1648 0.890023
1664 0.891865
1680 0.893765
1696 0.895928
1712 0.897562
1728 0.898669
1744 0.900352
1760 0.901619
1776 0.902977
1792 0.904907
1808 0.905967
1824 0.906999
1840 0.907811
1856 0.908998
1872 0.910232
1888 0.911192
1904 0.912485
1920 0.91326
1936 0.914025
1952 0.915151
1968 0.915737
1984 0.916273
2000 0.917321
2016 0.917899
2032 0.918394
2048 0.919479
2064 0.92037
2080 0.920893
2096 0.921366
2112 0.922082
2128 0.922692
2144 0.923734
2160 0.923868
2176 0.924278
2192 0.925102
2208 0.925819
2224 0.926206
2240 0.927232
2256 0.927724
2272 0.928308
2288 0.9286
2304 0.929144
2320 0.930153
2336 0.930443
2352 0.930718
2368 0.930833
2384 0.931389
2400 0.931578
2416 0.931947
2432 0.932004
2448 0.932077
2464 0.9326
2480 0.933325
2496 0.933718
2512 0.934184
2528 0.934699
2544 0.934512
2560 0.934717
2576 0.934835
2592 0.934901
2608 0.93532
2624 0.935204
2640 0.935265
2656 0.935506
2672 0.935939
2688 0.93614
2704 0.936506
2720 0.936717
2736 0.93699
2752 0.937163
2768 0.937402
2784 0.937656
2800 0.937533
2816 0.93724
2832 0.937679
2848 0.937972
2864 0.937839
2880 0.938208
2896 0.938332
2912 0.938459
2928 0.938682
2944 0.938756
2960 0.938544
2976 0.938713
2992 0.938768
3008 0.938937
3024 0.939237
3040 0.938912
3056 0.93914
3072 0.939136
3088 0.939205
3104 0.939606
3120 0.939867
3136 0.939971
3152 0.940096
3168 0.940507
3184 0.940635
3200 0.941151
