0 1.38353e-07
16 0.00200538
32 0.00633667
48 0.0117292
64 0.0186294
80 0.0267436
96 0.0348428
112 0.0448561
128 0.0542138
144 0.0648305
160 0.0765388
176 0.0883096
192 0.100817
208 0.113106
224 0.124584
240 0.135869
256 0.147425
272 0.160139
288 0.173085
304 0.185866
320 0.19973
336 0.213757
352 0.228007
368 0.242074
384 0.256942
400 0.27242
416 0.285986
432 0.299441
448 0.313376
464 0.326794
480 0.34013
496 0.35371
512 0.366342
528 0.379237
544 0.39264
560 0.40342
576 0.416508
592 0.428448
608 0.439655
624 0.449724
640 0.460593
656 0.470732
672 0.481641
688 0.490115
704 0.500294
720 0.51067
736 0.51911
752 0.527143
768 0.536232
784 0.544892
800 0.553237
816 0.562151
832 0.570632
848 0.578793
864 0.587368
880 0.596028
896 0.604114
912 0.613108
928 0.620695
944 0.630855
960 0.639199
976 0.647369
992 0.655141
1008 0.662559
1024 0.670319
1040 0.677796
1056 0.684606
1072 0.691182
1088 0.696866
1104 0.702601
1120 0.708041
1136 0.712293
1152 0.719057
1168 0.724512
1184 0.730188
1200 0.735119
1216 0.739122
1232 0.743491
1248 0.748466
1264 0.753023
1280 0.757014
1296 0.761449
1312 0.765382
1328 0.769769
1344 0.773775
1360 0.778479
1376 0.782295
1392 0.787991
1408 0.790659
1424 0.794447
1440 0.797
1456 0.800954
1472 0.803498
1488 0.806168
1504 0.808801
1520 0.811022
1536 0.813969
1552 0.816516
1568 0.817957
1584 0.820371
1600 0.822107
1616 0.825228
1632 0.828292
1648 0.831113
1664 0.833341
1680 0.835694
1696 0.838496
1712 0.840571
1728 0.842025
1744 0.844452
1760 0.845756
1776 0.84747
1792 0.850136
1808 0.851273
1824 0.852455
1840 0.853149
1856 0.854565
1872 0.856224
1888 0.85741
1904 0.859095
1920 0.860081
1936 0.860854
1952 0.862426
1968 0.862879
1984 0.86328
2000 0.864873
2016 0.865553
2032 0.865952
2048 0.86773
2064 0.869205
2080 0.869765
2096 0.870424
2112 0.871288
2128 0.872196
2144 0.873623
2160 0.873651
2176 0.874064
2192 0.875162
2208 0.876278
2224 0.876767
2240 0.878129
2256 0.878774
2272 0.879409
2288 0.879806
2304 0.880546
2320 0.882143
2336 0.882294
2352 0.882472
2368 0.88239
2384 0.883214
2400 0.883476
2416 0.884019
2432 0.884095
2448 0.884032
2464 0.884986
2480 0.886202
2496 0.886729
2512 0.887306
2528 0.88807
2544 0.887645
2560 0.887919
2576 0.88809
2592 0.888021
2608 0.888713
2624 0.888455
2640 0.88861
2656 0.888929
2672 0.88973
2688 0.889949
2704 0.890519
2720 0.890764
2736 0.891084
2752 0.891195
2768 0.891602
2784 0.891948
2800 0.891635
2816 0.891053
2832 0.891833
2848 0.892374
2864 0.89201
2880 0.892525
2896 0.892579
2912 0.892748
2928 0.893055
2944 0.89316
2960 0.892625
2976 0.892858
2992 0.892957
3008 0.893245
3024 0.893654
3040 0.892918
3056 0.893208
3072 0.893117
3088 0.8932
3104 0.893885
3120 0.894314
3136 0.894491
3152 0.894626
3168 0.895298
3184 0.895396
3200 0.896264
