0 1.39989e-07
16 0.00222538
32 0.00691461
48 0.0128044
64 0.0201067
80 0.0286806
96 0.0370111
112 0.0473207
128 0.0573072
144 0.068325
160 0.0802819
176 0.0925914
192 0.105368
208 0.118155
224 0.130225
240 0.141626
256 0.154298
272 0.167286
288 0.181155
304 0.194502
320 0.208617
336 0.223752
352 0.23752
368 0.251602
384 0.266348
400 0.282191
416 0.294646
432 0.307488
448 0.320971
464 0.333288
480 0.345698
496 0.358599
512 0.370814
528 0.382811
544 0.395164
560 0.404883
576 0.417359
592 0.427561
608 0.437276
624 0.446501
640 0.456484
656 0.465965
672 0.47688
688 0.484889
704 0.494667
720 0.503972
736 0.511454
752 0.518642
768 0.526397
784 0.534307
800 0.541306
816 0.550304
832 0.558827
848 0.567159
864 0.575185
880 0.582267
896 0.589587
912 0.598495
928 0.604873
944 0.614525
960 0.622378
976 0.630855
992 0.638782
1008 0.64657
1024 0.654867
1040 0.66236
1056 0.670126
1072 0.676891
1088 0.68232
1104 0.688626
1120 0.694827
1136 0.699696
1152 0.706309
1168 0.712945
1184 0.718612
1200 0.724396
1216 0.729765
1232 0.734601
1248 0.740248
1264 0.744387
1280 0.748908
1296 0.753344
1312 0.757383
1328 0.762399
1344 0.766463
1360 0.770615
1376 0.775054
1392 0.780126
1408 0.782312
1424 0.786232
1440 0.789021
1456 0.792866
1472 0.79577
1488 0.798364
1504 0.80082
1520 0.802887
1536 0.806084
1552 0.808537
1568 0.809642
1584 0.812568
1600 0.814711
1616 0.817315
1632 0.821156
1648 0.823585
1664 0.826648
1680 0.829254
1696 0.832833
1712 0.835325
1728 0.837306
1744 0.83939
1760 0.840935
1776 0.842759
1792 0.845513
1808 0.846752
1824 0.848534
1840 0.848951
1856 0.850204
1872 0.851604
1888 0.852292
1904 0.853863
1920 0.855188
1936 0.855924
1952 0.858153
1968 0.858093
1984 0.85835
2000 0.860118
2016 0.860216
2032 0.860788
2048 0.862392
2064 0.863863
2080 0.864806
2096 0.864973
2112 0.866432
2128 0.867501
2144 0.86876
2160 0.868949
2176 0.869016
2192 0.870841
2208 0.871872
2224 0.872788
2240 0.874093
2256 0.874797
2272 0.875908
2288 0.875854
2304 0.876523
2320 0.877847
2336 0.877638
2352 0.877472
2368 0.87721
2384 0.877304
2400 0.877962
2416 0.878366
2432 0.878613
2448 0.878582
2464 0.879641
2480 0.881139
2496 0.881546
2512 0.882029
2528 0.882878
2544 0.883108
2560 0.883531
2576 0.883643
2592 0.883302
2608 0.885012
2624 0.88423
2640 0.884952
2656 0.885118
2672 0.886212
2688 0.886288
2704 0.887421
2720 0.887559
2736 0.888583
2752 0.888103
2768 0.888464
2784 0.88872
2800 0.888937
2816 0.888593
2832 0.888914
2848 0.889302
2864 0.889124
2880 0.888963
2896 0.889217
2912 0.88946
2928 0.890064
2944 0.89035
2960 0.889499
2976 0.889783
2992 0.890048
3008 0.890174
3024 0.890318
3040 0.889173
3056 0.889715
3072 0.889486
3088 0.889085
3104 0.889594
3120 0.889848
3136 0.89013
3152 0.890473
3168 0.891053
3184 0.890993
3200 0.892547
