0 -0.0898996
16 -0.0814355
32 -0.075626
48 -0.0119575
64 0.0499397
80 0.104632
96 0.166417
112 0.19208
128 0.220967
144 0.24426
160 0.258962
176 0.275975
192 0.300007
208 0.318071
224 0.340737
240 0.362502
256 0.376769
272 0.392056
288 0.405069
304 0.418907
320 0.438259
336 0.455613
352 0.476991
368 0.491482
384 0.506454
400 0.519338
416 0.531194
432 0.541564
448 0.55554
464 0.569137
480 0.579825
496 0.592716
512 0.602643
528 0.61348
544 0.625903
560 0.634203
576 0.648175
592 0.657259
608 0.668677
624 0.679636
640 0.688292
656 0.69691
672 0.706874
688 0.712728
704 0.720791
720 0.729653
736 0.737473
752 0.744698
768 0.753142
784 0.762129
800 0.770838
816 0.777116
832 0.784057
848 0.790682
864 0.797446
880 0.804348
896 0.810259
912 0.81606
928 0.821397
944 0.827061
960 0.831734
976 0.835291
992 0.84024
1008 0.843089
1024 0.848243
1040 0.852963
1056 0.856673
1072 0.859932
1088 0.863605
1104 0.86735
1120 0.870999
1136 0.874411
1152 0.878474
1168 0.882074
1184 0.884814
1200 0.887863
1216 0.890942
1232 0.894436
1248 0.897306
1264 0.89997
1280 0.903038
1296 0.905978
1312 0.907827
1328 0.910146
1344 0.911461
1360 0.913746
1376 0.916683
1392 0.919107
1408 0.920688
1424 0.922869
1440 0.925123
1456 0.927635
1472 0.92884
1488 0.930094
1504 0.931275
1520 0.932734
1536 0.93483
1552 0.935725
1568 0.937338
1584 0.939225
1600 0.940743
1616 0.942607
1632 0.944587
1648 0.945208
1664 0.94677
1680 0.948298
1696 0.950235
1712 0.95142
1728 0.95208
1744 0.953125
1760 0.954542
1776 0.955635
1792 0.956922
1808 0.957941
1824 0.958696
1840 0.959877
1856 0.9609
1872 0.961903
1888 0.96264
1904 0.963681
1920 0.964181
1936 0.965112
1952 0.965755
1968 0.966521
1984 0.967278
2000 0.967575
2016 0.96793
2032 0.968649
2048 0.96907
2064 0.969323
2080 0.969827
2096 0.97023
2112 0.970867
2128 0.971144
2144 0.97177
2160 0.972111
2176 0.9727
2192 0.973324
2208 0.973527
2224 0.973956
2240 0.974764
2256 0.975211
2272 0.975691
2288 0.97589
2304 0.976346
2320 0.976779
2336 0.977246
2352 0.977687
2368 0.978056
2384 0.97848
2400 0.978563
2416 0.978869
2432 0.978917
2448 0.979152
2464 0.97911
2480 0.979355
2496 0.979725
2512 0.980131
2528 0.980497
2544 0.980581
2560 0.980657
2576 0.980726
2592 0.980938
2608 0.981048
2624 0.981029
2640 0.980989
2656 0.981124
2672 0.981129
2688 0.981413
2704 0.981583
2720 0.981832
2736 0.982124
2752 0.9825
2768 0.982587
2784 0.982726
2800 0.982803
2816 0.982688
2832 0.982733
2848 0.982779
2864 0.982868
2880 0.983169
2896 0.983424
2912 0.983433
2928 0.983496
2944 0.983435
2960 0.98356
2976 0.983672
2992 0.983614
3008 0.983632
3024 0.983841
3040 0.983985
3056 0.984221
3072 0.984331
3088 0.984387
3104 0.984515
3120 0.984618
3136 0.984663
3152 0.984838
3168 0.98502
3184 0.985245
3200 0.985449
