0 -0.0356009
16 -0.000892944
32 0.00407153
48 0.0583165
64 0.112413
80 0.154887
96 0.199012
112 0.222796
128 0.24649
144 0.265411
160 0.276587
176 0.290691
192 0.311795
208 0.328186
224 0.350433
240 0.368566
256 0.386936
272 0.40416
288 0.420732
304 0.437062
320 0.456824
336 0.472774
352 0.496213
368 0.514419
384 0.529775
400 0.541596
416 0.55548
432 0.566674
448 0.581039
464 0.594865
480 0.605301
496 0.617301
512 0.626576
528 0.637644
544 0.64874
560 0.657433
576 0.670012
592 0.679489
608 0.690377
624 0.701433
640 0.710266
656 0.71889
672 0.728342
688 0.735354
704 0.743679
720 0.752121
736 0.758882
752 0.765383
768 0.773006
784 0.781504
800 0.789822
816 0.795262
832 0.801613
848 0.807792
864 0.814377
880 0.820411
896 0.825352
912 0.831125
928 0.836165
944 0.840919
960 0.845151
976 0.848473
992 0.853061
1008 0.856378
1024 0.860988
1040 0.865569
1056 0.868659
1072 0.871766
1088 0.875153
1104 0.878849
1120 0.881901
1136 0.885025
1152 0.88865
1168 0.891824
1184 0.894259
1200 0.896997
1216 0.899863
1232 0.902732
1248 0.905383
1264 0.90832
1280 0.911032
1296 0.913823
1312 0.915491
1328 0.917908
1344 0.919155
1360 0.921145
1376 0.923363
1392 0.925622
1408 0.927278
1424 0.929484
1440 0.931866
1456 0.934044
1472 0.935623
1488 0.936631
1504 0.937946
1520 0.93973
1536 0.941744
1552 0.942501
1568 0.943762
1584 0.945574
1600 0.946765
1616 0.948152
1632 0.949791
1648 0.950802
1664 0.952329
1680 0.953833
1696 0.955387
1712 0.956614
1728 0.957381
1744 0.958281
1760 0.959603
1776 0.960628
1792 0.961801
1808 0.962843
1824 0.963767
1840 0.964775
1856 0.965766
1872 0.966566
1888 0.967314
1904 0.968214
1920 0.968782
1936 0.969582
1952 0.97024
1968 0.971017
1984 0.971741
2000 0.972198
2016 0.972684
2032 0.973319
2048 0.973637
2064 0.973883
2080 0.974387
2096 0.974665
2112 0.975239
2128 0.975527
2144 0.976164
2160 0.976429
2176 0.976854
2192 0.977391
2208 0.977672
2224 0.977957
2240 0.978634
2256 0.978968
2272 0.979514
2288 0.979695
2304 0.980034
2320 0.980398
2336 0.980861
2352 0.981256
2368 0.981603
2384 0.981869
2400 0.98198
2416 0.982162
2432 0.982198
2448 0.98243
2464 0.982473
2480 0.982658
2496 0.98291
2512 0.983262
2528 0.983508
2544 0.983589
2560 0.983721
2576 0.983781
2592 0.984005
2608 0.984123
2624 0.984165
2640 0.984122
2656 0.984281
2672 0.984306
2688 0.984492
2704 0.984636
2720 0.984813
2736 0.985041
2752 0.985288
2768 0.985344
2784 0.9855
2800 0.985588
2816 0.985617
2832 0.98568
2848 0.985699
2864 0.985823
2880 0.986037
2896 0.986244
2912 0.986325
2928 0.98646
2944 0.9865
2960 0.98665
2976 0.986749
2992 0.986756
3008 0.986793
3024 0.986977
3040 0.987111
3056 0.987275
3072 0.987369
3088 0.987422
3104 0.987512
3120 0.987588
3136 0.987612
3152 0.987728
3168 0.987852
3184 0.988018
3200 0.988147
