0 0.485972
1 0.162336
2 0.614425
3 0.35972
4 -0.0115335
5 -0.261108
6 0.143976
7 -0.176611
8 0.331857
9 0.400507
10 0.013164
11 0.572477
12 0.349393
13 0.0981615
14 0.00684937
15 -0.299747
16 -0.215043
17 0.352542
18 0.430689
19 0.18064
20 0.290471
21 0.0177929
22 -0.349734
23 -0.18246
24 0.126863
25 -0.431561
26 -0.281616
27 -0.0612964
28 -0.111042
29 0.0937613
30 0.468193
31 0.317749
32 0.209349
33 0.559978
34 0.586558
35 0.542162
36 0.0188975
37 0.231974
38 0.307014
39 0.240985
40 0.153461
41 0.431788
42 0.230979
43 -0.85638
44 0.466068
45 0.20401
46 0.298301
47 -1.49397
48 0.206237
49 -0.273264
50 -0.591586
51 -0.0442618
52 0.453115
53 0.232395
54 0.527621
55 0.0279189
56 0.0939022
57 0.23026
58 0.171863
59 -0.544166
60 0.210651
61 0.431444
62 -0.0821991
63 0.0536558
64 0.266092
65 0.287202
66 0.310436
67 0.624681
68 -0.131392
69 -0.313064
70 -0.272683
71 -0.341446
72 0.467552
73 -0.0911365
74 0.497979
75 0.118663
76 0.249884
77 0.0342352
78 0.0113037
79 -0.0532522
80 0.268206
81 0.303405
82 0.0108325
83 0.527883
84 -1.1502
85 0.488562
86 0.434103
87 -0.105905
88 -0.820891
89 0.603424
90 0.107856
91 0.301023
92 0.054474
93 0.286352
94 -0.671412
95 -0.279682
96 0.464485
97 0.189144
98 0.326717
99 0.0924729
100 0.0277001
101 -1.09604
102 0.356551
103 0.383783
104 0.217243
105 -0.853578
106 0.471535
107 0.39847
108 -0.644798
109 0.0675192
110 0.313977
111 0.380651
112 0.0917333
113 0.384526
114 0.262085
115 -0.332174
116 -0.147855
117 -0.214356
118 0.426154
119 -0.611227
120 0.517726
121 0.531485
122 0.282732
123 -0.884483
124 -0.489333
125 -0.733856
126 0.240717
127 -0.285486
128 -0.772972
129 0.124512
130 0.304384
131 -0.13022
132 0.172565
133 -1.41202
134 0.369236
135 0.125765
136 0.0267683
137 0.361705
138 0.538766
139 0.359177
140 -0.256207
141 0.16521
142 -0.143114
143 0.27786
144 0.301292
145 0.3858
146 0.0261394
147 -0.309115
148 -0.991712
149 0.189812
150 0.47814
151 0.459458
152 -0.691072
153 0.188047
154 0.461507
155 0.458298
156 0.205085
157 -0.890089
158 0.42558
159 0.414428
160 0.331819
161 0.144159
162 0.0600224
163 -0.634938
164 0.346162
165 0.555552
166 0.0108867
167 -0.401047
168 -0.475715
169 -0.944535
170 0.414156
171 0.138931
172 0.228451
173 0.379849
174 0.308639
175 -0.480552
176 0.497736
177 0.3452
178 -0.0487535
179 0.0998817
180 0.176794
181 0.238426
182 -0.397287
183 0.341083
184 0.371961
185 0.294173
186 0.0123612
187 -0.207313
188 0.227254
189 0.11444
190 -0.0567787
191 0.430267
192 -0.336429
193 0.512337
194 -0.0374273
195 -0.0744072
196 0.455582
197 0.305315
198 0.247898
199 -0.140114
200 0.530775
201 -0.373331
202 -0.0817791
203 0.195836
204 -0.200144
205 0.24789
206 0.302837
207 0.138612
208 -0.370195
209 -0.0353701
210 0.0563012
211 -0.0464594
212 0.219303
213 0.212903
214 0.319364
215 -0.0567553
216 0.204716
217 0.313833
218 0.599617
219 -0.0542941
220 0.293059
221 -0.102236
222 -0.0728719
223 -1.3444
224 0.684958
225 0.555176
226 -0.107112
227 0.0826964
228 -0.375527
229 -0.506796
230 -0.0457334
231 0.199579
232 0.571928
233 -0.0203534
234 0.370793
235 -0.39106
236 -0.370305
237 0.155782
238 0.0545519
239 0.531174
240 -0.764762
241 -0.107575
242 0.473254
243 0.428501
244 0.272089
245 0.343247
246 0.399813
247 0.173687
248 0.0318973
249 -0.837731
250 -0.560209
251 0.318865
252 0.637229
253 -0.516356
254 0.00589567
255 -0.361359
256 0.316266
257 0.189171
258 -0.648962
259 -0.0634692
260 0.12739
261 0.41921
262 0.647753
263 -0.689338
264 -0.125429
265 0.576419
266 -0.167743
267 -0.989503
268 0.32126
269 0.464997
270 -0.688796
271 0.482181
272 0.372321
273 0.221611
274 0.479446
275 0.244199
276 0.0507062
277 0.179388
278 0.205985
279 -0.322475
280 -0.21148
281 -0.160442
282 0.0241808
283 0.276103
284 0.375072
285 0.0337915
286 -0.222533
287 -0.0793492
288 0.29448
289 -0.497814
290 0.196019
291 0.238016
292 -0.549549
293 -0.265985
294 0.17741
295 0.0104048
296 -0.276597
297 0.602564
298 -0.128877
299 0.0257515
300 0.0149177
301 0.16443
302 0.31199
303 0.338362
304 0.114779
305 -0.492973
306 0.420287
307 0.489344
308 -0.645898
309 0.354398
310 0.320383
311 -0.0109005
312 0.521366
313 -0.540163
314 0.226286
315 0.174576
316 -0.680829
317 0.319267
318 0.192802
319 0.444461
320 0.378327
321 -0.691291
322 -0.895627
323 0.288699
324 -0.946742
325 0.63135
326 0.0203052
327 0.646111
328 -0.00941282
329 0.250972
330 0.261745
331 0.139196
332 0.0386872
333 0.409768
334 0.429093
335 -0.150914
336 -0.0409799
337 0.529904
338 0.302825
339 0.458339
340 0.177459
341 0.405062
342 0.207894
343 0.339206
344 -0.306625
345 -0.0170715
346 0.315306
347 -1.00307
348 -0.644729
349 0.117517
350 0.170015
351 0.31573
352 -0.138407
353 0.26406
354 0.235595
355 0.318522
356 0.0226737
357 0.0367771
358 0.186424
359 -0.42459
360 -0.269346
361 0.552632
362 0.153915
363 0.314216
364 0.131748
365 -0.0861178
366 0.028208
367 0.621245
368 0.347533
369 -0.0461388
370 -1.01192
371 0.581217
372 0.301193
373 0.0637144
374 0.131488
375 0.0839526
376 -0.319357
377 0.296983
378 -0.540083
379 0.308057
380 0.174805
381 0.341541
382 0.28185
383 -0.0105316
384 -0.615638
385 -0.207864
386 0.248945
387 0.147556
388 0.168231
389 0.612579
390 0.566503
391 0.143523
392 0.236955
393 0.280788
394 0.22721
395 -0.353017
396 -0.272755
397 -0.217963
398 0.151232
399 0.578143
400 0.030231
