0 -0.243475
1 -0.632443
2 -0.833944
3 -0.794233
4 -0.76642
5 -0.719812
6 -0.68867
7 -0.646746
8 -0.597333
9 -0.548433
10 -0.497818
11 -0.454166
12 -0.415587
13 -0.385005
14 -0.362319
15 -0.342968
16 -0.323605
17 -0.310204
18 -0.307613
19 -0.314857
20 -0.324087
21 -0.331221
22 -0.331572
23 -0.334687
24 -0.336307
25 -0.334447
26 -0.32592
27 -0.313756
28 -0.308192
29 -0.303879
30 -0.296424
31 -0.288079
32 -0.283877
33 -0.28482
34 -0.281036
35 -0.278419
36 -0.272691
37 -0.263826
38 -0.256435
39 -0.250969
40 -0.243039
41 -0.23659
42 -0.230374
43 -0.222031
44 -0.214804
45 -0.207537
46 -0.200435
47 -0.193797
48 -0.183101
49 -0.170527
50 -0.159265
51 -0.147946
52 -0.136056
53 -0.124062
54 -0.11233
55 -0.102345
56 -0.0931349
57 -0.0853489
58 -0.0790228
59 -0.073885
60 -0.0709934
61 -0.0664588
62 -0.0619516
63 -0.0581057
64 -0.0546556
65 -0.0502886
66 -0.0443498
67 -0.0388159
68 -0.0323879
69 -0.0246082
70 -0.0173889
71 -0.0110684
72 -0.00566785
73 -0.000269701
74 0.00439301
75 0.00854867
76 0.0121461
77 0.0161168
78 0.0200274
79 0.0239191
80 0.0280928
81 0.033088
82 0.0371066
83 0.040501
84 0.0432472
85 0.0459325
86 0.0488987
87 0.0524665
88 0.0557477
89 0.0571521
90 0.0580477
91 0.0614031
92 0.0649496
93 0.0688958
94 0.0731615
95 0.0774573
96 0.0819442
97 0.0869221
98 0.0918433
99 0.0969597
100 0.102524
101 0.108698
102 0.113903
103 0.11883
104 0.124286
105 0.129271
106 0.133679
107 0.137563
108 0.141219
109 0.144988
110 0.148782
111 0.152559
112 0.155699
113 0.158981
114 0.162744
115 0.166635
116 0.170607
117 0.174568
118 0.178478
119 0.182067
120 0.185386
121 0.188318
122 0.190826
123 0.193368
124 0.195878
125 0.198607
126 0.201233
127 0.203701
128 0.205832
129 0.208239
130 0.21071
131 0.21328
132 0.215973
133 0.218619
134 0.220714
135 0.223716
136 0.227129
137 0.23005
138 0.23281
139 0.235577
140 0.238685
141 0.241487
142 0.244254
143 0.247162
144 0.25047
145 0.253486
146 0.255734
147 0.257912
148 0.260771
149 0.263617
150 0.266364
151 0.268901
152 0.271306
153 0.274098
154 0.277042
155 0.280012
156 0.282378
157 0.284506
158 0.286525
159 0.288593
160 0.290781
161 0.292891
162 0.294987
163 0.297039
164 0.299089
165 0.3012
166 0.303176
167 0.305278
168 0.307305
169 0.309216
170 0.31108
171 0.312901
172 0.314746
173 0.316835
174 0.31944
175 0.32228
176 0.324973
177 0.327615
178 0.330207
179 0.332466
180 0.334632
181 0.336475
182 0.338158
183 0.339721
184 0.341211
185 0.342648
186 0.343984
187 0.345114
188 0.346283
189 0.347311
190 0.34835
191 0.349428
192 0.350568
193 0.35175
194 0.353005
195 0.354149
196 0.355163
197 0.356304
198 0.357435
199 0.358447
200 0.359432
201 0.360452
202 0.361604
203 0.362999
204 0.364321
205 0.365421
206 0.366443
207 0.367421
208 0.368364
209 0.369266
210 0.370132
211 0.370979
212 0.371807
213 0.372588
214 0.373311
215 0.373976
216 0.374581
217 0.375095
218 0.375492
219 0.375847
220 0.37623
221 0.376658
222 0.377122
223 0.377579
224 0.378011
225 0.378472
226 0.378981
227 0.379475
228 0.379886
229 0.380188
230 0.380373
231 0.380419
232 0.380298
233 0.380095
234 0.379901
235 0.379562
236 0.378989
237 0.378571
238 0.377949
239 0.37694
240 0.375922
241 0.374847
242 0.373954
243 0.373129
244 0.37213
245 0.371061
246 0.370037
247 0.368165
248 0.366717
249 0.365721
250 0.364903
251 0.364152
252 0.363431
253 0.362714
254 0.361962
255 0.361164
256 0.360384
257 0.359656
258 0.358981
259 0.358359
260 0.357753
261 0.357261
262 0.35675
263 0.356403
264 0.355998
265 0.355552
266 0.355073
267 0.354719
268 0.354599
269 0.353845
270 0.352538
271 0.350646
272 0.349475
273 0.348385
274 0.347594
275 0.346915
276 0.346263
277 0.345615
278 0.34498
279 0.344393
280 0.343866
281 0.343272
282 0.342735
283 0.342277
284 0.341847
285 0.341398
286 0.340867
287 0.340247
288 0.339624
289 0.339057
290 0.338555
291 0.338121
292 0.337762
293 0.337447
294 0.337089
295 0.336646
296 0.336129
297 0.335515
298 0.33479
299 0.334
300 0.333211
301 0.332501
302 0.331901
303 0.331343
304 0.330618
305 0.329656
306 0.328479
307 0.326777
308 0.324365
309 0.32303
310 0.321994
311 0.321113
312 0.320335
313 0.319635
314 0.318993
315 0.318397
316 0.317837
317 0.317302
318 0.316779
319 0.316259
320 0.315751
321 0.315273
322 0.314831
323 0.314431
324 0.31409
325 0.313853
326 0.313777
327 0.313935
328 0.314246
329 0.314276
330 0.314225
331 0.314121
332 0.31397
333 0.313771
334 0.313524
335 0.313217
336 0.312837
337 0.312428
338 0.312072
339 0.311786
340 0.311509
341 0.311177
342 0.310839
343 0.310543
344 0.310286
345 0.310054
346 0.309843
347 0.309645
348 0.309403
349 0.309014
350 0.308575
351 0.30819
352 0.30705
353 0.306147
354 0.305553
355 0.30506
356 0.304622
357 0.304223
358 0.303854
359 0.30351
360 0.303186
361 0.30288
362 0.302589
363 0.302323
364 0.302102
365 0.30192
366 0.301732
367 0.301506
368 0.301269
369 0.301065
370 0.300893
371 0.300711
372 0.300393
373 0.300014
374 0.299811
375 0.299649
376 0.299515
377 0.299414
378 0.299359
379 0.299379
380 0.299475
381 0.299621
382 0.299833
383 0.300136
384 0.300511
385 0.301009
386 0.301745
387 0.302288
388 0.302791
389 0.303273
390 0.303738
391 0.304213
392 0.304711
393 0.305215
394 0.305713
395 0.30623
396 0.306772
397 0.3073
398 0.307855
399 0.30865
400 0.309247
