0 0.290722
1 0.404511
2 0.233938
3 0.426458
4 -0.20241
5 -0.383105
6 -0.00825495
7 0.0846083
8 0.134147
9 0.454854
10 0.201896
11 -0.213285
12 -0.039467
13 0.0348378
14 -0.302531
15 0.0620334
16 0.157152
17 0.0986226
18 0.38047
19 0.52275
20 0.233256
21 0.336683
22 0.376267
23 -0.339629
24 0.308754
25 0.585379
26 0.581616
27 0.507325
28 0.492445
29 0.131238
30 -0.750808
31 -0.575603
32 -0.119936
33 0.293099
34 0.0726339
35 0.566596
36 0.27394
37 0.431623
38 0.36351
39 0.490296
40 0.0833866
41 0.526982
42 0.393153
43 -0.584126
44 -0.714271
45 0.233028
46 0.54767
47 0.346639
48 0.453528
49 0.119309
50 0.514554
51 -0.00488207
52 0.297372
53 -0.320468
54 0.227091
55 -0.0382648
56 -0.566233
57 0.20023
58 -0.48629
59 0.126371
60 0.196725
61 0.250983
62 0.322659
63 0.427053
64 0.316165
65 -0.00256358
66 0.402307
67 0.0600299
68 0.533232
69 0.535015
70 0.028418
71 -0.515676
72 -0.0558758
73 -0.272392
74 0.586317
75 0.49757
76 -0.149527
77 0.210968
78 -0.677524
79 0.104163
80 0.128366
81 0.148136
82 0.0979699
83 0.323069
84 -0.138012
85 0.0392867
86 0.447992
87 0.417332
88 0.0614342
89 0.158968
90 -0.990469
91 0.369647
92 -0.00946493
93 0.610233
94 0.228346
95 0.21914
96 0.459617
97 0.0395152
98 -0.537011
99 0.479048
100 0.234868
101 0.183715
102 0.237867
103 0.360871
104 0.45487
105 0.165479
106 0.0414178
107 -0.474595
108 0.56349
109 0.383033
110 0.202807
111 -0.182456
112 0.16717
113 0.238029
114 -0.226276
115 0.552412
116 -0.854985
117 -0.258538
118 -0.588836
119 0.276216
120 -0.141805
121 -0.47137
122 0.572431
123 0.57818
124 0.415812
125 -0.0528062
126 -0.160598
127 -0.0885936
128 -0.512371
129 -0.00321524
130 0.29059
131 0.509625
132 0.297246
133 0.603929
134 0.372877
135 -0.0235825
136 0.597571
137 0.17313
138 0.389036
139 0.350504
140 0.381205
141 0.0732018
142 0.640485
143 0.494482
144 0.334171
145 -0.071956
146 0.301164
147 -0.187723
148 0.203244
149 0.487935
150 0.214524
151 -0.0672147
152 0.315038
153 0.252436
154 0.0395537
155 0.100515
156 0.504915
157 0.432752
158 0.0793964
159 -0.0106649
160 -0.385101
161 -0.0505248
162 0.238051
163 0.0909727
164 0.386465
165 -0.69617
166 0.143051
167 0.0358643
168 0.226129
169 0.46038
170 -0.109244
171 -0.276837
172 0.0056656
173 0.0593426
174 0.258089
175 0.369332
176 0.453314
177 0.420187
178 0.287611
179 0.373442
180 0.227331
181 -0.568671
182 0.127928
183 -0.644338
184 0.250834
185 -0.0756321
186 0.39708
187 -0.738504
188 0.200214
189 0.241574
190 -1.20997
191 0.278169
192 0.600843
193 0.171751
194 -0.0802077
195 0.1982
196 0.271331
197 0.347405
198 0.5825
199 -0.823005
200 0.0783722
201 0.00142076
202 0.087276
203 0.37682
204 0.359457
205 -0.0570811
206 0.249949
207 0.191903
208 0.521058
209 0.568809
210 0.403333
211 0.204268
212 0.217622
213 0.0683557
214 0.404368
215 0.358952
216 0.421243
217 0.0727271
218 0.408488
219 0.171302
220 -0.526798
221 0.262503
222 0.0794287
223 -0.755539
224 -0.323747
225 0.491807
226 -0.149097
227 0.388454
228 -0.142573
229 0.0952864
230 0.45619
231 0.172061
232 0.260839
233 0.602019
234 0.192431
235 0.160918
236 0.214029
237 0.235227
238 -0.132081
239 0.0773471
240 0.177935
241 -0.0434513
242 -0.570499
243 0.261325
244 0.26917
245 -0.237109
246 -0.0319966
247 0.555633
248 0.214158
249 0.544479
250 0.18689
251 0.422763
252 0.0586946
253 0.212024
254 0.686266
255 0.250267
256 -0.278513
257 -1.00234
258 -0.163875
259 -0.152912
260 -0.115613
261 0.458485
262 0.440078
263 0.292204
264 -0.279129
265 0.133646
266 0.398987
267 0.657846
268 0.430678
269 0.173416
270 0.263563
271 0.0767706
272 0.246784
273 0.142826
274 0.231591
275 -0.167937
276 0.163025
277 -0.281825
278 0.242835
279 0.206398
280 -0.0550312
281 0.0446439
282 0.310477
283 0.574654
284 0.147371
285 -0.00182146
286 -0.886416
287 0.372879
288 0.609096
289 0.540315
290 0.408145
291 -0.581359
292 0.33378
293 0.032069
294 0.257049
295 0.415398
296 -0.112718
297 -0.887934
298 0.206068
299 -0.113813
300 0.0567348
301 -0.169467
302 0.262842
303 0.450669
304 0.196402
305 0.239745
306 0.403416
307 0.252255
308 0.497669
309 0.0137726
310 -0.309248
311 0.105471
312 0.332779
313 0.276817
314 0.0334082
315 -0.170821
316 -0.0535107
317 0.115123
318 0.11552
319 0.383597
320 0.235951
321 0.32055
322 0.465975
323 0.343374
324 0.198858
325 0.32556
326 -0.0584948
327 0.412346
328 -0.334173
329 0.295066
330 -0.180545
331 0.167693
332 0.416483
333 -0.143349
334 0.0748273
335 0.40996
336 -0.00388395
337 0.358672
338 0.595468
339 0.327369
340 0.411185
341 0.380526
342 0.0360248
343 0.22438
344 0.282445
345 -0.0663602
346 0.20201
347 0.589085
348 0.346912
349 0.430917
350 -0.918173
351 0.0568009
352 -0.0116876
353 0.330705
354 0.541321
355 0.11509
356 0.429734
357 -0.204604
358 -0.0229842
359 0.330667
360 -0.282241
361 0.202499
362 0.0050244
363 -0.361565
364 -1.50386
365 0.47964
366 0.0549872
367 0.514283
368 0.207739
369 -0.157567
370 -0.0708697
371 0.45942
372 0.284147
373 -0.660393
374 0.276825
375 0.0957035
376 0.447354
377 0.30366
378 0.103005
379 -0.137282
380 0.0339274
381 -0.0966083
382 0.225681
383 0.394095
384 0.18864
385 -0.0390545
386 0.022262
387 0.259747
388 -0.772045
389 -0.167361
390 0.142947
391 -0.0353286
392 0.357901
393 0.421387
394 0.358035
395 0.0116382
396 -0.224225
397 0.311362
398 0.0678101
399 0.465143
400 -0.863438
