0 0.358547
1 -0.246316
2 -0.495385
3 0.548163
4 0.672169
5 0.16528
6 0.273958
7 0.123525
8 -0.0417013
9 0.308387
10 -0.28619
11 -0.360501
12 0.341945
13 -0.230407
14 0.34153
15 0.379733
16 0.20464
17 0.40689
18 -0.102155
19 0.492566
20 -0.185672
21 0.490399
22 0.506869
23 -0.134389
24 0.364514
25 -0.0684083
26 0.0612178
27 0.736264
28 -0.442096
29 0.103421
30 -0.0254922
31 -0.168933
32 0.197446
33 0.483253
34 -0.142331
35 -0.0113966
36 -0.136304
37 0.262148
38 0.0375368
39 0.170534
40 0.0751221
41 -0.748432
42 0.404983
43 -0.679879
44 -0.0266188
45 0.349852
46 -0.0582436
47 0.249139
48 0.142459
49 0.0597134
50 -0.0341154
51 0.151452
52 0.668507
53 0.199862
54 0.178857
55 0.644854
56 -0.779108
57 0.630105
58 -0.0216901
59 0.301084
60 0.14203
61 0.22004
62 0.349116
63 0.126365
64 0.116943
65 0.122103
66 0.415328
67 0.470232
68 -0.435518
69 0.233096
70 0.487839
71 0.404572
72 0.384211
73 0.494991
74 -0.562547
75 0.479987
76 0.107647
77 0.127784
78 -0.235917
79 0.04587
80 0.197506
81 -0.290988
82 -0.531991
83 -0.182651
84 -0.339663
85 -0.806526
86 0.359444
87 -0.31867
88 0.317006
89 0.388537
90 -0.381812
91 0.359693
92 -0.00424382
93 0.405452
94 0.296387
95 0.266318
96 -0.767243
97 0.26525
98 0.14314
99 -0.0150455
100 0.41821
101 0.392587
102 0.411523
103 0.46786
104 0.0796676
105 0.246588
106 0.35362
107 0.121051
108 0.225085
109 0.553876
110 0.447053
111 0.297687
112 0.371224
113 -0.492117
114 -0.0204645
115 -0.781963
116 0.199463
117 -0.0669932
118 0.360473
119 0.139071
120 0.308964
121 0.450537
122 -0.330144
123 0.297557
124 0.412512
125 0.166216
126 0.136689
127 -0.16179
128 0.346242
129 0.00521835
130 -0.0969862
131 0.508372
132 0.181154
133 0.316601
134 0.439508
135 0.333738
136 0.264962
137 0.564351
138 -0.144663
139 -0.265152
140 0.272574
141 0.252125
142 0.223784
143 0.414452
144 -0.0803594
145 0.371222
146 0.236858
147 0.0988494
148 0.501304
149 0.370974
150 -1.20852
151 0.790018
152 0.00142044
153 0.385184
154 -0.343167
155 -0.206825
156 0.309532
157 0.606328
158 -1.71986
159 0.609481
160 -0.213881
161 0.00859598
162 0.45981
163 -0.0137815
164 0.159949
165 0.389163
166 0.0163943
167 -0.392014
168 0.13583
169 0.389297
170 -0.0479987
171 0.0868629
172 0.308103
173 -0.00231792
174 0.0920968
175 0.612202
176 -0.491403
177 0.275789
178 -0.0497661
179 0.224593
180 0.452568
181 0.327927
182 -0.283241
183 -0.200113
184 0.0717016
185 0.379785
186 0.184975
187 0.266916
188 0.294254
189 -0.377016
190 0.0590404
191 -0.123902
192 0.0200658
193 0.0135748
194 0.228383
195 0.456651
196 0.326504
197 -0.134733
198 0.422308
199 0.30048
200 0.539998
201 0.335465
202 0.00829321
203 0.561226
204 0.145935
205 0.0433916
206 0.0496931
207 0.105107
208 -0.226116
209 0.487735
210 0.253316
211 0.0100021
212 0.329834
213 -0.373843
214 0.593788
215 -0.663132
216 -0.744771
217 -0.873601
218 0.388335
219 -0.361005
220 0.455169
221 0.0659956
222 0.232276
223 0.0344069
224 -0.00801081
225 0.442678
226 0.439694
227 0.253164
228 -0.461418
229 0.155824
230 0.408103
231 -0.142157
232 0.558534
233 0.286611
234 0.195518
235 -0.266777
236 0.511014
237 0.400132
238 0.391017
239 0.655369
240 -0.0528566
241 -0.991903
242 0.270426
243 0.0616003
244 -0.49664
245 0.154051
246 0.427551
247 -0.256935
248 0.424385
249 -0.0814397
250 0.18819
251 -0.171075
252 0.50876
253 0.211869
254 -0.012417
255 0.40752
256 0.456919
257 -0.275106
258 0.298841
259 0.283196
260 -0.272485
261 0.179706
262 0.013019
263 0.486807
264 0.132785
265 -0.104123
266 0.367838
267 0.31081
268 0.123741
269 -0.406734
270 0.261888
271 0.0855795
272 -0.0476453
273 0.673384
274 0.0693307
275 0.410835
276 0.53287
277 -0.699628
278 0.402785
279 0.243466
280 -0.0554324
281 0.386313
282 0.618628
283 0.268352
284 0.205071
285 0.360104
286 0.580395
287 0.136618
288 -0.442281
289 0.251945
290 0.624645
291 0.0104401
292 0.41649
293 -0.389265
294 0.541898
295 -0.338795
296 0.216561
297 0.515354
298 0.0248666
299 -0.0518405
300 -0.343099
301 0.494458
302 0.513541
303 0.187868
304 0.0699069
305 0.0247333
306 0.603593
307 0.424936
308 -0.342094
309 0.101241
310 0.123443
311 -0.076318
312 0.362814
313 -0.426688
314 0.0484612
315 0.0912983
316 -1.16688
317 0.0498415
318 0.368642
319 -0.211656
320 -0.124884
321 -0.203067
322 -0.46773
323 0.125017
324 0.38279
325 0.702898
326 -0.047666
327 0.217079
328 -0.573134
329 0.299053
330 -0.0696017
331 0.667612
332 0.0554527
333 0.122073
334 -0.30386
335 -0.14254
336 -0.525852
337 -1.11207
338 0.352192
339 0.00357958
340 -0.130617
341 0.271175
342 0.0950069
343 -0.0151602
344 -0.149038
345 -0.516377
346 -0.0320487
347 0.248346
348 -0.183115
349 -0.147399
350 -0.076189
351 0.139637
352 0.170785
353 0.0811815
354 -0.758187
355 0.211106
356 -0.571207
357 0.543608
358 0.200973
359 0.0588924
360 -1.33666
361 0.484581
362 -0.075959
363 0.431015
364 0.285356
365 0.0585397
366 0.367071
367 0.0805463
368 -0.276583
369 -0.00275878
370 0.303161
371 0.150814
372 0.551049
373 0.00311078
374 -0.0337086
375 0.354039
376 0.462398
377 0.5898
378 0.442347
379 0.250521
380 0.264548
381 0.0848126
382 0.43471
383 -0.0357228
384 -0.114327
385 0.0150415
386 0.282282
387 0.155357
388 0.115121
389 -0.370969
390 0.1555
391 0.430511
392 0.480661
393 0.0876893
394 0.0551602
395 0.433255
396 0.351512
397 0.272382
398 0.338322
399 -0.165623
400 -0.118078
