0 0.342224
1 0.481479
2 0.448948
3 0.446979
4 0.0226652
5 0.283825
6 -0.0772607
7 -0.477918
8 0.538861
9 0.447359
10 0.28076
11 0.0944403
12 0.249225
13 -0.463886
14 0.322662
15 0.563169
16 0.582418
17 0.167364
18 -0.350243
19 0.205987
20 -0.0286894
21 -0.0436261
22 -0.963565
23 -0.280877
24 0.422405
25 0.343592
26 0.558551
27 -0.0385442
28 0.43439
29 -0.481506
30 0.509563
31 -0.170235
32 -0.273537
33 0.0941776
34 -0.0223178
35 0.40324
36 0.325026
37 -0.000948487
38 0.282781
39 0.294254
40 0.14595
41 -0.099585
42 0.352528
43 0.391117
44 0.0106975
45 -0.0942822
46 0.541879
47 0.336032
48 0.482429
49 0.113046
50 -0.714002
51 0.0611822
52 -1.04681
53 -0.285109
54 0.176416
55 -0.0191496
56 0.187106
57 0.256309
58 0.394527
59 -0.180244
60 0.620542
61 0.227712
62 0.305113
63 -0.124071
64 0.384371
65 -0.448112
66 0.343187
67 0.244338
68 0.217813
69 -0.270753
70 0.517049
71 -1.01666
72 -0.165052
73 -0.110483
74 0.376583
75 0.239029
76 0.036348
77 0.389424
78 0.670747
79 -0.0495757
80 -0.396163
81 0.546467
82 -0.386782
83 0.398625
84 -0.0855998
85 0.382236
86 0.357398
87 -0.431493
88 -0.576112
89 0.327671
90 0.395078
91 0.346858
92 -0.019589
93 0.268173
94 0.171461
95 -0.550986
96 0.423271
97 -0.51878
98 -0.513721
99 0.078544
100 0.295502
101 0.541696
102 -1.06315
103 0.325758
104 -0.6941
105 -0.208064
106 0.319082
107 0.0865543
108 0.344869
109 0.231733
110 0.2132
111 0.454691
112 -0.0198434
113 0.624659
114 0.293946
115 0.51517
116 -0.00503856
117 0.152307
118 0.116717
119 -0.736624
120 0.3762
121 0.449255
122 0.213772
123 0.431802
124 0.425992
125 -0.144471
126 0.484668
127 0.480769
128 0.472651
129 -0.0558877
130 -0.888585
131 0.503987
132 -0.160108
133 0.307551
134 -0.174864
135 0.503772
136 0.69043
137 0.260921
138 0.397825
139 0.578255
140 -0.0395369
141 0.508003
142 -0.0695937
143 0.299403
144 0.438862
145 0.0422114
146 -0.35491
147 0.154702
148 0.0962417
149 0.520665
150 -0.496248
151 0.0449407
152 0.247277
153 -0.125023
154 0.0974302
155 0.120978
156 0.19286
157 -0.022984
158 -0.39111
159 0.216096
160 0.0432587
161 0.190195
162 0.385185
163 0.161381
164 0.386607
165 -1.11795
166 -0.138562
167 0.462473
168 0.257259
169 0.24324
170 0.485903
171 0.249438
172 0.51246
173 -0.140156
174 -0.217521
175 0.240284
176 0.282987
177 -0.0281933
178 0.440237
179 -0.127139
180 0.214973
181 -0.00838065
182 0.0622424
183 -0.173204
184 -0.861888
185 -0.0292124
186 0.373892
187 -0.368511
188 0.196299
189 0.371225
190 -0.00682642
191 0.0693921
192 0.049803
193 0.182946
194 -0.165009
195 -0.771295
196 0.0445074
197 -0.683769
198 -0.13494
199 -0.20522
200 0.442281
201 0.175215
202 -0.487882
203 -0.481601
204 -0.0612086
205 -0.188756
206 0.413532
207 0.0332939
208 0.127259
209 0.238244
210 0.0775927
211 -0.134508
212 0.583386
213 -0.248291
214 0.0328228
215 0.362862
216 0.371476
217 0.178905
218 0.390563
219 0.29369
220 0.263096
221 0.0592397
222 0.408584
223 0.00124983
224 -0.164178
225 -0.160871
226 0.552157
227 0.161987
228 -0.0550142
229 0.0934588
230 -1.40977
231 -0.134085
232 0.18753
233 0.235113
234 0.481216
235 0.445741
236 0.392612
237 -0.129469
238 -0.0630769
239 -0.595622
240 -0.72805
241 0.460517
242 0.0661828
243 0.291541
244 0.352375
245 -0.0496028
246 0.141237
247 0.370749
248 -0.899606
249 0.150318
250 0.532492
251 0.122388
252 0.479898
253 -0.0341609
254 0.284417
255 0.321516
256 0.212051
257 -0.252248
258 -0.375052
259 0.31847
260 0.64902
261 -0.112445
262 -0.179691
263 0.0615761
264 -0.282898
265 0.199097
266 0.450603
267 0.179143
268 0.177015
269 0.419497
270 0.635582
271 0.453397
272 0.353362
273 0.48809
274 0.369362
275 -0.0678074
276 0.0760312
277 0.388672
278 0.339052
279 0.251078
280 0.0504706
281 -0.00897252
282 0.449652
283 -0.252333
284 -0.363552
285 0.0649774
286 0.402411
287 -0.284908
288 -1.66864
289 0.721802
290 0.562667
291 0.157367
292 -0.178776
293 -0.527397
294 0.209492
295 -0.356412
296 0.183993
297 0.166661
298 0.411243
299 0.500841
300 0.0571175
301 -0.13557
302 0.204059
303 -0.127147
304 0.29765
305 0.321391
306 0.0344714
307 -0.321414
308 -0.628031
309 0.483726
310 0.202889
311 0.0349592
312 -0.228989
313 0.257179
314 0.459568
315 0.32873
316 0.108311
317 -0.362614
318 -0.323568
319 0.456255
320 -0.15774
321 0.060847
322 -0.00319204
323 -0.1131
324 -0.0532019
325 -0.0379543
326 0.294002
327 0.371581
328 0.223976
329 0.0483828
330 0.303272
331 0.50582
332 -0.297692
333 0.595871
334 0.270117
335 -0.584012
336 -0.432263
337 0.540593
338 -0.208025
339 0.619352
340 0.0544682
341 0.221285
342 -0.0813787
343 -0.275859
344 -1.18428
345 0.185771
346 0.543221
347 -0.0891809
348 -0.0474283
349 0.251084
350 0.416734
351 0.629988
352 0.703618
353 0.472323
354 0.250689
355 0.0608313
356 0.546556
357 -0.211164
358 0.120726
359 0.107776
360 0.159578
361 -0.753029
362 0.154282
363 0.162193
364 -0.161624
365 0.415613
366 0.407448
367 0.281323
368 0.484335
369 -0.156623
370 0.532708
371 0.286044
372 -0.199831
373 -0.0709304
374 0.380929
375 0.555044
376 0.105979
377 0.468719
378 -0.804596
379 0.23117
380 0.421123
381 0.0550399
382 0.258425
383 0.052443
384 0.151515
385 0.103433
386 0.192139
387 -0.232734
388 0.239109
389 -0.348906
390 0.236471
391 0.506348
392 -0.0478229
393 0.33557
394 0.0305583
395 0.25973
396 -0.188022
397 0.423018
398 0.334102
399 0.0298718
400 0.174864
