0 -0.186345
1 0.176369
2 0.0583974
3 -0.0955497
4 -0.145073
5 -0.557051
6 -0.295146
7 -0.18707
8 -0.0485164
9 -0.0973583
10 -0.0253115
11 -0.0799649
12 0.00172531
13 0.121893
14 0.104491
15 0.236173
16 0.242403
17 0.260302
18 0.244539
19 0.200849
20 0.216747
21 0.20487
22 0.289372
23 0.252821
24 0.371225
25 0.391895
26 0.33122
27 0.337245
28 0.317495
29 0.269803
30 0.303908
31 0.225556
32 0.273217
33 0.214925
34 0.261279
35 0.247285
36 0.268754
37 0.252874
38 0.145016
39 0.0892046
40 0.127048
41 0.0692781
42 0.163965
43 0.244242
44 0.233449
45 0.2689
46 0.280461
47 0.3251
48 0.326387
49 0.178419
50 0.153317
51 0.152887
52 0.11239
53 0.170262
54 0.1769
55 0.158078
56 0.123417
57 0.162651
58 0.177962
59 0.236164
60 0.284827
61 0.253984
62 0.322203
63 0.369257
64 0.290156
65 0.310106
66 0.315039
67 0.31062
68 0.325392
69 0.263501
70 0.255989
71 0.287636
72 0.233316
73 0.16978
74 0.149322
75 0.126859
76 0.149938
77 0.0557799
78 -0.00867147
79 -0.0175234
80 -0.182607
81 -0.23638
82 -0.206381
83 -0.192068
84 -0.171462
85 -0.147218
86 -0.342674
87 -0.360256
88 -0.387483
89 -0.31556
90 -0.347589
91 -0.417925
92 -0.384368
93 -0.303518
94 -0.313478
95 -0.267311
96 -0.26997
97 -0.251667
98 -0.265326
99 -0.315335
100 -0.260618
101 -0.249488
102 -0.239502
103 -0.270032
104 -0.234064
105 -0.149338
106 -0.121431
107 -0.126238
108 -0.12689
109 -0.108227
110 -0.0378196
111 -0.0640384
112 -0.144249
113 -0.0749391
114 -0.0298183
115 -0.0451663
116 -0.0706844
117 -0.0699421
118 -0.0220413
119 0.0130364
120 -0.0353793
121 -0.0126028
122 -0.0184197
123 -0.0412071
124 0.0106056
125 -0.00275784
126 -0.0108406
127 -0.0546272
128 -0.0759043
129 -0.135726
130 -0.16968
131 -0.156562
132 -0.165842
133 -0.131242
134 -0.0901356
135 -0.0817816
136 -0.0613283
137 -0.0888756
138 -0.0844279
139 -0.0901582
140 -0.0987579
141 -0.0840925
142 -0.0620577
143 -0.0275859
144 -0.0301123
145 0.00155662
146 -0.0166781
147 -0.0184874
148 -0.00880045
149 0.0374904
150 0.0184867
151 0.0675037
152 0.0652782
153 0.1023
154 0.0903491
155 0.114515
156 0.110362
157 0.100211
158 0.0879037
159 0.0865308
160 0.0998316
161 0.0923603
162 0.105237
163 0.0909215
164 0.0947261
165 0.141809
166 0.17908
167 0.155633
168 0.131235
169 0.109413
170 0.0939986
171 0.0947799
172 0.138056
173 0.137019
174 0.166588
175 0.15168
176 0.165489
177 0.158825
178 0.159282
179 0.12373
180 0.162087
181 0.160965
182 0.18311
183 0.182489
184 0.212791
185 0.198226
186 0.223846
187 0.213272
188 0.252258
189 0.221632
190 0.240766
191 0.259783
192 0.243175
193 0.245085
194 0.258246
195 0.222062
196 0.222969
197 0.235616
198 0.245813
199 0.280245
200 0.257239
201 0.283823
202 0.296375
203 0.308352
204 0.305012
205 0.308738
206 0.289706
207 0.324756
208 0.327376
209 0.301058
210 0.305754
211 0.324381
212 0.281009
213 0.266148
214 0.309578
215 0.328337
216 0.348392
217 0.334493
218 0.331124
219 0.361088
220 0.34442
221 0.331371
222 0.330741
223 0.360717
224 0.381646
225 0.38266
226 0.370852
227 0.362162
228 0.345179
229 0.333727
230 0.36189
231 0.339995
232 0.316251
233 0.335979
234 0.346622
235 0.356158
236 0.309972
237 0.311565
238 0.300252
239 0.321409
240 0.301759
241 0.312954
242 0.306951
243 0.315084
244 0.313725
245 0.375286
246 0.389269
247 0.388875
248 0.389428
249 0.408452
250 0.41916
251 0.426363
252 0.430637
253 0.443559
254 0.429965
255 0.422826
256 0.422734
257 0.442171
258 0.450113
259 0.455821
260 0.472001
261 0.484242
262 0.489961
263 0.484951
264 0.513526
265 0.510441
266 0.503219
267 0.489184
268 0.506073
269 0.495105
270 0.489757
271 0.495529
272 0.498413
273 0.527563
274 0.520075
275 0.553484
276 0.556651
277 0.55776
278 0.546576
279 0.538228
280 0.541229
281 0.550863
282 0.550332
283 0.549021
284 0.54576
285 0.567461
286 0.549546
287 0.548667
288 0.558715
289 0.551662
290 0.532689
291 0.550452
292 0.544246
293 0.553655
294 0.553845
295 0.556754
296 0.569492
297 0.587446
298 0.5854
299 0.591112
300 0.594195
301 0.594695
302 0.581849
303 0.58889
304 0.567512
305 0.569585
306 0.594297
307 0.58611
308 0.594149
309 0.588364
310 0.597112
311 0.605473
312 0.602436
313 0.605242
314 0.616587
315 0.612159
316 0.60961
317 0.609079
318 0.597712
319 0.611679
320 0.614254
321 0.613021
322 0.60984
323 0.619036
324 0.623344
325 0.634653
326 0.628863
327 0.628493
328 0.640109
329 0.64066
330 0.633964
331 0.629503
332 0.626542
333 0.618045
334 0.618707
335 0.622114
336 0.624211
337 0.622224
338 0.617791
339 0.610606
340 0.621462
341 0.619711
342 0.638769
343 0.613828
344 0.62059
345 0.627179
346 0.627071
347 0.651611
348 0.649432
349 0.662612
350 0.655615
351 0.654349
352 0.655565
353 0.642142
354 0.641872
355 0.651149
356 0.639641
357 0.633959
358 0.627201
359 0.613049
360 0.621346
361 0.630249
362 0.636994
363 0.637843
364 0.640886
365 0.640201
366 0.640845
367 0.635353
368 0.630216
369 0.635072
370 0.626252
371 0.622034
372 0.637323
373 0.632666
374 0.640351
375 0.642474
376 0.623506
377 0.626619
378 0.629238
379 0.612422
380 0.628955
381 0.627597
382 0.644872
383 0.649619
384 0.649419
385 0.679384
386 0.655941
387 0.653891
388 0.674448
389 0.666186
390 0.665959
391 0.676607
392 0.685826
393 0.686733
394 0.691905
395 0.698288
396 0.697955
397 0.704276
398 0.699323
399 0.705508
400 0.707459
