0 0.00024292
16 0.0289147
32 0.0527056
48 0.0743631
64 0.0962699
80 0.117177
96 0.138292
112 0.159902
128 0.179839
144 0.199933
160 0.220477
176 0.241809
192 0.26101
208 0.281551
224 0.300072
240 0.319611
256 0.335979
272 0.354328
288 0.371445
304 0.387236
320 0.403226
336 0.419394
352 0.434452
368 0.448882
384 0.4632
400 0.476287
416 0.489508
432 0.503581
448 0.515632
464 0.527722
480 0.539256
496 0.552295
512 0.563739
528 0.57557
544 0.587196
560 0.598334
576 0.608939
592 0.621247
608 0.632083
624 0.644124
640 0.655965
656 0.66932
672 0.678552
688 0.688109
704 0.69788
720 0.707493
736 0.716717
752 0.726096
768 0.734078
784 0.741635
800 0.750291
816 0.758611
832 0.767131
848 0.776563
864 0.783886
880 0.790984
896 0.798476
912 0.804834
928 0.811558
944 0.816964
960 0.823977
976 0.830533
992 0.835575
1008 0.840566
1024 0.845904
1040 0.850247
1056 0.853659
1072 0.858021
1088 0.862632
1104 0.86604
1120 0.869323
1136 0.872934
1152 0.876501
1168 0.878875
1184 0.881109
1200 0.883602
1216 0.8862
1232 0.88905
1248 0.891318
1264 0.894191
1280 0.896051
1296 0.896838
1312 0.898976
1328 0.900108
1344 0.901842
1360 0.90355
1376 0.905664
1392 0.907248
1408 0.908321
1424 0.909706
1440 0.911207
1456 0.912469
1472 0.913176
1488 0.914674
1504 0.916329
1520 0.917547
1536 0.917947
1552 0.918815
1568 0.919689
1584 0.920532
1600 0.921711
1616 0.922907
1632 0.923721
1648 0.924438
1664 0.925188
1680 0.926262
1696 0.926704
1712 0.927079
1728 0.927718
1744 0.927891
1760 0.928862
1776 0.92976
1792 0.930058
1808 0.931535
1824 0.932154
1840 0.932483
1856 0.933449
1872 0.934074
1888 0.934513
1904 0.935026
1920 0.935604
1936 0.936513
1952 0.93702
1968 0.936971
1984 0.937758
2000 0.938266
2016 0.938718
2032 0.939074
2048 0.939635
2064 0.939857
2080 0.939997
2096 0.940554
2112 0.940787
2128 0.941165
2144 0.941733
2160 0.942242
2176 0.942562
2192 0.942811
2208 0.942883
2224 0.943352
2240 0.943453
2256 0.943934
2272 0.944253
2288 0.943574
2304 0.943769
2320 0.944376
2336 0.944457
2352 0.944488
2368 0.944416
2384 0.944689
2400 0.944991
2416 0.945187
2432 0.944981
2448 0.945191
2464 0.945634
2480 0.946026
2496 0.945964
2512 0.946248
2528 0.945785
2544 0.945949
2560 0.946131
2576 0.945559
2592 0.945139
2608 0.945348
2624 0.946187
2640 0.945798
2656 0.945962
2672 0.945626
2688 0.945884
2704 0.946134
2720 0.94652
2736 0.946439
2752 0.946492
2768 0.946674
2784 0.946519
2800 0.9468
2816 0.946921
2832 0.947198
2848 0.947095
2864 0.947007
2880 0.947019
2896 0.947088
2912 0.94754
2928 0.947919
2944 0.947971
2960 0.948269
2976 0.94806
2992 0.948052
3008 0.947621
3024 0.947688
3040 0.947618
3056 0.947665
3072 0.947718
3088 0.947525
3104 0.947577
3120 0.947828
3136 0.947575
3152 0.947587
3168 0.947522
3184 0.947588
3200 0.947425
