0 0.000245816
16 0.0287024
32 0.0525534
48 0.0741389
64 0.0957889
80 0.116355
96 0.137391
112 0.158248
128 0.177995
144 0.198273
160 0.21895
176 0.240681
192 0.259543
208 0.280216
224 0.298606
240 0.318515
256 0.334171
272 0.352884
288 0.370184
304 0.385774
320 0.40183
336 0.417911
352 0.433623
368 0.448723
384 0.462677
400 0.475846
416 0.488995
432 0.503352
448 0.515806
464 0.527974
480 0.539713
496 0.553617
512 0.565572
528 0.577858
544 0.589823
560 0.601533
576 0.612286
592 0.625228
608 0.636583
624 0.648754
640 0.660456
656 0.674463
672 0.683938
688 0.693392
704 0.703556
720 0.713138
736 0.722345
752 0.73202
768 0.740541
784 0.747479
800 0.756338
816 0.764627
832 0.77346
848 0.783333
864 0.790403
880 0.79733
896 0.804556
912 0.810498
928 0.816776
944 0.821976
960 0.828995
976 0.835279
992 0.839991
1008 0.844437
1024 0.849236
1040 0.85335
1056 0.856598
1072 0.860299
1088 0.864557
1104 0.867851
1120 0.87074
1136 0.873792
1152 0.87726
1168 0.879293
1184 0.881002
1200 0.883176
1216 0.885495
1232 0.887686
1248 0.889366
1264 0.892062
1280 0.893883
1296 0.894896
1312 0.897046
1328 0.898123
1344 0.899896
1360 0.901273
1376 0.903166
1392 0.904711
1408 0.905617
1424 0.906994
1440 0.908068
1456 0.909174
1472 0.909975
1488 0.9116
1504 0.913085
1520 0.914364
1536 0.914803
1552 0.915607
1568 0.916512
1584 0.917473
1600 0.918644
1616 0.919906
1632 0.920834
1648 0.921463
1664 0.922034
1680 0.923091
1696 0.92365
1712 0.923913
1728 0.924806
1744 0.924991
1760 0.925879
1776 0.926574
1792 0.92696
1808 0.928622
1824 0.929324
1840 0.929455
1856 0.930578
1872 0.931101
1888 0.93133
1904 0.932059
1920 0.932803
1936 0.933623
1952 0.934413
1968 0.934358
1984 0.935287
2000 0.935907
2016 0.936594
2032 0.93683
2048 0.937294
2064 0.937718
2080 0.937972
2096 0.938648
2112 0.938663
2128 0.939052
2144 0.939853
2160 0.940409
2176 0.940771
2192 0.941154
2208 0.941304
2224 0.941679
2240 0.941715
2256 0.942348
2272 0.942719
2288 0.942224
2304 0.942424
2320 0.943036
2336 0.94309
2352 0.943125
2368 0.943131
2384 0.943359
2400 0.943513
2416 0.943872
2432 0.943749
2448 0.944048
2464 0.944283
2480 0.944607
2496 0.944576
2512 0.944769
2528 0.944378
2544 0.944695
2560 0.944916
2576 0.944514
2592 0.944082
2608 0.944331
2624 0.945091
2640 0.94477
2656 0.944941
2672 0.944606
2688 0.944517
2704 0.944861
2720 0.945321
2736 0.945478
2752 0.945573
2768 0.94562
2784 0.945522
2800 0.945741
2816 0.945859
2832 0.946386
2848 0.946227
2864 0.946157
2880 0.946129
2896 0.946119
2912 0.946546
2928 0.947016
2944 0.947122
2960 0.947353
2976 0.947247
2992 0.947435
3008 0.946906
3024 0.9469
3040 0.9467
3056 0.946704
3072 0.946792
3088 0.946527
3104 0.946715
3120 0.946789
3136 0.946664
3152 0.946739
3168 0.946926
3184 0.946798
3200 0.946551
