0 1.10173e-07
16 0.0018177
32 0.0057536
48 0.0110279
64 0.0178973
80 0.0259959
96 0.0352022
112 0.0459493
128 0.0566531
144 0.0686727
160 0.0818352
176 0.0964504
192 0.111005
208 0.127174
224 0.143214
240 0.160086
256 0.175151
272 0.192439
288 0.209067
304 0.224929
320 0.24043
336 0.257079
352 0.272301
368 0.287237
384 0.30249
400 0.316618
416 0.331033
432 0.346009
448 0.359166
464 0.372075
480 0.384745
496 0.399285
512 0.412185
528 0.42545
544 0.438706
560 0.451596
576 0.464036
592 0.479083
608 0.492462
624 0.507209
640 0.521666
656 0.537595
672 0.549046
688 0.560701
704 0.57222
720 0.584478
736 0.595968
752 0.607618
768 0.61798
784 0.628204
800 0.639271
816 0.649781
832 0.661084
848 0.673401
864 0.682254
880 0.692311
896 0.702298
912 0.710938
928 0.720152
944 0.727784
960 0.737765
976 0.747043
992 0.753638
1008 0.760486
1024 0.76769
1040 0.773629
1056 0.778631
1072 0.784219
1088 0.790722
1104 0.795599
1120 0.799852
1136 0.804674
1152 0.809292
1168 0.812685
1184 0.816082
1200 0.820055
1216 0.823431
1232 0.827362
1248 0.830523
1264 0.834727
1280 0.837283
1296 0.8381
1312 0.840812
1328 0.841982
1344 0.844573
1360 0.846703
1376 0.849746
1392 0.851691
1408 0.853096
1424 0.854955
1440 0.856741
1456 0.858615
1472 0.859418
1488 0.861173
1504 0.863201
1520 0.864965
1536 0.865203
1552 0.866197
1568 0.867242
1584 0.868211
1600 0.869758
1616 0.871153
1632 0.87222
1648 0.873103
1664 0.873903
1680 0.875541
1696 0.875867
1712 0.876199
1728 0.877012
1744 0.876866
1760 0.878019
1776 0.879368
1792 0.879374
1808 0.881665
1824 0.882285
1840 0.882631
1856 0.884046
1872 0.885121
1888 0.885565
1904 0.886159
1920 0.886986
1936 0.888194
1952 0.888768
1968 0.88847
1984 0.889679
2000 0.890524
2016 0.891215
2032 0.891647
2048 0.892601
2064 0.892918
2080 0.892901
2096 0.893806
2112 0.894017
2128 0.89449
2144 0.89553
2160 0.896285
2176 0.896804
2192 0.897261
2208 0.897202
2224 0.897962
2240 0.897996
2256 0.898758
2272 0.899234
2288 0.897942
2304 0.898191
2320 0.899255
2336 0.89927
2352 0.899302
2368 0.898952
2384 0.899393
2400 0.899978
2416 0.900258
2432 0.89979
2448 0.900187
2464 0.900979
2480 0.901677
2496 0.901444
2512 0.901875
2528 0.900996
2544 0.901271
2560 0.901505
2576 0.900349
2592 0.899508
2608 0.899862
2624 0.90138
2640 0.900652
2656 0.900892
2672 0.900255
2688 0.900718
2704 0.901171
2720 0.901868
2736 0.901613
2752 0.901603
2768 0.901855
2784 0.901478
2800 0.902004
2816 0.902173
2832 0.902586
2848 0.902323
2864 0.902126
2880 0.902094
2896 0.902192
2912 0.903033
2928 0.903762
2944 0.903858
2960 0.904418
2976 0.904023
2992 0.904
3008 0.903172
3024 0.903306
3040 0.903168
3056 0.903258
3072 0.903358
3088 0.902995
3104 0.903101
3120 0.903577
3136 0.903082
3152 0.90312
3168 0.902982
3184 0.903095
3200 0.902803
