0 1.12544e-07
16 0.00183833
32 0.00581919
48 0.0110868
64 0.0179438
80 0.025985
96 0.0351065
112 0.0452643
128 0.0555815
144 0.067551
160 0.080462
176 0.0951149
192 0.108963
208 0.124972
224 0.140674
240 0.15773
256 0.171926
272 0.189217
288 0.205781
304 0.221573
320 0.237141
336 0.253734
352 0.269536
368 0.285138
384 0.300077
400 0.314353
416 0.328562
432 0.343843
448 0.357421
464 0.370589
480 0.383466
496 0.398952
512 0.412728
528 0.426678
544 0.440631
560 0.454195
576 0.467069
592 0.483089
608 0.497325
624 0.51249
640 0.527092
656 0.543849
672 0.555779
688 0.567428
704 0.579417
720 0.591804
736 0.603432
752 0.615719
768 0.626967
784 0.636661
800 0.648214
816 0.658959
832 0.670656
848 0.683495
864 0.692194
880 0.702105
896 0.711732
912 0.719774
928 0.728496
944 0.735982
960 0.746177
976 0.755254
992 0.761551
1008 0.767893
1024 0.774341
1040 0.780069
1056 0.784865
1072 0.789596
1088 0.795545
1104 0.800257
1120 0.80392
1136 0.807999
1152 0.812465
1168 0.815447
1184 0.818003
1200 0.821501
1216 0.824392
1232 0.827358
1248 0.829598
1264 0.833492
1280 0.835915
1296 0.837038
1312 0.839709
1328 0.840859
1344 0.843487
1360 0.845117
1376 0.847729
1392 0.84958
1408 0.85085
1424 0.852681
1440 0.853862
1456 0.855468
1472 0.856477
1488 0.858373
1504 0.85998
1520 0.861848
1536 0.862166
1552 0.862977
1568 0.864022
1584 0.865125
1600 0.866687
1616 0.868132
1632 0.869441
1648 0.870167
1664 0.870614
1680 0.8722
1696 0.872684
1712 0.872776
1728 0.874004
1744 0.873836
1760 0.874735
1776 0.875708
1792 0.875802
1808 0.878395
1824 0.879121
1840 0.879061
1856 0.880725
1872 0.881605
1888 0.881592
1904 0.882539
1920 0.883634
1936 0.884587
1952 0.885635
1968 0.885295
1984 0.886721
2000 0.88776
2016 0.888872
2032 0.889036
2048 0.889786
2064 0.890467
2080 0.89062
2096 0.891726
2112 0.891483
2128 0.891936
2144 0.893411
2160 0.894224
2176 0.894807
2192 0.895512
2208 0.89557
2224 0.896129
2240 0.896013
2256 0.897041
2272 0.897595
2288 0.896652
2304 0.896886
2320 0.897948
2336 0.897888
2352 0.897921
2368 0.897684
2384 0.898027
2400 0.89833
2416 0.898906
2432 0.898584
2448 0.899147
2464 0.899536
2480 0.900098
2496 0.899905
2512 0.900144
2528 0.899402
2544 0.899963
2560 0.900253
2576 0.899409
2592 0.898538
2608 0.898957
2624 0.900314
2640 0.89972
2656 0.899961
2672 0.899323
2688 0.899123
2704 0.899748
2720 0.900581
2736 0.900762
2752 0.900815
2768 0.900794
2784 0.900513
2800 0.90092
2816 0.901071
2832 0.901939
2848 0.901559
2864 0.901391
2880 0.901276
2896 0.90122
2912 0.902009
2928 0.90291
2944 0.903112
2960 0.903544
2976 0.903341
2992 0.903689
3008 0.902675
3024 0.90267
3040 0.902283
3056 0.902294
3072 0.90246
3088 0.901961
3104 0.902327
3120 0.902466
3136 0.902212
3152 0.902373
3168 0.902709
3184 0.902452
3200 0.902005
