0 0.132986
16 -0.174135
32 -0.0712184
48 0.00575103
64 0.0688907
80 0.106686
96 0.159337
112 0.202906
128 0.248323
144 0.282026
160 0.3165
176 0.35047
192 0.37059
208 0.395708
224 0.409502
240 0.432853
256 0.44837
272 0.467212
288 0.484709
304 0.499988
320 0.521265
336 0.538423
352 0.557333
368 0.574476
384 0.590146
400 0.604279
416 0.618501
432 0.635579
448 0.649125
464 0.663958
480 0.676927
496 0.690995
512 0.703014
528 0.71574
544 0.727648
560 0.738571
576 0.748578
592 0.758687
608 0.767393
624 0.777505
640 0.787643
656 0.799984
672 0.807542
688 0.815823
704 0.825098
720 0.83232
736 0.839815
752 0.847498
768 0.853193
784 0.857857
800 0.864401
816 0.870911
832 0.876645
848 0.883341
864 0.8897
880 0.893465
896 0.898467
912 0.902464
928 0.906586
944 0.909572
960 0.913353
976 0.916991
992 0.920577
1008 0.923665
1024 0.927137
1040 0.929855
1056 0.931529
1072 0.934776
1088 0.937394
1104 0.939238
1120 0.941606
1136 0.944017
1152 0.946583
1168 0.947874
1184 0.948826
1200 0.949661
1216 0.951512
1232 0.953251
1248 0.95459
1264 0.956042
1280 0.957186
1296 0.957999
1312 0.959593
1328 0.960766
1344 0.961572
1360 0.962886
1376 0.964012
1392 0.965263
1408 0.966004
1424 0.966903
1440 0.968154
1456 0.968754
1472 0.969388
1488 0.970662
1504 0.971961
1520 0.972594
1536 0.973207
1552 0.97397
1568 0.974682
1584 0.975417
1600 0.976215
1616 0.97723
1632 0.977779
1648 0.978332
1664 0.979053
1680 0.979509
1696 0.980105
1712 0.980542
1728 0.981002
1744 0.981552
1760 0.982342
1776 0.982749
1792 0.983393
1808 0.983973
1824 0.984608
1840 0.984928
1856 0.985402
1872 0.985528
1888 0.985971
1904 0.986405
1920 0.986713
1936 0.987302
1952 0.987744
1968 0.987976
1984 0.988301
2000 0.988435
2016 0.988624
2032 0.988902
2048 0.989028
2064 0.989146
2080 0.989467
2096 0.989641
2112 0.989902
2128 0.990179
2144 0.990225
2160 0.990465
2176 0.990565
2192 0.990586
2208 0.990805
2224 0.990955
2240 0.991134
2256 0.991306
2272 0.991453
2288 0.991452
2304 0.99159
2320 0.991692
2336 0.991849
2352 0.991879
2368 0.992118
2384 0.992206
2400 0.992196
2416 0.9923
2432 0.992384
2448 0.992388
2464 0.992447
2480 0.992501
2496 0.992629
2512 0.992752
2528 0.992748
2544 0.992789
2560 0.992917
2576 0.992991
2592 0.993036
2608 0.993086
2624 0.993175
2640 0.99316
2656 0.993241
2672 0.993239
2688 0.993269
2704 0.993297
2720 0.993338
2736 0.993451
2752 0.993575
2768 0.993681
2784 0.993772
2800 0.993782
2816 0.993851
2832 0.99398
2848 0.994053
2864 0.994086
2880 0.994147
2896 0.994184
2912 0.994207
2928 0.994201
2944 0.994203
2960 0.994212
2976 0.99421
2992 0.994218
3008 0.994225
3024 0.994217
3040 0.994223
3056 0.994221
3072 0.994224
3088 0.994216
3104 0.99421
3120 0.994212
3136 0.994228
3152 0.99421
3168 0.994226
3184 0.994241
3200 0.994219
