0 0.137472
16 -0.23145
32 -0.10698
48 -0.0170416
64 0.0443814
80 0.0806744
96 0.140183
112 0.192491
128 0.245659
144 0.281681
160 0.321572
176 0.358027
192 0.382439
208 0.408422
224 0.422336
240 0.445274
256 0.460413
272 0.48052
288 0.498342
304 0.511151
320 0.531339
336 0.547181
352 0.566517
368 0.583883
384 0.598231
400 0.611696
416 0.625929
432 0.642883
448 0.656596
464 0.670563
480 0.68356
496 0.698326
512 0.709707
528 0.722216
544 0.733425
560 0.74477
576 0.754131
592 0.764195
608 0.772757
624 0.782343
640 0.791633
656 0.804465
672 0.811856
688 0.819806
704 0.82944
720 0.836327
736 0.843519
752 0.850956
768 0.856736
784 0.86051
800 0.866851
816 0.87291
832 0.878952
848 0.88611
864 0.892022
880 0.895601
896 0.900477
912 0.904298
928 0.908005
944 0.910696
960 0.91423
976 0.917494
992 0.920682
1008 0.923122
1024 0.926318
1040 0.928781
1056 0.930352
1072 0.933143
1088 0.935668
1104 0.937476
1120 0.939682
1136 0.941735
1152 0.944282
1168 0.945302
1184 0.946097
1200 0.946794
1216 0.948616
1232 0.950035
1248 0.951167
1264 0.952604
1280 0.953832
1296 0.954797
1312 0.956484
1328 0.957559
1344 0.958418
1360 0.95959
1376 0.960745
1392 0.962031
1408 0.962558
1424 0.963479
1440 0.964498
1456 0.965073
1472 0.965677
1488 0.967079
1504 0.968508
1520 0.969158
1536 0.969767
1552 0.970608
1568 0.971396
1584 0.972239
1600 0.973007
1616 0.974115
1632 0.974636
1648 0.975181
1664 0.975926
1680 0.976407
1696 0.977078
1712 0.977554
1728 0.978091
1744 0.978696
1760 0.979606
1776 0.980001
1792 0.980742
1808 0.981381
1824 0.982078
1840 0.982436
1856 0.982967
1872 0.983094
1888 0.983609
1904 0.98411
1920 0.98447
1936 0.985159
1952 0.985674
1968 0.985946
1984 0.986328
2000 0.986485
2016 0.986703
2032 0.987028
2048 0.987176
2064 0.987318
2080 0.987692
2096 0.987895
2112 0.988203
2128 0.988528
2144 0.98858
2160 0.988858
2176 0.988975
2192 0.989001
2208 0.989259
2224 0.989434
2240 0.989642
2256 0.989842
2272 0.990013
2288 0.990014
2304 0.990178
2320 0.990294
2336 0.990478
2352 0.990515
2368 0.990794
2384 0.990897
2400 0.990886
2416 0.991007
2432 0.991106
2448 0.991113
2464 0.991178
2480 0.991242
2496 0.99139
2512 0.991535
2528 0.991531
2544 0.99158
2560 0.991727
2576 0.991816
2592 0.991868
2608 0.991929
2624 0.992031
2640 0.992013
2656 0.992107
2672 0.992107
2688 0.992142
2704 0.992175
2720 0.992224
2736 0.992355
2752 0.9925
2768 0.992622
2784 0.992728
2800 0.992739
2816 0.992823
2832 0.992974
2848 0.993059
2864 0.993099
2880 0.993168
2896 0.993209
2912 0.993237
2928 0.993231
2944 0.993232
2960 0.993242
2976 0.99324
2992 0.993254
3008 0.99326
3024 0.993253
3040 0.993257
3056 0.993254
3072 0.993257
3088 0.993249
3104 0.993241
3120 0.993243
3136 0.993261
3152 0.99324
3168 0.993263
3184 0.993278
3200 0.993252
