0 0.1261
16 -0.14943
32 -0.0362019
48 0.0367744
64 0.103264
80 0.14152
96 0.185817
112 0.216273
128 0.255104
144 0.287345
160 0.319158
176 0.35051
192 0.372073
208 0.397168
224 0.411108
240 0.431624
256 0.447262
272 0.465047
288 0.482908
304 0.497565
320 0.5169
336 0.533999
352 0.551775
368 0.567644
384 0.582651
400 0.597135
416 0.61112
432 0.628066
448 0.641443
464 0.654999
480 0.667288
496 0.681036
512 0.693333
528 0.705605
544 0.71728
560 0.727796
576 0.738128
592 0.748438
608 0.75732
624 0.767092
640 0.777035
656 0.789459
672 0.797175
688 0.805627
704 0.814871
720 0.822214
736 0.829152
752 0.83705
768 0.842719
784 0.847974
800 0.854628
816 0.860944
832 0.866625
848 0.87321
864 0.879509
880 0.883504
896 0.888671
912 0.892977
928 0.89737
944 0.900451
960 0.904571
976 0.908535
992 0.912385
1008 0.915738
1024 0.919245
1040 0.922143
1056 0.923832
1072 0.927059
1088 0.929846
1104 0.931885
1120 0.934684
1136 0.936995
1152 0.939714
1168 0.941205
1184 0.942408
1200 0.943201
1216 0.944977
1232 0.946738
1248 0.948026
1264 0.949604
1280 0.950974
1296 0.952129
1312 0.953856
1328 0.955035
1344 0.9559
1360 0.957259
1376 0.958427
1392 0.959606
1408 0.960353
1424 0.961271
1440 0.962561
1456 0.963257
1472 0.963923
1488 0.965148
1504 0.966378
1520 0.967147
1536 0.967754
1552 0.968455
1568 0.969113
1584 0.969722
1600 0.970466
1616 0.971336
1632 0.971746
1648 0.972338
1664 0.973094
1680 0.973523
1696 0.974097
1712 0.974571
1728 0.975049
1744 0.97557
1760 0.97623
1776 0.976684
1792 0.97736
1808 0.977815
1824 0.978435
1840 0.978803
1856 0.979309
1872 0.979506
1888 0.979918
1904 0.980436
1920 0.98086
1936 0.981411
1952 0.981912
1968 0.982195
1984 0.982461
2000 0.982633
2016 0.982877
2032 0.983137
2048 0.983332
2064 0.983387
2080 0.983713
2096 0.983818
2112 0.984076
2128 0.98441
2144 0.984427
2160 0.984691
2176 0.984761
2192 0.984719
2208 0.984876
2224 0.985057
2240 0.985359
2256 0.985597
2272 0.985823
2288 0.985865
2304 0.986117
2320 0.986271
2336 0.986473
2352 0.986649
2368 0.986969
2384 0.987003
2400 0.986956
2416 0.9872
2432 0.987343
2448 0.987373
2464 0.987451
2480 0.987567
2496 0.987753
2512 0.987917
2528 0.988023
2544 0.988057
2560 0.988239
2576 0.988291
2592 0.988436
2608 0.98858
2624 0.98864
2640 0.988717
2656 0.988813
2672 0.988875
2688 0.988984
2704 0.989029
2720 0.989077
2736 0.989179
2752 0.989285
2768 0.989394
2784 0.989472
2800 0.989476
2816 0.989541
2832 0.989653
2848 0.98972
2864 0.989749
2880 0.989794
2896 0.989825
2912 0.989848
2928 0.989846
2944 0.989843
2960 0.989864
2976 0.989878
2992 0.989883
3008 0.989877
3024 0.989866
3040 0.98988
3056 0.989865
3072 0.989864
3088 0.989859
3104 0.989856
3120 0.989862
3136 0.989876
3152 0.989868
3168 0.989874
3184 0.989888
3200 0.989867
