0 6.4576e-09
128 9.46773e-05
256 6.51859e-05
384 4.76838e-05
512 5.85666e-05
640 4.27799e-05
768 2.65254e-05
896 4.30631e-05
1024 2.53426e-05
1152 4.3437e-05
1280 3.2587e-05
1408 2.69123e-05
1536 4.53731e-05
1664 3.52581e-05
1792 2.7492e-05
1920 3.30354e-05
2048 2.92422e-05
2176 2.08812e-05
2304 2.19608e-05
2432 2.21652e-05
2560 2.72324e-05
2688 2.56301e-05
2816 3.47835e-05
2944 2.8759e-05
3072 2.39935e-05
3200 2.12486e-05
3328 1.89812e-05
3456 1.7593e-05
3584 1.43161e-05
3712 1.82394e-05
3840 2.15382e-05
3968 2.05459e-05
4096 1.98023e-05
4224 1.97132e-05
4352 2.53973e-05
4480 1.8097e-05
4608 2.71009e-05
4736 2.54374e-05
4864 1.81306e-05
4992 1.88992e-05
5120 2.08636e-05
5248 1.54236e-05
5376 1.44784e-05
5504 2.2462e-05
5632 2.30759e-05
5760 2.16362e-05
5888 2.06372e-05
6016 1.65503e-05
6144 2.05363e-05
6272 1.446e-05
6400 1.16452e-05
6528 1.57909e-05
6656 1.41836e-05
6784 1.56221e-05
6912 1.44717e-05
7040 1.5777e-05
7168 1.97451e-05
7296 1.21351e-05
7424 1.49722e-05
7552 1.89016e-05
7680 1.21816e-05
7808 1.27956e-05
7936 1.07275e-05
8064 1.70203e-05
8192 3.47621e-05
8320 1.35083e-05
8448 1.37456e-05
8576 1.36269e-05
8704 1.06663e-05
8832 1.26946e-05
8960 1.35038e-05
9088 1.10185e-05
9216 8.88551e-06
9344 9.86409e-06
9472 7.25517e-06
9600 1.39146e-05
9728 1.17501e-05
9856 1.5188e-05
9984 1.50648e-05
10112 1.507e-05
10240 8.67625e-06
10368 1.17911e-05
10496 1.18377e-05
10624 1.10431e-05
10752 1.03097e-05
10880 1.08952e-05
11008 9.22049e-06
11136 1.30855e-05
11264 1.0528e-05
11392 1.13291e-05
11520 1.73494e-05
11648 1.51963e-05
11776 1.20991e-05
11904 1.4822e-05
12032 1.01643e-05
12160 1.11242e-05
12288 9.68073e-06
12416 9.22158e-06
12544 1.06553e-05
12672 9.56769e-06
12800 9.15763e-06
