0 6.91982e-09
128 8.17205e-05
256 6.86903e-05
384 4.38036e-05
512 6.72636e-05
640 4.44354e-05
768 2.35185e-05
896 4.88313e-05
1024 2.67227e-05
1152 4.58582e-05
1280 3.28767e-05
1408 2.24289e-05
1536 3.11944e-05
1664 3.75465e-05
1792 2.88662e-05
1920 2.88564e-05
2048 3.07639e-05
2176 2.09098e-05
2304 2.0151e-05
2432 2.1984e-05
2560 2.78359e-05
2688 2.32757e-05
2816 4.28906e-05
2944 3.42054e-05
3072 2.27583e-05
3200 2.45905e-05
3328 2.12613e-05
3456 2.31973e-05
3584 1.5592e-05
3712 1.69654e-05
3840 2.44873e-05
3968 2.12616e-05
4096 2.18402e-05
4224 1.39282e-05
4352 3.20691e-05
4480 1.93851e-05
4608 2.88088e-05
4736 3.08341e-05
4864 1.78885e-05
4992 1.86893e-05
5120 2.05727e-05
5248 1.3792e-05
5376 1.5328e-05
5504 2.05976e-05
5632 1.52301e-05
5760 1.4301e-05
5888 1.26532e-05
6016 1.76602e-05
6144 2.24709e-05
6272 1.60816e-05
6400 1.43791e-05
6528 1.47023e-05
6656 1.37919e-05
6784 1.48131e-05
6912 1.39468e-05
7040 1.30376e-05
7168 1.09795e-05
7296 1.32847e-05
7424 1.40201e-05
7552 1.89828e-05
7680 1.24911e-05
7808 1.26716e-05
7936 1.0976e-05
8064 1.84447e-05
8192 4.67267e-05
8320 1.47087e-05
8448 1.50991e-05
8576 1.20431e-05
8704 1.02294e-05
8832 1.08569e-05
8960 1.11378e-05
9088 1.03856e-05
9216 9.51478e-06
9344 9.13721e-06
9472 7.22187e-06
9600 1.09344e-05
9728 1.20718e-05
9856 1.60828e-05
9984 1.56628e-05
10112 1.70294e-05
10240 8.49748e-06
10368 1.25577e-05
10496 1.09693e-05
10624 9.77243e-06
10752 8.40736e-06
10880 1.17501e-05
11008 1.12794e-05
11136 1.78458e-05
11264 1.3656e-05
11392 1.25894e-05
11520 1.90447e-05
11648 1.41636e-05
11776 1.41729e-05
11904 1.6073e-05
12032 1.2138e-05
12160 1.39913e-05
12288 1.12323e-05
12416 8.86776e-06
12544 9.04212e-06
12672 9.6254e-06
12800 7.42612e-06
