0 6.56634e-09
128 9.81644e-05
256 6.43525e-05
384 5.04354e-05
512 6.06616e-05
640 4.31663e-05
768 2.65948e-05
896 4.26835e-05
1024 2.4176e-05
1152 4.44419e-05
1280 3.35421e-05
1408 2.76939e-05
1536 4.70458e-05
1664 3.63731e-05
1792 2.77043e-05
1920 3.40491e-05
2048 3.01071e-05
2176 2.0752e-05
2304 2.26541e-05
2432 2.31927e-05
2560 2.6983e-05
2688 2.46758e-05
2816 3.53176e-05
2944 3.01965e-05
3072 2.4214e-05
3200 2.14755e-05
3328 1.70728e-05
3456 1.82057e-05
3584 1.36233e-05
3712 1.8002e-05
3840 2.18551e-05
3968 2.04401e-05
4096 2.03526e-05
4224 2.07557e-05
4352 2.59213e-05
4480 1.83979e-05
4608 2.57688e-05
4736 2.65646e-05
4864 1.86209e-05
4992 1.97285e-05
5120 2.02525e-05
5248 1.58197e-05
5376 1.44518e-05
5504 2.17374e-05
5632 1.91052e-05
5760 1.36099e-05
5888 1.24775e-05
6016 1.68724e-05
6144 2.03449e-05
6272 1.47548e-05
6400 1.19738e-05
6528 1.59904e-05
6656 1.38777e-05
6784 1.47128e-05
6912 1.4869e-05
7040 1.57318e-05
7168 1.91735e-05
7296 1.219e-05
7424 1.52699e-05
7552 1.94903e-05
7680 1.15498e-05
7808 1.25557e-05
7936 1.10694e-05
8064 1.74087e-05
8192 3.60928e-05
8320 1.3453e-05
8448 1.32681e-05
8576 1.34549e-05
8704 1.03416e-05
8832 1.28991e-05
8960 1.40567e-05
9088 1.0837e-05
9216 8.87131e-06
9344 9.30196e-06
9472 7.05652e-06
9600 9.14259e-06
9728 1.20609e-05
9856 1.5712e-05
9984 1.36194e-05
10112 1.55383e-05
10240 8.67649e-06
10368 1.24001e-05
10496 1.2438e-05
10624 1.08833e-05
10752 9.21898e-06
10880 1.13403e-05
11008 9.60956e-06
11136 1.37506e-05
11264 1.08691e-05
11392 1.1675e-05
11520 1.75696e-05
11648 1.43545e-05
11776 1.23917e-05
11904 1.47154e-05
12032 1.04506e-05
12160 1.1565e-05
12288 1.01229e-05
12416 9.58202e-06
12544 1.05222e-05
12672 8.38528e-06
12800 9.49213e-06
