0 6.04737e-05
128 0.00675614
256 0.00591513
384 0.00488765
512 0.00528528
640 0.00486295
768 0.00375916
896 0.00450897
1024 0.00380748
1152 0.00435969
1280 0.00427831
1408 0.00369579
1536 0.00405341
1664 0.00426093
1792 0.00362706
1920 0.00364738
2048 0.00378057
2176 0.00322437
2304 0.00321313
2432 0.00331256
2560 0.00370161
2688 0.00373814
2816 0.00405476
2944 0.00359759
3072 0.00345011
3200 0.00326896
3328 0.00298775
3456 0.00287875
3584 0.00283849
3712 0.00318231
3840 0.00308485
3968 0.00347685
4096 0.00318607
4224 0.00312346
4352 0.00285712
4480 0.00294627
4608 0.003361
4736 0.00321406
4864 0.00288374
4992 0.00306069
5120 0.00322823
5248 0.00272056
5376 0.00263447
5504 0.00318986
5632 0.0031731
5760 0.0030983
5888 0.00273824
6016 0.00290473
6144 0.00316276
6272 0.00277117
6400 0.00252835
6528 0.00284592
6656 0.0027398
6784 0.00279482
6912 0.00290264
7040 0.00275319
7168 0.00263909
7296 0.00250924
7424 0.00271834
7552 0.00278186
7680 0.00244279
7808 0.00256561
7936 0.00238907
8064 0.00285761
8192 0.00284856
8320 0.00255927
8448 0.00246081
8576 0.00243636
8704 0.00230654
8832 0.00239828
8960 0.00234498
9088 0.0023694
9216 0.00211161
9344 0.00220435
9472 0.00196711
9600 0.00240016
9728 0.00239027
9856 0.00260869
9984 0.00266433
10112 0.00249146
10240 0.00203738
10368 0.00227741
10496 0.00234969
10624 0.00239341
10752 0.00227418
10880 0.00224508
11008 0.00213671
11136 0.00240666
11264 0.00220559
11392 0.00246487
11520 0.00281107
11648 0.00252044
11776 0.00245857
11904 0.00262249
12032 0.00230835
12160 0.00225008
12288 0.00223453
12416 0.00214053
12544 0.00228785
12672 0.00208315
12800 0.00218939
