0 0.234216
128 -0.07419
256 0.136944
384 0.0039569
512 -0.0965941
640 0.190988
768 0.122936
896 -0.11812
1024 0.251866
1152 -0.285325
1280 0.219671
1408 0.0296853
1536 -0.761577
1664 0.0579965
1792 -0.0897637
1920 -0.48324
2048 -0.0459502
2176 -0.00847179
2304 -0.127126
2432 -0.0199635
2560 0.0125112
2688 0.165833
2816 -0.115646
2944 -0.222038
3072 -0.0157105
3200 0.0115692
3328 -0.126354
3456 -0.122909
3584 0.223145
3712 0.198951
3840 -0.263294
3968 0.300379
4096 0.0492288
4224 -0.020626
4352 -1.11123
4480 -0.0847889
4608 -0.399098
4736 -0.462424
4864 -0.180224
4992 -0.0174617
5120 -0.00197371
5248 -0.0838583
5376 -0.0860926
5504 -0.207525
5632 -0.291872
5760 -0.253902
5888 -0.752374
6016 0.0384786
6144 -0.0529937
6272 0.117029
6400 0.178314
6528 0.0503349
6656 0.110489
6784 -2.76754e-06
6912 0.282353
7040 -0.081384
7168 -0.834977
7296 0.0726564
7424 -0.026177
7552 -0.442469
7680 -0.0414192
7808 0.0560745
7936 0.120496
8064 -0.0843034
8192 -2.28406
8320 -0.0623895
8448 -0.269917
8576 -0.29571
8704 -0.00487969
8832 -0.20708
8960 -0.455722
9088 0.0373262
9216 0.0072485
9344 -0.0300063
9472 0.125055
9600 -0.415407
9728 -0.0565996
9856 -0.231803
9984 -0.12221
10112 -0.427756
10240 -0.0901995
10368 -0.273368
10496 -0.144107
10624 0.0722231
10752 0.00659287
10880 -0.161591
11008 -0.0195852
11136 -0.259237
11264 -0.164191
11392 0.135314
11520 -0.195534
11648 -0.392134
11776 -0.00164151
11904 -0.155151
12032 0.0924436
12160 -0.197215
12288 0.0611814
12416 -0.0126302
12544 -0.0356924
12672 -0.204774
12800 0.0895454
