0 0.207899
128 0.0695368
256 0.224785
384 -0.00871876
512 -0.285211
640 0.136807
768 0.220399
896 -0.183281
1024 0.287539
1152 -0.420497
1280 0.109931
1408 0.196996
1536 -0.121783
1664 -0.0172968
1792 -0.019218
1920 -0.0953664
2048 -0.100897
2176 -0.200608
2304 -0.0782089
2432 0.014251
2560 -0.0776941
2688 0.0667524
2816 -0.190267
2944 -0.359992
3072 0.133042
3200 -0.19224
3328 -0.0203523
3456 -0.182549
3584 0.173427
3712 0.130048
3840 -0.350288
3968 0.318253
4096 0.167853
4224 0.0723022
4352 -1.67855
4480 -0.296186
4608 -0.404589
4736 -0.549432
4864 -0.147689
4992 0.00616336
5120 -0.0101857
5248 0.075555
5376 -0.308289
5504 -0.299501
5632 -0.107705
5760 0.105848
5888 0.0870833
6016 0.0513583
6144 0.0199434
6272 0.173773
6400 0.186568
6528 0.185175
6656 0.200827
6784 0.0171449
6912 0.280807
7040 0.103558
7168 0.153483
7296 0.0984932
7424 0.0536439
7552 -0.27651
7680 -0.0293733
7808 0.0988502
7936 0.241803
8064 -0.0973445
8192 -2.89588
8320 0.0532861
8448 -0.326231
8576 -0.0827609
8704 -0.158395
8832 -0.0671804
8960 -0.273508
9088 0.0303196
9216 -0.209653
9344 -0.0318725
9472 0.0636702
9600 0.214943
9728 -0.159218
9856 -0.257869
9984 -0.0505366
10112 -0.584467
10240 -0.0564909
10368 -0.312754
10496 -0.152119
10624 -0.0637321
10752 -0.0397735
10880 -0.249456
11008 -0.0630643
11136 -0.164193
11264 -0.108063
11392 0.0109315
11520 -0.377384
11648 -0.200948
11776 -0.0556624
11904 -0.238611
12032 0.118418
12160 -0.292377
12288 0.223451
12416 0.0678705
12544 0.177545
12672 -0.117272
12800 0.167863
