0 0.237514
128 -0.0717494
256 0.138389
384 0.0476808
512 -0.0739666
640 0.159322
768 0.105811
896 -0.142715
1024 0.24612
1152 -0.343311
1280 0.259375
1408 0.0251378
1536 -0.808936
1664 0.0554675
1792 -0.109444
1920 -0.500905
2048 -0.087135
2176 0.00330931
2304 -0.164706
2432 -0.0215509
2560 0.0566219
2688 0.121486
2816 -0.16915
2944 -0.206753
3072 -0.0224973
3200 -0.0302299
3328 -0.0240013
3456 -0.150541
3584 0.237679
3712 0.194051
3840 -0.284996
3968 0.323736
4096 0.0968586
4224 0.0107176
4352 -1.18609
4480 -0.100631
4608 -0.417409
4736 -0.444034
4864 -0.162611
4992 -0.01215
5120 0.0332999
5248 -0.0993297
5376 -0.163596
5504 -0.25999
5632 -0.217438
5760 0.166763
5888 0.00866833
6016 0.00257255
6144 -0.0450796
6272 0.151601
6400 0.180459
6528 0.0231491
6656 0.0792412
6784 0.0352889
6912 0.266531
7040 -0.144532
7168 -1.01535
7296 0.0423612
7424 -0.0235238
7552 -0.498551
7680 -0.0357577
7808 0.096665
7936 0.145656
8064 -0.0894362
8192 -2.53097
8320 -0.0895476
8448 -0.280591
8576 -0.302491
8704 -0.0255086
8832 -0.264954
8960 -0.495041
9088 0.0396155
9216 -0.0223369
9344 -0.0476381
9472 0.0629084
9600 0.182718
9728 -0.0546409
9856 -0.231874
9984 -0.0590854
10112 -0.457549
10240 -0.128018
10368 -0.242051
10496 -0.126697
10624 0.10151
10752 0.052227
10880 -0.14153
11008 -0.032232
11136 -0.227448
11264 -0.193358
11392 0.109799
11520 -0.25157
11648 -0.2971
11776 -0.011971
11904 -0.195267
12032 0.0943795
12160 -0.198743
12288 0.0713137
12416 0.018635
12544 -0.0299604
12672 0.00470674
12800 0.0888566
