0 1.05113e-07
16 0.000183612
32 0.000103067
48 9.64965e-05
64 5.89435e-05
80 5.26424e-05
96 4.75984e-05
112 5.194e-05
128 5.15862e-05
144 4.94145e-05
160 3.84064e-05
176 3.39689e-05
192 3.6304e-05
208 4.9526e-05
224 5.02719e-05
240 3.4764e-05
256 4.36322e-05
272 3.56672e-05
288 3.63979e-05
304 3.82944e-05
320 3.09901e-05
336 3.04435e-05
352 3.64004e-05
368 3.28035e-05
384 3.78654e-05
400 3.32812e-05
416 3.04518e-05
432 3.44502e-05
448 3.21738e-05
464 2.59581e-05
480 2.23613e-05
496 2.64148e-05
512 2.6915e-05
528 2.81878e-05
544 3.64691e-05
560 2.74117e-05
576 2.47611e-05
592 2.265e-05
608 2.63083e-05
624 2.47724e-05
640 2.82157e-05
656 1.94811e-05
672 2.34549e-05
688 3.11605e-05
704 2.65255e-05
720 1.99777e-05
736 2.09216e-05
752 2.31613e-05
768 2.24424e-05
784 1.96324e-05
800 2.05302e-05
816 2.50762e-05
832 2.3585e-05
848 1.89918e-05
864 2.20521e-05
880 1.9037e-05
896 1.57233e-05
912 1.97363e-05
928 2.01217e-05
944 1.78113e-05
960 2.09637e-05
976 2.15085e-05
992 2.65538e-05
1008 1.68694e-05
1024 2.06768e-05
1040 1.53783e-05
1056 1.79342e-05
1072 1.97326e-05
1088 1.68881e-05
1104 1.89532e-05
1120 2.11928e-05
1136 2.53093e-05
1152 2.03069e-05
1168 2.68243e-05
1184 2.02689e-05
1200 1.68888e-05
1216 1.51632e-05
1232 1.5472e-05
1248 1.96623e-05
1264 1.55261e-05
1280 1.85094e-05
1296 1.60591e-05
1312 2.33648e-05
1328 1.45435e-05
1344 1.87153e-05
1360 1.84549e-05
1376 1.52004e-05
1392 1.92309e-05
1408 1.58103e-05
1424 2.18191e-05
1440 1.79085e-05
1456 1.64644e-05
1472 1.41251e-05
1488 1.61258e-05
1504 2.19037e-05
1520 1.49353e-05
1536 1.31343e-05
1552 1.34767e-05
1568 1.35046e-05
1584 1.31914e-05
1600 1.56528e-05
1616 2.38112e-05
1632 1.60675e-05
1648 1.33204e-05
1664 1.65863e-05
1680 1.22445e-05
1696 1.37404e-05
1712 1.43733e-05
1728 1.52843e-05
1744 1.79969e-05
1760 1.82222e-05
1776 1.22514e-05
1792 1.08126e-05
1808 1.02702e-05
1824 1.48888e-05
1840 1.19862e-05
1856 1.57229e-05
1872 1.12015e-05
1888 1.05962e-05
1904 1.32214e-05
1920 1.45794e-05
1936 1.04207e-05
1952 1.33195e-05
1968 1.22214e-05
1984 1.68306e-05
2000 1.61117e-05
2016 1.56856e-05
2032 1.16822e-05
2048 1.56392e-05
2064 1.4492e-05
2080 1.34867e-05
2096 1.79834e-05
2112 1.65701e-05
2128 1.45391e-05
2144 1.51462e-05
2160 1.42157e-05
2176 1.29555e-05
2192 1.30279e-05
2208 1.30947e-05
2224 2.46159e-05
2240 2.38069e-05
2256 1.46342e-05
2272 1.65566e-05
2288 1.19045e-05
2304 1.61633e-05
2320 1.52478e-05
2336 9.08493e-06
2352 9.36959e-06
2368 1.17467e-05
2384 1.16126e-05
2400 1.47107e-05
2416 1.50835e-05
2432 2.15296e-05
2448 1.37231e-05
2464 1.24612e-05
2480 1.06816e-05
2496 1.27712e-05
2512 1.35084e-05
2528 1.12541e-05
2544 1.36015e-05
2560 1.25412e-05
2576 1.01597e-05
2592 1.05529e-05
2608 1.06035e-05
2624 9.39969e-06
2640 1.05299e-05
2656 9.32322e-06
2672 1.16363e-05
2688 1.36044e-05
2704 1.22123e-05
2720 1.25707e-05
2736 1.21421e-05
2752 8.27218e-06
2768 9.76108e-06
2784 8.57848e-06
2800 8.53071e-06
2816 1.09684e-05
2832 1.51131e-05
2848 9.24173e-06
2864 9.37685e-06
2880 1.06294e-05
2896 1.31259e-05
2912 1.27653e-05
2928 9.32434e-06
2944 1.53706e-05
2960 1.50724e-05
2976 1.17234e-05
2992 1.1722e-05
3008 1.16442e-05
3024 1.29473e-05
3040 1.35544e-05
3056 1.04014e-05
3072 1.43579e-05
3088 1.07229e-05
3104 9.75062e-06
3120 1.07858e-05
3136 1.02131e-05
3152 1.20039e-05
3168 1.03778e-05
3184 1.02906e-05
3200 1.05732e-05
