0 0.000225422
16 0.00973937
32 0.00715934
48 0.00679569
64 0.00557989
80 0.00515508
96 0.00496723
112 0.004993
128 0.0049341
144 0.00496923
160 0.0044693
176 0.00434148
192 0.00419041
208 0.0046299
224 0.00462846
240 0.00406082
256 0.00435369
272 0.00422926
288 0.00433509
304 0.00420874
320 0.00386292
336 0.00382698
352 0.00424409
368 0.00391485
384 0.00412861
400 0.00405265
416 0.00385393
432 0.0040579
448 0.00405405
464 0.00366261
480 0.00319558
496 0.00342936
512 0.00345743
528 0.003687
544 0.00390984
560 0.00366492
576 0.00346054
592 0.00326855
608 0.00354768
624 0.00345601
640 0.00375712
656 0.00308214
672 0.00337502
688 0.00374519
704 0.00336112
720 0.00324493
736 0.0031923
752 0.00328078
768 0.00333567
784 0.00300292
800 0.00311985
816 0.00340354
832 0.00335643
848 0.00313016
864 0.00320913
880 0.00295524
896 0.00267446
912 0.00294466
928 0.00314889
944 0.00292719
960 0.00322431
976 0.00330526
992 0.00334218
1008 0.00288532
1024 0.0030493
1040 0.00280892
1056 0.00298167
1072 0.00307525
1088 0.00288135
1104 0.00290844
1120 0.00293038
1136 0.00303731
1152 0.00293533
1168 0.00331497
1184 0.00307672
1200 0.00294914
1216 0.00272635
1232 0.00284419
1248 0.00295803
1264 0.00273974
1280 0.00311223
1296 0.00284949
1312 0.00312573
1328 0.00263379
1344 0.00288668
1360 0.00291099
1376 0.00273581
1392 0.00297218
1408 0.00263958
1424 0.0029852
1440 0.00283963
1456 0.00282859
1472 0.00263661
1488 0.00274859
1504 0.00311843
1520 0.00262695
1536 0.00258745
1552 0.00269372
1568 0.0025522
1584 0.00258644
1600 0.00275749
1616 0.00308265
1632 0.00270934
1648 0.00249345
1664 0.00265897
1680 0.00249117
1696 0.00270943
1712 0.00269879
1728 0.00268888
1744 0.00277347
1760 0.00281275
1776 0.00248305
1792 0.00240363
1808 0.0023659
1824 0.00267614
1840 0.00246074
1856 0.00266157
1872 0.00234193
1888 0.002313
1904 0.00249982
1920 0.0024592
1936 0.00225663
1952 0.00256773
1968 0.00234351
1984 0.00250064
2000 0.0026522
2016 0.00260754
2032 0.0024344
2048 0.00277342
2064 0.00255266
2080 0.00254345
2096 0.00268983
2112 0.00267194
2128 0.00265061
2144 0.00245928
2160 0.00248135
2176 0.00240071
2192 0.0025839
2208 0.00252792
2224 0.00280253
2240 0.00282163
2256 0.00253531
2272 0.00281074
2288 0.00243497
2304 0.00257641
2320 0.0026783
2336 0.00218781
2352 0.00224349
2368 0.00240859
2384 0.00243203
2400 0.00249385
2416 0.00269278
2432 0.0029385
2448 0.00248086
2464 0.00222864
2480 0.00226152
2496 0.00247525
2512 0.00239111
2528 0.00229284
2544 0.00241054
2560 0.00242887
2576 0.00225021
2592 0.00230004
2608 0.00225051
2624 0.0021662
2640 0.00224884
2656 0.00223845
2672 0.00237637
2688 0.00234904
2704 0.00244988
2720 0.00258564
2736 0.00240876
2752 0.0021138
2768 0.00223965
2784 0.00208979
2800 0.00206829
2816 0.00227575
2832 0.00257553
2848 0.00219019
2864 0.0021547
2880 0.00226347
2896 0.00243468
2912 0.0022951
2928 0.00212233
2944 0.00233013
2960 0.00237007
2976 0.00237364
2992 0.00241792
3008 0.00227326
3024 0.00249232
3040 0.00261032
3056 0.00224095
3072 0.00245403
3088 0.00222006
3104 0.00221013
3120 0.00226369
3136 0.00225028
3152 0.0021594
3168 0.00214687
3184 0.00221731
3200 0.0023505
