0 -0.0685329
16 0.0642926
32 -0.01082
48 -0.0895137
64 0.106852
80 0.019091
96 0.0708565
112 -0.0834311
128 -0.118939
144 -0.00112878
160 0.0772422
176 0.197787
192 -0.0674811
208 -0.310416
224 -0.346671
240 -0.108159
256 -0.301933
272 0.00593359
288 0.0632156
304 -0.16188
320 -0.076792
336 -0.0786523
352 -0.0208626
368 -0.140378
384 -0.221445
400 -0.0263863
416 -0.0502456
432 -0.0921336
448 0.0423946
464 0.0649544
480 -0.189776
496 -0.246053
512 -0.251573
528 -0.073553
544 -0.385654
560 -0.0408298
576 -0.0676778
592 -0.120117
608 -0.090274
624 -0.0740403
640 0.00114997
656 -0.0507374
672 -0.0591223
688 -0.221557
704 -0.34799
720 0.102706
736 -0.0529925
752 -0.151827
768 -0.0169928
784 -0.177133
800 -0.109244
816 -0.164714
832 -0.0935351
848 0.0616463
864 -0.141285
880 -0.179789
896 -0.198218
912 -0.276116
928 -0.0293116
944 -0.0787091
960 -0.0164805
976 0.0312101
992 -0.377212
1008 -0.026332
1024 -0.223731
1040 0.050913
1056 -0.0172663
1072 -0.0865221
1088 -0.0341756
1104 -0.240581
1120 -0.467974
1136 -0.743472
1152 -0.356831
1168 -0.441004
1184 -0.141191
1200 0.0581878
1216 -0.039987
1232 0.0873837
1248 -0.247128
1264 -0.0684353
1280 0.0890557
1296 0.022169
1312 -0.391434
1328 -0.0965498
1344 -0.245955
1360 -0.177865
1376 -0.0308807
1392 -0.176947
1408 -0.26919
1424 -0.448443
1440 -0.220936
1456 -0.0578133
1472 -0.0318862
1488 -0.134532
1504 -0.252401
1520 -0.164266
1536 0.0381732
1552 0.142707
1568 -0.0732591
1584 0.0280941
1600 -0.0585701
1616 -0.505717
1632 -0.188879
1648 -0.142467
1664 -0.345958
1680 0.0269773
1696 0.128278
1712 0.0265968
1728 -0.11399
1744 -0.339645
1760 -0.303231
1776 0.0129199
1792 0.128487
1808 0.165216
1824 -0.0789426
1840 0.020528
1856 -0.219518
1872 -0.0423414
1888 0.0193862
1904 -0.115737
1920 -0.410764
1936 -0.0463359
1952 -0.0201823
1968 -0.225288
1984 -0.69151
2000 -0.290491
2016 -0.306955
2032 0.0287527
2048 -0.0332191
2064 -0.224038
2080 -0.0847755
2096 -0.485555
2112 -0.320977
2128 -0.0694068
2144 -0.504305
2160 -0.308837
2176 -0.247894
2192 0.0487093
2208 -0.0491276
2224 -1.13411
2240 -0.990223
2256 -0.276701
2272 -0.0957065
2288 -0.00781806
2304 -0.435001
2320 -0.12563
2336 0.101982
2352 0.138462
2368 -0.0248424
2384 0.0366742
2400 -0.365335
2416 -0.0801738
2432 -0.493357
2448 -0.229693
2464 -0.508878
2480 -0.0885092
2496 -0.0844612
2512 -0.362682
2528 -0.140728
2544 -0.340773
2560 -0.125839
2576 -0.00647479
2592 0.00520078
2608 -0.0935614
2624 -0.00317262
2640 -0.0821239
2656 0.139325
2672 -0.0605635
2688 -0.465466
2704 -0.0347399
2720 0.119716
2736 -0.0927021
2752 0.148633
2768 0.0540233
2784 0.0357128
2800 0.00582921
2816 -0.117848
2832 -0.278357
2848 0.0734052
2864 -0.0196761
2880 -0.0747168
2896 -0.214342
2912 -0.423412
2928 -0.0700991
2944 -0.830921
2960 -0.683241
2976 -0.080777
2992 -0.00502351
3008 -0.253252
3024 -0.0843529
3040 0.0107336
3056 -0.0712295
3072 -0.384137
3088 -0.175629
3104 0.00383179
3120 -0.104842
3136 -0.0168995
3152 -0.574266
3168 -0.251612
3184 -0.093079
3200 0.0862431
