0 1715.16800000 1720.25600000
84.50000000 12.74400000 12.72800000
169.00000000 6.77600000 6.86400000
253.50000000 4.77600000 4.80000000
338.00000000 3.68000000 3.69600000
422.50000000 3.06400000 3.01600000
507.00000000 2.56800000 2.56800000
591.50000000 2.30400000 2.35200000
676.00000000 1.96000000 1.97600000
760.50000000 1.80000000 1.82400000
845.00000000 1.58400000 1.60800000
929.50000000 1.42400000 1.44000000
1014.00000000 1.32000000 1.36800000
1098.50000000 1.26400000 1.27200000
1183.00000000 1.16000000 1.12000000
1267.50000000 1.05600000 1.00000000
1352.00000000 0.87200000 0.94400000
1436.50000000 0.84000000 0.84000000
1521.00000000 0.80800000 0.83200000
1605.50000000 0.68800000 0.69600000
1690.00000000 0.61600000 0.67200000
1774.50000000 0.59200000 0.57600000
1859.00000000 0.56800000 0.56000000
1943.50000000 0.48800000 0.47200000
2028.00000000 0.47200000 0.46400000
2112.50000000 0.41600000 0.42400000
2197.00000000 0.36000000 0.36800000
2281.50000000 0.33600000 0.35200000
2366.00000000 0.30400000 0.28800000
2450.50000000 0.24000000 0.23200000
2535.00000000 0.23200000 0.24000000
2619.50000000 0.20000000 0.21600000
2704.00000000 0.19200000 0.18400000
2788.50000000 0.16000000 0.16000000
2873.00000000 0.15200000 0.15200000
2957.50000000 0.12000000 0.12800000
3042.00000000 0.09600000 0.09600000
3126.50000000 0.08000000 0.09600000
3211.00000000 0.09600000 0.09600000
3295.50000000 0.08000000 0.08000000
3380.00000000 0.08000000 0.08000000
3464.50000000 0.06400000 0.07200000
3549.00000000 0.05600000 0.05600000
3633.50000000 0.07200000 0.07200000
3718.00000000 0.06400000 0.04800000
3802.50000000 0.04800000 0.04000000
3887.00000000 0.04000000 0.04000000
3971.50000000 0.03200000 0.03200000
4056.00000000 0.03200000 0.02400000
4140.50000000 0.02400000 0.02400000
4225.00000000 0.01600000 0.02400000
4309.50000000 0.02400000 0.02400000
4394.00000000 0.02400000 0.02400000
4478.50000000 0.02400000 0.02400000
4563.00000000 0.02400000 0.02400000
4647.50000000 0.02400000 0.01600000
4732.00000000 0.02400000 0.02400000
4816.50000000 0.01600000 0.01600000
4901.00000000 0.01600000 0.01600000
4985.50000000 0.01600000 0.00800000
5070.00000000 0.01600000 0.01600000
5154.50000000 0.01600000 0.01600000
5239.00000000 0.01600000 0.01600000
5323.50000000 0.00800000 0.01600000
5408.00000000 0.01600000 0.01600000
5492.50000000 0.01600000 0.01600000
5577.00000000 0.01600000 0.01600000
5661.50000000 0.01600000 0.01600000
5746.00000000 0.00800000 0.01600000
5830.50000000 0.01600000 0.01600000
5915.00000000 0.01600000 0.01600000
5999.50000000 0.01600000 0.00800000
6084.00000000 0.01600000 0.01600000
6168.50000000 0.01600000 0.01600000
6253.00000000 0.01600000 0.01600000
6337.50000000 0.01600000 0.01600000
6422.00000000 0.01600000 0.01600000
6506.50000000 0.01600000 0.01600000
6591.00000000 0.01600000 0.01600000
6675.50000000 0.01600000 0.01600000
6760.00000000 0.01600000 0.01600000
6844.50000000 0.01600000 0.01600000
6929.00000000 0.01600000 0.01600000
7013.50000000 0.01600000 0.01600000
7098.00000000 0.01600000 0.01600000
7182.50000000 0.01600000 0.01600000
7267.00000000 0.01600000 0.01600000
7351.50000000 0.01600000 0.01600000
7436.00000000 0.01600000 0.01600000
7520.50000000 0.01600000 0.01600000
7605.00000000 0.00800000 0.00800000
7689.50000000 0.01600000 0.01600000
7774.00000000 0.01600000 0.01600000
7858.50000000 0.01600000 0.01600000
7943.00000000 0.01600000 0.01600000
8027.50000000 0.01600000 0.01600000
8112.00000000 0.01600000 0.01600000
8196.50000000 0.00800000 0.00800000
8281.00000000 0.00000000 0.00000000
8365.50000000 0.00000000 0.00000000
8450.00000000 0.00000000 0.00000000
