0 1713.21200000 1716.87600000
84.50000000 12.71600000 12.68800000
169.00000000 7.00800000 7.05600000
253.50000000 4.93200000 4.93200000
338.00000000 3.76400000 3.79200000
422.50000000 3.07600000 3.08000000
507.00000000 2.60800000 2.61200000
591.50000000 2.30400000 2.33600000
676.00000000 1.90800000 1.94400000
760.50000000 1.76800000 1.77200000
845.00000000 1.55200000 1.56000000
929.50000000 1.40800000 1.42800000
1014.00000000 1.30400000 1.33200000
1098.50000000 1.18800000 1.19600000
1183.00000000 1.13200000 1.07600000
1267.50000000 1.00000000 0.99200000
1352.00000000 0.90000000 0.93600000
1436.50000000 0.83600000 0.85200000
1521.00000000 0.82400000 0.82400000
1605.50000000 0.73200000 0.71200000
1690.00000000 0.67600000 0.69200000
1774.50000000 0.63200000 0.62800000
1859.00000000 0.59600000 0.57600000
1943.50000000 0.51200000 0.52000000
2028.00000000 0.51600000 0.50000000
2112.50000000 0.46000000 0.46000000
2197.00000000 0.41200000 0.41200000
2281.50000000 0.37200000 0.39200000
2366.00000000 0.35600000 0.33200000
2450.50000000 0.28800000 0.28400000
2535.00000000 0.26800000 0.28000000
2619.50000000 0.22800000 0.24000000
2704.00000000 0.21200000 0.21600000
2788.50000000 0.16400000 0.18000000
2873.00000000 0.16800000 0.17200000
2957.50000000 0.14800000 0.14800000
3042.00000000 0.12400000 0.12800000
3126.50000000 0.11200000 0.11600000
3211.00000000 0.10400000 0.11200000
3295.50000000 0.09600000 0.10000000
3380.00000000 0.10000000 0.10000000
3464.50000000 0.08800000 0.08400000
3549.00000000 0.07600000 0.08400000
3633.50000000 0.08000000 0.07600000
3718.00000000 0.06800000 0.06000000
3802.50000000 0.04800000 0.05200000
3887.00000000 0.04800000 0.05200000
3971.50000000 0.04800000 0.04800000
4056.00000000 0.04400000 0.04000000
4140.50000000 0.03600000 0.04000000
4225.00000000 0.03200000 0.04000000
4309.50000000 0.03600000 0.03200000
4394.00000000 0.02800000 0.03200000
4478.50000000 0.02800000 0.02800000
4563.00000000 0.02400000 0.02400000
4647.50000000 0.02000000 0.01600000
4732.00000000 0.02000000 0.02000000
4816.50000000 0.01600000 0.01600000
4901.00000000 0.01600000 0.01600000
4985.50000000 0.01600000 0.01200000
5070.00000000 0.01600000 0.01600000
5154.50000000 0.01600000 0.01600000
5239.00000000 0.01600000 0.01600000
5323.50000000 0.01200000 0.01600000
5408.00000000 0.01600000 0.01600000
5492.50000000 0.01600000 0.01600000
5577.00000000 0.01600000 0.01600000
5661.50000000 0.01600000 0.01600000
5746.00000000 0.01200000 0.01600000
5830.50000000 0.00800000 0.01200000
5915.00000000 0.00800000 0.01200000
5999.50000000 0.01200000 0.00800000
6084.00000000 0.01200000 0.01200000
6168.50000000 0.00800000 0.00800000
6253.00000000 0.00800000 0.00800000
6337.50000000 0.00800000 0.00800000
6422.00000000 0.00800000 0.00800000
6506.50000000 0.00800000 0.00800000
6591.00000000 0.00800000 0.00800000
6675.50000000 0.00800000 0.00800000
6760.00000000 0.00800000 0.00800000
6844.50000000 0.00800000 0.00800000
6929.00000000 0.00800000 0.00800000
7013.50000000 0.00800000 0.00800000
7098.00000000 0.00800000 0.00800000
7182.50000000 0.00800000 0.00800000
7267.00000000 0.00800000 0.00800000
7351.50000000 0.00800000 0.00800000
7436.00000000 0.00800000 0.00800000
7520.50000000 0.00800000 0.00800000
7605.00000000 0.00400000 0.00400000
7689.50000000 0.00800000 0.00800000
7774.00000000 0.00800000 0.00800000
7858.50000000 0.00800000 0.00800000
7943.00000000 0.00800000 0.00800000
8027.50000000 0.00800000 0.00800000
8112.00000000 0.00800000 0.00800000
8196.50000000 0.00400000 0.00400000
8281.00000000 0.00000000 0.00000000
8365.50000000 0.00000000 0.00000000
8450.00000000 0.00000000 0.00000000
