0 1714.94000000 1717.60000000
84.50000000 12.96000000 13.03333333
169.00000000 7.23333333 7.22000000
253.50000000 5.07333333 5.07333333
338.00000000 3.82000000 3.90000000
422.50000000 3.00000000 3.05333333
507.00000000 2.60000000 2.64666667
591.50000000 2.31333333 2.28000000
676.00000000 1.99333333 1.97333333
760.50000000 1.76000000 1.78666667
845.00000000 1.58000000 1.56000000
929.50000000 1.34666667 1.40666667
1014.00000000 1.25333333 1.26666667
1098.50000000 1.14000000 1.18666667
1183.00000000 1.11333333 1.09333333
1267.50000000 1.00000000 1.00666667
1352.00000000 0.89333333 0.95333333
1436.50000000 0.90666667 0.85333333
1521.00000000 0.82666667 0.83333333
1605.50000000 0.76000000 0.76666667
1690.00000000 0.70666667 0.70666667
1774.50000000 0.63333333 0.64666667
1859.00000000 0.56666667 0.60000000
1943.50000000 0.55333333 0.53333333
2028.00000000 0.50000000 0.51333333
2112.50000000 0.48000000 0.48000000
2197.00000000 0.44000000 0.45333333
2281.50000000 0.39333333 0.41333333
2366.00000000 0.38000000 0.40666667
2450.50000000 0.35333333 0.35333333
2535.00000000 0.30666667 0.31333333
2619.50000000 0.28000000 0.28000000
2704.00000000 0.26000000 0.25333333
2788.50000000 0.22666667 0.20666667
2873.00000000 0.20000000 0.18000000
2957.50000000 0.18666667 0.18666667
3042.00000000 0.18666667 0.18666667
3126.50000000 0.16000000 0.16000000
3211.00000000 0.15333333 0.16000000
3295.50000000 0.14666667 0.13333333
3380.00000000 0.14000000 0.14666667
3464.50000000 0.12000000 0.12666667
3549.00000000 0.09333333 0.09333333
3633.50000000 0.10000000 0.10000000
3718.00000000 0.10666667 0.10666667
3802.50000000 0.09333333 0.08666667
3887.00000000 0.08666667 0.08666667
3971.50000000 0.09333333 0.09333333
4056.00000000 0.08666667 0.07333333
4140.50000000 0.08000000 0.07333333
4225.00000000 0.07333333 0.06666667
4309.50000000 0.05333333 0.06000000
4394.00000000 0.06000000 0.06000000
4478.50000000 0.04666667 0.04000000
4563.00000000 0.04666667 0.05333333
4647.50000000 0.04000000 0.04000000
4732.00000000 0.03333333 0.03333333
4816.50000000 0.02000000 0.02000000
4901.00000000 0.00666667 0.02000000
4985.50000000 0.02000000 0.01333333
5070.00000000 0.02000000 0.01333333
5154.50000000 0.00666667 0.02000000
5239.00000000 0.02000000 0.02000000
5323.50000000 0.02000000 0.02000000
5408.00000000 0.00666667 0.00666667
5492.50000000 0.00000000 0.00666667
5577.00000000 0.00000000 0.00000000
5661.50000000 0.00000000 0.00000000
5746.00000000 0.00000000 0.00000000
5830.50000000 0.00000000 0.00000000
5915.00000000 0.00000000 0.00000000
5999.50000000 0.00000000 0.00000000
6084.00000000 0.00000000 0.00000000
6168.50000000 0.00000000 0.00000000
6253.00000000 0.00000000 0.00000000
6337.50000000 0.00000000 0.00000000
6422.00000000 0.00000000 0.00000000
6506.50000000 0.00000000 0.00000000
6591.00000000 0.00000000 0.00000000
6675.50000000 0.00000000 0.00000000
6760.00000000 0.00000000 0.00000000
6844.50000000 0.00000000 0.00000000
6929.00000000 0.00000000 0.00000000
7013.50000000 0.00000000 0.00000000
7098.00000000 0.00000000 0.00000000
7182.50000000 0.00000000 0.00000000
7267.00000000 0.00000000 0.00000000
7351.50000000 0.00000000 0.00000000
7436.00000000 0.00000000 0.00000000
7520.50000000 0.00000000 0.00000000
7605.00000000 0.00000000 0.00000000
7689.50000000 0.00000000 0.00000000
7774.00000000 0.00000000 0.00000000
7858.50000000 0.00000000 0.00000000
7943.00000000 0.00000000 0.00000000
8027.50000000 0.00000000 0.00000000
8112.00000000 0.00000000 0.00000000
8196.50000000 0.00000000 0.00000000
8281.00000000 0.00000000 0.00000000
8365.50000000 0.00000000 0.00000000
8450.00000000 0.00000000 0.00000000
