0 1713.86000000 1717.14750000
84.50000000 12.80750000 12.81750000
169.00000000 7.09250000 7.11750000
253.50000000 4.98500000 4.98500000
338.00000000 3.78500000 3.83250000
422.50000000 3.04750000 3.07000000
507.00000000 2.60500000 2.62500000
591.50000000 2.30750000 2.31500000
676.00000000 1.94000000 1.95500000
760.50000000 1.76500000 1.77750000
845.00000000 1.56250000 1.56000000
929.50000000 1.38500000 1.42000000
1014.00000000 1.28500000 1.30750000
1098.50000000 1.17000000 1.19250000
1183.00000000 1.12500000 1.08250000
1267.50000000 1.00000000 0.99750000
1352.00000000 0.89750000 0.94250000
1436.50000000 0.86250000 0.85250000
1521.00000000 0.82500000 0.82750000
1605.50000000 0.74250000 0.73250000
1690.00000000 0.68750000 0.69750000
1774.50000000 0.63250000 0.63500000
1859.00000000 0.58500000 0.58500000
1943.50000000 0.52750000 0.52500000
2028.00000000 0.51000000 0.50500000
2112.50000000 0.46750000 0.46750000
2197.00000000 0.42250000 0.42750000
2281.50000000 0.38000000 0.40000000
2366.00000000 0.36500000 0.36000000
2450.50000000 0.31250000 0.31000000
2535.00000000 0.28250000 0.29250000
2619.50000000 0.24750000 0.25500000
2704.00000000 0.23000000 0.23000000
2788.50000000 0.18750000 0.19000000
2873.00000000 0.18000000 0.17500000
2957.50000000 0.16250000 0.16250000
3042.00000000 0.14750000 0.15000000
3126.50000000 0.13000000 0.13250000
3211.00000000 0.12250000 0.13000000
3295.50000000 0.11500000 0.11250000
3380.00000000 0.11500000 0.11750000
3464.50000000 0.10000000 0.10000000
3549.00000000 0.08250000 0.08750000
3633.50000000 0.08750000 0.08500000
3718.00000000 0.08250000 0.07750000
3802.50000000 0.06500000 0.06500000
3887.00000000 0.06250000 0.06500000
3971.50000000 0.06500000 0.06500000
4056.00000000 0.06000000 0.05250000
4140.50000000 0.05250000 0.05250000
4225.00000000 0.04750000 0.05000000
4309.50000000 0.04250000 0.04250000
4394.00000000 0.04000000 0.04250000
4478.50000000 0.03500000 0.03250000
4563.00000000 0.03250000 0.03500000
4647.50000000 0.02750000 0.02500000
4732.00000000 0.02500000 0.02500000
4816.50000000 0.01750000 0.01750000
4901.00000000 0.01250000 0.01750000
4985.50000000 0.01750000 0.01250000
5070.00000000 0.01750000 0.01500000
5154.50000000 0.01250000 0.01750000
5239.00000000 0.01750000 0.01750000
5323.50000000 0.01500000 0.01750000
5408.00000000 0.01250000 0.01250000
5492.50000000 0.01000000 0.01250000
5577.00000000 0.01000000 0.01000000
5661.50000000 0.01000000 0.01000000
5746.00000000 0.00750000 0.01000000
5830.50000000 0.00500000 0.00750000
5915.00000000 0.00500000 0.00750000
5999.50000000 0.00750000 0.00500000
6084.00000000 0.00750000 0.00750000
6168.50000000 0.00500000 0.00500000
6253.00000000 0.00500000 0.00500000
6337.50000000 0.00500000 0.00500000
6422.00000000 0.00500000 0.00500000
6506.50000000 0.00500000 0.00500000
6591.00000000 0.00500000 0.00500000
6675.50000000 0.00500000 0.00500000
6760.00000000 0.00500000 0.00500000
6844.50000000 0.00500000 0.00500000
6929.00000000 0.00500000 0.00500000
7013.50000000 0.00500000 0.00500000
7098.00000000 0.00500000 0.00500000
7182.50000000 0.00500000 0.00500000
7267.00000000 0.00500000 0.00500000
7351.50000000 0.00500000 0.00500000
7436.00000000 0.00500000 0.00500000
7520.50000000 0.00500000 0.00500000
7605.00000000 0.00250000 0.00250000
7689.50000000 0.00500000 0.00500000
7774.00000000 0.00500000 0.00500000
7858.50000000 0.00500000 0.00500000
7943.00000000 0.00500000 0.00500000
8027.50000000 0.00500000 0.00500000
8112.00000000 0.00500000 0.00500000
8196.50000000 0.00250000 0.00250000
8281.00000000 0.00000000 0.00000000
8365.50000000 0.00000000 0.00000000
8450.00000000 0.00000000 0.00000000
