0 7.7463e-07
6.25 0.0023229
12.5 0.00715748
18.75 0.0129993
25 0.0196483
31.25 0.0263338
37.5 0.0338759
43.75 0.0408664
50 0.0477691
56.25 0.0558568
62.5 0.0627322
68.75 0.0697124
75 0.0760458
81.25 0.0825097
87.5 0.0884769
93.75 0.0947309
100 0.101225
106.25 0.107305
112.5 0.112761
118.75 0.119738
125 0.126617
131.25 0.133655
137.5 0.140333
143.75 0.146339
150 0.153658
156.25 0.159786
162.5 0.166402
168.75 0.17271
175 0.177871
181.25 0.18345
187.5 0.18902
193.75 0.194551
200 0.201004
206.25 0.205274
212.5 0.211473
218.75 0.216564
225 0.222919
231.25 0.228121
237.5 0.232008
243.75 0.236617
250 0.240883
256.25 0.245178
262.5 0.250216
268.75 0.254742
275 0.258905
281.25 0.264939
287.5 0.270574
293.75 0.275915
300 0.282687
306.25 0.287783
312.5 0.293059
318.75 0.297035
325 0.301227
331.25 0.306645
337.5 0.311789
343.75 0.316865
350 0.319783
356.25 0.324633
362.5 0.328333
368.75 0.33283
375 0.338113
381.25 0.341491
387.5 0.344459
393.75 0.346513
400 0.348858
406.25 0.35223
412.5 0.355854
418.75 0.358637
425 0.361595
431.25 0.364734
437.5 0.367559
443.75 0.370269
450 0.372735
456.25 0.37556
462.5 0.378408
468.75 0.382236
475 0.384694
481.25 0.388082
487.5 0.391724
493.75 0.394799
500 0.398251
506.25 0.400896
512.5 0.403119
518.75 0.40494
525 0.407455
531.25 0.4104
537.5 0.412075
543.75 0.415063
550 0.417825
556.25 0.419611
562.5 0.422485
568.75 0.424658
575 0.426482
581.25 0.429542
587.5 0.431317
593.75 0.433097
600 0.43516
606.25 0.437869
612.5 0.439879
618.75 0.44183
625 0.443148
631.25 0.445132
637.5 0.447127
643.75 0.448735
650 0.45157
656.25 0.453165
662.5 0.45611
668.75 0.456611
675 0.458197
681.25 0.460005
687.5 0.461685
693.75 0.464033
700 0.466992
706.25 0.469687
712.5 0.471432
718.75 0.475299
725 0.47602
731.25 0.47792
737.5 0.480448
743.75 0.482887
750 0.484339
756.25 0.485825
762.5 0.486625
768.75 0.488371
775 0.490229
781.25 0.491167
787.5 0.492935
793.75 0.494301
800 0.495642
806.25 0.497197
812.5 0.498668
818.75 0.499349
825 0.500569
831.25 0.502196
837.5 0.502704
843.75 0.50489
850 0.506552
856.25 0.509568
862.5 0.511385
868.75 0.51259
875 0.513197
881.25 0.514088
887.5 0.515693
893.75 0.516416
900 0.516884
906.25 0.516791
912.5 0.517878
918.75 0.518815
925 0.519845
931.25 0.520867
937.5 0.521897
943.75 0.522576
950 0.52306
956.25 0.524443
962.5 0.525782
968.75 0.527086
975 0.529302
981.25 0.531311
987.5 0.531818
993.75 0.532771
1000 0.534737
1006.25 0.535579
1012.5 0.537389
1018.75 0.538601
1025 0.538508
1031.25 0.539406
1037.5 0.540015
1043.75 0.541261
1050 0.542349
1056.25 0.543966
1062.5 0.546414
1068.75 0.547643
1075 0.547955
1081.25 0.548581
1087.5 0.548923
1093.75 0.550619
1100 0.550566
1106.25 0.551376
1112.5 0.552402
1118.75 0.554273
1125 0.554244
1131.25 0.55537
1137.5 0.556109
1143.75 0.557312
1150 0.558017
1156.25 0.558646
1162.5 0.559443
1168.75 0.560318
1175 0.560824
1181.25 0.561306
1187.5 0.562452
1193.75 0.563763
1200 0.563881
1206.25 0.564133
1212.5 0.565198
1218.75 0.566124
1225 0.567678
1231.25 0.568423
1237.5 0.570451
1243.75 0.571502
1250 0.573665
