0 0.000630994
6.25 0.0340967
12.5 0.06114
18.75 0.0833682
25 0.102899
31.25 0.119461
37.5 0.135517
43.75 0.148956
50 0.16117
56.25 0.174356
62.5 0.184755
68.75 0.195009
75 0.20359
81.25 0.212305
87.5 0.221222
93.75 0.229715
100 0.237513
106.25 0.245364
112.5 0.252301
118.75 0.260609
125 0.268162
131.25 0.275463
137.5 0.283296
143.75 0.289696
150 0.297026
156.25 0.303346
162.5 0.310181
168.75 0.316043
175 0.32145
181.25 0.326869
187.5 0.331945
193.75 0.337635
200 0.343606
206.25 0.347902
212.5 0.353906
218.75 0.358202
225 0.364459
231.25 0.369508
237.5 0.373338
243.75 0.377361
250 0.381045
256.25 0.384686
262.5 0.389148
268.75 0.392901
275 0.396221
281.25 0.401181
287.5 0.40593
293.75 0.41001
300 0.415622
306.25 0.420221
312.5 0.424232
318.75 0.426827
325 0.430207
331.25 0.434401
337.5 0.438234
343.75 0.44209
350 0.444266
356.25 0.4488
362.5 0.451983
368.75 0.455217
375 0.459469
381.25 0.461316
387.5 0.463709
393.75 0.464591
400 0.466356
406.25 0.468906
412.5 0.471911
418.75 0.474944
425 0.476797
431.25 0.47909
437.5 0.481256
443.75 0.483491
450 0.485541
456.25 0.488085
462.5 0.490209
468.75 0.493691
475 0.495685
481.25 0.498189
487.5 0.500594
493.75 0.503157
500 0.505636
506.25 0.507618
512.5 0.509617
518.75 0.511298
525 0.513213
531.25 0.515601
537.5 0.517035
543.75 0.519305
550 0.521363
556.25 0.522748
562.5 0.524848
568.75 0.526587
575 0.528814
581.25 0.531953
587.5 0.533308
593.75 0.534492
600 0.536211
606.25 0.538186
612.5 0.53935
618.75 0.540977
625 0.54136
631.25 0.543109
637.5 0.544728
643.75 0.546079
650 0.548007
656.25 0.549521
662.5 0.551639
668.75 0.551238
675 0.552242
681.25 0.553343
687.5 0.554367
693.75 0.556351
700 0.558566
706.25 0.56058
712.5 0.561875
718.75 0.564709
725 0.565461
731.25 0.566817
737.5 0.568525
743.75 0.569936
750 0.571105
756.25 0.572081
762.5 0.572258
768.75 0.573221
775 0.57487
781.25 0.575221
787.5 0.57648
793.75 0.577705
800 0.578187
806.25 0.578988
812.5 0.579714
818.75 0.580471
825 0.581156
831.25 0.58238
837.5 0.58265
843.75 0.584364
850 0.585769
856.25 0.587955
862.5 0.588821
868.75 0.589626
875 0.590143
881.25 0.59079
887.5 0.59161
893.75 0.592412
900 0.592638
906.25 0.592601
912.5 0.59352
918.75 0.594519
925 0.595291
931.25 0.596153
937.5 0.596527
943.75 0.597154
950 0.597423
956.25 0.598567
962.5 0.599818
968.75 0.600872
975 0.602458
981.25 0.603914
987.5 0.604529
993.75 0.604919
1000 0.60631
1006.25 0.607278
1012.5 0.608625
1018.75 0.609104
1025 0.608875
1031.25 0.609372
1037.5 0.609487
1043.75 0.610032
1050 0.610771
1056.25 0.612151
1062.5 0.613764
1068.75 0.614636
1075 0.614609
1081.25 0.615352
1087.5 0.616236
1093.75 0.617463
1100 0.617781
1106.25 0.618343
1112.5 0.61895
1118.75 0.620591
1125 0.620332
1131.25 0.621018
1137.5 0.621346
1143.75 0.622643
1150 0.62336
1156.25 0.623699
1162.5 0.624211
1168.75 0.624903
1175 0.625244
1181.25 0.625634
1187.5 0.626303
1193.75 0.627438
1200 0.627799
1206.25 0.628322
1212.5 0.628611
1218.75 0.628961
1225 0.629849
1231.25 0.630643
1237.5 0.632246
1243.75 0.633143
1250 0.634498
