0 0.0544395
6.25 0.00195815
12.5 0.0852609
18.75 0.129667
25 0.144328
31.25 0.154738
37.5 0.155402
43.75 0.158155
50 0.161021
56.25 0.162603
62.5 0.162204
68.75 0.166846
75 0.16531
81.25 0.169434
87.5 0.192112
93.75 0.204803
100 0.205629
106.25 0.217638
112.5 0.22858
118.75 0.236991
125 0.239257
131.25 0.238602
137.5 0.251443
143.75 0.256278
150 0.258323
156.25 0.263553
162.5 0.270471
168.75 0.270882
175 0.278615
181.25 0.283
187.5 0.284564
193.75 0.293375
200 0.297512
206.25 0.30402
212.5 0.311586
218.75 0.312163
225 0.321779
231.25 0.329219
237.5 0.335448
243.75 0.338378
250 0.340972
256.25 0.343205
262.5 0.347712
268.75 0.349804
275 0.35083
281.25 0.353869
287.5 0.357957
293.75 0.358707
300 0.363531
306.25 0.370292
312.5 0.371653
318.75 0.369568
325 0.37243
331.25 0.374995
337.5 0.376513
343.75 0.378744
350 0.379801
356.25 0.388294
362.5 0.392797
368.75 0.393855
375 0.39842
381.25 0.395348
387.5 0.398062
393.75 0.394618
400 0.395964
406.25 0.398032
412.5 0.402089
418.75 0.410099
425 0.40942
431.25 0.410933
437.5 0.413011
443.75 0.41605
450 0.418941
456.25 0.423523
462.5 0.425299
468.75 0.431726
475 0.434317
481.25 0.436365
487.5 0.436818
493.75 0.440559
500 0.442314
506.25 0.444186
512.5 0.447809
518.75 0.451034
525 0.453022
531.25 0.456242
537.5 0.458522
543.75 0.460891
550 0.462861
556.25 0.464456
562.5 0.466284
568.75 0.468562
575 0.474914
581.25 0.482045
587.5 0.48351
593.75 0.483989
600 0.486518
606.25 0.488254
612.5 0.48786
618.75 0.490275
625 0.487913
631.25 0.490908
637.5 0.493143
643.75 0.495202
650 0.496325
656.25 0.499321
662.5 0.501145
668.75 0.497315
675 0.497576
681.25 0.49764
687.5 0.497722
693.75 0.500831
700 0.50321
706.25 0.505371
712.5 0.506725
718.75 0.50955
725 0.511259
731.25 0.512455
737.5 0.513562
743.75 0.513406
750 0.515031
756.25 0.515552
762.5 0.514027
768.75 0.513703
775 0.516594
781.25 0.51557
787.5 0.516724
793.75 0.518914
800 0.517372
806.25 0.516836
812.5 0.516171
818.75 0.518017
825 0.517897
831.25 0.519321
837.5 0.519198
843.75 0.521471
850 0.523712
856.25 0.525943
862.5 0.525036
868.75 0.525595
875 0.526434
881.25 0.527106
887.5 0.526604
893.75 0.52853
900 0.52832
906.25 0.528396
912.5 0.52987
918.75 0.532149
925 0.53305
931.25 0.534415
937.5 0.533358
943.75 0.534531
950 0.534495
956.25 0.53623
962.5 0.538609
968.75 0.54012
975 0.541691
981.25 0.543205
987.5 0.544779
993.75 0.544051
1000 0.545377
1006.25 0.547728
1012.5 0.549263
1018.75 0.548275
1025 0.547436
1031.25 0.547384
1037.5 0.546292
1043.75 0.54554
1050 0.546142
1056.25 0.548374
1062.5 0.549493
1068.75 0.550357
1075 0.549405
1081.25 0.55125
1087.5 0.554502
1093.75 0.555794
1100 0.557419
1106.25 0.557924
1112.5 0.558068
1118.75 0.560827
1125 0.559702
1131.25 0.55996
1137.5 0.559566
1143.75 0.562461
1150 0.563951
1156.25 0.563892
1162.5 0.564201
1168.75 0.565144
1175 0.565411
1181.25 0.565968
1187.5 0.566109
1193.75 0.567959
1200 0.569309
1206.25 0.571048
1212.5 0.569667
1218.75 0.568921
1225 0.569037
1231.25 0.570759
1237.5 0.572926
1243.75 0.574349
1250 0.575056
