0 1011.75555556 1013.23888889
25.00000000 22.11111111 22.21666667
50.00000000 13.28333333 13.35555556
75.00000000 9.74444444 9.78333333
100.00000000 7.97222222 8.02777778
125.00000000 6.73888889 6.78333333
150.00000000 5.91666667 5.92222222
175.00000000 5.31111111 5.35000000
200.00000000 4.86666667 4.76666667
225.00000000 4.51111111 4.53333333
250.00000000 4.13333333 4.12777778
275.00000000 3.78888889 3.78888889
300.00000000 3.55000000 3.59444444
325.00000000 3.37777778 3.40555556
350.00000000 3.17777778 3.15555556
375.00000000 2.99444444 3.01666667
400.00000000 2.90000000 2.81666667
425.00000000 2.75000000 2.70000000
450.00000000 2.58888889 2.61111111
475.00000000 2.47222222 2.45555556
500.00000000 2.38888889 2.38333333
525.00000000 2.31111111 2.25000000
550.00000000 2.21111111 2.23888889
575.00000000 2.13333333 2.11111111
600.00000000 2.04444444 2.08888889
625.00000000 2.00555556 2.01111111
650.00000000 1.91666667 1.90000000
675.00000000 1.78888889 1.84444444
700.00000000 1.79444444 1.81111111
725.00000000 1.70555556 1.71111111
750.00000000 1.70000000 1.66111111
775.00000000 1.63333333 1.67222222
800.00000000 1.58333333 1.65555556
825.00000000 1.57777778 1.52777778
850.00000000 1.53888889 1.48888889
875.00000000 1.42222222 1.47777778
900.00000000 1.43333333 1.43888889
925.00000000 1.39444444 1.47222222
950.00000000 1.39444444 1.37777778
975.00000000 1.35000000 1.37222222
1000.00000000 1.23333333 1.28888889
1025.00000000 1.28888889 1.33333333
1050.00000000 1.20555556 1.28333333
1075.00000000 1.20555556 1.17222222
1100.00000000 1.18888889 1.21111111
1125.00000000 1.16111111 1.19444444
1150.00000000 1.12777778 1.19444444
1175.00000000 1.10555556 1.12222222
1200.00000000 1.11111111 1.10555556
1225.00000000 1.08888889 1.07222222
1250.00000000 1.03333333 1.08333333
1275.00000000 0.98333333 1.02222222
1300.00000000 1.00000000 0.98888889
1325.00000000 0.97777778 0.97222222
1350.00000000 1.00000000 0.95555556
1375.00000000 0.94444444 0.96666667
1400.00000000 0.93888889 0.96111111
1425.00000000 0.91111111 0.91111111
1450.00000000 0.90555556 0.94444444
1475.00000000 0.90555556 0.92222222
1500.00000000 0.85000000 0.86666667
1525.00000000 0.83333333 0.82777778
1550.00000000 0.83888889 0.87222222
1575.00000000 0.83888889 0.83333333
1600.00000000 0.81666667 0.80000000
1625.00000000 0.77777778 0.77222222
1650.00000000 0.76666667 0.76666667
1675.00000000 0.76666667 0.77222222
1700.00000000 0.74444444 0.76111111
1725.00000000 0.70000000 0.71111111
1750.00000000 0.70000000 0.71666667
1775.00000000 0.69444444 0.74444444
1800.00000000 0.73333333 0.71666667
1825.00000000 0.68888889 0.69444444
1850.00000000 0.67777778 0.66666667
1875.00000000 0.66666667 0.65000000
1900.00000000 0.64444444 0.67222222
1925.00000000 0.63888889 0.65000000
1950.00000000 0.61666667 0.60000000
1975.00000000 0.58888889 0.59444444
2000.00000000 0.58333333 0.56666667
2025.00000000 0.57777778 0.58888889
2050.00000000 0.58888889 0.53888889
2075.00000000 0.57222222 0.58333333
2100.00000000 0.56111111 0.56111111
2125.00000000 0.52222222 0.53888889
2150.00000000 0.51666667 0.54444444
2175.00000000 0.51666667 0.51111111
2200.00000000 0.50555556 0.50000000
2225.00000000 0.50000000 0.52222222
2250.00000000 0.48333333 0.50000000
2275.00000000 0.48333333 0.46666667
2300.00000000 0.46111111 0.47222222
2325.00000000 0.45555556 0.45000000
2350.00000000 0.42222222 0.43333333
2375.00000000 0.45000000 0.43333333
2400.00000000 0.42777778 0.43888889
2425.00000000 0.41111111 0.41111111
2450.00000000 0.41666667 0.41111111
2475.00000000 0.40000000 0.38333333
2500.00000000 0.39444444 0.37222222
2525.00000000 0.36666667 0.40555556
2550.00000000 0.39444444 0.37222222
2575.00000000 0.35000000 0.38333333
2600.00000000 0.35555556 0.33333333
2625.00000000 0.35555556 0.37222222
2650.00000000 0.34444444 0.36666667
2675.00000000 0.34444444 0.35000000
2700.00000000 0.33333333 0.32222222
2725.00000000 0.33888889 0.33888889
2750.00000000 0.34444444 0.34444444
2775.00000000 0.33333333 0.30000000
2800.00000000 0.30000000 0.31666667
2825.00000000 0.30555556 0.30000000
2850.00000000 0.30000000 0.30555556
2875.00000000 0.28888889 0.29444444
2900.00000000 0.27777778 0.28333333
2925.00000000 0.25555556 0.27222222
2950.00000000 0.26666667 0.27222222
2975.00000000 0.26111111 0.26111111
3000.00000000 0.26111111 0.25555556
3025.00000000 0.23888889 0.23333333
3050.00000000 0.23888889 0.25000000
3075.00000000 0.24444444 0.22777778
3100.00000000 0.23333333 0.22777778
3125.00000000 0.23888889 0.23888889
3150.00000000 0.20555556 0.21666667
3175.00000000 0.22222222 0.21111111
3200.00000000 0.21111111 0.21111111
3225.00000000 0.20555556 0.21111111
3250.00000000 0.18888889 0.18333333
3275.00000000 0.20000000 0.20000000
3300.00000000 0.18333333 0.19444444
3325.00000000 0.19444444 0.18888889
3350.00000000 0.19444444 0.20555556
3375.00000000 0.19444444 0.18888889
3400.00000000 0.18888889 0.18888889
3425.00000000 0.18333333 0.17777778
3450.00000000 0.16111111 0.16666667
3475.00000000 0.16666667 0.16666667
3500.00000000 0.17222222 0.17777778
3525.00000000 0.16666667 0.16111111
3550.00000000 0.16666667 0.17222222
3575.00000000 0.17222222 0.15555556
3600.00000000 0.16666667 0.16666667
3625.00000000 0.15000000 0.13888889
3650.00000000 0.15555556 0.15000000
3675.00000000 0.15555556 0.15555556
3700.00000000 0.15555556 0.15000000
3725.00000000 0.16111111 0.15555556
3750.00000000 0.13888889 0.13888889
3775.00000000 0.12222222 0.12222222
3800.00000000 0.12777778 0.12777778
3825.00000000 0.13333333 0.13333333
3850.00000000 0.12777778 0.11666667
3875.00000000 0.12777778 0.12222222
3900.00000000 0.12777778 0.12777778
3925.00000000 0.11111111 0.12222222
3950.00000000 0.10555556 0.11666667
3975.00000000 0.08888889 0.11666667
4000.00000000 0.10000000 0.11111111
4025.00000000 0.10555556 0.09444444
4050.00000000 0.11111111 0.10555556
4075.00000000 0.10555556 0.11111111
4100.00000000 0.08888889 0.11111111
4125.00000000 0.10000000 0.11111111
4150.00000000 0.10555556 0.10555556
4175.00000000 0.11111111 0.10555556
4200.00000000 0.11111111 0.10555556
4225.00000000 0.10555556 0.10555556
4250.00000000 0.11111111 0.11111111
4275.00000000 0.10000000 0.11111111
4300.00000000 0.11111111 0.11111111
4325.00000000 0.11111111 0.08888889
4350.00000000 0.10000000 0.10000000
4375.00000000 0.10555556 0.11111111
4400.00000000 0.10555556 0.10000000
4425.00000000 0.10000000 0.10555556
4450.00000000 0.11111111 0.10000000
4475.00000000 0.11111111 0.11111111
4500.00000000 0.11111111 0.11111111
4525.00000000 0.10000000 0.11111111
4550.00000000 0.10555556 0.10555556
4575.00000000 0.10555556 0.10000000
4600.00000000 0.09444444 0.10000000
4625.00000000 0.10000000 0.10555556
4650.00000000 0.10000000 0.09444444
4675.00000000 0.08888889 0.08888889
4700.00000000 0.10000000 0.09444444
4725.00000000 0.09444444 0.08888889
4750.00000000 0.08888889 0.10000000
4775.00000000 0.09444444 0.09444444
4800.00000000 0.08333333 0.08888889
4825.00000000 0.09444444 0.10000000
4850.00000000 0.09444444 0.08888889
4875.00000000 0.09444444 0.10000000
4900.00000000 0.09444444 0.09444444
4925.00000000 0.09444444 0.09444444
4950.00000000 0.08888889 0.08888889
4975.00000000 0.08888889 0.08888889
5000.00000000 0.08888889 0.08333333
