0 1011.93333333 1013.98627451
25.00000000 22.07058824 22.15490196
50.00000000 13.14313726 13.24509804
75.00000000 9.72156863 9.78235294
100.00000000 8.00000000 7.98235294
125.00000000 6.72941177 6.79019608
150.00000000 5.87843137 5.88235294
175.00000000 5.30588235 5.32745098
200.00000000 4.74901961 4.75294118
225.00000000 4.35882353 4.40588236
250.00000000 4.05882353 4.06078432
275.00000000 3.71960784 3.71568628
300.00000000 3.49803921 3.52941176
325.00000000 3.30196078 3.34705882
350.00000000 3.12352941 3.14117647
375.00000000 2.95098039 2.98431373
400.00000000 2.85686275 2.85490196
425.00000000 2.73529412 2.72745098
450.00000000 2.58235294 2.61960784
475.00000000 2.51372549 2.53725490
500.00000000 2.43725491 2.43921569
525.00000000 2.33725490 2.34117647
550.00000000 2.29215686 2.27058824
575.00000000 2.20588235 2.19215687
600.00000000 2.06666667 2.12941177
625.00000000 2.05294118 2.05294118
650.00000000 1.97254902 1.98431373
675.00000000 1.84901961 1.88235294
700.00000000 1.81960784 1.79803921
725.00000000 1.73137255 1.76274510
750.00000000 1.68627451 1.67058824
775.00000000 1.61372549 1.64313725
800.00000000 1.57058823 1.58823530
825.00000000 1.53333334 1.53921569
850.00000000 1.50196079 1.48235294
875.00000000 1.42352941 1.44705882
900.00000000 1.38823529 1.40588235
925.00000000 1.38627451 1.41960784
950.00000000 1.34509804 1.32156863
975.00000000 1.30392157 1.31176471
1000.00000000 1.24705882 1.24901961
1025.00000000 1.25098039 1.27450980
1050.00000000 1.19215687 1.22941176
1075.00000000 1.15882353 1.16078431
1100.00000000 1.12549020 1.14509804
1125.00000000 1.11176471 1.12156863
1150.00000000 1.09411765 1.12941177
1175.00000000 1.05882353 1.05490196
1200.00000000 1.07254902 1.05490196
1225.00000000 1.02941176 1.03921568
1250.00000000 0.98235294 1.03333333
1275.00000000 0.96470588 0.98431372
1300.00000000 0.94117647 0.93725490
1325.00000000 0.92156863 0.93725490
1350.00000000 0.90980392 0.92352941
1375.00000000 0.89607843 0.90392157
1400.00000000 0.88823529 0.89411765
1425.00000000 0.83725490 0.86666666
1450.00000000 0.84901961 0.85490196
1475.00000000 0.83725491 0.83529412
1500.00000000 0.79215686 0.80000000
1525.00000000 0.77843137 0.78039216
1550.00000000 0.76274510 0.78627451
1575.00000000 0.76862745 0.75882353
1600.00000000 0.74313726 0.74117647
1625.00000000 0.70784314 0.72156863
1650.00000000 0.70392157 0.69607843
1675.00000000 0.69607843 0.69803921
1700.00000000 0.68431372 0.69215686
1725.00000000 0.64509804 0.65882353
1750.00000000 0.64509804 0.64117647
1775.00000000 0.62549019 0.66470588
1800.00000000 0.64901961 0.64705882
1825.00000000 0.60980392 0.63137254
1850.00000000 0.59803922 0.59803922
1875.00000000 0.60000000 0.59215686
1900.00000000 0.55686274 0.59607843
1925.00000000 0.57058823 0.56470588
1950.00000000 0.55294118 0.55294117
1975.00000000 0.54313725 0.53725490
2000.00000000 0.51960785 0.51960784
2025.00000000 0.52156863 0.52549019
2050.00000000 0.51372549 0.50392157
2075.00000000 0.50588235 0.51960784
2100.00000000 0.49607843 0.50196078
2125.00000000 0.47843137 0.49019608
2150.00000000 0.46862745 0.48431372
2175.00000000 0.45882353 0.45098039
2200.00000000 0.44901961 0.44901961
2225.00000000 0.44313725 0.44901961
2250.00000000 0.42549020 0.43725490
2275.00000000 0.42941176 0.42745098
2300.00000000 0.39803921 0.41176471
2325.00000000 0.40588235 0.40392157
2350.00000000 0.38627451 0.39019608
2375.00000000 0.39607843 0.39215686
2400.00000000 0.39019608 0.38235294
2425.00000000 0.37647058 0.38235294
2450.00000000 0.37058824 0.36666667
2475.00000000 0.37058823 0.36470588
2500.00000000 0.36078431 0.35490196
2525.00000000 0.34117647 0.35686275
2550.00000000 0.34117647 0.35098039
2575.00000000 0.32549020 0.35686275
2600.00000000 0.34509804 0.32745098
2625.00000000 0.32941177 0.33333333
2650.00000000 0.32745098 0.33529412
2675.00000000 0.33137255 0.32941176
2700.00000000 0.31568628 0.31568627
2725.00000000 0.32156863 0.32352941
2750.00000000 0.31568627 0.32549019
2775.00000000 0.31176471 0.30392157
2800.00000000 0.30196079 0.29607843
2825.00000000 0.29803922 0.30196079
2850.00000000 0.29215686 0.30000000
2875.00000000 0.28627451 0.29607843
2900.00000000 0.27254902 0.29019608
2925.00000000 0.26862745 0.28431373
2950.00000000 0.28039216 0.27254902
2975.00000000 0.26274510 0.26862745
3000.00000000 0.27058824 0.27254902
3025.00000000 0.27058823 0.26274509
3050.00000000 0.26274510 0.26078431
3075.00000000 0.25882353 0.25882353
3100.00000000 0.24901961 0.24901961
3125.00000000 0.26078431 0.26666666
3150.00000000 0.24509804 0.25490196
3175.00000000 0.24705883 0.23921569
3200.00000000 0.24901961 0.24313725
3225.00000000 0.23921569 0.24509804
3250.00000000 0.23333334 0.23725490
3275.00000000 0.23725490 0.23529412
3300.00000000 0.22941177 0.22745098
3325.00000000 0.23725490 0.23137255
3350.00000000 0.23333333 0.23137255
3375.00000000 0.22549019 0.22352941
3400.00000000 0.22745098 0.22941177
3425.00000000 0.21176470 0.22745098
3450.00000000 0.20980392 0.20784314
3475.00000000 0.20000000 0.19607843
3500.00000000 0.19803921 0.20784314
3525.00000000 0.20000000 0.20000000
3550.00000000 0.19215687 0.19607843
3575.00000000 0.19411764 0.19411765
3600.00000000 0.18823529 0.19803922
3625.00000000 0.19215686 0.18627451
3650.00000000 0.18627451 0.18039216
3675.00000000 0.18627451 0.18627451
3700.00000000 0.18235294 0.17843137
3725.00000000 0.18627451 0.18039216
3750.00000000 0.17254902 0.16470589
3775.00000000 0.16274510 0.16666667
3800.00000000 0.16470588 0.16470588
3825.00000000 0.17058823 0.17254902
3850.00000000 0.16274510 0.16274510
3875.00000000 0.15882353 0.15294117
3900.00000000 0.15686275 0.16470588
3925.00000000 0.15098039 0.16274510
3950.00000000 0.16078432 0.15490196
3975.00000000 0.14901961 0.15686274
4000.00000000 0.15686275 0.14705882
4025.00000000 0.14901961 0.14313726
4050.00000000 0.15098039 0.14705883
4075.00000000 0.14901961 0.14509804
4100.00000000 0.13921569 0.14901961
4125.00000000 0.14313726 0.14901960
4150.00000000 0.14509804 0.12941176
4175.00000000 0.14117647 0.13725490
4200.00000000 0.13725490 0.13921569
4225.00000000 0.12745098 0.13137255
4250.00000000 0.12745098 0.13137255
4275.00000000 0.12352941 0.12941176
4300.00000000 0.13137255 0.12352941
4325.00000000 0.11960784 0.11960785
4350.00000000 0.11764706 0.12156863
4375.00000000 0.12352942 0.13137255
4400.00000000 0.11568628 0.12156862
4425.00000000 0.11960784 0.12549019
4450.00000000 0.12156863 0.11960784
4475.00000000 0.12352941 0.11764706
4500.00000000 0.11568628 0.12156863
4525.00000000 0.11176471 0.12156863
4550.00000000 0.11176471 0.11372549
4575.00000000 0.11568628 0.11568628
4600.00000000 0.11176470 0.11372549
4625.00000000 0.11764706 0.11960785
4650.00000000 0.11176471 0.10784313
4675.00000000 0.10588236 0.10784314
4700.00000000 0.10980392 0.11372549
4725.00000000 0.10980392 0.10980392
4750.00000000 0.10784314 0.10980392
4775.00000000 0.10588235 0.10980392
4800.00000000 0.10196079 0.10784314
4825.00000000 0.11372549 0.11176470
4850.00000000 0.10980392 0.10392157
4875.00000000 0.10980392 0.10784313
4900.00000000 0.10588235 0.10196079
4925.00000000 0.10196078 0.10392156
4950.00000000 0.10196079 0.10196079
4975.00000000 0.10000000 0.09607843
5000.00000000 0.09607843 0.09607843
