0 0.000454619
9 0.0281482
18 0.040051
27 0.0453592
36 0.0493015
45 0.0482848
54 0.0477541
63 0.048641
72 0.0494955
81 0.0501861
90 0.0499659
99 0.0483824
108 0.0480257
117 0.0474786
126 0.0476608
135 0.0486177
144 0.0465994
153 0.0455081
162 0.0455688
171 0.0469209
180 0.0474705
189 0.0464805
198 0.046001
207 0.0457705
216 0.0457855
225 0.04627
234 0.0469944
243 0.048277
252 0.0499774
261 0.0511686
270 0.0509697
279 0.0499031
288 0.0491537
297 0.0497773
306 0.0505121
315 0.0514679
324 0.0518916
333 0.0511952
342 0.0497939
351 0.0492607
360 0.0488842
369 0.0487855
378 0.0490746
387 0.0491333
396 0.0484783
405 0.0487262
414 0.0504954
423 0.0523384
432 0.0525541
441 0.0529826
450 0.0533411
459 0.0536105
468 0.0543863
477 0.0549624
486 0.0567325
495 0.0580816
504 0.059015
513 0.0583405
522 0.0579713
531 0.0571866
540 0.057275
549 0.0562848
558 0.0558226
567 0.0559345
576 0.0561558
585 0.0564859
594 0.0572629
603 0.0580164
612 0.0592528
621 0.0599773
630 0.060551
639 0.0608004
648 0.0605249
657 0.0601291
666 0.0602967
675 0.0600585
684 0.0605507
693 0.0607515
702 0.0610981
711 0.0618125
720 0.0620369
729 0.0615273
738 0.0622016
747 0.0643681
756 0.0644506
765 0.0656203
774 0.0669878
783 0.0684422
792 0.0690734
801 0.0700852
810 0.0700972
819 0.0694278
828 0.0702742
837 0.0719266
846 0.0718359
855 0.0720572
864 0.0715484
873 0.0718177
882 0.0725208
891 0.0737441
900 0.0756174
909 0.0765792
918 0.0777167
927 0.0787827
936 0.0800397
945 0.0800382
954 0.0807259
963 0.0808941
972 0.0822634
981 0.0827119
990 0.0844894
999 0.0848153
1008 0.0855516
1017 0.0865367
1026 0.0886855
1035 0.0903136
1044 0.09104
1053 0.0915215
1062 0.0918441
1071 0.0919845
1080 0.0913912
1089 0.0918762
1098 0.0931664
1107 0.0935411
1116 0.093798
1125 0.0948719
1134 0.0967946
1143 0.0977719
1152 0.0985505
1161 0.0989867
1170 0.0985712
1179 0.0987003
1188 0.0992715
1197 0.100081
1206 0.10021
1215 0.100207
1224 0.100606
1233 0.100208
1242 0.100372
1251 0.102347
1260 0.103678
1269 0.103495
1278 0.103846
1287 0.103978
1296 0.103599
1305 0.104051
1314 0.104732
1323 0.10604
1332 0.107701
1341 0.108952
1350 0.110266
1359 0.110858
1368 0.111621
1377 0.112145
1386 0.112315
1395 0.112313
1404 0.112093
1413 0.111668
1422 0.112272
1431 0.11247
1440 0.113165
1449 0.113412
1458 0.113212
1467 0.113217
1476 0.1141
1485 0.114443
1494 0.114831
1503 0.114696
1512 0.113678
1521 0.113211
1530 0.113031
1539 0.112217
1548 0.112215
1557 0.11308
1566 0.112896
1575 0.11156
1584 0.111107
1593 0.110638
1602 0.110622
1611 0.110343
1620 0.110705
1629 0.11162
1638 0.112507
1647 0.113445
1656 0.114419
1665 0.115572
1674 0.115681
1683 0.115258
1692 0.115758
1701 0.115334
1710 0.114709
1719 0.114816
1728 0.115022
1737 0.115152
1746 0.115942
1755 0.116365
1764 0.117323
1773 0.118472
1782 0.119547
1791 0.120488
1800 0.121176
