0 4.28457e-07
9 0.00146446
18 0.00289586
27 0.0035928
36 0.00433913
45 0.00415073
54 0.0040573
63 0.00432194
72 0.00441408
81 0.00465893
90 0.00475574
99 0.00439947
108 0.00431413
117 0.00434417
126 0.00437035
135 0.00445602
144 0.00407085
153 0.0038709
162 0.00408673
171 0.00465154
180 0.00520794
189 0.00536696
198 0.00568083
207 0.00599779
216 0.00629422
225 0.00659205
234 0.00683368
243 0.00731364
252 0.00804429
261 0.00901204
270 0.00935133
279 0.00920056
288 0.00909995
297 0.00920553
306 0.00942086
315 0.00976255
324 0.00984383
333 0.00988124
342 0.00950474
351 0.00937302
360 0.00922122
369 0.00916532
378 0.00925166
387 0.00940866
396 0.00932365
405 0.00927333
414 0.0098976
423 0.0106453
432 0.0112795
441 0.0122013
450 0.0132235
459 0.0141084
468 0.0151063
477 0.0161846
486 0.0172948
495 0.0181955
504 0.0191268
513 0.0193409
522 0.0196652
531 0.0198964
540 0.0202196
549 0.020267
558 0.0204712
567 0.0206522
576 0.0209
585 0.0210571
594 0.0215753
603 0.022116
612 0.0229774
621 0.0236158
630 0.0244912
639 0.025073
648 0.025227
657 0.0254392
666 0.0256021
675 0.0259141
684 0.0263896
693 0.0270664
702 0.0274131
711 0.0279572
720 0.0282614
729 0.0284014
738 0.0288312
747 0.0294918
756 0.0297685
765 0.03013
774 0.0308075
783 0.0318231
792 0.0326072
801 0.0333269
810 0.0338018
819 0.0340022
828 0.0345137
837 0.0352013
846 0.0357515
855 0.0364203
864 0.0367326
873 0.0373073
882 0.0377645
891 0.0384332
900 0.0395387
909 0.0404784
918 0.0413238
927 0.0424694
936 0.0431416
945 0.0439741
954 0.0446872
963 0.0450935
972 0.046012
981 0.0470042
990 0.0482255
999 0.0493092
1008 0.0504106
1017 0.0519321
1026 0.0533531
1035 0.0543734
1044 0.0554382
1053 0.0556626
1062 0.0561931
1071 0.056234
1080 0.0566609
1089 0.0570066
1098 0.0575326
1107 0.058021
1116 0.0586298
1125 0.0597855
1134 0.0608861
1143 0.0618825
1152 0.0626631
1161 0.0631318
1170 0.0636617
1179 0.0638791
1188 0.0645527
1197 0.0647372
1206 0.0650979
1215 0.0654869
1224 0.0657757
1233 0.0657837
1242 0.0655013
1251 0.0658876
1260 0.0665161
1269 0.06648
1278 0.066845
1287 0.0669358
1296 0.0672528
1305 0.0677938
1314 0.0681906
1323 0.0687429
1332 0.0694697
1341 0.0703908
1350 0.0714638
1359 0.0721963
1368 0.072844
1377 0.0735302
1386 0.073706
1395 0.0738428
1404 0.0743397
1413 0.0743861
1422 0.0746407
1431 0.0750188
1440 0.0755833
1449 0.0758569
1458 0.076018
1467 0.0762863
1476 0.0769981
1485 0.0772832
1494 0.0776529
1503 0.0779641
1512 0.0776742
1521 0.0775867
1530 0.0776224
1539 0.0778512
1548 0.0778528
1557 0.0781634
1566 0.0780055
1575 0.0780079
1584 0.0777986
1593 0.0778592
1602 0.0778621
1611 0.0776726
1620 0.0776826
1629 0.077997
1638 0.0782145
1647 0.0783642
1656 0.0785744
1665 0.0790055
1674 0.0788795
1683 0.0792419
1692 0.0796372
1701 0.0799536
1710 0.0802293
1719 0.0808193
1728 0.0812035
1737 0.0817826
1746 0.0821854
1755 0.0825769
1764 0.0830928
1773 0.0836685
1782 0.0843496
1791 0.0850343
1800 0.0854461
