0 -0.0730633
9 0.151687
18 0.194691
27 0.253769
36 0.214816
45 0.219654
54 0.220837
63 0.173271
72 0.198187
81 0.150224
90 0.0951086
99 0.120573
108 0.129551
117 0.0728705
126 0.0760465
135 0.114794
144 0.12533
153 0.130893
162 0.0319321
171 -0.112828
180 -0.3111
189 -0.4842
198 -0.684588
207 -0.86299
216 -1.00252
225 -1.07908
234 -1.09431
243 -1.138
252 -1.22062
261 -1.44204
270 -1.59955
279 -1.69452
288 -1.7664
297 -1.71524
306 -1.69232
315 -1.68545
324 -1.65569
333 -1.7701
342 -1.83344
351 -1.86258
360 -1.85879
369 -1.85094
378 -1.84154
387 -1.89741
396 -1.96727
405 -1.9058
414 -1.88174
423 -1.8861
432 -2.08392
441 -2.34649
450 -2.64755
459 -2.90884
468 -3.10716
477 -3.35761
486 -3.37344
495 -3.39372
504 -3.49184
513 -3.68245
522 -3.85158
531 -4.08396
540 -4.16372
549 -4.39744
558 -4.56936
567 -4.60094
576 -4.62762
585 -4.5996
594 -4.57978
603 -4.57061
612 -4.5446
621 -4.56493
630 -4.67987
639 -4.78258
648 -4.88648
657 -5.03614
666 -5.04188
675 -5.18433
684 -5.1977
693 -5.33357
702 -5.34349
711 -5.31714
720 -5.34333
729 -5.50248
738 -5.45177
747 -5.11804
756 -5.16643
765 -4.99717
774 -4.86538
783 -4.79352
792 -4.83426
801 -4.78488
810 -4.8792
819 -5.05408
828 -4.98876
837 -4.80424
846 -4.92805
855 -5.01438
864 -5.17548
873 -5.23321
882 -5.18058
891 -5.06728
900 -4.91479
909 -4.90243
918 -4.84183
927 -4.8425
936 -4.73419
945 -4.86439
954 -4.85736
963 -4.89097
972 -4.7992
981 -4.8707
990 -4.75573
999 -4.85456
1008 -4.88756
1017 -4.93482
1026 -4.78351
1035 -4.66622
1044 -4.68874
1053 -4.64535
1062 -4.66163
1071 -4.64615
1080 -4.78383
1089 -4.75335
1098 -4.62819
1107 -4.63101
1116 -4.66394
1125 -4.64233
1134 -4.49855
1143 -4.47351
1152 -4.452
1161 -4.4431
1170 -4.55206
1179 -4.55725
1188 -4.55036
1197 -4.46324
1206 -4.48255
1215 -4.5216
1224 -4.49855
1233 -4.55114
1242 -4.50165
1251 -4.29004
1260 -4.1881
1269 -4.20652
1278 -4.19852
1287 -4.19121
1296 -4.26612
1305 -4.26178
1314 -4.21677
1323 -4.11344
1332 -3.98902
1341 -3.92985
1350 -3.87765
1359 -3.87465
1368 -3.8466
1377 -3.84659
1386 -3.84285
1395 -3.85391
1404 -3.91648
1413 -3.96537
1422 -3.92154
1431 -3.93054
1440 -3.90206
1449 -3.89767
1458 -3.93101
1467 -3.95143
1476 -3.9144
1485 -3.90078
1494 -3.88897
1503 -3.92653
1512 -4.01074
1521 -4.0536
1530 -4.0756
1539 -4.18224
1548 -4.1826
1557 -4.11265
1566 -4.12022
1575 -4.26785
1584 -4.30216
1593 -4.36065
1602 -4.36268
1611 -4.3794
1620 -4.33849
1629 -4.26024
1638 -4.17918
1647 -4.08903
1656 -4.00185
1665 -3.91496
1674 -3.89439
1683 -3.96503
1692 -3.9431
1701 -4.01069
1710 -4.09732
1719 -4.13071
1728 -4.13777
1737 -4.16763
1746 -4.11387
1755 -4.09838
1764 -4.0367
1773 -3.96119
1782 -3.90208
1791 -3.85744
1800 -3.81917
