0 648.35176651 650.10906298
16.00000000 20.12000000 20.24000000
32.00000000 13.15076923 13.17076923
48.00000000 10.32615385 10.32923077
64.00000000 8.70153846 8.74923077
80.00000000 7.55538462 7.61846154
96.00000000 6.72769231 6.78769231
112.00000000 6.20769231 6.25846154
128.00000000 5.73538462 5.74615385
144.00000000 5.34000000 5.44615385
160.00000000 5.08461538 5.10461538
176.00000000 4.83538462 4.85230769
192.00000000 4.60769231 4.62307692
208.00000000 4.39076923 4.41230769
224.00000000 4.23384615 4.25846154
240.00000000 4.08000000 4.07846154
256.00000000 3.90615385 3.93230769
272.00000000 3.80461538 3.83538462
288.00000000 3.70615385 3.74307692
304.00000000 3.60000000 3.62307692
320.00000000 3.52769231 3.51076923
336.00000000 3.43076923 3.45538462
352.00000000 3.31384615 3.35384615
368.00000000 3.24769231 3.24615385
384.00000000 3.16307692 3.18769231
400.00000000 3.11538462 3.11384615
416.00000000 3.04615385 3.09230769
432.00000000 3.00153846 3.00615385
448.00000000 2.96769231 2.97384615
464.00000000 2.89076923 2.95384615
480.00000000 2.88153846 2.90153846
496.00000000 2.81692308 2.86923077
512.00000000 2.79076923 2.82461538
528.00000000 2.69846154 2.72769231
544.00000000 2.69692308 2.72000000
560.00000000 2.66461538 2.69076923
576.00000000 2.62461538 2.62461538
592.00000000 2.60153846 2.59384615
608.00000000 2.55384615 2.60153846
624.00000000 2.51076923 2.52615385
640.00000000 2.52769231 2.54153846
656.00000000 2.49230769 2.48769231
672.00000000 2.48615385 2.48615385
688.00000000 2.48153846 2.49230769
704.00000000 2.43230769 2.46461538
720.00000000 2.40000000 2.44923077
736.00000000 2.36000000 2.40307692
752.00000000 2.35846154 2.38307692
768.00000000 2.36307692 2.39846154
784.00000000 2.32615385 2.39076923
800.00000000 2.32769231 2.36769231
816.00000000 2.32769231 2.34153846
832.00000000 2.25538462 2.30461538
848.00000000 2.25846154 2.28461538
864.00000000 2.26615385 2.27692308
880.00000000 2.26000000 2.24461538
896.00000000 2.24000000 2.23846154
912.00000000 2.20461538 2.21230769
928.00000000 2.20615385 2.20615385
944.00000000 2.17692308 2.18153846
960.00000000 2.13076923 2.17692308
976.00000000 2.13846154 2.16000000
992.00000000 2.14000000 2.15692308
1008.00000000 2.13692308 2.14461538
1024.00000000 2.09846154 2.12000000
1040.00000000 2.07076923 2.08307692
1056.00000000 2.07384615 2.08923077
1072.00000000 2.06307692 2.07846154
1088.00000000 2.05076923 2.08153846
1104.00000000 2.05384615 2.06000000
1120.00000000 2.03692308 2.05384615
1136.00000000 2.00923077 2.04769231
1152.00000000 2.00307692 2.04153846
1168.00000000 2.00153846 2.00307692
1184.00000000 2.00000000 2.00615385
1200.00000000 2.00153846 2.01538462
1216.00000000 1.98153846 2.01384615
1232.00000000 1.97076923 2.00000000
1248.00000000 1.96769231 1.97538462
1264.00000000 1.96000000 1.97384615
1280.00000000 1.98153846 1.98000000
1296.00000000 1.95538462 1.99076923
1312.00000000 1.96000000 1.96615385
1328.00000000 1.96461538 1.97538462
1344.00000000 1.93230769 1.96307692
1360.00000000 1.94461538 1.94615385
1376.00000000 1.95384615 1.96923077
1392.00000000 1.91692308 1.91692308
1408.00000000 1.90769231 1.92923077
1424.00000000 1.89538462 1.89384615
1440.00000000 1.87076923 1.90923077
1456.00000000 1.88153846 1.90461538
1472.00000000 1.87692308 1.88769231
1488.00000000 1.88615385 1.88461538
1504.00000000 1.86153846 1.90615385
1520.00000000 1.87076923 1.87076923
1536.00000000 1.86000000 1.89230769
1552.00000000 1.84615385 1.87384615
1568.00000000 1.85230769 1.87076923
1584.00000000 1.86615385 1.85384615
1600.00000000 1.82923077 1.84923077
1616.00000000 1.87538462 1.84615385
1632.00000000 1.86923077 1.86615385
1648.00000000 1.83538462 1.83384615
1664.00000000 1.82461538 1.85538462
1680.00000000 1.82461538 1.84153846
1696.00000000 1.82461538 1.82769231
1712.00000000 1.82307692 1.81384615
1728.00000000 1.81230769 1.84307692
1744.00000000 1.82153846 1.83384615
1760.00000000 1.80153846 1.84923077
1776.00000000 1.78461538 1.82923077
1792.00000000 1.79230769 1.81846154
1808.00000000 1.81846154 1.80615385
1824.00000000 1.78923077 1.77538462
1840.00000000 1.78307692 1.79692308
1856.00000000 1.76307692 1.79538462
1872.00000000 1.77538462 1.78153846
1888.00000000 1.77692308 1.81846154
1904.00000000 1.76000000 1.77538462
1920.00000000 1.78153846 1.77230769
1936.00000000 1.76307692 1.77384615
1952.00000000 1.77230769 1.77230769
1968.00000000 1.77076923 1.77538462
1984.00000000 1.75384615 1.75230769
2000.00000000 1.77076923 1.77846154
2016.00000000 1.73692308 1.76615385
2032.00000000 1.74153846 1.75692308
2048.00000000 1.73384615 1.76307692
2064.00000000 1.72615385 1.71538462
2080.00000000 1.75076923 1.75076923
2096.00000000 1.73692308 1.74461538
2112.00000000 1.73538462 1.76153846
2128.00000000 1.70769231 1.73692308
2144.00000000 1.69692308 1.74615385
2160.00000000 1.71846154 1.73076923
2176.00000000 1.70615385 1.72153846
2192.00000000 1.72153846 1.72153846
2208.00000000 1.73076923 1.70615385
2224.00000000 1.70769231 1.71692308
2240.00000000 1.72000000 1.73538462
2256.00000000 1.69230769 1.74615385
2272.00000000 1.71076923 1.72923077
2288.00000000 1.72000000 1.70615385
2304.00000000 1.67230769 1.71692308
2320.00000000 1.69384615 1.69846154
2336.00000000 1.68615385 1.69846154
2352.00000000 1.67846154 1.71076923
2368.00000000 1.69230769 1.72000000
2384.00000000 1.68000000 1.71538462
2400.00000000 1.66615385 1.69076923
2416.00000000 1.69846154 1.70461538
2432.00000000 1.69230769 1.69384615
2448.00000000 1.69538462 1.69846154
2464.00000000 1.66769231 1.69230769
2480.00000000 1.66769231 1.70153846
2496.00000000 1.66000000 1.70769231
2512.00000000 1.68461538 1.64000000
2528.00000000 1.67846154 1.67538462
2544.00000000 1.64923077 1.66769231
2560.00000000 1.65692308 1.68615385
2576.00000000 1.65230769 1.66769231
2592.00000000 1.67230769 1.65230769
2608.00000000 1.64000000 1.67230769
2624.00000000 1.65846154 1.65846154
2640.00000000 1.66615385 1.65846154
2656.00000000 1.66769231 1.66615385
2672.00000000 1.64923077 1.67076923
2688.00000000 1.66461538 1.66769231
2704.00000000 1.63846154 1.66153846
2720.00000000 1.64769231 1.65692308
2736.00000000 1.62307692 1.64307692
2752.00000000 1.65538462 1.65538462
2768.00000000 1.60307692 1.63538462
2784.00000000 1.62307692 1.64000000
2800.00000000 1.60769231 1.61692308
2816.00000000 1.65230769 1.61384615
2832.00000000 1.61076923 1.63076923
2848.00000000 1.62923077 1.63076923
2864.00000000 1.62461538 1.62923077
2880.00000000 1.63076923 1.61538462
2896.00000000 1.61846154 1.62000000
2912.00000000 1.57846154 1.60923077
2928.00000000 1.61076923 1.64000000
2944.00000000 1.60923077 1.62923077
2960.00000000 1.59384615 1.60615385
2976.00000000 1.61384615 1.60615385
2992.00000000 1.61846154 1.62153846
3008.00000000 1.60153846 1.59538462
3024.00000000 1.57384615 1.60153846
3040.00000000 1.56769231 1.60461538
3056.00000000 1.57846154 1.61076923
3072.00000000 1.61384615 1.58307692
3088.00000000 1.59076923 1.60307692
3104.00000000 1.58307692 1.59384615
3120.00000000 1.58769231 1.59076923
3136.00000000 1.59538462 1.56615385
3152.00000000 1.61076923 1.60461538
3168.00000000 1.55538462 1.60307692
3184.00000000 1.58615385 1.59692308
3200.00000000 1.57076923 1.59538462
