0 648.38666667 650.14333333
16.00000000 20.10666667 20.23166667
32.00000000 13.14166667 13.14666667
48.00000000 10.33000000 10.33000000
64.00000000 8.70500000 8.74833333
80.00000000 7.57833333 7.64000000
96.00000000 6.71833333 6.79000000
112.00000000 6.22333333 6.25833333
128.00000000 5.72666667 5.75500000
144.00000000 5.34166667 5.43833333
160.00000000 5.07833333 5.10833333
176.00000000 4.83333333 4.85500000
192.00000000 4.61500000 4.62666667
208.00000000 4.40833333 4.43666667
224.00000000 4.24333333 4.28333333
240.00000000 4.10333333 4.10333333
256.00000000 3.92333333 3.96166667
272.00000000 3.83000000 3.85500000
288.00000000 3.71666667 3.76833333
304.00000000 3.61666667 3.64333333
320.00000000 3.54666667 3.53333333
336.00000000 3.44333333 3.46333333
352.00000000 3.33166667 3.37166667
368.00000000 3.26833333 3.26500000
384.00000000 3.17166667 3.19666667
400.00000000 3.13833333 3.13500000
416.00000000 3.05000000 3.10000000
432.00000000 3.01666667 3.02333333
448.00000000 2.98166667 2.99666667
464.00000000 2.90833333 2.98000000
480.00000000 2.89666667 2.92166667
496.00000000 2.84000000 2.88500000
512.00000000 2.80833333 2.84333333
528.00000000 2.71166667 2.74833333
544.00000000 2.72166667 2.74333333
560.00000000 2.68000000 2.72000000
576.00000000 2.63666667 2.63833333
592.00000000 2.62333333 2.60166667
608.00000000 2.56166667 2.61166667
624.00000000 2.52166667 2.54333333
640.00000000 2.53666667 2.55500000
656.00000000 2.50500000 2.50000000
672.00000000 2.50000000 2.50166667
688.00000000 2.49833333 2.50333333
704.00000000 2.44000000 2.46833333
720.00000000 2.41000000 2.45833333
736.00000000 2.36833333 2.40333333
752.00000000 2.35666667 2.38500000
768.00000000 2.38166667 2.41333333
784.00000000 2.33166667 2.39833333
800.00000000 2.34333333 2.38000000
816.00000000 2.34500000 2.35833333
832.00000000 2.26333333 2.31500000
848.00000000 2.27500000 2.29000000
864.00000000 2.27166667 2.29166667
880.00000000 2.27166667 2.25000000
896.00000000 2.26166667 2.24666667
912.00000000 2.21666667 2.22333333
928.00000000 2.21666667 2.21833333
944.00000000 2.18666667 2.20166667
960.00000000 2.14166667 2.18500000
976.00000000 2.15833333 2.17166667
992.00000000 2.14666667 2.16333333
1008.00000000 2.14333333 2.15333333
1024.00000000 2.10833333 2.13000000
1040.00000000 2.08666667 2.10166667
1056.00000000 2.08000000 2.10833333
1072.00000000 2.06833333 2.09000000
1088.00000000 2.06500000 2.09166667
1104.00000000 2.06833333 2.07500000
1120.00000000 2.04833333 2.07000000
1136.00000000 2.02666667 2.06333333
1152.00000000 2.01500000 2.07166667
1168.00000000 2.01833333 2.01000000
1184.00000000 2.02000000 2.02166667
1200.00000000 2.01833333 2.02833333
1216.00000000 2.00000000 2.02666667
1232.00000000 1.98833333 2.01666667
1248.00000000 1.98333333 1.98333333
1264.00000000 1.97833333 1.98833333
1280.00000000 1.99333333 1.99166667
1296.00000000 1.97166667 2.00500000
1312.00000000 1.97166667 1.98000000
1328.00000000 1.98000000 1.98666667
1344.00000000 1.95166667 1.97666667
1360.00000000 1.94833333 1.96000000
1376.00000000 1.96000000 1.97500000
1392.00000000 1.93166667 1.92833333
1408.00000000 1.92166667 1.93500000
1424.00000000 1.90500000 1.90333333
1440.00000000 1.89000000 1.91333333
1456.00000000 1.89166667 1.91333333
1472.00000000 1.88666667 1.90000000
1488.00000000 1.90833333 1.90000000
1504.00000000 1.87166667 1.91833333
1520.00000000 1.88333333 1.89000000
1536.00000000 1.87833333 1.90500000
1552.00000000 1.85500000 1.88666667
1568.00000000 1.86666667 1.88333333
1584.00000000 1.87666667 1.86333333
1600.00000000 1.83833333 1.85333333
1616.00000000 1.88333333 1.85000000
1632.00000000 1.87833333 1.87666667
1648.00000000 1.84500000 1.84833333
1664.00000000 1.83333333 1.86666667
1680.00000000 1.83833333 1.85000000
1696.00000000 1.83166667 1.84333333
1712.00000000 1.83000000 1.83000000
1728.00000000 1.82333333 1.85500000
1744.00000000 1.82833333 1.85000000
1760.00000000 1.81000000 1.86166667
1776.00000000 1.79166667 1.84166667
1792.00000000 1.79833333 1.82666667
1808.00000000 1.82166667 1.81833333
1824.00000000 1.79333333 1.78833333
1840.00000000 1.80166667 1.80500000
1856.00000000 1.77000000 1.80500000
1872.00000000 1.78000000 1.78666667
1888.00000000 1.79000000 1.82666667
1904.00000000 1.76000000 1.78166667
1920.00000000 1.79166667 1.78500000
1936.00000000 1.77333333 1.77666667
1952.00000000 1.78000000 1.78166667
1968.00000000 1.77500000 1.78333333
1984.00000000 1.75833333 1.76000000
2000.00000000 1.78500000 1.79166667
2016.00000000 1.74833333 1.77500000
2032.00000000 1.75333333 1.76833333
2048.00000000 1.74500000 1.77166667
2064.00000000 1.73833333 1.71833333
2080.00000000 1.76166667 1.76000000
2096.00000000 1.75000000 1.76000000
2112.00000000 1.74666667 1.77166667
2128.00000000 1.72000000 1.75000000
2144.00000000 1.70333333 1.75833333
2160.00000000 1.72666667 1.74000000
2176.00000000 1.72000000 1.73166667
2192.00000000 1.73333333 1.73500000
2208.00000000 1.73500000 1.71500000
2224.00000000 1.72000000 1.72833333
2240.00000000 1.73666667 1.74666667
2256.00000000 1.70833333 1.76333333
2272.00000000 1.72000000 1.74166667
2288.00000000 1.73833333 1.71833333
2304.00000000 1.68166667 1.73000000
2320.00000000 1.71333333 1.71000000
2336.00000000 1.70666667 1.71500000
2352.00000000 1.69333333 1.73166667
2368.00000000 1.71166667 1.73833333
2384.00000000 1.69666667 1.73500000
2400.00000000 1.69166667 1.70500000
2416.00000000 1.71166667 1.72000000
2432.00000000 1.71000000 1.71166667
2448.00000000 1.71500000 1.71500000
2464.00000000 1.68000000 1.70666667
2480.00000000 1.67833333 1.71500000
2496.00000000 1.68166667 1.72500000
2512.00000000 1.69666667 1.65833333
2528.00000000 1.69833333 1.69333333
2544.00000000 1.67333333 1.68666667
2560.00000000 1.67500000 1.70000000
2576.00000000 1.67666667 1.68166667
2592.00000000 1.68833333 1.67500000
2608.00000000 1.65833333 1.69000000
2624.00000000 1.68000000 1.67333333
2640.00000000 1.68666667 1.67333333
2656.00000000 1.68500000 1.68000000
2672.00000000 1.66833333 1.68666667
2688.00000000 1.67833333 1.69000000
2704.00000000 1.65500000 1.68000000
2720.00000000 1.66333333 1.68000000
2736.00000000 1.64333333 1.65500000
2752.00000000 1.67000000 1.67333333
2768.00000000 1.61166667 1.64666667
2784.00000000 1.63833333 1.65166667
2800.00000000 1.62166667 1.62833333
2816.00000000 1.66833333 1.62833333
2832.00000000 1.63166667 1.64333333
2848.00000000 1.64833333 1.64833333
2864.00000000 1.63833333 1.65166667
2880.00000000 1.64166667 1.63000000
2896.00000000 1.63333333 1.63500000
2912.00000000 1.59166667 1.63000000
2928.00000000 1.62833333 1.65666667
2944.00000000 1.63000000 1.64166667
2960.00000000 1.60666667 1.62500000
2976.00000000 1.62833333 1.62333333
2992.00000000 1.63166667 1.64000000
3008.00000000 1.61666667 1.60833333
3024.00000000 1.60000000 1.61833333
3040.00000000 1.57833333 1.62166667
3056.00000000 1.60333333 1.62500000
3072.00000000 1.62833333 1.59833333
3088.00000000 1.60833333 1.61833333
3104.00000000 1.60666667 1.60666667
3120.00000000 1.60000000 1.60833333
3136.00000000 1.61000000 1.58333333
3152.00000000 1.62500000 1.61500000
3168.00000000 1.56500000 1.61833333
3184.00000000 1.60333333 1.60666667
3200.00000000 1.58666667 1.61333333
