0 648.27000000 650.14666667
16.00000000 20.06000000 20.16666667
32.00000000 13.01000000 13.01000000
48.00000000 10.29000000 10.25000000
64.00000000 8.74333333 8.78333333
80.00000000 7.59333333 7.64000000
96.00000000 6.71333333 6.76333333
112.00000000 6.20000000 6.21333333
128.00000000 5.69333333 5.75000000
144.00000000 5.34000000 5.41666667
160.00000000 5.04333333 5.05000000
176.00000000 4.78000000 4.82666667
192.00000000 4.52333333 4.53333333
208.00000000 4.35666667 4.37000000
224.00000000 4.15000000 4.19666667
240.00000000 4.02666667 4.09666667
256.00000000 3.87333333 3.95666667
272.00000000 3.80666667 3.84000000
288.00000000 3.68000000 3.73000000
304.00000000 3.59000000 3.59333333
320.00000000 3.50000000 3.55333333
336.00000000 3.41000000 3.44000000
352.00000000 3.32000000 3.35333333
368.00000000 3.24666667 3.23000000
384.00000000 3.14333333 3.18333333
400.00000000 3.09000000 3.07333333
416.00000000 3.00666667 3.08000000
432.00000000 2.97666667 3.00000000
448.00000000 2.95666667 2.95333333
464.00000000 2.90666667 2.99666667
480.00000000 2.84666667 2.91666667
496.00000000 2.80333333 2.84333333
512.00000000 2.75666667 2.80333333
528.00000000 2.68333333 2.67333333
544.00000000 2.66666667 2.69333333
560.00000000 2.64333333 2.65666667
576.00000000 2.57666667 2.60666667
592.00000000 2.61000000 2.54666667
608.00000000 2.53333333 2.58000000
624.00000000 2.47666667 2.46666667
640.00000000 2.51666667 2.52333333
656.00000000 2.51000000 2.46000000
672.00000000 2.46666667 2.45666667
688.00000000 2.47000000 2.48333333
704.00000000 2.39333333 2.42000000
720.00000000 2.39000000 2.42666667
736.00000000 2.32000000 2.35666667
752.00000000 2.32666667 2.34000000
768.00000000 2.33333333 2.37333333
784.00000000 2.28666667 2.35666667
800.00000000 2.31333333 2.32333333
816.00000000 2.27666667 2.29666667
832.00000000 2.25333333 2.26000000
848.00000000 2.26333333 2.26666667
864.00000000 2.26333333 2.26666667
880.00000000 2.25000000 2.24000000
896.00000000 2.23000000 2.23333333
912.00000000 2.18333333 2.21333333
928.00000000 2.19333333 2.20333333
944.00000000 2.16666667 2.16666667
960.00000000 2.10333333 2.14666667
976.00000000 2.07666667 2.14666667
992.00000000 2.12000000 2.13666667
1008.00000000 2.09666667 2.10666667
1024.00000000 2.07333333 2.08000000
1040.00000000 2.02333333 2.08000000
1056.00000000 2.03000000 2.08666667
1072.00000000 2.02000000 2.06000000
1088.00000000 2.01333333 2.06666667
1104.00000000 2.06000000 2.06333333
1120.00000000 2.02333333 2.02666667
1136.00000000 1.96333333 2.04000000
1152.00000000 1.99000000 2.05666667
1168.00000000 1.99333333 1.98000000
1184.00000000 1.99000000 2.00333333
1200.00000000 2.01666667 1.98333333
1216.00000000 1.95333333 1.97000000
1232.00000000 1.97333333 1.98666667
1248.00000000 1.96000000 1.96666667
1264.00000000 1.95666667 1.97333333
1280.00000000 1.96333333 1.98000000
1296.00000000 1.97666667 1.97000000
1312.00000000 1.95333333 1.97666667
1328.00000000 1.96666667 1.95666667
1344.00000000 1.94333333 1.96666667
1360.00000000 1.93333333 1.97666667
1376.00000000 1.95333333 1.96666667
1392.00000000 1.92000000 1.93333333
1408.00000000 1.93000000 1.91666667
1424.00000000 1.88666667 1.90666667
1440.00000000 1.88666667 1.88000000
1456.00000000 1.89000000 1.93333333
1472.00000000 1.90000000 1.89666667
1488.00000000 1.91000000 1.90000000
1504.00000000 1.87333333 1.90000000
1520.00000000 1.89000000 1.86333333
1536.00000000 1.85666667 1.88666667
1552.00000000 1.86000000 1.86666667
1568.00000000 1.86666667 1.87333333
1584.00000000 1.85000000 1.84666667
1600.00000000 1.81333333 1.83666667
1616.00000000 1.86333333 1.87333333
1632.00000000 1.88333333 1.85333333
1648.00000000 1.83666667 1.85000000
1664.00000000 1.83666667 1.85333333
1680.00000000 1.84000000 1.85333333
1696.00000000 1.81333333 1.83666667
1712.00000000 1.82666667 1.81666667
1728.00000000 1.77666667 1.86000000
1744.00000000 1.83666667 1.82000000
1760.00000000 1.78333333 1.84333333
1776.00000000 1.75666667 1.83000000
1792.00000000 1.79333333 1.81000000
1808.00000000 1.80666667 1.81000000
1824.00000000 1.78333333 1.76666667
1840.00000000 1.78666667 1.79666667
1856.00000000 1.76333333 1.79333333
1872.00000000 1.74333333 1.78666667
1888.00000000 1.76000000 1.81666667
1904.00000000 1.74666667 1.77000000
1920.00000000 1.77000000 1.75333333
1936.00000000 1.75333333 1.76333333
1952.00000000 1.75333333 1.77333333
1968.00000000 1.77000000 1.77666667
1984.00000000 1.74333333 1.74666667
2000.00000000 1.75000000 1.78333333
2016.00000000 1.72333333 1.76000000
2032.00000000 1.75666667 1.73333333
2048.00000000 1.72333333 1.75000000
2064.00000000 1.68666667 1.68333333
2080.00000000 1.75666667 1.75000000
2096.00000000 1.74000000 1.73333333
2112.00000000 1.73000000 1.75333333
2128.00000000 1.68000000 1.74000000
2144.00000000 1.69000000 1.73333333
2160.00000000 1.70333333 1.73666667
2176.00000000 1.69333333 1.69333333
2192.00000000 1.70333333 1.70000000
2208.00000000 1.71000000 1.69333333
2224.00000000 1.71000000 1.71000000
2240.00000000 1.70666667 1.71000000
2256.00000000 1.69000000 1.76000000
2272.00000000 1.71000000 1.74000000
2288.00000000 1.68666667 1.68666667
2304.00000000 1.65666667 1.71666667
2320.00000000 1.67666667 1.69666667
2336.00000000 1.65666667 1.68666667
2352.00000000 1.67666667 1.70666667
2368.00000000 1.68333333 1.71333333
2384.00000000 1.66333333 1.70333333
2400.00000000 1.63666667 1.64666667
2416.00000000 1.70333333 1.71000000
2432.00000000 1.69333333 1.67666667
2448.00000000 1.68333333 1.67000000
2464.00000000 1.63333333 1.65666667
2480.00000000 1.62666667 1.69333333
2496.00000000 1.65333333 1.72333333
2512.00000000 1.68333333 1.62333333
2528.00000000 1.66333333 1.64666667
2544.00000000 1.65333333 1.68000000
2560.00000000 1.64000000 1.68666667
2576.00000000 1.66666667 1.65333333
2592.00000000 1.66666667 1.65333333
2608.00000000 1.65666667 1.68333333
2624.00000000 1.64333333 1.66666667
2640.00000000 1.68333333 1.65666667
2656.00000000 1.67000000 1.68333333
2672.00000000 1.67666667 1.69666667
2688.00000000 1.65000000 1.68333333
2704.00000000 1.61333333 1.64666667
2720.00000000 1.63666667 1.68000000
2736.00000000 1.65000000 1.66666667
2752.00000000 1.66333333 1.66666667
2768.00000000 1.62000000 1.64000000
2784.00000000 1.61000000 1.66666667
2800.00000000 1.59666667 1.61000000
2816.00000000 1.65666667 1.62000000
2832.00000000 1.62000000 1.65666667
2848.00000000 1.64333333 1.64000000
2864.00000000 1.62000000 1.65333333
2880.00000000 1.64666667 1.61666667
2896.00000000 1.62000000 1.62333333
2912.00000000 1.56666667 1.61333333
2928.00000000 1.63666667 1.65666667
2944.00000000 1.65000000 1.62666667
2960.00000000 1.61666667 1.61000000
2976.00000000 1.62000000 1.62666667
2992.00000000 1.61000000 1.64666667
3008.00000000 1.61000000 1.59666667
3024.00000000 1.58666667 1.62666667
3040.00000000 1.58333333 1.61000000
3056.00000000 1.61333333 1.62666667
3072.00000000 1.60666667 1.61000000
3088.00000000 1.63666667 1.62666667
3104.00000000 1.61000000 1.63666667
3120.00000000 1.61333333 1.63000000
3136.00000000 1.63333333 1.57000000
3152.00000000 1.64333333 1.61666667
3168.00000000 1.58333333 1.62666667
3184.00000000 1.59333333 1.61333333
3200.00000000 1.61666667 1.64666667
