0 648.23750000 650.05750000
16.00000000 20.07250000 20.22250000
32.00000000 13.10250000 13.12750000
48.00000000 10.35750000 10.30250000
64.00000000 8.75000000 8.77500000
80.00000000 7.58500000 7.69250000
96.00000000 6.73500000 6.79500000
112.00000000 6.23250000 6.26500000
128.00000000 5.71000000 5.76000000
144.00000000 5.33000000 5.42500000
160.00000000 5.07000000 5.09250000
176.00000000 4.80000000 4.84500000
192.00000000 4.58000000 4.58000000
208.00000000 4.38000000 4.40250000
224.00000000 4.20500000 4.24500000
240.00000000 4.06000000 4.11250000
256.00000000 3.89250000 3.95750000
272.00000000 3.83000000 3.85250000
288.00000000 3.70250000 3.72750000
304.00000000 3.56750000 3.62000000
320.00000000 3.51000000 3.52250000
336.00000000 3.39500000 3.42500000
352.00000000 3.28750000 3.33000000
368.00000000 3.24500000 3.23500000
384.00000000 3.14000000 3.15500000
400.00000000 3.09250000 3.09500000
416.00000000 2.99500000 3.05250000
432.00000000 2.95000000 2.97250000
448.00000000 2.93750000 2.93500000
464.00000000 2.86250000 2.95750000
480.00000000 2.83500000 2.88500000
496.00000000 2.78750000 2.82750000
512.00000000 2.73750000 2.78000000
528.00000000 2.66000000 2.67750000
544.00000000 2.65000000 2.69000000
560.00000000 2.62750000 2.65250000
576.00000000 2.56250000 2.57750000
592.00000000 2.58000000 2.52750000
608.00000000 2.51500000 2.55500000
624.00000000 2.45500000 2.46500000
640.00000000 2.49750000 2.49500000
656.00000000 2.46250000 2.44000000
672.00000000 2.43250000 2.44750000
688.00000000 2.44250000 2.45250000
704.00000000 2.37750000 2.42000000
720.00000000 2.36750000 2.40000000
736.00000000 2.31750000 2.33500000
752.00000000 2.30000000 2.31750000
768.00000000 2.32250000 2.36250000
784.00000000 2.28000000 2.33500000
800.00000000 2.30500000 2.32250000
816.00000000 2.27250000 2.29750000
832.00000000 2.23500000 2.26750000
848.00000000 2.24000000 2.23750000
864.00000000 2.23750000 2.24750000
880.00000000 2.23750000 2.21500000
896.00000000 2.21500000 2.20000000
912.00000000 2.17250000 2.17000000
928.00000000 2.18250000 2.17750000
944.00000000 2.14250000 2.14750000
960.00000000 2.08750000 2.12250000
976.00000000 2.07750000 2.13000000
992.00000000 2.09500000 2.12000000
1008.00000000 2.09250000 2.10250000
1024.00000000 2.05500000 2.06750000
1040.00000000 2.01500000 2.05750000
1056.00000000 2.02500000 2.06500000
1072.00000000 2.02250000 2.04000000
1088.00000000 2.01750000 2.06000000
1104.00000000 2.03500000 2.04000000
1120.00000000 2.00750000 2.02250000
1136.00000000 1.97250000 2.02750000
1152.00000000 1.97500000 2.03500000
1168.00000000 1.97750000 1.96250000
1184.00000000 1.99250000 1.98750000
1200.00000000 1.98500000 1.97750000
1216.00000000 1.95250000 1.97500000
1232.00000000 1.97000000 1.97750000
1248.00000000 1.95500000 1.94250000
1264.00000000 1.93750000 1.97250000
1280.00000000 1.95250000 1.96000000
1296.00000000 1.94500000 1.96000000
1312.00000000 1.93750000 1.95000000
1328.00000000 1.93250000 1.94250000
1344.00000000 1.92750000 1.94000000
1360.00000000 1.91000000 1.94750000
1376.00000000 1.93000000 1.95500000
1392.00000000 1.91000000 1.91500000
1408.00000000 1.91250000 1.90750000
1424.00000000 1.88750000 1.89250000
1440.00000000 1.86500000 1.87750000
1456.00000000 1.87250000 1.90750000
1472.00000000 1.87000000 1.88750000
1488.00000000 1.89500000 1.88500000
1504.00000000 1.86000000 1.89250000
1520.00000000 1.85750000 1.85250000
1536.00000000 1.84750000 1.87000000
1552.00000000 1.85500000 1.86500000
1568.00000000 1.86750000 1.86000000
1584.00000000 1.86000000 1.84750000
1600.00000000 1.81500000 1.83500000
1616.00000000 1.87000000 1.85500000
1632.00000000 1.87500000 1.84000000
1648.00000000 1.82500000 1.84000000
1664.00000000 1.82250000 1.84500000
1680.00000000 1.82250000 1.83000000
1696.00000000 1.79000000 1.81750000
1712.00000000 1.80500000 1.80250000
1728.00000000 1.78750000 1.83250000
1744.00000000 1.80750000 1.81750000
1760.00000000 1.77500000 1.83500000
1776.00000000 1.74500000 1.80750000
1792.00000000 1.77750000 1.79250000
1808.00000000 1.79250000 1.80000000
1824.00000000 1.77250000 1.76250000
1840.00000000 1.80000000 1.77000000
1856.00000000 1.76250000 1.78000000
1872.00000000 1.74750000 1.77250000
1888.00000000 1.76500000 1.81000000
1904.00000000 1.74500000 1.76000000
1920.00000000 1.75750000 1.75250000
1936.00000000 1.74250000 1.74000000
1952.00000000 1.75250000 1.75250000
1968.00000000 1.74250000 1.75750000
1984.00000000 1.72000000 1.74000000
2000.00000000 1.75250000 1.76750000
2016.00000000 1.71500000 1.74500000
2032.00000000 1.75250000 1.73500000
2048.00000000 1.72250000 1.75250000
2064.00000000 1.70000000 1.68500000
2080.00000000 1.74250000 1.73250000
2096.00000000 1.73250000 1.73000000
2112.00000000 1.71750000 1.75500000
2128.00000000 1.67750000 1.72250000
2144.00000000 1.68000000 1.73000000
2160.00000000 1.68250000 1.73500000
2176.00000000 1.69750000 1.70250000
2192.00000000 1.70250000 1.70500000
2208.00000000 1.70000000 1.67500000
2224.00000000 1.70750000 1.71000000
2240.00000000 1.70750000 1.71500000
2256.00000000 1.67750000 1.74250000
2272.00000000 1.71000000 1.72250000
2288.00000000 1.69500000 1.68250000
2304.00000000 1.65250000 1.71250000
2320.00000000 1.70000000 1.69500000
2336.00000000 1.67250000 1.69000000
2352.00000000 1.67000000 1.71500000
2368.00000000 1.68000000 1.71250000
2384.00000000 1.67250000 1.70250000
2400.00000000 1.65250000 1.66000000
2416.00000000 1.70000000 1.71000000
2432.00000000 1.69500000 1.67750000
2448.00000000 1.68500000 1.67750000
2464.00000000 1.64500000 1.67500000
2480.00000000 1.63500000 1.69000000
2496.00000000 1.64250000 1.70000000
2512.00000000 1.67000000 1.63750000
2528.00000000 1.67750000 1.65500000
2544.00000000 1.65750000 1.67000000
2560.00000000 1.63750000 1.67750000
2576.00000000 1.65750000 1.65500000
2592.00000000 1.65000000 1.64000000
2608.00000000 1.62500000 1.67500000
2624.00000000 1.64000000 1.65500000
2640.00000000 1.67500000 1.65000000
2656.00000000 1.65250000 1.65750000
2672.00000000 1.65750000 1.67750000
2688.00000000 1.65500000 1.67000000
2704.00000000 1.61500000 1.65000000
2720.00000000 1.63250000 1.67250000
2736.00000000 1.62500000 1.65750000
2752.00000000 1.65500000 1.66250000
2768.00000000 1.60750000 1.63750000
2784.00000000 1.60000000 1.65250000
2800.00000000 1.59000000 1.60500000
2816.00000000 1.66000000 1.61500000
2832.00000000 1.62000000 1.63250000
2848.00000000 1.63250000 1.62750000
2864.00000000 1.61250000 1.64250000
2880.00000000 1.63500000 1.59250000
2896.00000000 1.61500000 1.61750000
2912.00000000 1.55750000 1.59500000
2928.00000000 1.62250000 1.64250000
2944.00000000 1.63750000 1.62000000
2960.00000000 1.58750000 1.62000000
2976.00000000 1.61750000 1.61500000
2992.00000000 1.60250000 1.62750000
3008.00000000 1.60000000 1.59000000
3024.00000000 1.57250000 1.59250000
3040.00000000 1.56750000 1.60250000
3056.00000000 1.60500000 1.62000000
3072.00000000 1.60000000 1.58750000
3088.00000000 1.61250000 1.59750000
3104.00000000 1.59750000 1.61250000
3120.00000000 1.59750000 1.60000000
3136.00000000 1.61250000 1.57000000
3152.00000000 1.63500000 1.59250000
3168.00000000 1.57250000 1.60750000
3184.00000000 1.58500000 1.58500000
3200.00000000 1.59250000 1.62500000
