0 5.76574e-05
64 0.0198034
128 0.0310311
192 0.0396728
256 0.0481359
320 0.0552904
384 0.0615445
448 0.0678346
512 0.0729624
576 0.0792964
640 0.0857128
704 0.0925839
768 0.0995188
832 0.106261
896 0.112108
960 0.118353
1024 0.124056
1088 0.129447
1152 0.133804
1216 0.139119
1280 0.144305
1344 0.150262
1408 0.156486
1472 0.160843
1536 0.165004
1600 0.169415
1664 0.174695
1728 0.179527
1792 0.182321
1856 0.185254
1920 0.188127
1984 0.190426
2048 0.191327
2112 0.192006
2176 0.193194
2240 0.196085
2304 0.199994
2368 0.205269
2432 0.209238
2496 0.214217
2560 0.219828
2624 0.222705
2688 0.226288
2752 0.230377
2816 0.235431
2880 0.23997
2944 0.24482
3008 0.248038
3072 0.248865
3136 0.250865
3200 0.250389
3264 0.251358
3328 0.252348
3392 0.253423
3456 0.255965
3520 0.258015
3584 0.259337
3648 0.262603
3712 0.262056
3776 0.265842
3840 0.270634
3904 0.27524
3968 0.276514
4032 0.28013
4096 0.281977
4160 0.285076
4224 0.286858
4288 0.289404
4352 0.291235
4416 0.292831
4480 0.294346
4544 0.295548
4608 0.297795
4672 0.301845
4736 0.30477
4800 0.307501
4864 0.308724
4928 0.309534
4992 0.31218
5056 0.315225
5120 0.319745
5184 0.322195
5248 0.327195
5312 0.328907
5376 0.331249
5440 0.334492
5504 0.337705
5568 0.342726
5632 0.345162
5696 0.349851
5760 0.348477
5824 0.351991
5888 0.356852
5952 0.36055
6016 0.362043
6080 0.363142
6144 0.367072
6208 0.368407
6272 0.369107
6336 0.370621
6400 0.373312
6464 0.373646
6528 0.376227
6592 0.376924
6656 0.376928
6720 0.376412
6784 0.378024
6848 0.379797
6912 0.380128
6976 0.380815
7040 0.382385
7104 0.383795
7168 0.385984
7232 0.388334
7296 0.388863
7360 0.390808
7424 0.389926
7488 0.393123
7552 0.394766
7616 0.395365
7680 0.395677
7744 0.397148
7808 0.397507
7872 0.399958
7936 0.402407
8000 0.402176
8064 0.402844
8128 0.405107
8192 0.407007
8256 0.405263
8320 0.406162
8384 0.406351
8448 0.406521
8512 0.407241
8576 0.408899
8640 0.409474
8704 0.408747
8768 0.410503
8832 0.411672
8896 0.412009
8960 0.414142
9024 0.415519
9088 0.417655
9152 0.4199
9216 0.421072
9280 0.42173
9344 0.423514
9408 0.425147
9472 0.425747
9536 0.426748
9600 0.428228
9664 0.429111
9728 0.430417
9792 0.431487
9856 0.432643
9920 0.432697
9984 0.433565
10048 0.434392
10112 0.435767
10176 0.434553
10240 0.434676
10304 0.435305
10368 0.434606
10432 0.433888
10496 0.434818
10560 0.434928
10624 0.435091
10688 0.436502
10752 0.438113
10816 0.436926
10880 0.436538
10944 0.437739
11008 0.437992
11072 0.43881
11136 0.439451
11200 0.440053
11264 0.43995
11328 0.441056
11392 0.440553
11456 0.441409
11520 0.442898
11584 0.442681
11648 0.442043
11712 0.441179
11776 0.442463
11840 0.443848
11904 0.444427
11968 0.444084
12032 0.443008
12096 0.443783
12160 0.446728
12224 0.447382
12288 0.446377
12352 0.446186
12416 0.448211
12480 0.448174
12544 0.449434
12608 0.452122
12672 0.453476
12736 0.454289
12800 0.454036
