0 7.60638e-09
64 0.00083879
128 0.002183
192 0.00380116
256 0.00566743
320 0.00746065
384 0.00974447
448 0.0125577
512 0.0151175
576 0.0178742
640 0.0204726
704 0.0229452
768 0.0258547
832 0.0288376
896 0.0317602
960 0.0347097
1024 0.0371777
1088 0.0399081
1152 0.042411
1216 0.0456002
1280 0.0487076
1344 0.0516397
1408 0.0555706
1472 0.0589885
1536 0.0622356
1600 0.0652977
1664 0.069674
1728 0.0734496
1792 0.076732
1856 0.0792333
1920 0.0819844
1984 0.0844267
2048 0.0857533
2112 0.0873267
2176 0.0892241
2240 0.0912176
2304 0.0930628
2368 0.0966463
2432 0.100706
2496 0.103859
2560 0.105743
2624 0.108434
2688 0.111882
2752 0.114723
2816 0.117699
2880 0.120569
2944 0.123888
3008 0.127503
3072 0.128949
3136 0.130254
3200 0.131629
3264 0.133349
3328 0.135298
3392 0.136982
3456 0.139225
3520 0.141414
3584 0.142926
3648 0.145539
3712 0.14735
3776 0.149684
3840 0.153582
3904 0.156821
3968 0.158343
4032 0.160467
4096 0.162745
4160 0.165528
4224 0.167874
4288 0.169958
4352 0.17323
4416 0.176139
4480 0.18005
4544 0.182094
4608 0.185567
4672 0.189499
4736 0.192449
4800 0.195893
4864 0.198399
4928 0.199568
4992 0.202123
5056 0.204244
5120 0.206652
5184 0.20913
5248 0.210815
5312 0.213396
5376 0.215151
5440 0.218948
5504 0.222097
5568 0.226521
5632 0.229587
5696 0.233274
5760 0.234391
5824 0.236895
5888 0.239261
5952 0.241423
6016 0.243002
6080 0.245081
6144 0.246952
6208 0.248074
6272 0.24938
6336 0.250756
6400 0.252792
6464 0.25453
6528 0.256725
6592 0.257039
6656 0.257636
6720 0.258586
6784 0.259331
6848 0.26055
6912 0.261565
6976 0.26294
7040 0.26509
7104 0.266648
7168 0.267998
7232 0.270118
7296 0.271343
7360 0.272369
7424 0.273187
7488 0.275063
7552 0.276098
7616 0.277108
7680 0.278467
7744 0.279369
7808 0.281202
7872 0.28346
7936 0.286405
8000 0.288073
8064 0.288591
8128 0.291112
8192 0.29331
8256 0.294758
8320 0.296174
8384 0.29765
8448 0.297907
8512 0.298877
8576 0.299993
8640 0.301315
8704 0.302227
8768 0.304252
8832 0.305769
8896 0.307261
8960 0.308971
9024 0.310231
9088 0.311176
9152 0.3133
9216 0.31476
9280 0.316076
9344 0.317819
9408 0.319924
9472 0.321851
9536 0.323634
9600 0.324628
9664 0.32666
9728 0.327371
9792 0.329174
9856 0.330722
9920 0.331825
9984 0.332634
10048 0.334077
10112 0.335462
10176 0.336297
10240 0.337691
10304 0.33952
10368 0.339219
10432 0.339209
10496 0.340352
10560 0.341028
10624 0.341232
10688 0.341912
10752 0.342503
10816 0.342546
10880 0.343058
10944 0.342934
11008 0.343669
11072 0.344714
11136 0.346923
11200 0.34835
11264 0.348781
11328 0.350467
11392 0.351676
11456 0.352318
11520 0.354308
11584 0.355664
11648 0.356186
11712 0.35653
11776 0.357982
11840 0.359965
11904 0.360396
11968 0.360526
12032 0.35975
12096 0.361744
12160 0.363568
12224 0.364682
12288 0.365881
12352 0.367361
12416 0.36921
12480 0.370816
12544 0.370832
12608 0.37327
12672 0.373783
12736 0.37433
12800 0.374609
