0 6.65031e-05
64 0.0202321
128 0.0333587
192 0.0450699
256 0.0562268
320 0.0653551
384 0.0744766
448 0.0840222
512 0.0918832
576 0.09971
640 0.106656
704 0.113723
768 0.12131
832 0.128087
896 0.134319
960 0.141299
1024 0.146747
1088 0.151831
1152 0.15659
1216 0.162411
1280 0.167527
1344 0.172844
1408 0.178849
1472 0.183587
1536 0.188919
1600 0.193273
1664 0.199129
1728 0.204425
1792 0.209538
1856 0.213306
1920 0.217263
1984 0.220946
2048 0.22338
2112 0.225245
2176 0.227114
2240 0.229742
2304 0.233174
2368 0.237796
2432 0.243841
2496 0.249215
2560 0.252629
2624 0.255187
2688 0.258989
2752 0.263079
2816 0.266735
2880 0.270781
2944 0.275058
3008 0.279176
3072 0.280409
3136 0.281433
3200 0.283182
3264 0.284439
3328 0.286898
3392 0.289251
3456 0.291138
3520 0.293795
3584 0.296018
3648 0.299739
3712 0.301235
3776 0.304767
3840 0.309361
3904 0.312463
3968 0.314544
4032 0.317338
4096 0.320027
4160 0.322709
4224 0.323981
4288 0.325524
4352 0.329342
4416 0.33154
4480 0.33427
4544 0.335774
4608 0.338602
4672 0.34147
4736 0.343615
4800 0.346132
4864 0.34796
4928 0.348943
4992 0.351225
5056 0.353919
5120 0.356293
5184 0.359383
5248 0.361289
5312 0.363718
5376 0.366449
5440 0.369534
5504 0.37232
5568 0.376591
5632 0.380048
5696 0.383247
5760 0.383764
5824 0.386307
5888 0.388665
5952 0.390376
6016 0.391522
6080 0.393467
6144 0.395211
6208 0.39554
6272 0.395598
6336 0.397437
6400 0.39921
6464 0.399575
6528 0.401183
6592 0.401545
6656 0.401867
6720 0.402492
6784 0.402901
6848 0.404167
6912 0.405449
6976 0.406457
7040 0.407853
7104 0.409044
7168 0.41046
7232 0.412361
7296 0.4137
7360 0.414052
7424 0.413961
7488 0.415876
7552 0.417418
7616 0.418641
7680 0.419392
7744 0.419738
7808 0.42138
7872 0.422803
7936 0.425789
8000 0.426513
8064 0.426871
8128 0.429644
8192 0.431627
8256 0.432389
8320 0.434254
8384 0.434891
8448 0.435343
8512 0.436533
8576 0.437801
8640 0.439028
8704 0.439242
8768 0.440441
8832 0.441142
8896 0.442737
8960 0.443795
9024 0.44397
9088 0.444632
9152 0.446534
9216 0.447572
9280 0.448421
9344 0.449794
9408 0.452005
9472 0.453578
9536 0.454692
9600 0.455832
9664 0.456753
9728 0.457766
9792 0.458817
9856 0.459648
9920 0.459477
9984 0.460247
10048 0.460907
10112 0.461348
10176 0.461461
10240 0.462203
10304 0.463017
10368 0.462586
10432 0.462355
10496 0.463481
10560 0.463584
10624 0.463295
10688 0.464181
10752 0.465697
10816 0.465874
10880 0.466632
10944 0.466756
11008 0.46763
11072 0.468948
11136 0.470973
11200 0.471747
11264 0.47216
11328 0.473245
11392 0.474579
11456 0.474695
11520 0.476097
11584 0.476221
11648 0.476635
11712 0.477249
11776 0.47775
11840 0.479769
11904 0.479853
11968 0.479973
12032 0.479605
12096 0.480743
12160 0.482627
12224 0.483262
12288 0.484119
12352 0.484974
12416 0.486205
12480 0.487137
12544 0.487356
12608 0.488653
12672 0.488394
12736 0.488203
12800 0.487972
