0 6.42824e-05
64 0.0210268
128 0.0337416
192 0.0447525
256 0.0554586
320 0.0642468
384 0.0725121
448 0.0809209
512 0.0887868
576 0.095838
640 0.103219
704 0.109943
768 0.117294
832 0.124387
896 0.130959
960 0.13743
1024 0.143594
1088 0.149364
1152 0.154935
1216 0.161601
1280 0.167027
1344 0.173382
1408 0.180489
1472 0.185608
1536 0.19084
1600 0.195611
1664 0.202221
1728 0.207509
1792 0.211961
1856 0.216293
1920 0.219151
1984 0.222608
2048 0.224116
2112 0.226296
2176 0.228182
2240 0.231751
2304 0.235644
2368 0.239889
2432 0.245771
2496 0.251903
2560 0.255961
2624 0.258877
2688 0.263289
2752 0.268054
2816 0.272673
2880 0.276555
2944 0.280948
3008 0.284928
3072 0.286799
3136 0.288865
3200 0.289486
3264 0.291557
3328 0.29388
3392 0.29648
3456 0.298852
3520 0.301205
3584 0.303349
3648 0.307141
3712 0.308243
3776 0.31214
3840 0.317746
3904 0.322436
3968 0.324224
4032 0.328084
4096 0.330377
4160 0.333065
4224 0.335136
4288 0.337965
4352 0.341078
4416 0.343617
4480 0.346793
4544 0.349075
4608 0.352848
4672 0.357628
4736 0.361241
4800 0.365294
4864 0.367806
4928 0.369174
4992 0.37195
5056 0.374993
5120 0.377982
5184 0.381314
5248 0.384076
5312 0.38634
5376 0.3884
5440 0.392213
5504 0.394563
5568 0.398834
5632 0.401358
5696 0.405558
5760 0.405746
5824 0.408761
5888 0.41229
5952 0.41577
6016 0.417957
6080 0.41966
6144 0.422657
6208 0.423863
6272 0.425591
6336 0.427053
6400 0.429793
6464 0.431286
6528 0.434162
6592 0.435142
6656 0.435333
6720 0.436837
6784 0.438131
6848 0.43904
6912 0.440165
6976 0.441809
7040 0.44415
7104 0.445621
7168 0.446157
7232 0.447201
7296 0.44814
7360 0.449353
7424 0.449299
7488 0.452282
7552 0.452869
7616 0.453466
7680 0.454098
7744 0.45497
7808 0.456019
7872 0.45835
7936 0.460821
8000 0.461791
8064 0.461908
8128 0.464113
8192 0.465246
8256 0.464948
8320 0.465736
8384 0.465447
8448 0.465179
8512 0.465709
8576 0.466876
8640 0.467573
8704 0.468049
8768 0.469861
8832 0.471445
8896 0.473106
8960 0.475106
9024 0.476381
9088 0.478094
9152 0.480525
9216 0.481637
9280 0.482747
9344 0.48431
9408 0.4857
9472 0.486363
9536 0.487584
9600 0.488462
9664 0.48906
9728 0.489846
9792 0.491374
9856 0.492112
9920 0.491207
9984 0.491523
10048 0.492916
10112 0.494834
10176 0.494073
10240 0.494406
10304 0.495599
10368 0.494693
10432 0.494184
10496 0.495543
10560 0.495613
10624 0.495745
10688 0.496244
10752 0.496838
10816 0.496541
10880 0.496546
10944 0.497228
11008 0.497769
11072 0.498842
11136 0.49998
11200 0.501038
11264 0.501794
11328 0.502519
11392 0.502829
11456 0.50354
11520 0.505502
11584 0.506218
11648 0.506826
11712 0.506808
11776 0.507911
11840 0.509701
11904 0.510318
11968 0.510719
12032 0.509617
12096 0.510206
12160 0.512654
12224 0.513756
12288 0.514914
12352 0.515603
12416 0.517266
12480 0.518894
12544 0.5193
12608 0.521029
12672 0.521181
12736 0.521757
12800 0.521565
