0 7.09407e-09
64 0.000820385
128 0.00209579
192 0.00363707
256 0.00548954
320 0.00733498
384 0.00943818
448 0.0120859
512 0.0146314
576 0.0171931
640 0.0199922
704 0.0226509
768 0.02547
832 0.0283662
896 0.0315319
960 0.0343136
1024 0.0367665
1088 0.0391598
1152 0.0416316
1216 0.0445444
1280 0.0473726
1344 0.0501821
1408 0.0543583
1472 0.057841
1536 0.060614
1600 0.0639877
1664 0.0679878
1728 0.0712105
1792 0.0739952
1856 0.0759302
1920 0.0784642
1984 0.0806469
2048 0.0815386
2112 0.082935
2176 0.0851461
2240 0.0873288
2304 0.0891657
2368 0.0921653
2432 0.0958225
2496 0.0993049
2560 0.101262
2624 0.103711
2688 0.107
2752 0.109779
2816 0.112265
2880 0.114904
2944 0.117665
3008 0.120939
3072 0.122261
3136 0.124074
3200 0.125148
3264 0.127139
3328 0.128972
3392 0.130588
3456 0.13273
3520 0.134744
3584 0.136424
3648 0.139238
3712 0.140972
3776 0.143205
3840 0.14739
3904 0.150966
3968 0.152264
4032 0.1549
4096 0.156822
4160 0.159541
4224 0.161626
4288 0.163922
4352 0.167063
4416 0.169892
4480 0.174156
4544 0.17642
4608 0.180213
4672 0.183988
4736 0.186677
4800 0.190105
4864 0.192741
4928 0.193943
4992 0.196584
5056 0.198997
5120 0.201784
5184 0.204293
5248 0.206144
5312 0.209082
5376 0.210995
5440 0.214413
5504 0.217055
5568 0.221153
5632 0.224446
5696 0.228226
5760 0.22923
5824 0.231822
5888 0.234641
5952 0.236834
6016 0.238763
6080 0.241055
6144 0.242914
6208 0.244328
6272 0.246125
6336 0.247556
6400 0.249688
6464 0.251615
6528 0.254015
6592 0.254565
6656 0.255135
6720 0.256081
6784 0.257273
6848 0.258635
6912 0.259534
6976 0.260933
7040 0.263175
7104 0.265094
7168 0.26656
7232 0.268606
7296 0.269854
7360 0.271335
7424 0.272201
7488 0.274221
7552 0.275108
7616 0.276188
7680 0.277724
7744 0.279136
7808 0.281272
7872 0.28386
7936 0.286986
8000 0.289124
8064 0.28967
8128 0.29218
8192 0.294427
8256 0.295912
8320 0.297003
8384 0.29833
8448 0.297882
8512 0.298803
8576 0.300116
8640 0.301638
8704 0.302859
8768 0.304982
8832 0.306635
8896 0.308475
8960 0.310519
9024 0.312146
9088 0.313094
9152 0.315368
9216 0.316948
9280 0.318448
9344 0.320133
9408 0.322435
9472 0.324237
9536 0.326216
9600 0.327285
9664 0.329624
9728 0.330449
9792 0.332354
9856 0.333841
9920 0.334974
9984 0.335818
10048 0.337535
10112 0.339533
10176 0.339959
10240 0.341143
10304 0.342921
10368 0.342333
10432 0.341961
10496 0.342821
10560 0.343377
10624 0.343576
10688 0.344088
10752 0.344934
10816 0.344917
10880 0.345349
10944 0.345154
11008 0.345988
11072 0.346914
11136 0.348887
11200 0.350091
11264 0.350584
11328 0.351797
11392 0.352794
11456 0.353554
11520 0.355363
11584 0.356749
11648 0.357311
11712 0.357645
11776 0.359195
11840 0.361378
11904 0.362131
11968 0.362193
12032 0.361213
12096 0.362924
12160 0.365155
12224 0.366312
12288 0.367654
12352 0.369381
12416 0.371535
12480 0.373329
12544 0.373242
12608 0.376076
12672 0.376474
12736 0.377144
12800 0.37751
