0 6.39344e-05
64 0.0204402
128 0.0329035
192 0.0441996
256 0.0549226
320 0.0642044
384 0.0730391
448 0.081914
512 0.0895738
576 0.0972957
640 0.105002
704 0.112279
768 0.120026
832 0.126979
896 0.133758
960 0.140663
1024 0.146331
1088 0.151126
1152 0.155781
1216 0.160896
1280 0.165583
1344 0.170986
1408 0.177741
1472 0.182569
1536 0.187062
1600 0.191468
1664 0.197119
1728 0.202666
1792 0.207169
1856 0.210613
1920 0.213811
1984 0.217336
2048 0.218688
2112 0.220642
2176 0.222685
2240 0.225052
2304 0.228359
2368 0.232223
2432 0.237519
2496 0.242815
2560 0.246091
2624 0.24841
2688 0.25214
2752 0.256315
2816 0.259739
2880 0.264144
2944 0.268091
3008 0.27202
3072 0.273176
3136 0.275023
3200 0.276164
3264 0.277822
3328 0.280368
3392 0.282628
3456 0.284987
3520 0.287543
3584 0.289941
3648 0.293496
3712 0.295022
3776 0.297746
3840 0.30267
3904 0.30628
3968 0.307489
4032 0.310364
4096 0.312229
4160 0.314894
4224 0.31627
4288 0.318524
4352 0.322168
4416 0.324551
4480 0.327561
4544 0.329537
4608 0.332704
4672 0.336271
4736 0.338396
4800 0.341532
4864 0.3438
4928 0.344936
4992 0.347393
5056 0.350177
5120 0.352713
5184 0.355766
5248 0.357683
5312 0.359972
5376 0.361926
5440 0.364759
5504 0.36712
5568 0.371106
5632 0.374167
5696 0.377785
5760 0.377969
5824 0.380492
5888 0.383108
5952 0.385338
6016 0.386603
6080 0.388141
6144 0.38974
6208 0.390464
6272 0.391099
6336 0.392819
6400 0.394326
6464 0.395248
6528 0.397024
6592 0.398087
6656 0.398397
6720 0.399171
6784 0.400031
6848 0.401347
6912 0.402372
6976 0.404091
7040 0.405788
7104 0.407524
7168 0.408697
7232 0.410272
7296 0.41169
7360 0.41268
7424 0.412743
7488 0.415158
7552 0.416306
7616 0.417671
7680 0.418855
7744 0.419947
7808 0.422043
7872 0.424092
7936 0.42733
8000 0.428913
8064 0.428891
8128 0.431862
8192 0.433883
8256 0.434735
8320 0.435922
8384 0.43635
8448 0.435868
8512 0.436808
8576 0.437755
8640 0.439046
8704 0.439843
8768 0.441579
8832 0.442389
8896 0.443777
8960 0.445108
9024 0.445995
9088 0.446737
9152 0.448928
9216 0.44974
9280 0.450669
9344 0.451915
9408 0.453756
9472 0.454742
9536 0.455854
9600 0.456885
9664 0.45828
9728 0.458969
9792 0.460064
9856 0.460964
9920 0.4607
9984 0.46131
10048 0.462671
10112 0.4639
10176 0.46364
10240 0.464361
10304 0.465044
10368 0.464641
10432 0.463765
10496 0.464768
10560 0.464807
10624 0.464751
10688 0.465246
10752 0.466089
10816 0.465861
10880 0.466492
10944 0.46648
11008 0.467114
11072 0.467997
11136 0.469686
11200 0.470433
11264 0.470872
11328 0.471634
11392 0.472944
11456 0.473322
11520 0.474898
11584 0.475213
11648 0.475869
11712 0.476394
11776 0.476938
11840 0.478629
11904 0.478891
11968 0.478642
12032 0.47767
12096 0.478742
12160 0.481264
12224 0.482037
12288 0.482985
12352 0.48409
12416 0.48568
12480 0.486859
12544 0.486496
12608 0.488452
12672 0.488043
12736 0.488094
12800 0.488103
