0 7.4658e-09
128 0.00214836
256 0.00574338
384 0.0099162
512 0.0150742
640 0.0200854
768 0.025274
896 0.0310386
1024 0.0367328
1152 0.0416758
1280 0.0482556
1408 0.0549158
1536 0.0617898
1664 0.0694796
1792 0.0756641
1920 0.0811146
2048 0.0850706
2176 0.0885039
2304 0.0927206
2432 0.100762
2560 0.106812
2688 0.112998
2816 0.118868
2944 0.125247
3072 0.130059
3200 0.133075
3328 0.136079
3456 0.139103
3584 0.142528
3712 0.147038
3840 0.153135
3968 0.157717
4096 0.162698
4224 0.168336
4352 0.173713
4480 0.17943
4608 0.184011
4736 0.189296
4864 0.194427
4992 0.197908
5120 0.202216
5248 0.207023
5376 0.212579
5504 0.219701
5632 0.226936
5760 0.231418
5888 0.236458
6016 0.240494
6144 0.245348
6272 0.248019
6400 0.251775
6528 0.25575
6656 0.256827
6784 0.25807
6912 0.260582
7040 0.263802
7168 0.267758
7296 0.271306
7424 0.273076
7552 0.276378
7680 0.278055
7808 0.280412
7936 0.284926
8064 0.286563
8192 0.292014
8320 0.295389
8448 0.297275
8576 0.300409
8704 0.303352
8832 0.307711
8960 0.31237
9088 0.31496
9216 0.319307
9344 0.322609
9472 0.327495
9600 0.33034
9728 0.333381
9856 0.336344
9984 0.337784
10112 0.339821
10240 0.341829
10368 0.342981
10496 0.3448
10624 0.345378
10752 0.34823
10880 0.350829
11008 0.35254
11136 0.356057
11264 0.357855
11392 0.360374
11520 0.361884
11648 0.363308
11776 0.364698
11904 0.36742
12032 0.367703
12160 0.370937
12288 0.373495
12416 0.376453
12544 0.378319
12672 0.380816
12800 0.381345
