0 6.39649e-05
128 0.0333724
256 0.0556184
384 0.0739533
512 0.0903033
640 0.104061
768 0.118456
896 0.131488
1024 0.144188
1152 0.154023
1280 0.165523
1408 0.17684
1536 0.187198
1664 0.197767
1792 0.207562
1920 0.215478
2048 0.2217
2176 0.226252
2304 0.232832
2432 0.243343
2560 0.251858
2688 0.258237
2816 0.265988
2944 0.274085
3072 0.278886
3200 0.2819
3328 0.28476
3456 0.288333
3584 0.293016
3712 0.297964
3840 0.30534
3968 0.310291
4096 0.315349
4224 0.320115
4352 0.325575
4480 0.33001
4608 0.334226
4736 0.338811
4864 0.343367
4992 0.346596
5120 0.35088
5248 0.355807
5376 0.360433
5504 0.365889
5632 0.372093
5760 0.375985
5888 0.380862
6016 0.384359
6144 0.388513
6272 0.389761
6400 0.393435
6528 0.39601
6656 0.396935
6784 0.397731
6912 0.400263
7040 0.403194
7168 0.406469
7296 0.409286
7424 0.409627
7552 0.413149
7680 0.4149
7808 0.416886
7936 0.420851
8064 0.421326
8192 0.426417
8320 0.428763
8448 0.429818
8576 0.432333
8704 0.434627
8832 0.437471
8960 0.440956
9088 0.442398
9216 0.445678
9344 0.448216
9472 0.451789
9600 0.453742
9728 0.455662
9856 0.457284
9984 0.457326
10112 0.458396
10240 0.459393
10368 0.45984
10496 0.461293
10624 0.461365
10752 0.463921
10880 0.465515
11008 0.466321
11136 0.469138
11264 0.469849
11392 0.472003
11520 0.473309
11648 0.473958
11776 0.475182
11904 0.47727
12032 0.47678
12160 0.479022
12288 0.480685
12416 0.482588
12544 0.483431
12672 0.484571
12800 0.484253
