0 7.29401e-09
64 0.00112807
128 0.00320423
192 0.00566762
256 0.00791194
320 0.010572
384 0.0142147
448 0.0168211
512 0.0206319
576 0.0260217
640 0.0323879
704 0.0380408
768 0.043775
832 0.0501237
896 0.0554434
960 0.0595103
1024 0.0659871
1088 0.0693235
1152 0.0753795
1216 0.0817574
1280 0.0881677
1344 0.0915589
1408 0.0975838
1472 0.103742
1536 0.111211
1600 0.118453
1664 0.12767
1728 0.136028
1792 0.143433
1856 0.153776
1920 0.15979
1984 0.167952
2048 0.175849
2112 0.187388
2176 0.19567
2240 0.202497
2304 0.21031
2368 0.214412
2432 0.219608
2496 0.225904
2560 0.233561
2624 0.240871
2688 0.249863
2752 0.255536
2816 0.260521
2880 0.265567
2944 0.273858
3008 0.284707
3072 0.296396
3136 0.302225
3200 0.307818
3264 0.314414
3328 0.327169
3392 0.332123
3456 0.335362
3520 0.340908
3584 0.345891
3648 0.351708
3712 0.357805
3776 0.368581
3840 0.371269
3904 0.379009
3968 0.380892
4032 0.384476
4096 0.390233
4160 0.39678
4224 0.397865
4288 0.400537
4352 0.408199
4416 0.41035
4480 0.415888
4544 0.42197
4608 0.431557
4672 0.433232
4736 0.438303
4800 0.443932
4864 0.450079
4928 0.453318
4992 0.45435
5056 0.453913
5120 0.453031
5184 0.45428
5248 0.465525
5312 0.472039
5376 0.472323
5440 0.476848
5504 0.478531
5568 0.482141
5632 0.488338
5696 0.492553
5760 0.491265
5824 0.49867
5888 0.499947
5952 0.502745
6016 0.507959
6080 0.507214
6144 0.508049
6208 0.51327
6272 0.518064
6336 0.518336
6400 0.524204
6464 0.524331
6528 0.525428
6592 0.52888
6656 0.531102
6720 0.533053
6784 0.535322
6848 0.536891
6912 0.537749
6976 0.538541
7040 0.543985
7104 0.54544
7168 0.548127
7232 0.549638
7296 0.548395
7360 0.552544
7424 0.554988
7488 0.560199
7552 0.557851
7616 0.5564
7680 0.562511
7744 0.562879
7808 0.568899
7872 0.569619
7936 0.571633
8000 0.568554
8064 0.566646
8128 0.571022
8192 0.571944
8256 0.575533
8320 0.574953
8384 0.572746
8448 0.572775
8512 0.572141
8576 0.57017
8640 0.573267
8704 0.576215
8768 0.574817
8832 0.58068
8896 0.576638
8960 0.579484
9024 0.582633
9088 0.585072
9152 0.5822
9216 0.584976
9280 0.589666
9344 0.587007
9408 0.58702
9472 0.584473
9536 0.584942
9600 0.582213
9664 0.584416
9728 0.585374
9792 0.585662
9856 0.583921
9920 0.588159
9984 0.591044
10048 0.586697
10112 0.585429
10176 0.589656
10240 0.587962
10304 0.587852
10368 0.585915
10432 0.589253
10496 0.592671
10560 0.593003
10624 0.597884
10688 0.591636
10752 0.586988
10816 0.589742
10880 0.590755
10944 0.594044
11008 0.592693
11072 0.596854
11136 0.595771
11200 0.594428
11264 0.592285
11328 0.595137
11392 0.596312
11456 0.59481
11520 0.598554
11584 0.597053
11648 0.597201
11712 0.594694
11776 0.588783
11840 0.589577
11904 0.590612
11968 0.589633
12032 0.588414
12096 0.592455
12160 0.594691
12224 0.594143
12288 0.597215
12352 0.596804
12416 0.597975
12480 0.597187
12544 0.601975
12608 0.599027
12672 0.594999
12736 0.595073
12800 0.597018
