0 7.00398e-09
64 0.000840404
128 0.00218456
192 0.00377651
256 0.00568355
320 0.00739032
384 0.00934545
448 0.0118377
512 0.0144637
576 0.0167978
640 0.0196867
704 0.0222575
768 0.0249677
832 0.0280878
896 0.031125
960 0.0337184
1024 0.0362518
1088 0.0390654
1152 0.0419595
1216 0.0456641
1280 0.0489662
1344 0.0521645
1408 0.056611
1472 0.0600869
1536 0.0629461
1600 0.0663282
1664 0.0711207
1728 0.074502
1792 0.0772905
1856 0.0793651
1920 0.0815297
1984 0.0836191
2048 0.0845925
2112 0.0861966
2176 0.0884794
2240 0.0917838
2304 0.0938089
2368 0.097154
2432 0.10119
2496 0.105522
2560 0.10802
2624 0.11123
2688 0.115103
2752 0.118213
2816 0.121637
2880 0.123979
2944 0.127072
3008 0.130896
3072 0.132868
3136 0.134949
3200 0.135722
3264 0.138313
3328 0.139962
3392 0.141933
3456 0.144087
3520 0.145977
3584 0.147718
3648 0.151067
3712 0.152696
3776 0.156323
3840 0.161507
3904 0.166417
3968 0.16852
4032 0.171884
4096 0.174149
4160 0.177291
4224 0.180331
4288 0.18339
4352 0.186332
4416 0.189239
4480 0.19403
4544 0.196842
4608 0.201411
4672 0.206167
4736 0.209871
4800 0.214405
4864 0.217194
4928 0.218837
4992 0.222006
5056 0.224683
5120 0.227657
5184 0.230484
5248 0.23318
5312 0.236427
5376 0.238651
5440 0.24307
5504 0.24599
5568 0.250485
5632 0.253425
5696 0.257538
5760 0.258852
5824 0.261764
5888 0.265455
5952 0.268513
6016 0.271582
6080 0.274556
6144 0.277656
6208 0.27945
6272 0.282332
6336 0.283913
6400 0.286992
6464 0.289693
6528 0.293152
6592 0.29383
6656 0.294357
6720 0.295991
6784 0.297676
6848 0.298778
6912 0.299744
6976 0.300894
7040 0.303296
7104 0.305187
7168 0.305946
7232 0.307119
7296 0.307668
7360 0.309221
7424 0.309882
7488 0.312253
7552 0.312336
7616 0.312749
7680 0.313885
7744 0.315137
7808 0.31687
7872 0.319686
7936 0.3221
8000 0.323743
8064 0.324318
8128 0.326424
8192 0.32778
8256 0.328209
8320 0.328333
8384 0.328956
8448 0.328424
8512 0.329362
8576 0.331387
8640 0.332551
8704 0.333492
8768 0.336272
8832 0.338403
8896 0.340598
8960 0.343329
9024 0.345596
9088 0.347454
9152 0.349946
9216 0.351697
9280 0.353904
9344 0.356148
9408 0.358572
9472 0.360572
9536 0.362302
9600 0.363509
9664 0.365065
9728 0.365986
9792 0.36803
9856 0.369099
9920 0.36954
9984 0.369459
10048 0.37066
10112 0.373439
10176 0.373492
10240 0.374022
10304 0.376095
10368 0.37528
10432 0.375053
10496 0.376
10560 0.376759
10624 0.377066
10688 0.377181
10752 0.377805
10816 0.377796
10880 0.378018
10944 0.378105
11008 0.378784
11072 0.379755
11136 0.381264
11200 0.382564
11264 0.383299
11328 0.38444
11392 0.384901
11456 0.386233
11520 0.388548
11584 0.390245
11648 0.390784
11712 0.390913
11776 0.392939
11840 0.395476
11904 0.396536
11968 0.3971
12032 0.396042
12096 0.397235
12160 0.39907
12224 0.400226
12288 0.401849
12352 0.402934
12416 0.405318
12480 0.407958
12544 0.40848
12608 0.411423
12672 0.412668
12736 0.413661
12800 0.414098
