0 6.55604e-05
64 0.0204869
128 0.0333079
192 0.0449959
256 0.0559733
320 0.0649215
384 0.0740478
448 0.0833544
512 0.0908923
576 0.0987818
640 0.105874
704 0.112902
768 0.120714
832 0.127909
896 0.134324
960 0.141564
1024 0.147094
1088 0.152286
1152 0.156947
1216 0.162579
1280 0.167644
1344 0.173107
1408 0.179514
1472 0.184206
1536 0.189208
1600 0.193365
1664 0.199457
1728 0.205192
1792 0.210191
1856 0.214013
1920 0.21759
1984 0.221153
2048 0.223111
2112 0.225278
2176 0.226995
2240 0.229258
2304 0.232462
2368 0.236917
2432 0.242233
2496 0.247161
2560 0.250195
2624 0.252636
2688 0.256455
2752 0.2607
2816 0.264539
2880 0.268687
2944 0.27295
3008 0.277087
3072 0.278153
3136 0.279558
3200 0.281026
3264 0.282298
3328 0.284675
3392 0.286688
3456 0.289139
3520 0.291818
3584 0.294087
3648 0.297272
3712 0.299045
3776 0.302036
3840 0.306597
3904 0.309901
3968 0.311493
4032 0.313807
4096 0.316038
4160 0.31863
4224 0.320324
4288 0.322177
4352 0.325887
4416 0.328361
4480 0.331075
4544 0.33285
4608 0.335751
4672 0.339403
4736 0.341766
4800 0.344676
4864 0.346646
4928 0.347551
4992 0.349823
5056 0.352253
5120 0.354396
5184 0.357345
5248 0.359176
5312 0.361213
5376 0.362893
5440 0.365853
5504 0.368666
5568 0.373072
5632 0.375972
5696 0.379549
5760 0.379921
5824 0.382432
5888 0.384484
5952 0.386508
6016 0.387392
6080 0.388837
6144 0.390544
6208 0.391047
6272 0.391233
6336 0.392972
6400 0.394539
6464 0.395321
6528 0.396987
6592 0.397555
6656 0.398031
6720 0.398783
6784 0.399213
6848 0.400307
6912 0.401435
6976 0.402774
7040 0.404629
7104 0.405811
7168 0.406794
7232 0.408425
7296 0.409686
7360 0.410322
7424 0.410285
7488 0.412424
7552 0.413836
7616 0.41526
7680 0.416247
7744 0.416626
7808 0.418357
7872 0.420159
7936 0.423158
8000 0.424312
8064 0.424281
8128 0.427123
8192 0.428977
8256 0.429597
8320 0.431246
8384 0.432008
8448 0.432051
8512 0.433043
8576 0.43396
8640 0.435266
8704 0.435658
8768 0.437218
8832 0.437951
8896 0.439241
8960 0.440355
9024 0.440993
9088 0.441758
9152 0.443643
9216 0.444462
9280 0.445249
9344 0.446641
9408 0.448493
9472 0.449737
9536 0.450604
9600 0.451838
9664 0.452803
9728 0.453496
9792 0.454317
9856 0.455415
9920 0.455032
9984 0.455617
10048 0.456595
10112 0.457332
10176 0.457449
10240 0.458338
10304 0.459259
10368 0.458696
10432 0.458323
10496 0.45952
10560 0.459861
10624 0.459861
10688 0.460509
10752 0.461332
10816 0.461077
10880 0.461608
10944 0.46148
11008 0.461985
11072 0.463176
11136 0.465227
11200 0.465978
11264 0.466275
11328 0.467535
11392 0.468939
11456 0.46927
11520 0.470976
11584 0.471214
11648 0.471734
11712 0.472326
11776 0.472919
11840 0.474346
11904 0.474345
11968 0.474067
12032 0.473355
12096 0.474525
12160 0.476529
12224 0.477274
12288 0.478236
12352 0.479148
12416 0.480487
12480 0.481574
12544 0.481452
12608 0.483079
12672 0.482797
12736 0.482693
12800 0.482661
