0 7.47622e-09
128 0.00213004
256 0.00566964
384 0.00980209
512 0.0149052
640 0.0199039
768 0.0252577
896 0.0309244
1024 0.0365875
1152 0.0415437
1280 0.0481287
1408 0.0545438
1536 0.0610947
1664 0.0687075
1792 0.0749575
1920 0.0804003
2048 0.0843224
2176 0.0875849
2304 0.0917879
2432 0.0994443
2560 0.105508
2688 0.111806
2816 0.117561
2944 0.123776
3072 0.128543
3200 0.131533
3328 0.134241
3456 0.137066
3584 0.140642
3712 0.144941
3840 0.15082
3968 0.155191
4096 0.15997
4224 0.165338
4352 0.170452
4480 0.176085
4608 0.180616
4736 0.185833
4864 0.190861
4992 0.194346
5120 0.198719
5248 0.203732
5376 0.209302
5504 0.216567
5632 0.2239
5760 0.228677
5888 0.233801
6016 0.23792
6144 0.242828
6272 0.245437
6400 0.249223
6528 0.253128
6656 0.254685
6784 0.256499
6912 0.259468
7040 0.263623
7168 0.267959
7296 0.27213
7424 0.273892
7552 0.277035
7680 0.27878
7808 0.281146
7936 0.285478
8064 0.287005
8192 0.292328
8320 0.295633
8448 0.297489
8576 0.300724
8704 0.303545
8832 0.307828
8960 0.312238
9088 0.314937
9216 0.319138
9344 0.322473
9472 0.327102
9600 0.329964
9728 0.33269
9856 0.335759
9984 0.337248
10112 0.339078
10240 0.340948
10368 0.341924
10496 0.343822
10624 0.344422
10752 0.347349
10880 0.350051
11008 0.351876
11136 0.355645
11264 0.357392
11392 0.360148
11520 0.361616
11648 0.362789
11776 0.364115
11904 0.366606
12032 0.366841
12160 0.370199
12288 0.372846
12416 0.375794
12544 0.377696
12672 0.380023
12800 0.38068
