0 7.79524e-09
64 0.000810858
128 0.00215561
192 0.0037881
256 0.00572498
320 0.00763351
384 0.00993716
448 0.0127846
512 0.0154484
576 0.0182828
640 0.0209956
704 0.0235789
768 0.0263775
832 0.0292702
896 0.0322171
960 0.0351699
1024 0.0376968
1088 0.0403688
1152 0.0428115
1216 0.0459554
1280 0.0490884
1344 0.0519182
1408 0.0555245
1472 0.0588014
1536 0.0621338
1600 0.0652746
1664 0.0693327
1728 0.0725578
1792 0.075778
1856 0.078232
1920 0.0811389
1984 0.0834915
2048 0.0851102
2112 0.0864569
2176 0.0883254
2240 0.0903861
2304 0.0924686
2368 0.0962341
2432 0.100831
2496 0.104532
2560 0.107062
2624 0.110246
2688 0.113754
2752 0.116765
2816 0.119743
2880 0.122864
2944 0.126447
3008 0.130185
3072 0.131881
3136 0.132952
3200 0.134674
3264 0.136354
3328 0.138413
3392 0.140312
3456 0.142263
3520 0.144315
3584 0.145755
3648 0.148656
3712 0.150134
3776 0.152776
3840 0.156496
3904 0.159632
3968 0.161502
4032 0.164088
4096 0.166613
4160 0.16942
4224 0.171432
4288 0.173174
4352 0.176396
4416 0.178777
4480 0.182609
4544 0.184206
4608 0.187589
4672 0.190851
4736 0.193524
4800 0.196412
4864 0.198692
4928 0.199932
4992 0.202413
5056 0.204753
5120 0.207427
5184 0.210119
5248 0.211992
5312 0.215137
5376 0.218233
5440 0.222486
5504 0.225804
5568 0.230384
5632 0.234001
5696 0.237426
5760 0.238823
5824 0.241423
5888 0.244078
5952 0.245886
6016 0.247582
6080 0.250159
6144 0.251941
6208 0.252745
6272 0.253962
6336 0.255376
6400 0.257592
6464 0.258957
6528 0.26124
6592 0.261468
6656 0.261862
6720 0.26267
6784 0.263283
6848 0.264683
6912 0.265836
6976 0.267087
7040 0.26887
7104 0.270332
7168 0.272028
7232 0.274405
7296 0.275748
7360 0.276542
7424 0.277425
7488 0.279207
7552 0.280489
7616 0.281359
7680 0.282367
7744 0.283156
7808 0.284805
7872 0.286744
7936 0.289653
8000 0.290953
8064 0.29176
8128 0.294433
8192 0.296784
8256 0.298506
8320 0.300217
8384 0.301532
8448 0.302163
8512 0.303395
8576 0.305085
8640 0.306437
8704 0.307199
8768 0.308652
8832 0.310133
8896 0.312011
8960 0.313559
9024 0.314352
9088 0.315304
9152 0.317547
9216 0.319261
9280 0.320721
9344 0.322363
9408 0.324897
9472 0.327308
9536 0.329394
9600 0.330366
9664 0.332464
9728 0.333606
9792 0.335633
9856 0.33686
9920 0.338146
9984 0.338993
10048 0.34011
10112 0.341176
10176 0.341992
10240 0.343258
10304 0.344942
10368 0.344744
10432 0.345011
10496 0.346092
10560 0.34638
10624 0.346306
10688 0.347363
10752 0.348939
10816 0.349533
10880 0.350589
10944 0.351015
11008 0.352182
11072 0.353638
11136 0.356083
11200 0.357595
11264 0.35816
11328 0.359746
11392 0.360976
11456 0.361332
11520 0.362838
11584 0.363921
11648 0.364345
11712 0.364692
11776 0.365931
11840 0.368421
11904 0.368812
11968 0.369341
12032 0.369018
12096 0.371032
12160 0.372785
12224 0.373915
12288 0.374992
12352 0.376456
12416 0.378129
12480 0.379566
12544 0.379889
12608 0.381848
12672 0.38241
12736 0.382785
12800 0.382933
