0 6.4332e-05
64 0.0229446
128 0.0399712
192 0.0535976
256 0.0667968
320 0.0770542
384 0.0900809
448 0.0992845
512 0.111767
576 0.124542
640 0.137731
704 0.150738
768 0.162072
832 0.175232
896 0.185558
960 0.194054
1024 0.207167
1088 0.213637
1152 0.224189
1216 0.236096
1280 0.246878
1344 0.253073
1408 0.263337
1472 0.271997
1536 0.282316
1600 0.293333
1664 0.306254
1728 0.316371
1792 0.324964
1856 0.337785
1920 0.345419
1984 0.353263
2048 0.361188
2112 0.374042
2176 0.382175
2240 0.388405
2304 0.396148
2368 0.400914
2432 0.40608
2496 0.413503
2560 0.421084
2624 0.42866
2688 0.437165
2752 0.442943
2816 0.448568
2880 0.453953
2944 0.462935
3008 0.473301
3072 0.485023
3136 0.489038
3200 0.493637
3264 0.500308
3328 0.511472
3392 0.51468
3456 0.516109
3520 0.520553
3584 0.526332
3648 0.531678
3712 0.537312
3776 0.548611
3840 0.551285
3904 0.557845
3968 0.558797
4032 0.562379
4096 0.5696
4160 0.575897
4224 0.57685
4288 0.579779
4352 0.587677
4416 0.589686
4480 0.592266
4544 0.596805
4608 0.604686
4672 0.606517
4736 0.610961
4800 0.617409
4864 0.6219
4928 0.625336
4992 0.626666
5056 0.626796
5120 0.627239
5184 0.628941
5248 0.63792
5312 0.64379
5376 0.645209
5440 0.649619
5504 0.651447
5568 0.655127
5632 0.659899
5696 0.663296
5760 0.663547
5824 0.668792
5888 0.670216
5952 0.67239
6016 0.676682
6080 0.67661
6144 0.678173
6208 0.68247
6272 0.687007
6336 0.687177
6400 0.691855
6464 0.693033
6528 0.693805
6592 0.697566
6656 0.699832
6720 0.700765
6784 0.702944
6848 0.704873
6912 0.70601
6976 0.706976
7040 0.711274
7104 0.712945
7168 0.715941
7232 0.717189
7296 0.716496
7360 0.719553
7424 0.722159
7488 0.725657
7552 0.723895
7616 0.722524
7680 0.727209
7744 0.72755
7808 0.731612
7872 0.732339
7936 0.733798
8000 0.731246
8064 0.730321
8128 0.733503
8192 0.734814
8256 0.737266
8320 0.737157
8384 0.735826
8448 0.735957
8512 0.73604
8576 0.73509
8640 0.737339
8704 0.739277
8768 0.737897
8832 0.742047
8896 0.739732
8960 0.741381
9024 0.743576
9088 0.744798
9152 0.743531
9216 0.745812
9280 0.748931
9344 0.747273
9408 0.747873
9472 0.746116
9536 0.745861
9600 0.743965
9664 0.746008
9728 0.74642
9792 0.747127
9856 0.746399
9920 0.749189
9984 0.751601
10048 0.749283
10112 0.748071
10176 0.750907
10240 0.75065
10304 0.750459
10368 0.748959
10432 0.751722
10496 0.753567
10560 0.754248
10624 0.757334
10688 0.753282
10752 0.749962
10816 0.7518
10880 0.752519
10944 0.754986
11008 0.754424
11072 0.757499
11136 0.756652
11200 0.756014
11264 0.754713
11328 0.75624
11392 0.757223
11456 0.75631
11520 0.759095
11584 0.758596
11648 0.758971
11712 0.757406
11776 0.753359
11840 0.753837
11904 0.754523
11968 0.754049
12032 0.753506
12096 0.755892
12160 0.757357
12224 0.757084
12288 0.759232
12352 0.759253
12416 0.759337
12480 0.758468
12544 0.761995
12608 0.760282
12672 0.7577
12736 0.757846
12800 0.759053
