0 0.175292
128 0.0709988
256 0.143349
384 0.186867
512 0.151462
640 0.145163
768 0.198815
896 0.204741
1024 0.233172
1152 0.243249
1280 0.238716
1408 0.243959
1536 0.236745
1664 0.223563
1792 0.243712
1920 0.252996
2048 0.2692
2176 0.271072
2304 0.289624
2432 0.298402
2560 0.316122
2688 0.305525
2816 0.319879
2944 0.332756
3072 0.327803
3200 0.325423
3328 0.321835
3456 0.326795
3584 0.339971
3712 0.343838
3840 0.357497
3968 0.361903
4096 0.363937
4224 0.357268
4352 0.361187
4480 0.352443
4608 0.35273
4736 0.35098
4864 0.350926
4992 0.352533
5120 0.357529
5248 0.364726
5376 0.363662
5504 0.358911
5632 0.360913
5760 0.362975
5888 0.369888
6016 0.372091
6144 0.374559
6272 0.367367
6400 0.373452
6528 0.36919
6656 0.369945
6784 0.368602
6912 0.373503
7040 0.377251
7168 0.379353
7296 0.380412
7424 0.372553
7552 0.380838
7680 0.384738
7808 0.386528
7936 0.391301
8064 0.385705
8192 0.394035
8320 0.393206
8448 0.39088
8576 0.392779
8704 0.394121
8832 0.392148
8960 0.393503
9088 0.390728
9216 0.392448
9344 0.394158
9472 0.395524
9600 0.395484
9728 0.394332
9856 0.391533
9984 0.384944
10112 0.382782
10240 0.380282
10368 0.377983
10496 0.379632
10624 0.377427
10752 0.382001
10880 0.381069
11008 0.378793
11136 0.382228
11264 0.378974
11392 0.382422
11520 0.384602
11648 0.38268
11776 0.384847
11904 0.387001
12032 0.382435
12160 0.383449
12288 0.383543
12416 0.383569
12544 0.381217
12672 0.378188
12800 0.373803
