0 0.305033
64 0.0991716
128 0.0811889
192 0.114369
256 0.152087
320 0.209557
384 0.222626
448 0.192215
512 0.165228
576 0.171161
640 0.152192
704 0.158631
768 0.185209
832 0.184628
896 0.185153
960 0.214718
1024 0.241832
1088 0.248942
1152 0.252039
1216 0.251412
1280 0.244806
1344 0.264722
1408 0.262196
1472 0.255832
1536 0.271648
1600 0.266548
1664 0.260827
1728 0.269813
1792 0.279658
1856 0.30353
1920 0.302418
1984 0.312579
2048 0.315837
2112 0.316804
2176 0.300664
2240 0.29107
2304 0.310603
2368 0.311736
2432 0.324761
2496 0.33706
2560 0.35125
2624 0.340284
2688 0.339568
2752 0.354795
2816 0.364003
2880 0.378993
2944 0.3901
3008 0.387664
3072 0.384656
3136 0.382744
3200 0.380446
3264 0.372891
3328 0.379414
3392 0.385298
3456 0.386705
3520 0.390984
3584 0.394729
3648 0.398619
3712 0.392908
3776 0.395564
3840 0.400322
3904 0.399294
3968 0.396903
4032 0.403146
4096 0.404475
4160 0.401815
4224 0.39443
4288 0.394415
4352 0.398304
4416 0.397269
4480 0.386648
4544 0.384604
4608 0.382263
4672 0.388037
4736 0.391734
4800 0.393247
4864 0.394504
4928 0.394321
4992 0.395293
5056 0.402196
5120 0.406549
5184 0.414829
5248 0.419273
5312 0.415989
5376 0.418008
5440 0.419895
5504 0.419904
5568 0.425304
5632 0.426798
5696 0.434202
5760 0.427675
5824 0.433356
5888 0.438344
5952 0.446688
6016 0.44533
6080 0.441036
6144 0.445713
6208 0.444564
6272 0.441259
6336 0.443244
6400 0.446353
6464 0.442574
6528 0.444787
6592 0.448203
6656 0.446787
6720 0.448898
6784 0.449276
6848 0.449966
6912 0.452898
6976 0.458498
7040 0.462528
7104 0.463141
7168 0.46302
7232 0.464318
7296 0.468014
7360 0.468588
7424 0.464941
7488 0.473531
7552 0.477079
7616 0.479083
7680 0.477802
7744 0.477585
7808 0.476245
7872 0.478297
7936 0.483207
8000 0.481866
8064 0.479939
8128 0.484576
8192 0.485685
8256 0.481752
8320 0.486317
8384 0.481564
8448 0.482269
8512 0.481401
8576 0.479686
8640 0.478893
8704 0.477691
8768 0.476819
8832 0.47745
8896 0.478309
8960 0.479003
9024 0.477136
9088 0.479908
9152 0.484454
9216 0.483892
9280 0.481389
9344 0.481605
9408 0.480013
9472 0.475698
9536 0.476043
9600 0.476459
9664 0.473676
9728 0.474733
9792 0.475739
9856 0.475891
9920 0.468444
9984 0.470749
10048 0.474434
10112 0.474889
10176 0.46997
10240 0.469865
10304 0.468782
10368 0.4665
10432 0.464266
10496 0.468826
10560 0.466166
10624 0.465734
10688 0.468351
10752 0.46948
10816 0.467685
10880 0.46682
10944 0.47067
11008 0.471256
11072 0.473916
11136 0.47482
11200 0.476077
11264 0.477745
11328 0.477619
11392 0.477673
11456 0.476714
11520 0.479455
11584 0.477132
11648 0.478686
11712 0.478079
11776 0.476823
11840 0.47774
11904 0.47735
11968 0.477573
12032 0.475058
12096 0.473992
12160 0.481549
12224 0.483674
12288 0.48437
12352 0.484338
12416 0.485153
12480 0.484841
12544 0.485275
12608 0.484472
12672 0.480771
12736 0.480473
12800 0.477752
