0 0.237569
64 -0.142767
128 -0.00552947
192 0.0270788
256 0.226741
320 0.219411
384 0.248254
448 0.293563
512 0.34836
576 0.322334
640 0.29266
704 0.325816
768 0.333489
832 0.36763
896 0.389757
960 0.419681
1024 0.462484
1088 0.481108
1152 0.500226
1216 0.533274
1280 0.553418
1344 0.570419
1408 0.592804
1472 0.597744
1536 0.604669
1600 0.623353
1664 0.638794
1728 0.640951
1792 0.641758
1856 0.652261
1920 0.660759
1984 0.654172
2048 0.65205
2112 0.660626
2176 0.660328
2240 0.657702
2304 0.659875
2368 0.666028
2432 0.66824
2496 0.678806
2560 0.68277
2624 0.689131
2688 0.69259
2752 0.697564
2816 0.705248
2880 0.711301
2944 0.722136
3008 0.729065
3072 0.740063
3136 0.7363
3200 0.736781
3264 0.74389
3328 0.749373
3392 0.746212
3456 0.740983
3520 0.741924
3584 0.751411
3648 0.755814
3712 0.760652
3776 0.775376
3840 0.778379
3904 0.782067
3968 0.780186
4032 0.784346
4096 0.797226
4160 0.803645
4224 0.804334
4288 0.808435
4352 0.818066
4416 0.819914
4480 0.814387
4544 0.815277
4608 0.819738
4672 0.822299
4736 0.825784
4800 0.835416
4864 0.836283
4928 0.840753
4992 0.84304
5056 0.844632
5120 0.848503
5184 0.85157
5248 0.856042
5312 0.86109
5376 0.865412
5440 0.870042
5504 0.872407
5568 0.876632
5632 0.878585
5696 0.880466
5760 0.884235
5824 0.885112
5888 0.887002
5952 0.887998
6016 0.890673
6080 0.892062
6144 0.895351
6208 0.898008
6272 0.902356
6336 0.902322
6400 0.904859
6464 0.908314
6528 0.908461
6592 0.913107
6656 0.915597
6720 0.914512
6784 0.916637
6848 0.919403
6912 0.921159
6976 0.922518
7040 0.924741
7104 0.926912
7168 0.930631
7232 0.931416
7296 0.931768
7360 0.93281
7424 0.935812
7488 0.936151
7552 0.935447
7616 0.934184
7680 0.936317
7744 0.936619
7808 0.937146
7872 0.937912
7936 0.938392
8000 0.936728
8064 0.93761
8128 0.938675
8192 0.94075
8256 0.94118
8320 0.941935
8384 0.942179
8448 0.942503
8512 0.943912
8576 0.944827
8640 0.945558
8704 0.945687
8768 0.944306
8832 0.945433
8896 0.946207
8960 0.945713
9024 0.946233
9088 0.945291
9152 0.94689
9216 0.948329
9280 0.948711
9344 0.948803
9408 0.950466
9472 0.950091
9536 0.948531
9600 0.948093
9664 0.949889
9728 0.949331
9792 0.950801
9856 0.951878
9920 0.952119
9984 0.953726
10048 0.954984
10112 0.953863
10176 0.954253
10240 0.956545
10304 0.956209
10368 0.955475
10432 0.957234
10496 0.956315
10560 0.957615
10624 0.957582
10688 0.957348
10752 0.956359
10816 0.956585
10880 0.956788
10944 0.957825
11008 0.958644
11072 0.959833
11136 0.959391
11200 0.959985
11264 0.960158
11328 0.959367
11392 0.960018
11456 0.96013
11520 0.96125
11584 0.962491
11648 0.96326
11712 0.963341
11776 0.962589
11840 0.962505
11904 0.962574
11968 0.962991
12032 0.963643
12096 0.963103
12160 0.963212
12224 0.96342
12288 0.963949
12352 0.964718
12416 0.962916
12480 0.961908
12544 0.963251
12608 0.963672
12672 0.963614
12736 0.963885
12800 0.9638
