0 0.264492
64 0.0364339
128 0.0641922
192 0.138272
256 0.180159
320 0.220617
384 0.230797
448 0.198791
512 0.176423
576 0.183784
640 0.186728
704 0.203256
768 0.232013
832 0.2407
896 0.237571
960 0.265778
1024 0.282955
1088 0.285409
1152 0.284496
1216 0.279315
1280 0.272199
1344 0.283566
1408 0.279351
1472 0.264665
1536 0.267776
1600 0.254564
1664 0.250253
1728 0.266274
1792 0.275938
1856 0.288234
1920 0.283626
1984 0.292637
2048 0.29505
2112 0.296423
2176 0.282947
2240 0.275777
2304 0.290141
2368 0.290945
2432 0.301475
2496 0.315695
2560 0.32792
2624 0.319304
2688 0.316934
2752 0.32901
2816 0.335936
2880 0.353148
2944 0.362876
3008 0.365582
3072 0.361674
3136 0.359625
3200 0.359062
3264 0.352795
3328 0.359262
3392 0.365168
3456 0.365752
3520 0.370318
3584 0.377178
3648 0.383587
3712 0.380336
3776 0.38465
3840 0.391098
3904 0.390681
3968 0.389585
4032 0.391917
4096 0.391351
4160 0.391043
4224 0.384166
4288 0.384335
4352 0.390413
4416 0.387103
4480 0.376873
4544 0.375426
4608 0.371939
4672 0.372911
4736 0.3698
4800 0.370217
4864 0.369347
4928 0.369965
4992 0.371054
5056 0.377179
5120 0.378019
5184 0.385929
5248 0.388707
5312 0.38646
5376 0.389236
5440 0.38847
5504 0.38953
5568 0.394179
5632 0.396831
5696 0.400901
5760 0.395428
5824 0.398729
5888 0.40132
5952 0.405005
6016 0.402511
6080 0.399931
6144 0.400795
6208 0.397452
6272 0.3909
6336 0.395687
6400 0.394218
6464 0.389365
6528 0.388513
6592 0.39364
6656 0.39255
6720 0.39284
6784 0.392293
6848 0.394362
6912 0.396977
6976 0.402021
7040 0.401741
7104 0.403772
7168 0.404153
7232 0.404221
7296 0.407831
7360 0.40677
7424 0.40217
7488 0.408987
7552 0.412627
7616 0.416799
7680 0.416979
7744 0.417192
7808 0.420889
7872 0.421719
7936 0.428432
8000 0.428387
8064 0.425253
8128 0.433386
8192 0.436012
8256 0.434282
8320 0.437058
8384 0.433148
8448 0.432043
8512 0.433957
8576 0.433874
8640 0.435171
8704 0.43453
8768 0.435929
8832 0.433203
8896 0.433642
8960 0.432678
9024 0.430725
9088 0.431189
9152 0.435184
9216 0.433013
9280 0.43208
9344 0.432469
9408 0.433982
9472 0.432046
9536 0.430164
9600 0.43212
9664 0.430513
9728 0.431307
9792 0.429764
9856 0.428891
9920 0.421749
9984 0.42196
10048 0.423209
10112 0.422267
10176 0.418514
10240 0.417934
10304 0.414355
10368 0.41433
10432 0.410063
10496 0.412936
10560 0.410624
10624 0.40932
10688 0.410342
10752 0.41219
10816 0.410715
10880 0.413023
10944 0.413842
11008 0.414318
11072 0.416074
11136 0.418502
11200 0.418073
11264 0.4188
11328 0.418452
11392 0.42275
11456 0.42187
11520 0.424303
11584 0.420258
11648 0.422124
11712 0.424133
11776 0.420913
11840 0.422518
11904 0.420963
11968 0.419045
12032 0.416904
12096 0.416522
12160 0.423438
12224 0.423513
12288 0.423944
12352 0.423762
12416 0.424932
12480 0.424981
12544 0.423
12608 0.423729
12672 0.419412
12736 0.416934
12800 0.415451
