0 0.0770898
4 0.0993578
8 0.0780932
12 0.062908
16 0.0510301
20 0.0422976
24 0.0444212
28 0.0602228
32 0.0538083
36 0.0524257
40 0.0522324
44 0.0704917
48 0.0673184
52 0.0696641
56 0.0696895
60 0.0760976
64 0.099021
68 0.114479
72 0.131296
76 0.148297
80 0.164823
84 0.182033
88 0.190797
92 0.195198
96 0.191507
100 0.211084
104 0.221494
108 0.238892
112 0.245882
116 0.256832
120 0.273444
124 0.279329
128 0.284875
132 0.291338
136 0.291262
140 0.29512
144 0.294734
148 0.295847
152 0.304145
156 0.308476
160 0.31777
164 0.32411
168 0.330156
172 0.331961
176 0.336434
180 0.343314
184 0.351765
188 0.354039
192 0.359316
196 0.363537
200 0.367594
204 0.368739
208 0.374059
212 0.374951
216 0.371904
220 0.372187
224 0.375513
228 0.375308
232 0.376436
236 0.379356
240 0.382044
244 0.382712
248 0.387269
252 0.389316
256 0.388671
260 0.390874
264 0.394355
268 0.396044
272 0.398009
276 0.401273
280 0.406115
284 0.412657
288 0.420368
292 0.420043
296 0.424982
300 0.428278
304 0.435613
308 0.440934
312 0.447145
316 0.450622
320 0.455868
324 0.455701
328 0.457511
332 0.459173
336 0.462915
340 0.466604
344 0.468175
348 0.473694
352 0.477512
356 0.478742
360 0.48074
364 0.483069
368 0.481832
372 0.483138
376 0.487185
380 0.491026
384 0.497331
388 0.499384
392 0.500496
396 0.502504
400 0.504787
404 0.506805
408 0.508941
412 0.511709
416 0.510833
420 0.514544
424 0.51914
428 0.521735
432 0.524811
436 0.529249
440 0.529588
444 0.528605
448 0.53033
452 0.534049
456 0.537411
460 0.539356
464 0.541673
468 0.541426
472 0.546169
476 0.549201
480 0.55008
484 0.554253
488 0.55811
492 0.559142
496 0.561205
500 0.561555
504 0.564486
508 0.5685
512 0.570197
516 0.572146
520 0.575178
524 0.578042
528 0.580978
532 0.583427
536 0.586219
540 0.587126
544 0.590975
548 0.592885
552 0.595908
556 0.598767
560 0.601303
564 0.603217
568 0.604512
572 0.609441
576 0.613335
580 0.616442
584 0.619977
588 0.621435
592 0.624115
596 0.625837
600 0.6266
604 0.630517
608 0.631475
612 0.634366
616 0.635702
620 0.638764
624 0.641032
628 0.642259
632 0.643614
636 0.64541
640 0.646473
644 0.649707
648 0.651133
652 0.652191
656 0.654254
660 0.657101
664 0.65897
668 0.660612
672 0.660265
676 0.663897
680 0.664451
684 0.666878
688 0.668005
692 0.670585
696 0.672593
700 0.674133
704 0.676187
708 0.677234
712 0.678515
716 0.679622
720 0.681765
724 0.683133
728 0.685162
732 0.686043
736 0.687593
740 0.688637
744 0.690189
748 0.691407
752 0.693355
756 0.695451
760 0.696659
764 0.697593
768 0.700125
772 0.70247
776 0.703727
780 0.705678
784 0.708235
788 0.710617
792 0.710854
796 0.712773
800 0.714703
804 0.714256
808 0.717355
812 0.718237
816 0.720894
820 0.722082
824 0.724906
828 0.726504
832 0.727801
836 0.73041
840 0.732446
844 0.735151
848 0.735799
852 0.736742
856 0.737042
860 0.738944
864 0.740719
868 0.742917
872 0.745214
876 0.746431
880 0.747973
884 0.749192
888 0.750942
892 0.753202
896 0.754438
900 0.755718
904 0.758454
908 0.759845
912 0.760426
916 0.761061
920 0.762982
924 0.763112
928 0.764226
932 0.765391
936 0.765176
940 0.765857
944 0.768283
948 0.769522
952 0.771556
956 0.773216
960 0.77448
964 0.77558
968 0.776487
972 0.7777
976 0.779329
980 0.781265
984 0.782069
988 0.783021
992 0.785062
996 0.785671
1000 0.786429
1004 0.787694
1008 0.789109
1012 0.790804
1016 0.792855
1020 0.793617
1024 0.796413
1028 0.798146
1032 0.799142
1036 0.800782
1040 0.801804
1044 0.802487
1048 0.802899
1052 0.803212
1056 0.804585
1060 0.805387
1064 0.806772
1068 0.807548
1072 0.808779
1076 0.810521
1080 0.811654
1084 0.812499
1088 0.813523
1092 0.814536
1096 0.815932
1100 0.816764
1104 0.818359
1108 0.819807
1112 0.821107
1116 0.822639
1120 0.824211
1124 0.824781
1128 0.826281
1132 0.827968
1136 0.828575
1140 0.829376
1144 0.830795
1148 0.832162
1152 0.832286
1156 0.833725
1160 0.833788
1164 0.834384
1168 0.835341
1172 0.835716
1176 0.836862
1180 0.837818
1184 0.838245
1188 0.840354
1192 0.84176
1196 0.843511
1200 0.844566
1204 0.845034
1208 0.847439
1212 0.848795
1216 0.84988
1220 0.850608
1224 0.851249
1228 0.851978
1232 0.853582
1236 0.854072
1240 0.855508
1244 0.855781
1248 0.856723
1252 0.857477
1256 0.858018
1260 0.85826
1264 0.859651
1268 0.860714
1272 0.861658
1276 0.862014
1280 0.863221
1284 0.863797
1288 0.863457
1292 0.865868
1296 0.866225
1300 0.867204
1304 0.867974
1308 0.868868
1312 0.870096
1316 0.871242
1320 0.872099
1324 0.872998
1328 0.873687
1332 0.874193
1336 0.874869
1340 0.875678
1344 0.876221
1348 0.876079
1352 0.876753
1356 0.877267
1360 0.877289
1364 0.877722
1368 0.878677
1372 0.878989
1376 0.879396
1380 0.880034
1384 0.880997
1388 0.881329
1392 0.882168
1396 0.882974
1400 0.883191
1404 0.883509
1408 0.884413
1412 0.884933
1416 0.885801
1420 0.887038
1424 0.888028
1428 0.888858
1432 0.889225
1436 0.890046
1440 0.890913
1444 0.891688
1448 0.892168
1452 0.892355
1456 0.892518
1460 0.893059
1464 0.893086
1468 0.893606
1472 0.894067
1476 0.894389
1480 0.895102
1484 0.895762
1488 0.896041
1492 0.89601
1496 0.896691
1500 0.897323
1504 0.898004
1508 0.898363
1512 0.899214
1516 0.899648
1520 0.900242
1524 0.900463
1528 0.900624
1532 0.901249
1536 0.901995
1540 0.902611
1544 0.903236
1548 0.904114
1552 0.90446
1556 0.905017
1560 0.906202
1564 0.906471
1568 0.906858
1572 0.90721
1576 0.907962
1580 0.908437
1584 0.908514
1588 0.908454
1592 0.909072
1596 0.909232
1600 0.909694
1604 0.910092
1608 0.910156
1612 0.910303
1616 0.910801
1620 0.911001
1624 0.911936
1628 0.912266
1632 0.912613
1636 0.91297
1640 0.913143
1644 0.913229
1648 0.912941
1652 0.91332
1656 0.913755
1660 0.914225
1664 0.914646
1668 0.915394
1672 0.91627
1676 0.916648
1680 0.91708
1684 0.917817
1688 0.91858
1692 0.919589
1696 0.91978
1700 0.920219
1704 0.920481
1708 0.920485
1712 0.920733
1716 0.920966
1720 0.921127
1724 0.921194
1728 0.92164
1732 0.922333
1736 0.923118
1740 0.923375
1744 0.924198
1748 0.924365
1752 0.925007
1756 0.925155
1760 0.925443
1764 0.925607
1768 0.925872
1772 0.926475
1776 0.926159
1780 0.926344
1784 0.92685
1788 0.927579
1792 0.927995
1796 0.928167
1800 0.928332
1804 0.928956
1808 0.929305
1812 0.928895
1816 0.92907
1820 0.929264
1824 0.929597
1828 0.929392
1832 0.929819
1836 0.929961
1840 0.930239
1844 0.930596
1848 0.931002
1852 0.931433
1856 0.931814
1860 0.932274
1864 0.93213
1868 0.932376
1872 0.932513
1876 0.932959
1880 0.933417
1884 0.933562
1888 0.934247
1892 0.934212
1896 0.934606
1900 0.934812
1904 0.93534
1908 0.935612
1912 0.936176
1916 0.936266
1920 0.936464
1924 0.937127
1928 0.937433
1932 0.93715
1936 0.937506
1940 0.937779
1944 0.93805
1948 0.938216
1952 0.938157
1956 0.938111
1960 0.938602
1964 0.93915
1968 0.939642
1972 0.939834
1976 0.939836
1980 0.93968
1984 0.939767
1988 0.940408
1992 0.941107
1996 0.941465
2000 0.94217
2004 0.94278
2008 0.943081
2012 0.943333
2016 0.943972
2020 0.943938
2024 0.944013
2028 0.9439
2032 0.944223
2036 0.944167
2040 0.944305
2044 0.944468
2048 0.94471
2052 0.944706
2056 0.94497
2060 0.945243
2064 0.945936
2068 0.946512
2072 0.946747
2076 0.946611
2080 0.946793
2084 0.94696
2088 0.947136
2092 0.94744
2096 0.947592
2100 0.947653
2104 0.947676
2108 0.947616
2112 0.947845
2116 0.947976
2120 0.947992
2124 0.947891
2128 0.948096
2132 0.948198
2136 0.947818
2140 0.948505
2144 0.948377
2148 0.948709
2152 0.949073
2156 0.949392
2160 0.949421
2164 0.949574
2168 0.949595
2172 0.949903
2176 0.950186
2180 0.950102
2184 0.950048
2188 0.950211
2192 0.950353
2196 0.950659
2200 0.950788
2204 0.950872
2208 0.950877
2212 0.950918
2216 0.951068
2220 0.951103
2224 0.951114
2228 0.951312
2232 0.95127
2236 0.951454
2240 0.951619
2244 0.951598
2248 0.951614
2252 0.951924
2256 0.952303
2260 0.952667
2264 0.952665
2268 0.95273
2272 0.95294
2276 0.952956
2280 0.953392
2284 0.953473
2288 0.95366
2292 0.953999
2296 0.954097
2300 0.954079
2304 0.95424
2308 0.95426
2312 0.954146
2316 0.954111
2320 0.954407
2324 0.95463
2328 0.955146
2332 0.955581
2336 0.955674
2340 0.955949
2344 0.95606
2348 0.956461
2352 0.956731
2356 0.956823
2360 0.957144
2364 0.957303
2368 0.957529
2372 0.957727
2376 0.957976
2380 0.958109
2384 0.958203
2388 0.958049
2392 0.958101
2396 0.958379
2400 0.958407
2404 0.958589
2408 0.958859
2412 0.958998
2416 0.959382
2420 0.959452
2424 0.959699
2428 0.959848
2432 0.96011
2436 0.960001
2440 0.960205
2444 0.960389
2448 0.960476
2452 0.96086
2456 0.960574
2460 0.960574
2464 0.96062
2468 0.960644
2472 0.960522
2476 0.960573
2480 0.960843
2484 0.960925
2488 0.961096
2492 0.961179
2496 0.96155
2500 0.961846
2504 0.96174
2508 0.961903
2512 0.962075
2516 0.96218
2520 0.962332
2524 0.962497
2528 0.962581
2532 0.962623
2536 0.962655
2540 0.962643
2544 0.962645
2548 0.962326
2552 0.962538
2556 0.962884
2560 0.963131
2564 0.963222
2568 0.963226
2572 0.963204
2576 0.963218
2580 0.96331
2584 0.963649
2588 0.963917
2592 0.964107
2596 0.964119
2600 0.96409
2604 0.964085
2608 0.964395
2612 0.964535
2616 0.964791
2620 0.964963
2624 0.964851
2628 0.965129
2632 0.965285
2636 0.965253
2640 0.965562
2644 0.965671
2648 0.965597
2652 0.965681
2656 0.965623
2660 0.965666
2664 0.96574
2668 0.965787
2672 0.965824
2676 0.965801
2680 0.965786
2684 0.965964
2688 0.965955
2692 0.966077
2696 0.966281
2700 0.966305
2704 0.96657
2708 0.966764
2712 0.966972
2716 0.967168
2720 0.96727
2724 0.967465
2728 0.9676
2732 0.96784
2736 0.967793
2740 0.967799
2744 0.967706
2748 0.967732
2752 0.967838
2756 0.968045
2760 0.967932
2764 0.968144
2768 0.968326
2772 0.968547
2776 0.968466
2780 0.968516
2784 0.968813
2788 0.969088
2792 0.969242
2796 0.969425
2800 0.969519
2804 0.969595
2808 0.969982
2812 0.97002
2816 0.970198
2820 0.970377
2824 0.970398
2828 0.970377
2832 0.970674
2836 0.970991
2840 0.970996
2844 0.970935
2848 0.971006
2852 0.971078
2856 0.971092
2860 0.971264
2864 0.971328
2868 0.971333
2872 0.971145
2876 0.971075
2880 0.97102
2884 0.970896
2888 0.970868
2892 0.97087
2896 0.970929
2900 0.970992
2904 0.971131
2908 0.971405
2912 0.971382
2916 0.971525
2920 0.971517
2924 0.971724
2928 0.971608
2932 0.971951
2936 0.972063
2940 0.972233
2944 0.972197
2948 0.972232
2952 0.972213
2956 0.972231
2960 0.972232
2964 0.97214
2968 0.972116
2972 0.972245
2976 0.972294
2980 0.972162
2984 0.972142
2988 0.972243
2992 0.97258
2996 0.972525
3000 0.972485
3004 0.972648
3008 0.972896
3012 0.973217
3016 0.97318
3020 0.973392
3024 0.973392
3028 0.973529
3032 0.973492
3036 0.973601
3040 0.973795
3044 0.973847
3048 0.973877
3052 0.97419
3056 0.974305
3060 0.974329
3064 0.974164
3068 0.974332
3072 0.974454
3076 0.974548
3080 0.974537
3084 0.974665
3088 0.974817
3092 0.974793
3096 0.974948
3100 0.975322
3104 0.97534
3108 0.975415
3112 0.975493
3116 0.975715
3120 0.975694
3124 0.976007
3128 0.975988
3132 0.975977
3136 0.976263
3140 0.976333
3144 0.976508
3148 0.976634
3152 0.976571
3156 0.976367
3160 0.976425
3164 0.976414
3168 0.976405
3172 0.976696
3176 0.976903
3180 0.977157
3184 0.977254
3188 0.977443
3192 0.977497
3196 0.977633
3200 0.977887
3204 0.978008
3208 0.978014
3212 0.978276
3216 0.978392
3220 0.978433
3224 0.978384
3228 0.978602
3232 0.978716
3236 0.978797
3240 0.978861
3244 0.978745
3248 0.978512
3252 0.978539
3256 0.978409
3260 0.978478
3264 0.978557
3268 0.978562
3272 0.978611
3276 0.978671
3280 0.9788
3284 0.978937
3288 0.979178
3292 0.979127
3296 0.979374
3300 0.97938
3304 0.979482
3308 0.979598
3312 0.979688
3316 0.979582
3320 0.979629
3324 0.979654
3328 0.97979
3332 0.97993
3336 0.979944
3340 0.98011
3344 0.980122
3348 0.980272
3352 0.980584
3356 0.980482
3360 0.980612
3364 0.980596
3368 0.980617
3372 0.980636
3376 0.980703
3380 0.980914
3384 0.981024
3388 0.980877
3392 0.98103
3396 0.981266
3400 0.981347
3404 0.981071
3408 0.981049
3412 0.98115
3416 0.981274
3420 0.981222
3424 0.981225
3428 0.981428
3432 0.981594
3436 0.981684
3440 0.981812
3444 0.981879
3448 0.98192
3452 0.982109
3456 0.982373
3460 0.982503
3464 0.982737
3468 0.982926
3472 0.982974
3476 0.982974
3480 0.982949
3484 0.982928
3488 0.983095
3492 0.983063
3496 0.983169
3500 0.98329
3504 0.983196
3508 0.983361
3512 0.983402
3516 0.983743
3520 0.983726
3524 0.983663
3528 0.983839
3532 0.984023
3536 0.984173
3540 0.984347
3544 0.984336
3548 0.984453
3552 0.984416
3556 0.984437
3560 0.984647
3564 0.984699
3568 0.984992
3572 0.984999
3576 0.985012
3580 0.984974
3584 0.985007
3588 0.985012
3592 0.984969
3596 0.985023
3600 0.985044
3604 0.985135
3608 0.98527
3612 0.985147
3616 0.985285
3620 0.98532
3624 0.985495
3628 0.985452
3632 0.985547
3636 0.985651
3640 0.98557
3644 0.985598
3648 0.985576
3652 0.985614
3656 0.985866
3660 0.985944
3664 0.986051
3668 0.986084
3672 0.986015
3676 0.986037
3680 0.986135
3684 0.986219
3688 0.98638
3692 0.98647
3696 0.986484
3700 0.986499
3704 0.986545
3708 0.986622
3712 0.986669
3716 0.986732
3720 0.986854
3724 0.986924
3728 0.986939
3732 0.987013
3736 0.987172
3740 0.987248
3744 0.987321
3748 0.987437
3752 0.987534
3756 0.987509
3760 0.987715
3764 0.987733
3768 0.987819
3772 0.987886
3776 0.987919
3780 0.987903
3784 0.987953
3788 0.98802
3792 0.988094
3796 0.988197
3800 0.988271
3804 0.988268
3808 0.988364
3812 0.988396
3816 0.988367
3820 0.988429
3824 0.988463
3828 0.988462
3832 0.988555
3836 0.988604
3840 0.988642
3844 0.988654
3848 0.988654
3852 0.988682
3856 0.988692
3860 0.988707
3864 0.9887
3868 0.988657
3872 0.988652
3876 0.988671
3880 0.988738
3884 0.988803
3888 0.98878
3892 0.988827
3896 0.988839
3900 0.988837
3904 0.988895
3908 0.988914
3912 0.988939
3916 0.988946
3920 0.988962
3924 0.988958
3928 0.989007
3932 0.989068
3936 0.989103
3940 0.989148
3944 0.989167
3948 0.989176
3952 0.989201
3956 0.989217
3960 0.989232
3964 0.989221
3968 0.989216
3972 0.989227
3976 0.989238
3980 0.989251
3984 0.989268
3988 0.989282
3992 0.989287
3996 0.989296
4000 0.9893
4004 0.989314
4008 0.989321
4012 0.98932
4016 0.989337
4020 0.989335
4024 0.98933
4028 0.989339
4032 0.989339
4036 0.989339
4040 0.989341
4044 0.989344
4048 0.989357
4052 0.989345
4056 0.989349
4060 0.989343
4064 0.989342
4068 0.989346
4072 0.989342
4076 0.989351
4080 0.98936
4084 0.989362
4088 0.989358
4092 0.989349
4096 0.989347
4100 0.989349
4104 0.989353
4108 0.989349
4112 0.989343
4116 0.989336
4120 0.98934
4124 0.989342
4128 0.989339
4132 0.989351
4136 0.989346
4140 0.989349
4144 0.989356
4148 0.989344
4152 0.989334
4156 0.989326
4160 0.989336
4164 0.989348
4168 0.989351
4172 0.989352
4176 0.98934
4180 0.989343
4184 0.989354
4188 0.989358
4192 0.98935
4196 0.989355
4200 0.989371
4204 0.989359
4208 0.989384
4212 0.989398
4216 0.989393
4220 0.989384
4224 0.989371
4228 0.989373
4232 0.989361
4236 0.989352
4240 0.989345
4244 0.989339
4248 0.989344
4252 0.989334
4256 0.989337
4260 0.989335
4264 0.989336
4268 0.989343
4272 0.989338
4276 0.989341
4280 0.989335
4284 0.989346
4288 0.98935
4292 0.989351
4296 0.989352
4300 0.989358
4304 0.989351
4308 0.989365
4312 0.989355
4316 0.989377
4320 0.989369
4324 0.989372
4328 0.989376
4332 0.989377
4336 0.989371
4340 0.989389
4344 0.989418
4348 0.989421
4352 0.989431
4356 0.989435
4360 0.989436
4364 0.989431
4368 0.989423
4372 0.989427
4376 0.989443
4380 0.98943
4384 0.989408
4388 0.989416
4392 0.989416
4396 0.989438
4400 0.989415
4404 0.989407
4408 0.98942
4412 0.989422
4416 0.989398
4420 0.989394
4424 0.98938
4428 0.989378
4432 0.98937
4436 0.989364
4440 0.989342
4444 0.989346
4448 0.989337
4452 0.989336
4456 0.989339
4460 0.989342
4464 0.989338
4468 0.989343
4472 0.989337
4476 0.989334
4480 0.989337
4484 0.989351
4488 0.989346
4492 0.98934
4496 0.989339
4500 0.989337
4504 0.989335
4508 0.989333
4512 0.989333
4516 0.989334
4520 0.989338
4524 0.989335
4528 0.989335
4532 0.98935
4536 0.989338
4540 0.989333
4544 0.989325
4548 0.989329
4552 0.989336
4556 0.989336
4560 0.989341
4564 0.989341
4568 0.989351
4572 0.989358
4576 0.989345
4580 0.989349
4584 0.98936
4588 0.989363
4592 0.98937
4596 0.989361
4600 0.989339
4604 0.989345
4608 0.989347
4612 0.989351
4616 0.989345
4620 0.989356
4624 0.989359
4628 0.98937
4632 0.989372
4636 0.989351
4640 0.989356
4644 0.989342
4648 0.989347
4652 0.989344
4656 0.989345
4660 0.989341
4664 0.989339
4668 0.989349
4672 0.989347
4676 0.989347
4680 0.989356
4684 0.989366
4688 0.989375
4692 0.989372
4696 0.98938
4700 0.989382
4704 0.989374
4708 0.989366
4712 0.989354
4716 0.989359
4720 0.989359
4724 0.989366
4728 0.989373
4732 0.989367
4736 0.989376
4740 0.98937
4744 0.989378
4748 0.989368
4752 0.989364
4756 0.989371
4760 0.989368
4764 0.989368
4768 0.989371
4772 0.989385
4776 0.989375
4780 0.989369
4784 0.989363
4788 0.989355
4792 0.989358
4796 0.989363
4800 0.989364
4804 0.989367
4808 0.989359
4812 0.989375
4816 0.989372
4820 0.989372
4824 0.989373
4828 0.989362
4832 0.989361
4836 0.989361
4840 0.989357
4844 0.989365
4848 0.98936
4852 0.989345
4856 0.989354
4860 0.989342
4864 0.989344
4868 0.98934
4872 0.989329
4876 0.989323
4880 0.989326
4884 0.989324
4888 0.989323
4892 0.989316
4896 0.98932
4900 0.989327
4904 0.989321
4908 0.989323
4912 0.989326
