0 -0.180186
1 -0.12234
2 0.256017
3 -0.121266
4 -0.193447
5 -0.442189
6 0.503779
7 0.533807
8 -0.021641
9 0.161865
10 0.226046
11 0.334995
12 -0.0762185
13 0.0221315
14 0.226434
15 0.426076
16 0.623593
17 -0.00718787
18 0.111659
19 0.330998
20 0.276327
21 0.448609
22 0.373301
23 -0.0670493
24 -0.157445
25 0.159262
26 0.0944757
27 0.404035
28 -0.356198
29 0.43376
30 0.201355
31 0.104721
32 0.512328
33 -0.387784
34 -0.0296513
35 -0.139063
36 0.059475
37 0.333205
38 0.262177
39 -0.187479
40 0.322929
41 0.573466
42 0.195694
43 0.436011
44 0.189268
45 -0.102338
46 0.0941388
47 -0.110826
48 0.252014
49 0.196426
50 -0.310818
51 0.362538
52 -0.383632
53 -1.13533
54 0.253843
55 0.506677
56 0.0866483
57 -0.141626
58 0.156519
59 -0.653473
60 -0.295211
61 0.0664017
62 -0.0265958
63 0.263523
64 0.306298
65 0.565799
66 0.463743
67 -0.676107
68 -0.460822
69 -1.00013
70 -0.736436
71 0.289898
72 0.373873
73 -0.184789
74 -0.241226
75 0.223314
76 0.241952
77 -0.38627
78 -0.0153501
79 0.641883
80 0.195461
81 0.361929
82 0.400337
83 0.150106
84 0.546618
85 -0.393247
86 0.0821582
87 0.38926
88 0.0559702
89 -0.280206
90 -0.175262
91 -0.251115
92 0.52284
93 0.368915
94 0.459424
95 0.190137
96 -0.00385758
97 0.245151
98 0.0981839
99 -1.30464
100 -0.230505
101 0.544961
102 0.223072
103 -0.186432
104 -0.530123
105 -0.124837
106 0.204484
107 0.411467
108 0.135479
109 0.511211
110 0.584754
111 -0.0577922
112 -0.309376
113 -0.407906
114 -0.304686
115 -0.0081617
116 0.185113
117 -0.758655
118 0.432158
119 -0.286088
120 -0.0327051
121 0.0828386
122 0.0304998
123 -0.421629
124 0.110661
125 -0.4469
126 0.613536
127 0.404497
128 0.483084
129 0.320914
130 0.419643
131 0.192661
132 0.278345
133 0.144989
134 -0.647176
135 0.057032
136 0.37538
137 -0.162017
138 0.240244
139 0.231493
140 0.505775
141 0.116044
142 0.585652
143 0.329706
144 0.220304
145 0.224457
146 0.25808
147 0.126811
148 -0.230855
149 0.16372
150 -0.0049358
151 0.175207
152 0.39927
153 0.0736978
154 0.165495
155 0.415071
156 0.737779
157 0.176325
158 0.658723
159 -0.35815
160 0.244866
161 0.599764
162 0.552201
163 0.0123116
164 0.289855
165 -0.359432
166 0.480687
167 0.344254
168 0.53647
169 0.111968
170 0.0865874
171 0.518787
172 0.381854
173 -0.119211
174 0.48025
175 0.582821
176 0.318234
177 -0.116406
178 0.116033
179 0.354568
180 0.185039
181 0.392718
182 0.372459
183 -0.28653
184 -0.6252
185 -0.401814
186 -0.496801
187 -1.49508
188 0.306795
189 -0.332413
190 -0.427777
191 0.235934
192 0.400773
193 -0.00437542
194 0.442142
195 0.395175
196 -0.0931762
197 0.371071
198 0.280878
199 0.0411933
200 -0.0472826
201 0.0748414
202 -0.479152
203 0.206065
204 -0.14667
205 0.141935
206 -0.151352
207 -0.311992
208 0.275263
209 -0.24266
210 0.160795
211 0.327847
212 0.147567
213 0.491307
214 0.278049
215 -0.241956
216 0.455379
217 0.0202957
218 0.16933
219 -0.472556
220 0.269144
221 -0.113004
222 0.0931915
223 0.297983
224 0.374715
225 0.272866
226 0.0471271
227 0.0840834
228 0.371269
229 0.238363
230 -0.422884
231 -0.471864
232 -0.0469329
233 0.125004
234 0.285801
235 0.403749
236 0.312168
237 0.25868
238 -0.080657
239 0.32114
240 0.0816836
241 -0.124437
242 0.241204
243 0.457123
244 -0.574943
245 -0.469194
246 0.506226
247 0.27103
248 0.185007
249 0.158916
250 0.454363
251 0.81777
252 0.528214
253 0.138541
254 0.37121
255 -0.0232775
256 -0.0417878
257 -0.475987
258 -0.157515
259 0.0750192
260 0.0393022
261 0.541269
262 -0.0212132
263 0.121914
264 -0.449816
265 0.198841
266 -0.118531
267 0.331049
268 0.188491
269 0.336186
270 0.477223
271 -0.116384
272 -0.0548954
273 0.0562713
274 0.242922
275 0.196619
276 -0.384232
277 -0.39151
278 -0.804685
279 -0.281041
280 -0.542587
281 -0.179035
282 -0.272892
283 0.169831
284 0.316895
285 0.153393
286 0.209997
287 -0.0974843
288 -0.625493
289 -0.128145
290 0.0506855
291 0.408818
292 0.208437
293 0.0757474
294 -0.62162
295 0.255402
296 0.533028
297 0.389069
298 0.404706
299 0.0576105
300 0.296422
301 0.207413
302 0.474691
303 0.308753
304 0.375362
305 0.353329
306 0.327621
307 0.154709
308 -0.0787649
309 0.145902
310 -0.411206
311 -0.351263
312 0.162209
313 0.495735
314 0.528123
315 0.144257
316 0.19442
317 0.120996
318 0.25711
319 -0.0412436
320 -0.0936695
321 0.397739
322 0.547707
323 0.301792
324 0.00015564
325 0.148793
326 0.56161
327 0.0945933
328 0.0229566
329 0.361263
330 0.460672
331 0.277811
332 -0.115754
333 0.396606
334 -0.0294794
335 0.523098
336 0.0819783
337 0.310951
338 -0.128461
339 0.237214
340 0.378015
341 -0.548773
342 -0.0487771
343 -0.14069
344 0.198653
345 0.652766
346 0.290777
347 0.264288
348 0.543476
349 -0.30028
350 -0.45932
351 0.499687
352 -0.0124662
353 -0.111468
354 0.451256
355 0.0629702
356 0.192689
357 0.281418
358 0.44027
359 0.522327
360 0.41424
361 0.0832203
362 0.31055
363 -0.410343
364 0.439949
365 -0.267968
366 -0.0507489
367 0.394572
368 0.127271
369 -0.228443
370 -0.225124
371 0.48299
372 0.552905
373 -0.0678998
374 -0.100606
375 -0.657124
376 0.158587
377 0.530398
378 0.423727
379 -0.431797
380 0.195493
381 0.263019
382 0.293658
383 -0.781772
384 -0.0391994
385 -0.508855
386 -0.501816
387 0.451603
388 0.302535
389 -0.345929
390 0.365139
391 0.653068
392 0.589277
393 0.580904
394 0.2989
395 0.142373
396 0.472648
397 -0.171589
398 0.508008
399 -0.0880733
400 0.455202
