0 0.0347548
1 0.23322
2 0.390585
3 0.161886
4 0.380949
5 0.316852
6 0.44533
7 0.354816
8 0.33773
9 0.203659
10 0.226396
11 -0.000273057
12 0.0706082
13 -0.0744174
14 -0.126472
15 -0.0870576
16 -0.219958
17 -0.947722
18 -0.796965
19 -0.491219
20 -0.207548
21 -0.353152
22 -0.233581
23 -0.333246
24 -0.456263
25 -0.493698
26 0.101784
27 -0.118505
28 0.196648
29 0.123276
30 0.0134082
31 0.0926235
32 0.143661
33 0.0403674
34 0.201999
35 0.414771
36 0.370955
37 0.471606
38 0.405744
39 0.287824
40 0.292666
41 0.269981
42 0.198441
43 -0.000422136
44 0.238556
45 0.201701
46 0.180931
47 0.410876
48 0.330356
49 0.226927
50 0.263289
51 0.222487
52 0.387736
53 0.422286
54 0.336391
55 0.403987
56 0.369837
57 0.245098
58 0.279039
59 0.210057
60 0.347048
61 0.46196
62 0.362155
63 0.485132
64 0.413215
65 0.493291
66 0.349035
67 0.290588
68 0.420245
69 0.462665
70 0.418173
71 0.208204
72 0.0767587
73 0.297469
74 0.378929
75 0.286408
76 0.135121
77 0.12522
78 0.171125
79 -0.0291224
80 0.151125
81 0.0578257
82 0.0248565
83 0.00866811
84 0.13988
85 -0.0483731
86 0.0806189
87 0.0258846
88 0.119939
89 0.387487
90 0.474839
91 0.576361
92 0.557251
93 0.644857
94 0.562312
95 0.663364
96 0.624939
97 0.656665
98 0.775688
99 0.686625
100 0.628045
101 0.617662
102 0.526202
103 0.410248
104 0.496195
105 0.423276
106 0.152622
107 0.442529
108 0.528577
109 0.681764
110 0.679389
111 0.70913
112 0.706356
113 0.619511
114 0.595714
115 0.637658
116 0.619878
117 0.60493
118 0.772749
119 0.628161
120 0.693794
121 0.652169
122 0.505224
123 0.24625
124 0.322962
125 0.515364
126 0.592583
127 0.330603
128 0.36801
129 0.166359
130 0.339927
131 0.0997339
132 0.259799
133 0.387739
134 0.3494
135 0.347705
136 0.484622
137 0.424244
138 0.258157
139 0.206073
140 0.167434
141 0.10874
142 -0.120395
143 0.182768
144 0.154425
145 0.327699
146 0.220347
147 -0.139335
148 0.180889
149 0.31308
150 0.302128
151 0.420432
152 0.198528
153 0.317105
154 0.344341
155 0.280119
156 0.302548
157 -0.0754036
158 0.147759
159 0.107258
160 0.0319682
161 0.0911776
162 -0.00283946
163 0.0583895
164 0.00140517
165 0.17342
166 0.109881
167 0.0720734
168 -0.0289696
169 -0.116356
170 -0.29526
171 -0.297952
172 -0.344722
173 -0.386604
174 -0.295386
175 -0.197525
176 -0.179387
177 -0.367915
178 -0.402125
179 -0.42851
180 -0.381656
181 -0.735057
182 -0.990825
183 -0.966036
184 -1.19646
185 -1.09221
186 -0.913485
187 -0.964512
188 -0.66403
189 -0.453055
190 -0.330959
191 -0.524759
192 -0.641025
193 -0.506381
194 -0.294935
195 -0.222434
196 -0.145647
197 -0.847841
198 -0.58509
199 -1.07937
200 -0.789513
201 -0.693619
202 -0.627557
203 -0.463443
204 -0.890867
205 -0.35346
206 -0.405595
207 -0.132155
208 -0.448451
209 -0.348658
210 -0.377671
211 -0.190315
212 -0.00712276
213 0.194804
214 0.358885
215 0.234514
216 0.201301
217 0.358101
218 0.342412
219 0.461715
220 0.362813
221 0.401836
222 0.4736
223 0.395654
224 0.464672
225 0.409968
226 0.425116
227 0.27417
228 0.253537
229 0.402931
230 0.398343
231 0.268788
232 0.31831
233 0.149551
234 0.177572
235 0.166807
236 0.128242
237 0.0589142
238 -0.0015756
239 -0.0109348
240 -0.10139
241 -0.122542
242 -0.112266
243 -0.144875
244 -0.295251
245 -0.186716
246 -0.187016
247 -0.252037
248 -0.161894
249 0.00998433
250 0.29632
251 0.268226
252 0.383091
253 0.501321
254 0.450453
255 0.469
256 0.372112
257 0.266777
258 0.335152
259 0.377728
260 0.42729
261 0.41385
262 0.392559
263 0.568974
264 0.55603
265 0.633314
266 0.633342
267 0.731253
268 0.605562
269 0.644224
270 0.703408
271 0.764505
272 0.759587
273 0.685342
274 0.726979
275 0.691088
276 0.725101
277 0.665815
278 0.70432
279 0.684769
280 0.633699
281 0.52817
282 0.55022
283 0.50269
284 0.573739
285 0.473889
286 0.437107
287 0.492069
288 0.348839
289 0.339425
290 0.21822
291 0.179474
292 0.157414
293 0.422175
294 0.199856
295 0.133781
296 0.0848249
297 0.069455
298 -0.0281539
299 0.188998
300 0.19533
301 0.203244
302 0.266398
303 0.327218
304 0.339974
305 0.384422
306 0.378133
307 0.294232
308 0.312856
309 0.399379
310 0.288628
311 0.292981
312 0.177028
313 0.186916
314 0.305406
315 0.400427
316 0.300021
317 0.212229
318 0.368905
319 0.315913
320 0.234608
321 0.328948
322 0.0992283
323 0.142749
324 0.0605872
325 0.0332734
326 0.100672
327 -0.0346537
328 -0.221902
329 -0.146001
330 -0.306309
331 -0.0409848
332 -0.0160622
333 -0.120152
334 0.0653969
335 0.13396
336 0.153575
337 -0.0755837
338 -0.326127
339 -0.121322
340 -0.160896
341 0.0973264
342 0.0827996
343 0.160841
344 0.0703895
345 0.194366
346 0.244224
347 0.125755
348 0.336853
349 0.455212
350 0.523331
351 0.557586
352 0.546976
353 0.571107
354 0.483115
355 0.484231
356 0.518958
357 0.360241
358 0.303916
359 0.329983
360 0.147329
361 0.130479
362 0.185542
363 0.0934681
364 0.128405
365 0.368817
366 0.38151
367 0.317908
368 0.258083
369 0.328482
370 0.355988
371 0.403176
372 0.360119
373 0.303064
374 0.276962
375 0.342446
376 0.399243
377 0.494572
378 0.406085
379 0.454431
380 0.397412
381 0.403314
382 0.25018
383 0.463394
384 0.341499
385 0.218524
386 0.252062
387 0.129249
388 0.119223
389 0.206776
390 0.256098
391 0.289756
392 0.22139
393 0.455714
394 0.383218
395 0.373243
396 0.357588
397 0.270254
398 0.383953
399 0.486216
400 0.524206
