0 -0.573632
1 0.18926
2 0.321906
3 0.546481
4 -0.11865
5 -0.128556
6 0.152284
7 0.171507
8 0.0442119
9 0.445502
10 0.297869
11 0.275641
12 0.117269
13 0.673246
14 0.217011
15 0.0828509
16 0.263747
17 0.562692
18 0.443118
19 -0.0103021
20 -0.0520408
21 0.0831297
22 -1.00828
23 0.109349
24 -0.182971
25 -0.134767
26 0.352766
27 -0.173799
28 0.303551
29 0.383638
30 -0.158291
31 0.336215
32 0.273919
33 0.225938
34 0.222113
35 0.274602
36 0.552048
37 -0.153796
38 0.218646
39 0.156848
40 0.106129
41 0.16394
42 0.377186
43 -0.334057
44 0.390376
45 0.444793
46 0.216104
47 0.422512
48 0.104757
49 0.130476
50 0.311413
51 -0.434641
52 0.044006
53 0.249342
54 -0.000733257
55 -0.927476
56 0.0217888
57 0.510089
58 -0.528999
59 0.103378
60 0.102647
61 -0.113306
62 0.22212
63 0.285072
64 0.196348
65 -0.043114
66 0.129335
67 0.361773
68 0.340667
69 -0.11326
70 0.122815
71 0.252989
72 0.0778459
73 0.531146
74 -0.572663
75 -0.366994
76 0.365563
77 -0.183815
78 0.0541199
79 -0.647708
80 0.250294
81 -0.156445
82 0.468818
83 0.341024
84 -0.0185533
85 0.207945
86 -0.07479
87 -0.495808
88 0.383552
89 0.333755
90 -0.293143
91 0.0001602
92 0.526564
93 0.526077
94 0.261392
95 0.542506
96 0.48091
97 0.333987
98 -0.0666452
99 -0.0686514
100 0.598033
101 -0.46138
102 0.14567
103 -0.548934
104 0.395531
105 0.472609
106 0.0333144
107 0.391342
108 -0.0967434
109 -0.0861466
110 0.371913
111 0.354165
112 0.537063
113 0.51158
114 0.547376
115 -0.499696
116 -0.377422
117 0.400453
118 -0.190549
119 0.357005
120 -0.590237
121 0.156928
122 0.198958
123 -0.394018
124 0.462224
125 0.316534
126 0.328105
127 -0.00989749
128 -0.973117
129 0.128061
130 0.413671
131 -0.140293
132 0.0480545
133 -0.899859
134 0.293051
135 0.31055
136 -0.120013
137 0.350793
138 -0.457362
139 0.331149
140 0.482464
141 -0.0394449
142 0.349475
143 0.290166
144 0.182877
145 0.0329921
146 0.355106
147 0.230619
148 -0.0419864
149 0.0147165
150 0.221761
151 0.385841
152 -0.182483
153 0.391971
154 0.0352761
155 0.128534
156 0.0596708
157 0.177693
158 0.358715
159 0.43336
160 -0.177827
161 0.314725
162 -0.161135
163 -0.797905
164 -0.774093
165 0.126925
166 0.536381
167 -1.16593
168 -0.0649303
169 -0.699875
170 0.457399
171 -0.0930711
172 -0.417822
173 -0.602753
174 -0.372052
175 0.459563
176 0.236112
177 0.580703
178 -0.265292
179 0.408578
180 0.511803
181 0.428305
182 0.296643
183 0.484688
184 -0.0252877
185 -0.496982
186 -0.0383328
187 0.0982244
188 0.481354
189 0.232734
190 0.199091
191 0.0839969
192 0.556125
193 0.130887
194 0.214485
195 0.0580983
196 0.284246
197 0.251744
198 -0.0052065
199 0.378063
200 0.338374
201 -0.831611
202 0.218844
203 0.078098
204 -0.435215
205 0.106358
206 0.487481
207 0.0691737
208 0.402783
209 -0.0406579
210 0.215
211 -0.345687
212 0.306354
213 0.200451
214 -0.252351
215 -0.695916
216 0.533869
217 -0.338244
218 -0.244344
219 -0.439723
220 -0.193264
221 0.326151
222 -0.0162293
223 0.352557
224 0.343592
225 -0.890383
226 0.078622
227 0.358521
228 -0.177422
229 0.204394
230 0.254437
231 -0.0478524
232 0.404582
233 0.137687
234 -0.274144
235 0.149853
236 -0.118606
237 0.557558
238 0.378178
239 0.343865
240 0.0110721
241 -0.0153908
242 0.0657278
243 -0.124467
244 0.342085
245 0.506344
246 -1.76538
247 0.593642
248 0.0102527
249 0.328538
250 0.431787
251 -0.403035
252 -0.237543
253 -0.103023
254 0.257531
255 0.449323
256 0.0829772
257 -0.687693
258 0.050106
259 -0.0756959
260 0.404207
261 -0.198953
262 0.105071
263 0.102143
264 0.148344
265 0.442868
266 0.11479
267 0.641804
268 -0.587682
269 0.655411
270 -0.422205
271 0.380668
272 0.242676
273 -0.307435
274 -0.0632974
275 0.103606
276 0.46433
277 0.546899
278 -0.305872
279 0.540319
280 0.195916
281 0.0458002
282 0.148702
283 0.538271
284 -0.0721785
285 0.254207
286 0.507592
287 0.271189
288 0.0385655
289 0.15503
290 0.0288071
291 -0.222942
292 0.334306
293 -0.0660328
294 0.0859775
295 0.295227
296 -0.095334
297 -0.758444
298 0.311814
299 -0.0879644
300 0.243685
301 0.315776
302 0.222609
303 -0.481282
304 -0.0073391
305 0.203959
306 0.657787
307 -0.352946
308 -0.906111
309 0.447757
310 0.0952041
311 0.468236
312 0.253747
313 -1.42945
314 -0.187456
315 0.519101
316 0.511028
317 -0.285526
318 0.245863
319 0.105815
320 -0.147293
321 0.375346
322 0.0114857
323 0.466098
324 0.29559
325 -0.245124
326 0.0400679
327 0.653283
328 -0.35022
329 0.211195
330 0.322877
331 -0.302998
332 0.31856
333 0.36295
334 0.162087
335 0.499
336 -0.558083
337 -0.36526
338 0.500738
339 0.555969
340 0.393369
341 0.351879
342 0.429702
343 0.150114
344 0.164176
345 0.489935
346 -0.349526
347 0.220263
348 0.112073
349 0.546573
350 -0.399263
351 0.216841
352 0.432318
353 0.206891
354 0.49891
355 -0.424881
356 0.370581
357 -0.910647
358 -0.188477
359 -0.0326416
360 -0.84909
361 0.210738
362 0.378596
363 0.16014
364 0.41586
365 -0.431044
366 0.351391
367 0.224688
368 0.293321
369 0.473409
370 0.157795
371 0.0330448
372 0.324616
373 0.338101
374 -0.21015
375 0.178402
376 0.336822
377 -0.225823
378 0.0496271
379 -0.81046
380 0.56993
381 -1.03661
382 0.287288
383 -0.302804
384 -0.121202
385 0.368902
386 0.229632
387 0.194592
388 0.0622873
389 0.32211
390 0.0577947
391 0.184143
392 0.111764
393 -0.00330789
394 0.337231
395 -0.341333
396 0.372996
397 0.349353
398 -0.0796769
399 0.449768
400 0.434904
