0 0.302841
1 0.21394
2 0.376556
3 0.36059
4 0.372906
5 0.124142
6 0.225856
7 0.10875
8 -0.10003
9 -0.100154
10 0.0881619
11 0.191566
12 0.244037
13 0.374418
14 0.326037
15 0.450732
16 0.356404
17 0.374487
18 0.449618
19 0.438451
20 0.335481
21 0.22558
22 0.376232
23 0.440141
24 0.32186
25 0.377613
26 0.380393
27 0.372206
28 0.350386
29 0.430276
30 0.480309
31 0.373731
32 0.446808
33 0.50801
34 0.464661
35 0.319136
36 0.124406
37 0.303805
38 0.348052
39 0.302801
40 0.283939
41 0.14909
42 0.245757
43 0.317795
44 0.22685
45 0.152742
46 0.0700667
47 0.0191613
48 0.0428558
49 0.0225853
50 -0.0521673
51 -0.0810533
52 -0.0555386
53 -0.0551598
54 -0.15825
55 -0.0531337
56 -0.0273272
57 -0.00105311
58 0.00623318
59 -0.113609
60 -0.0723145
61 -0.170008
62 -0.10841
63 -0.0321869
64 -0.274146
65 -0.144871
66 -0.137177
67 -0.0670889
68 -0.0712648
69 -0.0543407
70 -0.0423047
71 -0.210725
72 -0.0608819
73 0.0551683
74 0.0531176
75 0.0490459
76 -0.0359809
77 0.0279469
78 0.0939509
79 0.0621383
80 0.135519
81 0.0486095
82 0.212803
83 0.248208
84 0.164265
85 0.170017
86 0.126935
87 0.14076
88 0.23038
89 0.200435
90 0.242371
91 0.171964
92 0.172391
93 0.108798
94 0.214718
95 0.138401
96 0.171624
97 0.143235
98 0.073269
99 0.0864985
100 0.137763
101 0.106035
102 0.117732
103 0.173585
104 0.136953
105 0.0976273
106 0.149502
107 0.148146
108 0.207031
109 0.208905
110 0.234111
111 0.220295
112 0.181949
113 0.219906
114 0.220103
115 0.280434
116 0.26661
117 0.239343
118 0.207415
119 0.223891
120 0.180642
121 0.216916
122 0.222638
123 0.23974
124 0.284113
125 0.211976
126 0.209407
127 0.243205
128 0.1845
129 0.229378
130 0.239576
131 0.206594
132 0.308213
133 0.295768
134 0.27609
135 0.305982
136 0.321135
137 0.340115
138 0.298593
139 0.337673
140 0.354655
141 0.308421
142 0.303038
143 0.361414
144 0.340625
145 0.309493
146 0.315867
147 0.306527
148 0.300828
149 0.283593
150 0.290143
151 0.268635
152 0.256869
153 0.246986
154 0.274283
155 0.346864
156 0.291237
157 0.263446
158 0.219965
159 0.275018
160 0.186534
161 0.235011
162 0.261577
163 0.26619
164 0.279727
165 0.313522
166 0.30252
167 0.358786
168 0.333619
169 0.318115
170 0.282794
171 0.249
172 0.216912
173 0.181831
174 0.196149
175 0.142463
176 0.152183
177 0.115012
178 0.0800454
179 0.085519
180 0.0810905
181 0.0368838
182 0.0402539
183 0.0696436
184 0.0894817
185 0.0772214
186 0.0954549
187 0.111298
188 0.0538652
189 0.0329884
190 0.0159277
191 -0.00555862
192 -0.122835
193 -0.123268
194 -0.177116
195 -0.157577
196 -0.221361
197 -0.117325
198 -0.0880575
199 -0.0528733
200 -0.0934129
201 -0.0756778
202 -0.0295529
203 -0.0233108
204 -0.0278675
205 -0.0374437
206 -0.0413435
207 -0.0383164
208 -0.0668921
209 -0.0797172
210 -0.0914704
211 -0.032524
212 -0.0568668
213 0.000650725
214 0.0309724
215 0.0324377
216 0.029463
217 0.0510574
218 0.0511424
219 0.08372
220 0.0464767
221 0.036512
222 0.0399854
223 0.0793617
224 0.13103
225 0.125711
226 0.165631
227 0.124274
228 0.0879949
229 0.0581345
230 0.0694336
231 0.0666037
232 0.0829699
233 0.108934
234 0.140139
235 0.184145
236 0.14991
237 0.126052
238 0.124099
239 0.107994
240 0.140615
241 0.185086
242 0.178795
243 0.223511
244 0.214476
245 0.213561
246 0.134627
247 0.156799
248 0.156856
249 0.171992
250 0.188397
251 0.189404
252 0.201522
253 0.23175
254 0.297572
255 0.243166
256 0.175823
257 0.142561
258 0.189628
259 0.17493
260 0.194258
261 0.19786
262 0.193174
263 0.187587
264 0.1978
265 0.178786
266 0.182684
267 0.217838
268 0.196989
269 0.245167
270 0.250117
271 0.255879
272 0.276252
273 0.229859
274 0.255856
275 0.250413
276 0.268201
277 0.266518
278 0.274497
279 0.241763
280 0.218295
281 0.241729
282 0.25218
283 0.228043
284 0.205016
285 0.144958
286 0.166301
287 0.115355
288 0.111937
289 0.138251
290 0.183957
291 0.225852
292 0.229624
293 0.278683
294 0.284414
295 0.246323
296 0.259045
297 0.260963
298 0.291794
299 0.231119
300 0.257576
301 0.28157
302 0.337059
303 0.336526
304 0.341238
305 0.328666
306 0.328409
307 0.361281
308 0.365936
309 0.34821
310 0.316627
311 0.302087
312 0.295073
313 0.25927
314 0.216937
315 0.228749
316 0.232323
317 0.264049
318 0.321141
319 0.297287
320 0.29644
321 0.280377
322 0.298228
323 0.293969
324 0.358656
325 0.365653
326 0.348789
327 0.384451
328 0.401444
329 0.43697
330 0.423207
331 0.437811
332 0.434288
333 0.411643
334 0.422569
335 0.4433
336 0.437836
337 0.42986
338 0.414906
339 0.451628
340 0.438296
341 0.44449
342 0.446136
343 0.446433
344 0.445122
345 0.469769
346 0.48083
347 0.490263
348 0.505326
349 0.477774
350 0.521257
351 0.483424
352 0.465101
353 0.463043
354 0.478574
355 0.477537
356 0.483174
357 0.48279
358 0.471706
359 0.437205
360 0.432998
361 0.455087
362 0.446436
363 0.464829
364 0.481392
365 0.495194
366 0.484349
367 0.498683
368 0.49058
369 0.477843
370 0.475447
371 0.438293
372 0.486419
373 0.504928
374 0.476353
375 0.478116
376 0.489533
377 0.474013
378 0.479213
379 0.491665
380 0.49687
381 0.487339
382 0.498083
383 0.49982
384 0.528598
385 0.524525
386 0.532922
387 0.534611
388 0.539963
389 0.564027
390 0.598
391 0.59559
392 0.588624
393 0.578355
394 0.567735
395 0.551166
396 0.550558
397 0.560195
398 0.578597
399 0.551513
400 0.544061
