0 0.305525
1 0.606255
2 0.41575
3 0.414165
4 0.367059
5 0.527763
6 0.49106
7 0.292304
8 0.0603554
9 -0.246029
10 0.419513
11 0.368881
12 0.0853242
13 0.370952
14 0.363845
15 0.141895
16 0.125427
17 -1.33645
18 -0.9373
19 0.241819
20 0.0320085
21 0.0384038
22 0.201047
23 -0.180302
24 -0.174059
25 -0.310757
26 -0.321724
27 -0.391848
28 -0.297059
29 -0.54487
30 -0.041417
31 -0.0857544
32 0.181518
33 0.286914
34 0.337985
35 0.0542708
36 -0.0274105
37 -0.215814
38 -0.0203905
39 0.263785
40 -0.0173383
41 -0.627045
42 -0.545994
43 -0.905508
44 -0.348761
45 -0.0661276
46 0.21808
47 0.161397
48 0.33903
49 0.0347546
50 -0.390326
51 -0.55865
52 -1.12578
53 -0.353911
54 -0.932067
55 -0.336304
56 -0.381656
57 -0.0844665
58 -0.0241587
59 -0.0819998
60 0.33897
61 0.467785
62 -0.127841
63 -0.00694461
64 -0.0170025
65 0.0505496
66 -0.291607
67 -1.35678
68 -0.522269
69 0.557962
70 0.425104
71 0.39843
72 0.374313
73 0.250997
74 0.281609
75 -0.820507
76 0.131912
77 0.2748
78 0.529201
79 0.504327
80 0.1596
81 0.329708
82 0.41691
83 -0.0597176
84 0.217926
85 0.386504
86 0.16459
87 -0.0649281
88 0.0344931
89 -0.251547
90 0.0575328
91 0.0334194
92 -0.171844
93 -0.186306
94 0.224122
95 0.33436
96 0.146128
97 0.0879113
98 0.623825
99 0.338668
100 0.426407
101 0.221035
102 0.465608
103 0.370142
104 0.376317
105 0.568425
106 0.398146
107 0.493536
108 -0.047548
109 0.317945
110 0.301276
111 -0.562662
112 0.111989
113 0.614273
114 0.347595
115 0.542466
116 0.36073
117 0.025898
118 0.0472375
119 0.100233
120 0.359805
121 -0.0931947
122 0.164409
123 0.120596
124 -0.283544
125 0.020695
126 0.309194
127 0.409435
128 0.425732
129 0.251841
130 0.214985
131 0.673101
132 0.598487
133 0.55276
134 0.422158
135 -0.421511
136 -0.560418
137 0.140986
138 -0.146078
139 0.00971176
140 0.274434
141 0.281448
142 0.114359
143 -0.130411
144 -0.0168184
145 -0.0388611
146 0.196935
147 0.3753
148 0.536349
149 0.504006
150 0.407425
151 0.543774
152 0.457752
153 0.433254
154 0.0257839
155 0.0446709
156 0.217851
157 0.272517
158 0.437797
159 0.413304
160 0.5721
161 -0.0289493
162 -0.24122
163 0.3146
164 -0.0430395
165 0.0213445
166 0.628016
167 0.584475
168 0.554836
169 0.315401
170 0.465782
171 0.259672
172 0.453512
173 0.442136
174 0.398616
175 0.172678
176 0.192753
177 0.420349
178 0.391741
179 0.38666
180 0.111176
181 0.314605
182 0.158016
183 0.236851
184 -0.225088
185 -0.598858
186 -0.599002
187 -0.154819
188 0.0709449
189 -0.0712457
190 0.299296
191 -0.136491
192 -0.161129
193 -0.180362
194 0.180675
195 -0.228089
196 -0.716997
197 -0.216751
198 -0.206049
199 -0.481736
200 -0.478018
201 -0.0500267
202 -0.062591
203 0.356205
204 -0.366302
205 -0.0673991
206 0.359875
207 0.364103
208 0.465107
209 0.202608
210 -0.627933
211 -0.819668
212 -0.304659
213 0.0580509
214 0.0959532
215 0.458905
216 0.528532
217 0.453045
218 0.448699
219 0.597604
220 0.57672
221 0.553996
222 0.31022
223 0.302614
224 0.0347788
225 -0.0598245
226 0.619308
227 0.506189
228 0.528071
229 0.371319
230 0.372831
231 0.261072
232 0.701979
233 0.4836
234 0.592549
235 0.458629
236 0.600863
237 0.328157
238 0.269281
239 0.255598
240 0.182538
241 0.0838887
242 0.324855
243 0.225719
244 -0.305688
245 -0.20583
246 0.107889
247 -0.354535
248 -0.359742
249 0.271987
250 0.342006
251 -0.178357
252 -0.561595
253 -0.195164
254 0.333136
255 0.165237
256 0.360292
257 0.345564
258 0.639755
259 0.380272
260 0.240288
261 0.097562
262 0.142286
263 -0.0258532
264 -0.492977
265 -0.0139243
266 0.387607
267 0.0729975
268 0.10674
269 0.352419
270 0.257474
271 0.236138
272 0.211883
273 0.367815
274 -0.10027
275 0.154014
276 0.0232767
277 -0.120124
278 -0.192531
279 -0.135773
280 0.062492
281 0.214345
282 0.18341
283 0.298723
284 0.16469
285 -0.0486769
286 0.339845
287 0.658458
288 0.456061
289 0.486585
290 0.365616
291 0.633572
292 0.625795
293 0.382632
294 0.545759
295 -0.229237
296 0.00495606
297 0.268382
298 -0.474521
299 -0.0208722
300 -0.338747
301 0.246019
302 -0.114589
303 -0.764259
304 -0.430492
305 -0.216773
306 0.112575
307 0.366423
308 0.408613
309 0.0240522
310 0.22788
311 0.421463
312 -0.0102332
313 0.201107
314 0.535237
315 0.508381
316 0.203556
317 0.325895
318 0.299802
319 0.481791
320 0.128777
321 0.2211
322 0.469785
323 0.580469
324 0.490308
325 0.247749
326 -0.268896
327 0.0555668
328 0.165544
329 -0.424376
330 -0.49423
331 -0.0746278
332 0.00285603
333 -0.419846
334 0.144239
335 0.454868
336 0.645404
337 0.163521
338 -0.0593008
339 0.134797
340 0.145994
341 -0.37738
342 -1.04302
343 -0.974794
344 -0.0776518
345 0.3603
346 0.167599
347 0.448846
348 0.601266
349 0.45911
350 0.52232
351 0.457118
352 0.570767
353 0.196297
354 0.419484
355 0.271321
356 0.435176
357 0.455143
358 -0.0470895
359 -0.767142
360 -0.216642
361 0.274435
362 0.36484
363 0.309298
364 0.141371
365 0.39935
366 0.220665
367 0.0284536
368 -0.0379615
369 0.14276
370 -0.0167836
371 0.0131316
372 0.199899
373 0.605249
374 0.458695
375 0.637233
376 0.391352
377 0.298772
378 -0.136413
379 -0.314101
380 0.0963754
381 0.661453
382 0.399506
383 0.222401
384 -0.348828
385 -0.375859
386 -0.038088
387 -0.0350318
388 0.115294
389 0.0760297
390 0.0737892
391 0.241052
392 0.322399
393 0.088129
394 0.132553
395 0.108801
396 0.381583
397 0.326248
398 -0.674106
399 -0.0988774
400 -0.0153705
