0 0.0993553
4 -0.133212
8 -0.16594
12 -0.221368
16 -0.279568
20 -0.307812
24 -0.291901
28 -0.274013
32 -0.307644
36 -0.312784
40 -0.313359
44 -0.268385
48 -0.252333
52 -0.234292
56 -0.227331
60 -0.212756
64 -0.170543
68 -0.14559
72 -0.116056
76 -0.0841984
80 -0.0684204
84 -0.0477075
88 -0.0389869
92 -0.0237903
96 -0.0201758
100 0.00816215
104 0.0274889
108 0.0571236
112 0.0765814
116 0.0948506
120 0.109744
124 0.124057
128 0.135578
132 0.147273
136 0.143925
140 0.152156
144 0.151339
148 0.157309
152 0.170138
156 0.18412
160 0.200225
164 0.215461
168 0.235304
172 0.241625
176 0.247037
180 0.252087
184 0.262046
188 0.267912
192 0.274191
196 0.283878
200 0.291335
204 0.291096
208 0.298483
212 0.300055
216 0.297321
220 0.296998
224 0.301224
228 0.30281
232 0.303205
236 0.308578
240 0.307992
244 0.304931
248 0.312204
252 0.317146
256 0.316604
260 0.317329
264 0.321633
268 0.326438
272 0.332733
276 0.334567
280 0.340892
284 0.349937
288 0.361748
292 0.362897
296 0.36659
300 0.369112
304 0.377218
308 0.383807
312 0.391398
316 0.395203
320 0.403996
324 0.39944
328 0.401719
332 0.404182
336 0.409235
340 0.412828
344 0.412611
348 0.417597
352 0.420169
356 0.421245
360 0.423337
364 0.424468
368 0.425099
372 0.424352
376 0.429888
380 0.43396
384 0.440177
388 0.444563
392 0.443526
396 0.44721
400 0.449651
404 0.451836
408 0.453076
412 0.457619
416 0.455659
420 0.460443
424 0.465251
428 0.467852
432 0.472581
436 0.477925
440 0.477435
444 0.477086
448 0.477753
452 0.48374
456 0.488287
460 0.491036
464 0.491238
468 0.493627
472 0.499358
476 0.502302
480 0.502848
484 0.507628
488 0.510239
492 0.512807
496 0.514342
500 0.512419
504 0.515059
508 0.519343
512 0.521625
516 0.524578
520 0.525373
524 0.529547
528 0.531817
532 0.53366
536 0.536358
540 0.536369
544 0.53982
548 0.544063
552 0.547811
556 0.54951
560 0.552468
564 0.555649
568 0.55711
572 0.563103
576 0.567243
580 0.569301
584 0.574881
588 0.576376
592 0.57901
596 0.580975
600 0.580528
604 0.583048
608 0.585864
612 0.591056
616 0.59152
620 0.593103
624 0.596781
628 0.596564
632 0.59651
636 0.599349
640 0.600372
644 0.60398
648 0.604687
652 0.604991
656 0.607359
660 0.610817
664 0.61265
668 0.61266
672 0.611277
676 0.615648
680 0.617385
684 0.619792
688 0.620018
692 0.624313
696 0.626793
700 0.627299
704 0.630793
708 0.631978
712 0.63397
716 0.635101
720 0.638427
724 0.639064
728 0.642481
732 0.643635
736 0.644751
740 0.645246
744 0.647278
748 0.648025
752 0.650614
756 0.65205
760 0.65277
764 0.654634
768 0.657933
772 0.660696
776 0.662638
780 0.664488
784 0.668465
788 0.671082
792 0.670438
796 0.673127
800 0.676002
804 0.674857
808 0.678057
812 0.679454
816 0.683168
820 0.684515
824 0.687758
828 0.690572
832 0.692949
836 0.695119
840 0.696213
844 0.69965
848 0.700664
852 0.701011
856 0.700986
860 0.702346
864 0.705544
868 0.707594
872 0.710752
876 0.712779
880 0.714956
884 0.716192
888 0.71788
892 0.721157
896 0.72333
900 0.724774
904 0.728403
908 0.730415
912 0.730982
916 0.731531
920 0.733518
924 0.733228
928 0.734067
932 0.733996
936 0.733018
940 0.73366
944 0.7375
948 0.738451
952 0.741205
956 0.743401
960 0.745207
964 0.746341
968 0.748042
972 0.748925
976 0.75124
980 0.753271
984 0.753846
988 0.754753
992 0.755911
996 0.756439
1000 0.757242
1004 0.758074
1008 0.759784
1012 0.7621
1016 0.763993
1020 0.765455
1024 0.769418
1028 0.771844
1032 0.773624
1036 0.775066
1040 0.77561
1044 0.776129
1048 0.776231
1052 0.777824
1056 0.779957
1060 0.781063
1064 0.781718
1068 0.781612
1072 0.782792
1076 0.784344
1080 0.78532
1084 0.787222
1088 0.788295
1092 0.789479
1096 0.791251
1100 0.791499
1104 0.792685
1108 0.795003
1112 0.796559
1116 0.798279
1120 0.800081
1124 0.800131
1128 0.801551
1132 0.802975
1136 0.803091
1140 0.805167
1144 0.806617
1148 0.807748
1152 0.807797
1156 0.809514
1160 0.809207
1164 0.809804
1168 0.811524
1172 0.811884
1176 0.813236
1180 0.814269
1184 0.814721
1188 0.816756
1192 0.81825
1196 0.821115
1200 0.822424
1204 0.823231
1208 0.825548
1212 0.827315
1216 0.828649
1220 0.82899
1224 0.829994
1228 0.83123
1232 0.833714
1236 0.834196
1240 0.835545
1244 0.836201
1248 0.837957
1252 0.838443
1256 0.838587
1260 0.838519
1264 0.839926
1268 0.840778
1272 0.842431
1276 0.842806
1280 0.844435
1284 0.84478
1288 0.844622
1292 0.846958
1296 0.847047
1300 0.84808
1304 0.849208
1308 0.85059
1312 0.851965
1316 0.852805
1320 0.853965
1324 0.855059
1328 0.856517
1332 0.856991
1336 0.858718
1340 0.859741
1344 0.860224
1348 0.860148
1352 0.860876
1356 0.861445
1360 0.861302
1364 0.861699
1368 0.862572
1372 0.862429
1376 0.862551
1380 0.863675
1384 0.86513
1388 0.865609
1392 0.8671
1396 0.868415
1400 0.868834
1404 0.868867
1408 0.870139
1412 0.870413
1416 0.871549
1420 0.872863
1424 0.873896
1428 0.875072
1432 0.875291
1436 0.876247
1440 0.877122
1444 0.878098
1448 0.878916
1452 0.879105
1456 0.879582
1460 0.87946
1464 0.879329
1468 0.879936
1472 0.880677
1476 0.881152
1480 0.881891
1484 0.883181
1488 0.883026
1492 0.883113
1496 0.884351
1500 0.884997
1504 0.88553
1508 0.886276
1512 0.886913
1516 0.887438
1520 0.887999
1524 0.888091
1528 0.888417
1532 0.889328
1536 0.890667
1540 0.891615
1544 0.892092
1548 0.892826
1552 0.893335
1556 0.894008
1560 0.895149
1564 0.895212
1568 0.896076
1572 0.89682
1576 0.897688
1580 0.898344
1584 0.898752
1588 0.898315
1592 0.89865
1596 0.898875
1600 0.89945
1604 0.899601
1608 0.899382
1612 0.899113
1616 0.899988
1620 0.900017
1624 0.901155
1628 0.901207
1632 0.901539
1636 0.901745
1640 0.90214
1644 0.902227
1648 0.901584
1652 0.90153
1656 0.901623
1660 0.902222
1664 0.902207
1668 0.903089
1672 0.903989
1676 0.904271
1680 0.905033
1684 0.905854
1688 0.906951
1692 0.9078
1696 0.908026
1700 0.908327
1704 0.908152
1708 0.908306
1712 0.908399
1716 0.908578
1720 0.908543
1724 0.9088
1728 0.908755
1732 0.909732
1736 0.910474
1740 0.910645
1744 0.911553
1748 0.911911
1752 0.912435
1756 0.912789
1760 0.912974
1764 0.912903
1768 0.913488
1772 0.914348
1776 0.913618
1780 0.914123
1784 0.914344
1788 0.915214
1792 0.915654
1796 0.915649
1800 0.915805
1804 0.916697
1808 0.917249
1812 0.916779
1816 0.916917
1820 0.917555
1824 0.918037
1828 0.917855
1832 0.918302
1836 0.91813
1840 0.918372
1844 0.918774
1848 0.919261
1852 0.919946
1856 0.920157
1860 0.920454
1864 0.920185
1868 0.920377
1872 0.920599
1876 0.921105
1880 0.921525
1884 0.922106
1888 0.922782
1892 0.922867
1896 0.923328
1900 0.92351
1904 0.924009
1908 0.924092
1912 0.924522
1916 0.924866
1920 0.925357
1924 0.925805
1928 0.926303
1932 0.925961
1936 0.926278
1940 0.926458
1944 0.926949
1948 0.926977
1952 0.926908
1956 0.926693
1960 0.927211
1964 0.927902
1968 0.92859
1972 0.928791
1976 0.92868
1980 0.928537
1984 0.928702
1988 0.928877
1992 0.929977
1996 0.930483
2000 0.931209
2004 0.931996
2008 0.932473
2012 0.932981
2016 0.933911
2020 0.933787
2024 0.933585
2028 0.933335
2032 0.933779
2036 0.933505
2040 0.933738
2044 0.933856
2048 0.934738
2052 0.934631
2056 0.934852
2060 0.935288
2064 0.935903
2068 0.93635
2072 0.936698
2076 0.936555
2080 0.936871
2084 0.936916
2088 0.937149
2092 0.937507
2096 0.937946
2100 0.938398
2104 0.938157
2108 0.937934
2112 0.938161
2116 0.938182
2120 0.938281
2124 0.937893
2128 0.937962
2132 0.938231
2136 0.93763
2140 0.938477
2144 0.938204
2148 0.938566
2152 0.938921
2156 0.939307
2160 0.939141
2164 0.938871
2168 0.938949
2172 0.939336
2176 0.939571
2180 0.939216
2184 0.939091
2188 0.939257
2192 0.939374
2196 0.939741
2200 0.93997
2204 0.940104
2208 0.939907
2212 0.940041
2216 0.940267
2220 0.94032
2224 0.940321
2228 0.940658
2232 0.940519
2236 0.940861
2240 0.940971
2244 0.940933
2248 0.940977
2252 0.941266
2256 0.941562
2260 0.942098
2264 0.941966
2268 0.941907
2272 0.942022
2276 0.941855
2280 0.942541
2284 0.942697
2288 0.943005
2292 0.943453
2296 0.943553
2300 0.943586
2304 0.943664
2308 0.943578
2312 0.943378
2316 0.943628
2320 0.944088
2324 0.944276
2328 0.945035
2332 0.945584
2336 0.945751
2340 0.946128
2344 0.946525
2348 0.946979
2352 0.947155
2356 0.947237
2360 0.947496
2364 0.947605
2368 0.947898
2372 0.948276
2376 0.948577
2380 0.948928
2384 0.949014
2388 0.949009
2392 0.948945
2396 0.949384
2400 0.949532
2404 0.949755
2408 0.95021
2412 0.95039
2416 0.950762
2420 0.950836
2424 0.951224
2428 0.951182
2432 0.951394
2436 0.951271
2440 0.951613
2444 0.951826
2448 0.95192
2452 0.952219
2456 0.951876
2460 0.951772
2464 0.951712
2468 0.951656
2472 0.95157
2476 0.951468
2480 0.952099
2484 0.952178
2488 0.952604
2492 0.952685
2496 0.953396
2500 0.953994
2504 0.953795
2508 0.954163
2512 0.954284
2516 0.954427
2520 0.95465
2524 0.954811
2528 0.955122
2532 0.955073
2536 0.95525
2540 0.955306
2544 0.955357
2548 0.95483
2552 0.955127
2556 0.955521
2560 0.955866
2564 0.955872
2568 0.955818
2572 0.955917
2576 0.956038
2580 0.956346
2584 0.956798
2588 0.956984
2592 0.957314
2596 0.957236
2600 0.956986
2604 0.956799
2608 0.957285
2612 0.957393
2616 0.957545
2620 0.957473
2624 0.957231
2628 0.957549
2632 0.957795
2636 0.957633
2640 0.958007
2644 0.957999
2648 0.957899
2652 0.957802
2656 0.957683
2660 0.957609
2664 0.957748
2668 0.957989
2672 0.957882
2676 0.957794
2680 0.957894
2684 0.958199
2688 0.958073
2692 0.958097
2696 0.958263
2700 0.958208
2704 0.958571
2708 0.958751
2712 0.95891
2716 0.958959
2720 0.959213
2724 0.959363
2728 0.959606
2732 0.959853
2736 0.959726
2740 0.959828
2744 0.959629
2748 0.959594
2752 0.959761
2756 0.959801
2760 0.95951
2764 0.959705
2768 0.959937
2772 0.96025
2776 0.960365
2780 0.960412
2784 0.960721
2788 0.961157
2792 0.961319
2796 0.961445
2800 0.961576
2804 0.961719
2808 0.962226
2812 0.962431
2816 0.962644
2820 0.962964
2824 0.963019
2828 0.962866
2832 0.963303
2836 0.963735
2840 0.963811
2844 0.96375
2848 0.963943
2852 0.964043
2856 0.964075
2860 0.964334
2864 0.964385
2868 0.964448
2872 0.964018
2876 0.963874
2880 0.96385
2884 0.963699
2888 0.963577
2892 0.963579
2896 0.963576
2900 0.963545
2904 0.963727
2908 0.96395
2912 0.963993
2916 0.963989
2920 0.963921
2924 0.964136
2928 0.963963
2932 0.964388
2936 0.964529
2940 0.964712
2944 0.96453
2948 0.964506
2952 0.964426
2956 0.96444
2960 0.964469
2964 0.964393
2968 0.964201
2972 0.96433
2976 0.964338
2980 0.964115
2984 0.963941
2988 0.9641
2992 0.964312
2996 0.964262
3000 0.964281
3004 0.964553
3008 0.964905
3012 0.965243
3016 0.965109
3020 0.965382
3024 0.965369
3028 0.965655
3032 0.965544
3036 0.965773
3040 0.966058
3044 0.966078
3048 0.966127
3052 0.966555
3056 0.966757
3060 0.966643
3064 0.966528
3068 0.966723
3072 0.966834
3076 0.966927
3080 0.966967
3084 0.96719
3088 0.967414
3092 0.967368
3096 0.967511
3100 0.96813
3104 0.968038
3108 0.968111
3112 0.968226
3116 0.968511
3120 0.968444
3124 0.968925
3128 0.968934
3132 0.968833
3136 0.969235
3140 0.969487
3144 0.969666
3148 0.96985
3152 0.969663
3156 0.969325
3160 0.969349
3164 0.969244
3168 0.969154
3172 0.96951
3176 0.969852
3180 0.970319
3184 0.970409
3188 0.970737
3192 0.970813
3196 0.971016
3200 0.971388
3204 0.971535
3208 0.971516
3212 0.971925
3216 0.972073
3220 0.972054
3224 0.97194
3228 0.972315
3232 0.972501
3236 0.972642
3240 0.972718
3244 0.972518
3248 0.972115
3252 0.972144
3256 0.971891
3260 0.972024
3264 0.972144
3268 0.972155
3272 0.972232
3276 0.972325
3280 0.972535
3284 0.972786
3288 0.973203
3292 0.973116
3296 0.973549
3300 0.973562
3304 0.973732
3308 0.973935
3312 0.974096
3316 0.973911
3320 0.973994
3324 0.97404
3328 0.974274
3332 0.974514
3336 0.974513
3340 0.974815
3344 0.974835
3348 0.975086
3352 0.975627
3356 0.975461
3360 0.975694
3364 0.975682
3368 0.975705
3372 0.975756
3376 0.975877
3380 0.976231
3384 0.976423
3388 0.976129
3392 0.976427
3396 0.97683
3400 0.976983
3404 0.976496
3408 0.976458
3412 0.976615
3416 0.976829
3420 0.97672
3424 0.976741
3428 0.977131
3432 0.977423
3436 0.977575
3440 0.977799
3444 0.977915
3448 0.977986
3452 0.978294
3456 0.978781
3460 0.979012
3464 0.979418
3468 0.979748
3472 0.979837
3476 0.979831
3480 0.979792
3484 0.979757
3488 0.980037
3492 0.97998
3496 0.980177
3500 0.980358
3504 0.9802
3508 0.98049
3512 0.98057
3516 0.981165
3520 0.981135
3524 0.98102
3528 0.981323
3532 0.981647
3536 0.981911
3540 0.982217
3544 0.982199
3548 0.982398
3552 0.982326
3556 0.982352
3560 0.982725
3564 0.982816
3568 0.983311
3572 0.983339
3576 0.983367
3580 0.983286
3584 0.983358
3588 0.983375
3592 0.983292
3596 0.983388
3600 0.983418
3604 0.983571
3608 0.983802
3612 0.983585
3616 0.983834
3620 0.983898
3624 0.984218
3628 0.984139
3632 0.984296
3636 0.984476
3640 0.98433
3644 0.984382
3648 0.984345
3652 0.984407
3656 0.984835
3660 0.984962
3664 0.98515
3668 0.985203
3672 0.985076
3676 0.985124
3680 0.985278
3684 0.985439
3688 0.985715
3692 0.985871
3696 0.985905
3700 0.985927
3704 0.986013
3708 0.986141
3712 0.986219
3716 0.986331
3720 0.986529
3724 0.986642
3728 0.98668
3732 0.986789
3736 0.987063
3740 0.987188
3744 0.987323
3748 0.987508
3752 0.987669
3756 0.987637
3760 0.987983
3764 0.988014
3768 0.988159
3772 0.988272
3776 0.988326
3780 0.988309
3784 0.988389
3788 0.988487
3792 0.988611
3796 0.98878
3800 0.988896
3804 0.988909
3808 0.989056
3812 0.989131
3816 0.989079
3820 0.989164
3824 0.989252
3828 0.989245
3832 0.989391
3836 0.98947
3840 0.989557
3844 0.989579
3848 0.989584
3852 0.989618
3856 0.989669
3860 0.989678
3864 0.989677
3868 0.989616
3872 0.989592
3876 0.989631
3880 0.989752
3884 0.989843
3888 0.989819
3892 0.989884
3896 0.989916
3900 0.989915
3904 0.990017
3908 0.990048
3912 0.990081
3916 0.990103
3920 0.990112
3924 0.990114
3928 0.990199
3932 0.9903
3936 0.990381
3940 0.990462
3944 0.990493
3948 0.990504
3952 0.99054
3956 0.990562
3960 0.990602
3964 0.990592
3968 0.990594
3972 0.990618
3976 0.990632
3980 0.990643
3984 0.990657
3988 0.990694
3992 0.990712
3996 0.990737
4000 0.990742
4004 0.990759
4008 0.990776
4012 0.990777
4016 0.990781
4020 0.990785
4024 0.990785
4028 0.990783
4032 0.990787
4036 0.990799
4040 0.9908
4044 0.990804
4048 0.990823
4052 0.990811
4056 0.990814
4060 0.990807
4064 0.990814
4068 0.990821
4072 0.990808
4076 0.990821
4080 0.990833
4084 0.990835
4088 0.99083
4092 0.990809
4096 0.990797
4100 0.990792
4104 0.99079
4108 0.99079
4112 0.99079
4116 0.990793
4120 0.990804
4124 0.99081
4128 0.990804
4132 0.990823
4136 0.990808
4140 0.990806
4144 0.990805
4148 0.990792
4152 0.990781
4156 0.990783
4160 0.990803
4164 0.990822
4168 0.990816
4172 0.990825
4176 0.990803
4180 0.990811
4184 0.990816
4188 0.990822
4192 0.990811
4196 0.990825
4200 0.990839
4204 0.99083
4208 0.990876
4212 0.990908
4216 0.990872
4220 0.990866
4224 0.990851
4228 0.990836
4232 0.990832
4236 0.990816
4240 0.990808
4244 0.990799
4248 0.990802
4252 0.990795
4256 0.990801
4260 0.990798
4264 0.990799
4268 0.990809
4272 0.990808
4276 0.990809
4280 0.990799
4284 0.990815
4288 0.99082
4292 0.990826
4296 0.990833
4300 0.990827
4304 0.990813
4308 0.990832
4312 0.990828
4316 0.990842
4320 0.990837
4324 0.990839
4328 0.990834
4332 0.990839
4336 0.990837
4340 0.990845
4344 0.990851
4348 0.990853
4352 0.990842
4356 0.990822
4360 0.990841
4364 0.990862
4368 0.990866
4372 0.990879
4376 0.990904
4380 0.990883
4384 0.990845
4388 0.990858
4392 0.990844
4396 0.990848
4400 0.990835
4404 0.990822
4408 0.990845
4412 0.990836
4416 0.990825
4420 0.990821
4424 0.990826
4428 0.99082
4432 0.990812
4436 0.990806
4440 0.9908
4444 0.990806
4448 0.990804
4452 0.9908
4456 0.990809
4460 0.990805
4464 0.990799
4468 0.990807
4472 0.990796
4476 0.990799
4480 0.990802
4484 0.990813
4488 0.990813
4492 0.990812
4496 0.990812
4500 0.990809
4504 0.990802
4508 0.990798
4512 0.990802
4516 0.990804
4520 0.990804
4524 0.990802
4528 0.990796
4532 0.990811
4536 0.990797
4540 0.990798
4544 0.990794
4548 0.990792
4552 0.990797
4556 0.990796
4560 0.990804
4564 0.990804
4568 0.990807
4572 0.990808
4576 0.990803
4580 0.990803
4584 0.990804
4588 0.990802
4592 0.990802
4596 0.990805
4600 0.990807
4604 0.990809
4608 0.990814
4612 0.990817
4616 0.990814
4620 0.990827
4624 0.990829
4628 0.990839
4632 0.990854
4636 0.990825
4640 0.990828
4644 0.99081
4648 0.990816
4652 0.990817
4656 0.990812
4660 0.990806
4664 0.990806
4668 0.990819
4672 0.990819
4676 0.990815
4680 0.990832
4684 0.990844
4688 0.990862
4692 0.990859
4696 0.990864
4700 0.990879
4704 0.990859
4708 0.990847
4712 0.990832
4716 0.990841
4720 0.990846
4724 0.990849
4728 0.990849
4732 0.990845
4736 0.990861
4740 0.990843
4744 0.990849
4748 0.990841
4752 0.990842
4756 0.990856
4760 0.990843
4764 0.99085
4768 0.990859
4772 0.99088
4776 0.990857
4780 0.990848
4784 0.99082
4788 0.990812
4792 0.990815
4796 0.990812
4800 0.99082
4804 0.990833
4808 0.990833
4812 0.99087
4816 0.990852
4820 0.990855
4824 0.990864
4828 0.990843
4832 0.990817
4836 0.990825
4840 0.990831
4844 0.990836
4848 0.990842
4852 0.990818
4856 0.990823
4860 0.990821
4864 0.990819
4868 0.990811
4872 0.990796
4876 0.990794
4880 0.990799
4884 0.990804
4888 0.990802
4892 0.990798
4896 0.990799
4900 0.990803
4904 0.990795
4908 0.990793
4912 0.990799
