0 0.0415778
1 0.408469
2 -0.418912
3 -0.613399
4 0.054593
5 0.0352012
6 0.0862955
7 -0.222951
8 0.237528
9 0.256869
10 -0.0359656
11 0.11168
12 -0.183346
13 -0.393547
14 -0.611113
15 0.120898
16 0.411438
17 0.414141
18 0.346832
19 0.212757
20 0.280563
21 -0.800931
22 0.590244
23 0.319613
24 0.381561
25 0.456185
26 -0.0858544
27 0.485998
28 0.255532
29 0.350205
30 0.458673
31 0.227895
32 0.466427
33 0.477892
34 0.695952
35 -0.0164669
36 0.495026
37 0.482324
38 0.265676
39 0.306141
40 0.310717
41 -0.144173
42 0.607699
43 0.318372
44 0.542828
45 0.218171
46 0.11444
47 0.476246
48 -0.185358
49 0.317456
50 0.527493
51 0.0772328
52 -0.212577
53 -0.0173113
54 0.157111
55 0.378331
56 0.0394119
57 0.246469
58 0.0211115
59 0.18073
60 0.000410961
61 0.605945
62 -0.219029
63 0.0883609
64 0.109685
65 0.573904
66 0.478122
67 0.294943
68 0.134923
69 0.0989226
70 0.315802
71 0.115884
72 0.429248
73 -0.249927
74 0.409044
75 -0.498995
76 0.461741
77 0.31752
78 -0.0149815
79 0.532539
80 0.391326
81 0.0146012
82 0.44042
83 0.262921
84 0.207037
85 0.173259
86 0.539261
87 -0.277558
88 0.392825
89 0.497143
90 -0.0521646
91 -0.120874
92 0.225752
93 0.470042
94 0.18591
95 0.221932
96 0.11427
97 0.387196
98 -1.10092
99 0.329527
100 0.323467
101 -0.82648
102 -0.0100432
103 0.427371
104 -0.0220596
105 0.40355
106 -0.147657
107 -0.189084
108 0.107949
109 0.549428
110 -1.33418
111 -0.181672
112 0.0910302
113 0.168879
114 0.425518
115 0.0671722
116 -0.943203
117 0.0938254
118 -0.0643578
119 -1.40504
120 -0.131842
121 0.520817
122 0.17839
123 0.229917
124 -0.235031
125 0.403396
126 0.198468
127 0.205284
128 0.231006
129 0.136831
130 0.0724162
131 -0.227575
132 0.239679
133 0.170096
134 -0.152644
135 0.074374
136 -0.698077
137 0.341363
138 0.361657
139 0.41633
140 -0.61376
141 0.575344
142 0.238677
143 -0.298727
144 -0.197814
145 0.316833
146 -0.23538
147 0.187033
148 0.299977
149 0.488602
150 0.610692
151 -0.746239
152 0.453948
153 -0.373235
154 0.458319
155 -0.370508
156 0.133309
157 0.164281
158 0.304391
159 0.0743272
160 0.444818
161 -0.131638
162 -0.0112836
163 0.0676212
164 0.225128
165 0.159537
166 -0.233516
167 0.218532
168 -0.113529
169 -0.916923
170 0.384765
171 0.307009
172 0.0260443
173 0.509368
174 -0.122602
175 -0.099131
176 0.272053
177 0.168196
178 -0.117402
179 0.207465
180 0.486908
181 0.338514
182 0.675499
183 0.266193
184 0.423129
185 0.113968
186 -0.190127
187 -0.352067
188 -0.274036
189 0.174721
190 -0.0694403
191 -0.0806435
192 -0.0500052
193 -0.291553
194 0.435057
195 0.0955334
196 -0.406209
197 -0.358172
198 -0.349279
199 0.498035
200 0.232334
201 0.0757324
202 0.599351
203 0.454941
204 0.355112
205 0.0493399
206 -0.024751
207 0.406132
208 0.433968
209 0.206705
210 -0.037923
211 0.234577
212 0.226735
213 -0.00113855
214 -0.295738
215 -0.360369
216 0.581158
217 -0.0139375
218 0.1915
219 0.243581
220 0.222146
221 0.494823
222 0.0291143
223 0.265955
224 0.0971603
225 0.253001
226 0.289139
227 -0.891618
228 -0.0153027
229 -0.139501
230 0.310732
231 -0.0159226
232 0.268464
233 0.306985
234 0.020011
235 0.0112445
236 0.426147
237 -0.0491691
238 -0.383547
239 -0.120392
240 0.304286
241 0.196298
242 -0.359063
243 0.438223
244 -0.211083
245 0.130317
246 0.0625311
247 -0.0413409
248 0.314609
249 0.320317
250 0.370876
251 0.0269225
252 -0.058257
253 0.294474
254 -0.508266
255 -1.30746
256 -0.0269255
257 0.0575832
258 0.394639
259 -0.758943
260 0.0610513
261 0.310935
262 0.229605
263 0.170734
264 0.488604
265 -0.0990329
266 0.505778
267 -0.368832
268 0.234063
269 -0.411015
270 0.280626
271 0.115996
272 -0.00464436
273 0.403791
274 -0.680756
275 0.270739
276 0.511219
277 -0.247806
278 0.156462
279 0.135306
280 0.518667
281 0.0379069
282 0.386307
283 -0.0532628
284 -0.807221
285 0.0417983
286 0.330704
287 -0.379908
288 0.0538902
289 -0.0226877
290 0.113077
291 0.540144
292 0.193174
293 0.105
294 0.0196038
295 0.253165
296 0.08152
297 0.0371994
298 0.208164
299 -0.166843
300 0.240893
301 0.199298
302 0.454776
303 -1.30172
304 0.116737
305 0.25113
306 -0.277862
307 0.347252
308 -0.671035
309 0.553879
310 0.250186
311 -0.958556
312 0.222228
313 0.530338
314 0.145135
315 0.265196
316 0.258777
317 0.320445
318 -0.233065
319 0.401821
320 -0.0928527
321 0.420034
322 0.317302
323 0.0190287
324 -0.223522
325 -0.112963
326 0.432569
327 0.438049
328 0.101178
329 0.253293
330 0.566264
331 -0.340248
332 -0.166639
333 -0.319229
334 0.166127
335 0.0312565
336 0.543672
337 -0.208226
338 0.014756
339 -0.21124
340 -0.0400922
341 0.463049
342 0.472947
343 0.132099
344 -0.25821
345 -0.0229826
346 0.0683845
347 -0.705453
348 0.359605
349 0.242967
350 -2.31528
351 0.0673527
352 0.353961
353 0.490161
354 0.42824
355 -0.16768
356 -0.0369109
357 0.229431
358 0.630525
359 0.318165
360 -0.424556
361 0.181546
362 0.58287
363 0.360559
364 0.181414
365 -0.0999974
366 -1.36631
367 0.537418
368 0.0967162
369 0.0353494
370 -0.166431
371 0.168596
372 0.323408
373 -0.0834574
374 -0.732548
375 0.484258
376 -0.23312
377 0.293557
378 -0.166688
379 -0.0467843
380 -0.0749339
381 0.342655
382 -0.111327
383 0.337535
384 -0.495527
385 0.520027
386 -0.28678
387 -0.421043
388 0.482434
389 0.114073
390 -0.0593769
391 -1.13885
392 0.0703325
393 -0.288489
394 0.240806
395 -0.401265
396 0.48431
397 -0.247645
398 -0.0729805
399 0.168028
400 0.41927
