0 0.43468
1 0.325074
2 -0.251847
3 -0.338863
4 0.306924
5 0.27984
6 0.36088
7 0.40771
8 -1.89545
9 0.223512
10 0.321137
11 -0.0935425
12 -0.48356
13 0.333965
14 0.0404381
15 0.129939
16 -0.628098
17 0.260532
18 0.110141
19 0.610116
20 -0.233547
21 0.158487
22 0.17605
23 0.432493
24 -0.0411101
25 0.2168
26 0.349067
27 0.542826
28 -0.0736481
29 -0.0177298
30 0.346839
31 0.447721
32 0.213871
33 -0.166499
34 0.474823
35 -0.440387
36 0.305514
37 -0.559431
38 0.159837
39 -0.0646337
40 -0.442659
41 0.445415
42 0.38261
43 0.064907
44 -0.477154
45 0.3007
46 -0.367188
47 -0.243256
48 -1.16514
49 0.171165
50 -0.0688844
51 -0.0570899
52 0.290292
53 -0.324949
54 0.451799
55 0.35738
56 0.221572
57 -0.454948
58 0.014444
59 0.27588
60 -0.44471
61 0.178894
62 0.400591
63 -0.00807148
64 -0.369054
65 0.299586
66 0.234731
67 -0.833613
68 0.0381009
69 0.249986
70 0.293614
71 0.0109749
72 0.0542435
73 0.150583
74 0.577628
75 0.170771
76 0.395603
77 0.384162
78 0.548975
79 0.441482
80 0.484791
81 0.401953
82 0.332957
83 0.436389
84 0.335859
85 0.283496
86 0.0608303
87 0.116704
88 0.177318
89 0.110322
90 0.19466
91 0.311035
92 0.44899
93 0.180016
94 0.342765
95 -0.0888784
96 -1.12571
97 -0.640805
98 -0.337265
99 -0.327685
100 0.39032
101 -0.335484
102 -0.0118162
103 0.0213199
104 0.2833
105 0.107428
106 0.310254
107 0.289662
108 0.0701817
109 -0.0830328
110 -0.143583
111 -0.0964951
112 0.529909
113 -0.286296
114 -0.0473597
115 -0.129495
116 -0.0495464
117 -0.81003
118 0.43341
119 -0.0323793
120 -0.150345
121 0.415187
122 0.594955
123 0.324075
124 0.375284
125 0.310504
126 -0.26107
127 0.443153
128 0.0908609
129 0.262
130 -0.428541
131 -0.410104
132 0.552822
133 0.379627
134 0.378241
135 -0.200113
136 0.509401
137 0.169406
138 -0.149792
139 0.575191
140 -0.190207
141 -0.661038
142 -0.483189
143 0.232553
144 0.212726
145 -0.277324
146 0.0801933
147 -0.0371416
148 0.726148
149 -0.162018
150 0.459955
151 0.453414
152 -0.395116
153 -0.0996919
154 -1.00815
155 0.114022
156 0.0783303
157 -0.0987882
158 -0.88388
159 0.212494
160 -0.0447397
161 0.199674
162 -0.410329
163 -0.182508
164 0.181514
165 -0.0418834
166 0.519149
167 0.22153
168 0.432984
169 0.232814
170 0.587649
171 -0.171082
172 0.371626
173 0.294028
174 0.190609
175 -0.619411
176 0.457795
177 0.673347
178 -0.125665
179 0.453007
180 -0.0764617
181 -0.140256
182 0.179787
183 -0.171646
184 -0.173838
185 0.392374
186 0.405819
187 0.123197
188 0.203128
189 -0.237045
190 0.487845
191 0.00722337
192 -0.0210126
193 0.230796
194 -0.148806
195 -0.518994
196 -0.270919
197 0.315241
198 0.47352
199 -0.390972
200 0.160128
201 -0.215188
202 0.144505
203 0.382971
204 -0.332588
205 -0.0732609
206 -0.171958
207 -0.3555
208 0.29984
209 -0.0572431
210 0.507834
211 0.502712
212 0.391638
213 0.270533
214 -0.599905
215 -0.0245761
216 0.155441
217 0.434078
218 0.339778
219 -0.224952
220 0.541343
221 0.207699
222 0.143629
223 0.311947
224 0.647906
225 -0.459354
226 0.158042
227 0.28767
228 0.163977
229 -0.135737
230 -0.045127
231 -0.528118
232 0.59239
233 0.115203
234 0.152585
235 0.500045
236 -0.316609
237 0.43767
238 -0.800563
239 0.227517
240 0.21446
241 -0.918157
242 -0.904383
243 0.279966
244 -0.814974
245 0.536712
246 -0.915058
247 -0.203797
248 0.173389
249 -0.236845
250 0.0887522
251 -0.215062
252 -0.194035
253 0.572723
254 0.414078
255 0.207782
256 -0.0925524
257 0.112396
258 -0.0165263
259 -0.37603
260 -0.213785
261 0.242928
262 0.58329
263 0.259607
264 0.471236
265 0.321241
266 0.0110968
267 -0.454932
268 0.368071
269 0.180941
270 0.262543
271 0.406304
272 0.382966
273 0.0333949
274 0.378228
275 -0.00453176
276 -0.136572
277 0.321854
278 0.276646
279 0.45074
280 -0.310379
281 -0.316925
282 -0.370168
283 0.477004
284 0.211222
285 -0.0867609
286 0.181524
287 -0.0820424
288 0.285609
289 -1.25662
290 0.502975
291 -0.00269226
292 0.204892
293 0.465932
294 0.115881
295 0.38187
296 0.0986548
297 -0.145817
298 -0.404503
299 0.442531
300 0.262558
301 -0.0949266
302 -0.0170819
303 -0.372652
304 -0.137905
305 -0.362802
306 0.231742
307 -0.0570438
308 0.137427
309 0.46059
310 -0.0110362
311 0.48389
312 0.377624
313 0.050313
314 -0.125796
315 0.533908
316 -0.329212
317 -0.10234
318 0.0426811
319 -0.0317279
320 -0.433663
321 0.260579
322 0.148708
323 0.347132
324 0.211378
325 0.537051
326 -0.596696
327 0.139144
328 0.617501
329 0.00587687
330 0.386457
331 0.0705824
332 0.0140799
333 0.347591
334 0.58787
335 0.181181
336 -0.264403
337 -0.0297829
338 0.150565
339 -0.00875912
340 0.28147
341 -0.0556797
342 0.623725
343 -0.00996854
344 0.118056
345 0.641661
346 -0.0908727
347 0.0845953
348 0.427806
349 -0.04711
350 -0.336372
351 0.420771
352 0.437173
353 0.111481
354 0.349527
355 0.21925
356 -0.429206
357 -0.410336
358 0.120879
359 -0.194499
360 0.125415
361 -0.699627
362 0.0440741
363 -0.28652
364 0.482028
365 0.332102
366 0.0852576
367 0.0740433
368 -0.834129
369 0.0869502
370 -1.67777
371 0.215239
372 0.402389
373 -0.083429
374 0.137173
375 0.0704282
376 0.150161
377 0.315551
378 0.171615
379 -0.105012
380 -0.0845472
381 0.153994
382 0.512689
383 0.0303582
384 0.188852
385 0.323181
386 0.359978
387 0.296631
388 -0.195676
389 0.00145865
390 0.653414
391 0.413426
392 -0.552348
393 0.240578
394 -0.583955
395 0.43946
396 -0.235198
397 0.0761143
398 -0.797595
399 0.224985
400 -0.287176
