0 0.217271
16 -0.0633783
32 -0.00667188
48 0.0516673
64 0.12281
80 0.110261
96 0.119417
112 0.132558
128 0.121353
144 0.157749
160 0.183382
176 0.213351
192 0.223271
208 0.247628
224 0.263891
240 0.277176
256 0.298786
272 0.308616
288 0.330939
304 0.351858
320 0.375025
336 0.383922
352 0.404189
368 0.424425
384 0.454361
400 0.47534
416 0.484782
432 0.502033
448 0.522013
464 0.529919
480 0.541096
496 0.555018
512 0.566329
528 0.574723
544 0.584378
560 0.591359
576 0.59328
592 0.600954
608 0.608181
624 0.619239
640 0.630463
656 0.635392
672 0.642847
688 0.654667
704 0.666635
720 0.679772
736 0.685622
752 0.695615
768 0.70048
784 0.706704
800 0.713059
816 0.718642
832 0.725791
848 0.731168
864 0.737865
880 0.74455
896 0.753466
912 0.760443
928 0.766262
944 0.773917
960 0.779579
976 0.779704
992 0.785019
1008 0.791677
1024 0.798941
1040 0.803977
1056 0.81022
1072 0.813232
1088 0.819022
1104 0.824115
1120 0.829545
1136 0.831665
1152 0.838487
1168 0.841746
1184 0.844953
1200 0.847662
1216 0.851317
1232 0.854414
1248 0.859525
1264 0.863122
1280 0.864532
1296 0.868254
1312 0.869338
1328 0.871816
1344 0.875068
1360 0.877342
1376 0.880831
1392 0.885243
1408 0.885808
1424 0.888304
1440 0.890614
1456 0.89334
1472 0.894325
1488 0.897267
1504 0.898304
1520 0.900429
1536 0.902993
1552 0.904507
1568 0.907347
1584 0.909306
1600 0.911612
1616 0.913698
1632 0.916214
1648 0.91794
1664 0.921414
1680 0.924471
1696 0.927003
1712 0.928763
1728 0.930861
1744 0.931368
1760 0.93129
1776 0.933371
1792 0.935605
1808 0.939217
1824 0.940527
1840 0.942948
1856 0.94361
1872 0.943513
1888 0.944679
1904 0.946563
1920 0.947841
1936 0.949224
1952 0.94995
1968 0.950807
1984 0.95177
2000 0.952404
2016 0.952878
2032 0.955738
2048 0.957768
2064 0.958542
2080 0.959577
2096 0.95969
2112 0.960271
2128 0.961193
2144 0.962534
2160 0.963613
2176 0.964396
2192 0.965468
2208 0.975735
2224 0.976269
2240 0.977114
2256 0.977884
2272 0.978577
2288 0.979302
2304 0.979834
2320 0.980296
2336 0.9808
2352 0.981472
2368 0.982643
2384 0.983598
2400 0.984542
2416 0.985122
2432 0.985738
2448 0.986055
2464 0.986666
2480 0.987256
2496 0.987644
2512 0.988209
2528 0.988453
2544 0.988696
2560 0.989089
2576 0.989395
2592 0.989302
2608 0.98953
2624 0.989741
2640 0.989971
2656 0.990159
2672 0.990295
2688 0.990083
2704 0.990018
2720 0.990405
2736 0.990289
2752 0.990504
2768 0.990742
2784 0.991099
2800 0.99104
2816 0.991374
2832 0.991224
2848 0.991103
2864 0.99124
2880 0.991298
2896 0.991669
2912 0.991646
2928 0.991922
2944 0.992073
2960 0.992257
2976 0.992925
2992 0.993196
3008 0.993293
3024 0.993285
3040 0.993152
3056 0.993408
3072 0.993694
3088 0.993716
3104 0.993957
3120 0.994114
3136 0.994834
3152 0.994925
3168 0.995333
3184 0.995394
3200 0.995715
3216 0.995877
3232 0.996291
3248 0.996618
3264 0.996262
3280 0.996493
3296 0.99642
3312 0.996372
3328 0.996282
3344 0.996471
3360 0.996359
3376 0.996605
3392 0.996954
3408 0.997071
3424 0.997213
3440 0.997268
3456 0.997232
3472 0.997154
3488 0.997164
3504 0.997243
3520 0.997262
3536 0.997319
3552 0.997681
3568 0.997998
3584 0.997963
3600 0.997902
3616 0.998043
3632 0.998261
3648 0.998366
3664 0.998248
3680 0.997945
3696 0.998024
3712 0.998229
3728 0.998309
3744 0.998269
3760 0.998135
3776 0.998179
3792 0.998345
3808 0.998507
3824 0.998741
3840 0.998698
3856 0.998777
3872 0.998984
3888 0.99929
3904 0.999364
3920 0.999324
3936 0.999502
3952 0.999676
3968 0.999784
3984 0.999832
4000 0.999879
4016 0.999941
4032 0.999955
4048 0.999953
4064 0.999966
4080 0.99996
4096 0.999966
4112 0.999974
4128 0.999962
4144 0.999955
4160 0.999955
4176 0.999958
4192 0.999969
4208 0.999969
4224 0.999958
4240 0.999974
4256 0.999967
4272 0.999966
4288 0.999968
4304 0.999965
4320 0.999972
4336 0.999965
4352 0.999961
4368 0.999961
4384 0.999964
4400 0.999968
4416 0.999967
4432 0.999974
4448 0.999967
4464 0.999962
4480 0.999968
4496 0.999978
4512 0.999973
4528 0.999969
4544 0.999968
4560 0.99997
4576 0.999967
4592 0.999965
4608 0.999967
4624 0.999977
4640 0.999966
4656 0.999975
4672 0.99997
4688 0.999963
4704 0.999972
4720 0.999969
4736 0.999968
4752 0.999965
4768 0.999959
4784 0.999971
4800 0.999976
