0 0.292567
1 0.466845
2 -0.0804001
3 0.320946
4 0.237168
5 0.650056
6 -0.328735
7 0.314947
8 0.171533
9 0.204555
10 0.265005
11 0.202932
12 -0.0412734
13 0.307802
14 0.12872
15 0.456395
16 0.391659
17 0.637047
18 -0.450045
19 0.587255
20 0.106853
21 0.0792275
22 -0.138057
23 0.708834
24 0.228494
25 0.34424
26 0.397768
27 -0.438117
28 0.0634599
29 0.471388
30 0.288042
31 -0.328629
32 0.507788
33 0.158613
34 0.063766
35 -0.121389
36 0.508612
37 -0.194524
38 0.526414
39 -0.135864
40 -0.268493
41 0.0647826
42 0.449493
43 0.321611
44 0.0198558
45 0.572767
46 0.335162
47 -0.0657769
48 0.26898
49 0.281607
50 0.114929
51 -0.0483689
52 -0.292373
53 -0.027466
54 -0.134572
55 0.136675
56 -0.115019
57 0.462342
58 0.415026
59 0.136116
60 0.430619
61 -0.618676
62 -0.115521
63 0.19329
64 -0.314014
65 0.433356
66 0.515123
67 -0.434148
68 0.0155643
69 -0.385473
70 0.0988792
71 0.0557607
72 -0.291588
73 0.233697
74 0.0704714
75 0.430297
76 0.0808556
77 0.247966
78 -0.177284
79 0.0554382
80 0.545381
81 -0.0399625
82 -0.609193
83 0.0547989
84 0.214857
85 0.0504505
86 -0.327805
87 0.313387
88 -0.235257
89 0.147095
90 -1.04225
91 -0.300845
92 -0.0462017
93 0.0143819
94 0.114668
95 0.293122
96 -0.00240321
97 0.55321
98 0.495461
99 0.0227656
100 -0.00930217
101 0.127485
102 0.444345
103 0.341319
104 0.22645
105 -0.44491
106 -0.453058
107 0.00155909
108 -0.581139
109 0.458453
110 0.282432
111 0.270597
112 0.296539
113 0.27962
114 0.304875
115 -0.532961
116 -0.656786
117 0.0885501
118 0.155163
119 0.469043
120 0.348987
121 -0.365436
122 0.261816
123 -0.879085
124 0.137637
125 -0.00815075
126 0.444786
127 -0.048416
128 0.378467
129 0.0412229
130 -0.418757
131 0.283824
132 0.00494078
133 0.152484
134 -0.156428
135 -0.0829546
136 -0.443336
137 -0.405021
138 0.143851
139 0.273193
140 0.299839
141 0.0287661
142 0.0695831
143 0.0402659
144 -0.326027
145 0.168351
146 0.0413214
147 0.103842
148 0.268683
149 -0.716674
150 0.541737
151 -0.212048
152 0.61292
153 -0.123005
154 0.523693
155 0.486673
156 0.418866
157 0.111814
158 0.0687637
159 0.49319
160 0.266671
161 0.192935
162 0.164
163 0.0584806
164 0.0452782
165 0.363153
166 0.186055
167 0.396485
168 -0.0388095
169 0.411469
170 -0.273694
171 -0.119512
172 0.11527
173 0.0118776
174 0.482545
175 0.586913
176 0.0492088
177 0.245355
178 0.36562
179 -1.06696
180 0.209827
181 0.415094
182 0.320058
183 0.353934
184 0.42771
185 0.326637
186 0.018706
187 0.0522121
188 0.385329
189 0.567649
190 0.464805
191 0.221326
192 -0.0837985
193 -0.613405
194 0.157667
195 0.401491
196 0.517672
197 0.406328
198 0.47614
199 0.108587
200 0.56989
201 0.00823265
202 0.195937
203 0.375187
204 0.146849
205 0.464994
206 0.340961
207 0.415364
208 -0.378689
209 0.56354
210 0.670343
211 -0.150168
212 -0.389834
213 0.447648
214 0.0797489
215 0.364339
216 0.564386
217 0.629849
218 0.130656
219 0.311384
220 0.237377
221 0.0690504
222 0.229398
223 0.316949
224 0.39479
225 -0.186091
226 0.36675
227 0.225031
228 0.390954
229 -0.653059
230 0.112037
231 0.260688
232 -1.13499
233 -0.128302
234 -0.115139
235 0.195415
236 -0.261824
237 0.349307
238 0.00405014
239 0.286812
240 0.00820293
241 -0.018532
242 -0.178251
243 0.0525642
244 0.255313
245 0.441894
246 0.475031
247 0.12569
248 0.0430788
249 0.30188
250 0.444115
251 0.0503337
252 -0.0257394
253 0.342614
254 0.0751312
255 -0.0566474
256 -4.08337
257 -0.233238
258 0.0146449
259 0.315852
260 -0.164741
261 0.23568
262 0.391372
263 0.105823
264 0.0306379
265 0.17943
266 0.171979
267 0.0617345
268 0.39748
269 0.446011
270 0.46143
271 0.532324
272 0.198261
273 0.213107
274 0.485386
275 0.322571
276 0.258274
277 0.651221
278 -0.00646862
279 -0.321965
280 0.129698
281 0.225919
282 -0.0279322
283 0.0650205
284 0.252397
285 -1.06408
286 -0.11703
287 -0.733621
288 0.379802
289 0.361861
290 0.205618
291 0.50093
292 0.331384
293 0.164554
294 0.597742
295 0.619676
296 0.429383
297 -0.0353576
298 0.461722
299 0.117962
300 0.22401
301 0.261065
302 0.0872532
303 -0.524977
304 -0.125851
305 -0.300377
306 0.258072
307 0.429827
308 -0.114572
309 0.065585
310 -0.110856
311 0.0583673
312 0.529452
313 -0.341949
314 0.0263697
315 -0.276007
316 -0.260839
317 0.00846813
318 -0.104572
319 0.359132
320 -0.0931044
321 -0.049962
322 0.0159009
323 0.21204
324 0.182352
325 0.430585
326 0.453102
327 -0.0475218
328 0.50636
329 -0.701939
330 0.202145
331 0.373608
332 0.0053865
333 0.283153
334 -0.199801
335 0.530321
336 -0.388365
337 0.198615
338 -0.410913
339 -0.15655
340 0.428064
341 0.172879
342 0.605879
343 0.444029
344 0.499198
345 0.275192
346 0.337359
347 -0.0592164
348 0.497271
349 -0.426576
350 -0.21715
351 0.482059
352 -0.10796
353 0.161214
354 0.0581868
355 0.239047
356 0.758961
357 -0.0488361
358 0.388823
359 -0.136843
360 0.251916
361 0.397176
362 0.118919
363 -0.603941
364 0.167127
365 0.0757795
366 0.0473833
367 -0.10543
368 0.203099
369 -0.422424
370 0.0653423
371 -0.493824
372 0.413464
373 -0.66892
374 0.149666
375 0.554248
376 0.142236
377 0.662704
378 0.12125
379 0.268741
380 -0.556471
381 0.557276
382 0.0698229
383 0.238435
384 -0.398238
385 -0.129393
386 0.290432
387 0.368949
388 0.0780406
389 0.411338
390 -0.034172
391 0.52846
392 -1.46253
393 0.337019
394 0.158876
395 0.221434
396 0.0992993
397 -0.919469
398 0.463149
399 -0.078206
400 0.526033
