0 0.253817
4 0.0854545
8 0.00743537
12 -0.0410702
16 -0.0553512
20 -0.0581974
24 -0.0276945
28 -0.00218161
32 -0.00775107
36 0.0102431
40 0.0403229
44 0.0289433
48 0.0227822
52 0.032246
56 0.0274139
60 0.0177756
64 0.0260998
68 0.0383002
72 0.0484483
76 0.0562574
80 0.0565234
84 0.0627091
88 0.0890434
92 0.106635
96 0.113813
100 0.138541
104 0.15768
108 0.158886
112 0.168235
116 0.174781
120 0.194711
124 0.20026
128 0.209969
132 0.207741
136 0.20994
140 0.210666
144 0.220892
148 0.223701
152 0.226735
156 0.237262
160 0.260098
164 0.268667
168 0.270438
172 0.278294
176 0.283567
180 0.283666
184 0.295155
188 0.306331
192 0.317687
196 0.32764
200 0.335802
204 0.337689
208 0.337128
212 0.347189
216 0.342732
220 0.34963
224 0.357048
228 0.362824
232 0.369652
236 0.366582
240 0.37056
244 0.369585
248 0.373857
252 0.379526
256 0.382334
260 0.388498
264 0.387377
268 0.386293
272 0.392789
276 0.398604
280 0.399359
284 0.409989
288 0.411908
292 0.416307
296 0.421094
300 0.429874
304 0.435214
308 0.438345
312 0.438736
316 0.444314
320 0.449771
324 0.45239
328 0.456139
332 0.457405
336 0.4638
340 0.464336
344 0.466436
348 0.46632
352 0.470694
356 0.473679
360 0.476895
364 0.479172
368 0.483927
372 0.487955
376 0.488482
380 0.487274
384 0.493979
388 0.497118
392 0.499386
396 0.499245
400 0.504604
404 0.508286
408 0.510291
412 0.514112
416 0.512932
420 0.511478
424 0.514802
428 0.519011
432 0.521398
436 0.523594
440 0.526247
444 0.529488
448 0.530858
452 0.529833
456 0.535501
460 0.538174
464 0.540917
468 0.542059
472 0.543033
476 0.547045
480 0.547332
484 0.550068
488 0.55212
492 0.55077
496 0.551245
500 0.553335
504 0.553026
508 0.556094
512 0.558854
516 0.561517
520 0.564344
524 0.565649
528 0.567049
532 0.568749
536 0.573685
540 0.572072
544 0.57387
548 0.577044
552 0.581016
556 0.584443
560 0.58671
564 0.589804
568 0.593902
572 0.594993
576 0.594223
580 0.598783
584 0.598445
588 0.600231
592 0.598318
596 0.597353
600 0.601238
604 0.603424
608 0.605595
612 0.607157
616 0.60812
620 0.608048
624 0.611198
628 0.614488
632 0.616765
636 0.617659
640 0.619554
644 0.623137
648 0.627503
652 0.629821
656 0.632367
660 0.636055
664 0.637955
668 0.640472
672 0.644077
676 0.642496
680 0.646611
684 0.648247
688 0.653642
692 0.654384
696 0.656038
700 0.657195
704 0.657743
708 0.658082
712 0.659866
716 0.661495
720 0.664989
724 0.667812
728 0.668668
732 0.670727
736 0.674693
740 0.678105
744 0.680128
748 0.681397
752 0.684688
756 0.686119
760 0.689536
764 0.689319
768 0.692973
772 0.696555
776 0.696104
780 0.698543
784 0.69985
788 0.703077
792 0.705035
796 0.705602
800 0.704251
804 0.708698
808 0.71011
812 0.713517
816 0.714022
820 0.715225
824 0.716505
828 0.717723
832 0.716551
836 0.720425
840 0.724181
844 0.725175
848 0.725881
852 0.726676
856 0.725975
860 0.725502
864 0.725987
868 0.729708
872 0.72881
876 0.729725
880 0.732572
884 0.735608
888 0.737308
892 0.737792
896 0.736911
900 0.737937
904 0.737283
908 0.736442
912 0.738045
916 0.741239
920 0.742977
924 0.744779
928 0.744811
932 0.746536
936 0.748829
940 0.749848
944 0.75074
948 0.751488
952 0.751293
956 0.751571
960 0.753147
964 0.753545
968 0.755469
972 0.759209
976 0.759993
980 0.759778
984 0.759768
988 0.761695
992 0.76294
996 0.762454
1000 0.763548
1004 0.76446
1008 0.765069
1012 0.766899
1016 0.7683
1020 0.7693
1024 0.770476
1028 0.770643
1032 0.7729
1036 0.773584
1040 0.775103
1044 0.776159
1048 0.778576
1052 0.778181
1056 0.780664
1060 0.782261
1064 0.783578
1068 0.78695
1072 0.787324
1076 0.786409
1080 0.788089
1084 0.790884
1088 0.791231
1092 0.792267
1096 0.793979
1100 0.79661
1104 0.798095
1108 0.799288
1112 0.801362
1116 0.802472
1120 0.804538
1124 0.804696
1128 0.806139
1132 0.807879
1136 0.809072
1140 0.809795
1144 0.809941
1148 0.811097
1152 0.810751
1156 0.810672
1160 0.811995
1164 0.813703
1168 0.815627
1172 0.816396
1176 0.816879
1180 0.817933
1184 0.817764
1188 0.818892
1192 0.819973
1196 0.822555
1200 0.823954
1204 0.825081
1208 0.825342
1212 0.82772
1216 0.826835
1220 0.827739
1224 0.828262
1228 0.83025
1232 0.832532
1236 0.834199
1240 0.835237
1244 0.836315
1248 0.837843
1252 0.839701
1256 0.8396
1260 0.840296
1264 0.841141
1268 0.841152
1272 0.843007
1276 0.843467
1280 0.843719
1284 0.843456
1288 0.843684
1292 0.843655
1296 0.845208
1300 0.84582
1304 0.84708
1308 0.847919
1312 0.847142
1316 0.846882
1320 0.84838
1324 0.848814
1328 0.848964
1332 0.850185
1336 0.851628
1340 0.851331
1344 0.853145
1348 0.853693
1352 0.854273
1356 0.85496
1360 0.856029
1364 0.857058
1368 0.857388
1372 0.857087
1376 0.858507
1380 0.859089
1384 0.858992
1388 0.859755
1392 0.86092
1396 0.861336
1400 0.862209
1404 0.862418
1408 0.862377
1412 0.863544
1416 0.864182
1420 0.865235
1424 0.865444
1428 0.866106
1432 0.866843
1436 0.867409
1440 0.868006
1444 0.868755
1448 0.869726
1452 0.870499
1456 0.871392
1460 0.872454
1464 0.872253
1468 0.871998
1472 0.872778
1476 0.873448
1480 0.875159
1484 0.875855
1488 0.877123
1492 0.878308
1496 0.877942
1500 0.880052
1504 0.880183
1508 0.880528
1512 0.88184
1516 0.883862
1520 0.88466
1524 0.885783
1528 0.886754
1532 0.887103
1536 0.88771
1540 0.888438
1544 0.8891
1548 0.889429
1552 0.888984
1556 0.889949
1560 0.890656
1564 0.891165
1568 0.891564
1572 0.892402
1576 0.892985
1580 0.893942
1584 0.894293
1588 0.89563
1592 0.896355
1596 0.897524
1600 0.898338
1604 0.898489
1608 0.898861
1612 0.899319
1616 0.900131
1620 0.901377
1624 0.90222
1628 0.902576
1632 0.903525
1636 0.903544
1640 0.904389
1644 0.904712
1648 0.905336
1652 0.905767
1656 0.906261
1660 0.906963
1664 0.907797
1668 0.908901
1672 0.909608
1676 0.910254
1680 0.910771
1684 0.910627
1688 0.910695
1692 0.910912
1696 0.911893
1700 0.912357
1704 0.912844
1708 0.913936
1712 0.914786
1716 0.91515
1720 0.914969
1724 0.915494
1728 0.915546
1732 0.915827
1736 0.916473
1740 0.917037
1744 0.91732
1748 0.918072
1752 0.91863
1756 0.918383
1760 0.918429
1764 0.918953
1768 0.919658
1772 0.919645
1776 0.920272
1780 0.920461
1784 0.921175
1788 0.920889
1792 0.921697
1796 0.921841
1800 0.922407
1804 0.922809
1808 0.923275
1812 0.923439
1816 0.923684
1820 0.923809
1824 0.924105
1828 0.924106
1832 0.923905
1836 0.923831
1840 0.924407
1844 0.924287
1848 0.925139
1852 0.925145
1856 0.926121
1860 0.926677
1864 0.92657
1868 0.927028
1872 0.927321
1876 0.928195
1880 0.92832
1884 0.928525
1888 0.929257
1892 0.929041
1896 0.929487
1900 0.929729
1904 0.929147
1908 0.929527
1912 0.929681
1916 0.92958
1920 0.929574
1924 0.929377
1928 0.929217
1932 0.929229
1936 0.929615
1940 0.929181
1944 0.929006
1948 0.929679
1952 0.930699
1956 0.931534
1960 0.931553
1964 0.931725
1968 0.93147
1972 0.931985
1976 0.932016
1980 0.931481
1984 0.932807
1988 0.932901
1992 0.93343
1996 0.9331
2000 0.932801
2004 0.932357
2008 0.932748
2012 0.933558
2016 0.934101
2020 0.934723
2024 0.934703
2028 0.934793
2032 0.93458
2036 0.934895
2040 0.935853
2044 0.936256
2048 0.936187
2052 0.936455
2056 0.936522
2060 0.937241
2064 0.937643
2068 0.937736
2072 0.937822
2076 0.938045
2080 0.938638
2084 0.938808
2088 0.938936
2092 0.938882
2096 0.939187
2100 0.939251
2104 0.939488
2108 0.939803
2112 0.94009
2116 0.940151
2120 0.939656
2124 0.939686
2128 0.939907
2132 0.94011
2136 0.939864
2140 0.939998
2144 0.940194
2148 0.940684
2152 0.941861
2156 0.941434
2160 0.940999
2164 0.941199
2168 0.941297
2172 0.941046
2176 0.941383
2180 0.941662
2184 0.941119
2188 0.941636
2192 0.941666
2196 0.941577
2200 0.942036
2204 0.942317
2208 0.942241
2212 0.94293
2216 0.943241
2220 0.942755
2224 0.942859
2228 0.94348
2232 0.943363
2236 0.943714
2240 0.943111
2244 0.943742
2248 0.943173
2252 0.943754
2256 0.94406
2260 0.943336
2264 0.943826
2268 0.94356
2272 0.943491
2276 0.944065
2280 0.943731
2284 0.944297
2288 0.945372
2292 0.945173
2296 0.94536
2300 0.944956
2304 0.945494
2308 0.946552
2312 0.946348
2316 0.946474
2320 0.947247
2324 0.947486
2328 0.946677
2332 0.946439
2336 0.946578
2340 0.946299
2344 0.9461
2348 0.946166
2352 0.94712
2356 0.94719
2360 0.947328
2364 0.948536
2368 0.948495
2372 0.948308
2376 0.948707
2380 0.948807
2384 0.949145
2388 0.949561
2392 0.949768
2396 0.949524
2400 0.949045
