0 0.135321
4 -0.0376584
8 -0.106063
12 -0.170645
16 -0.367433
20 -0.521821
24 -0.555812
28 -0.598147
32 -0.544234
36 -0.530238
40 -0.460693
44 -0.426948
48 -0.426636
52 -0.428925
56 -0.390454
60 -0.351472
64 -0.326505
68 -0.281057
72 -0.246225
76 -0.229859
80 -0.176586
84 -0.118463
88 -0.0709348
92 -0.0513666
96 -0.0210825
100 0.00422835
104 0.041684
108 0.0817995
112 0.114159
116 0.133353
120 0.145442
124 0.162016
128 0.192125
132 0.211849
136 0.214691
140 0.219377
144 0.241096
148 0.269235
152 0.288271
156 0.306755
160 0.313696
164 0.324617
168 0.335156
172 0.337842
176 0.336755
180 0.338507
184 0.337449
188 0.330104
192 0.335363
196 0.334405
200 0.333749
204 0.337052
208 0.34378
212 0.362975
216 0.373287
220 0.378365
224 0.386274
228 0.403316
232 0.401933
236 0.407566
240 0.420199
244 0.419475
248 0.425565
252 0.42747
256 0.428186
260 0.429893
264 0.438681
268 0.446386
272 0.460481
276 0.469333
280 0.469911
284 0.476935
288 0.487678
292 0.495305
296 0.493
300 0.497587
304 0.505122
308 0.507685
312 0.502281
316 0.500983
320 0.512995
324 0.516989
328 0.512446
332 0.520493
336 0.525495
340 0.526791
344 0.53355
348 0.544092
352 0.544816
356 0.551888
360 0.558862
364 0.561502
368 0.568667
372 0.573494
376 0.579134
380 0.575426
384 0.576412
388 0.577057
392 0.578991
396 0.578317
400 0.576101
404 0.576106
408 0.578443
412 0.583235
416 0.585031
420 0.585723
424 0.588
428 0.590223
432 0.590006
436 0.595463
440 0.5973
444 0.598148
448 0.601163
452 0.6002
456 0.606823
460 0.609142
464 0.611344
468 0.614221
472 0.612435
476 0.612943
480 0.610787
484 0.609044
488 0.608706
492 0.611149
496 0.61037
500 0.610641
504 0.613088
508 0.614093
512 0.618378
516 0.621773
520 0.621799
524 0.625163
528 0.62334
532 0.621419
536 0.62393
540 0.625142
544 0.625452
548 0.627393
552 0.631653
556 0.631424
560 0.62935
564 0.633194
568 0.633586
572 0.632919
576 0.634105
580 0.637391
584 0.639963
588 0.642207
592 0.642445
596 0.644876
600 0.648667
604 0.651159
608 0.651756
612 0.653967
616 0.658825
620 0.660516
624 0.661432
628 0.66514
632 0.668105
636 0.672502
640 0.674707
644 0.675698
648 0.678078
652 0.677597
656 0.681342
660 0.684052
664 0.684361
668 0.68421
672 0.685042
676 0.688459
680 0.69044
684 0.692157
688 0.694633
692 0.694549
696 0.697712
700 0.697634
704 0.698014
708 0.702708
712 0.703326
716 0.703698
720 0.706438
724 0.710054
728 0.712931
732 0.715
736 0.716862
740 0.717729
744 0.720069
748 0.719887
752 0.723399
756 0.72348
760 0.725976
764 0.728297
768 0.729519
772 0.733214
776 0.734536
780 0.737112
784 0.73991
788 0.742519
792 0.742279
796 0.74402
800 0.745875
804 0.746726
808 0.748071
812 0.748395
816 0.751047
820 0.75332
824 0.755402
828 0.758586
832 0.761305
836 0.764957
840 0.764561
844 0.765178
848 0.766105
852 0.76624
856 0.766254
860 0.769214
864 0.770104
868 0.771662
872 0.773778
876 0.776028
880 0.777447
884 0.780227
888 0.782173
892 0.783602
896 0.785336
900 0.787917
904 0.792536
908 0.79186
912 0.792222
916 0.793257
920 0.79433
924 0.796871
928 0.796298
932 0.79683
936 0.797475
940 0.798922
944 0.799831
948 0.800908
952 0.800196
956 0.803257
960 0.80508
964 0.804464
968 0.805334
972 0.806019
976 0.80713
980 0.806747
984 0.807508
988 0.807026
992 0.808111
996 0.808814
1000 0.810349
1004 0.811017
1008 0.812044
1012 0.813428
1016 0.815703
1020 0.816658
1024 0.817766
1028 0.820602
1032 0.820058
1036 0.821071
1040 0.821549
1044 0.823171
1048 0.824832
1052 0.826429
1056 0.826314
1060 0.826202
1064 0.827172
1068 0.828359
1072 0.829409
1076 0.829953
1080 0.830931
1084 0.830768
1088 0.833033
1092 0.833118
1096 0.833514
1100 0.833853
1104 0.83505
1108 0.836335
1112 0.838419
1116 0.840286
1120 0.841305
1124 0.841881
1128 0.843551
1132 0.843427
1136 0.84724
1140 0.848642
1144 0.849565
1148 0.849106
1152 0.848691
1156 0.849862
1160 0.850785
1164 0.849617
1168 0.849359
1172 0.849835
1176 0.850644
1180 0.850653
1184 0.850423
1188 0.851803
1192 0.852358
1196 0.853896
1200 0.854628
1204 0.856413
1208 0.858008
1212 0.858062
1216 0.859209
1220 0.859578
1224 0.862176
1228 0.863046
1232 0.863818
1236 0.865253
1240 0.864912
1244 0.866264
1248 0.86684
1252 0.867772
1256 0.86888
1260 0.869981
1264 0.871756
1268 0.871652
1272 0.871773
1276 0.873117
1280 0.875153
1284 0.876212
1288 0.876174
1292 0.877725
1296 0.878901
1300 0.878823
1304 0.879508
1308 0.880235
1312 0.880467
1316 0.88116
1320 0.881781
1324 0.881658
1328 0.882917
1332 0.882342
1336 0.881918
1340 0.883468
1344 0.88431
1348 0.886158
1352 0.886758
1356 0.887312
1360 0.887983
1364 0.888525
1368 0.888447
1372 0.889184
1376 0.889795
1380 0.890216
1384 0.890083
1388 0.891487
1392 0.892354
1396 0.893362
1400 0.893675
1404 0.89356
1408 0.893669
1412 0.895033
1416 0.89567
1420 0.896161
1424 0.895845
1428 0.895825
1432 0.897145
1436 0.897325
1440 0.896729
1444 0.899104
1448 0.899927
1452 0.899165
1456 0.90003
1460 0.900413
1464 0.900737
1468 0.901493
1472 0.902046
1476 0.901605
1480 0.901942
1484 0.902975
1488 0.903541
1492 0.904851
1496 0.905222
1500 0.906001
1504 0.906896
1508 0.908093
1512 0.90883
1516 0.90971
1520 0.910469
1524 0.910716
1528 0.911484
1532 0.912839
1536 0.913521
1540 0.914326
1544 0.914787
1548 0.916237
1552 0.917079
1556 0.916695
1560 0.917422
1564 0.91798
1568 0.919796
1572 0.920651
1576 0.921079
1580 0.920532
1584 0.920836
1588 0.92136
1592 0.922404
1596 0.923031
1600 0.923182
