0 0.418481
1 -0.141207
2 -0.229877
3 0.222016
4 0.000842484
5 -0.156372
6 -0.472412
7 0.495502
8 0.232384
9 -0.0453142
10 0.404557
11 0.499118
12 0.363044
13 0.0300445
14 -0.200695
15 0.232558
16 0.458846
17 0.347448
18 -0.433413
19 0.378856
20 -1.38579
21 -0.42454
22 0.242047
23 -0.0838413
24 0.186443
25 0.293619
26 -0.38885
27 -0.47237
28 0.398285
29 -0.0360867
30 0.247241
31 0.171449
32 0.339318
33 0.120245
34 0.0996707
35 -0.0489807
36 -0.234054
37 0.387547
38 0.298817
39 0.40617
40 -0.965279
41 0.445133
42 0.360018
43 0.478385
44 -0.0974977
45 0.689782
46 0.204891
47 0.413172
48 0.552691
49 0.334057
50 0.266478
51 0.49524
52 0.245475
53 0.337032
54 0.151126
55 0.17277
56 -0.288933
57 -0.373501
58 -0.6401
59 0.491753
60 0.121512
61 0.35145
62 -0.0747147
63 0.407446
64 0.156792
65 0.298144
66 0.328335
67 0.23872
68 0.279292
69 -0.318373
70 0.291774
71 0.287038
72 0.0550707
73 0.113129
74 -0.224702
75 0.602759
76 0.533941
77 -0.361985
78 -0.330091
79 0.0907387
80 0.23017
81 0.00188689
82 0.0769588
83 0.290872
84 0.248979
85 0.248247
86 0.493846
87 0.10682
88 -0.284066
89 0.0763224
90 0.179372
91 0.298386
92 0.0102162
93 -0.352235
94 0.433711
95 -0.0818903
96 -0.545209
97 0.0571466
98 0.573683
99 0.129912
100 0.463728
101 0.316771
102 0.439317
103 0.174012
104 0.490433
105 0.0406823
106 0.298505
107 0.142606
108 0.388877
109 0.40233
110 0.344294
111 0.362162
112 -0.0467388
113 -0.252993
114 0.483368
115 -0.0524032
116 0.182064
117 0.206802
118 0.0678537
119 0.353204
120 0.282204
121 0.727836
122 0.223904
123 -0.283347
124 -0.0734173
125 0.614458
126 0.0378164
127 -0.67863
128 -0.0250423
129 0.413689
130 0.54127
131 0.345636
132 0.36405
133 0.295286
134 0.206995
135 0.76903
136 0.196144
137 -0.0497979
138 0.0338931
139 0.439894
140 0.579071
141 0.190744
142 0.403819
143 0.581566
144 -0.284349
145 0.0870219
146 0.0760747
147 -0.391441
148 -0.135591
149 0.213569
150 0.370787
151 0.221838
152 -0.102173
153 0.122416
154 0.400721
155 0.287863
156 -0.656238
157 0.125415
158 0.137134
159 -0.258721
160 -0.921454
161 0.424758
162 0.179262
163 0.499323
164 -0.0648672
165 -0.435858
166 0.00731302
167 0.105242
168 0.516789
169 -0.30062
170 0.311295
171 0.545112
172 0.300757
173 -0.0641292
174 0.169983
175 0.118181
176 0.182831
177 0.0308535
178 0.438817
179 -0.108309
180 0.346749
181 0.440061
182 0.501873
183 0.218623
184 0.225556
185 0.120512
186 -0.81542
187 0.143182
188 0.209818
189 0.0209338
190 0.26257
191 0.197671
192 0.372836
193 0.188067
194 0.387153
195 0.296256
196 0.140109
197 -0.0555202
198 0.448273
199 0.0160642
200 -0.231391
201 0.378127
202 0.283513
203 0.289783
204 0.178485
205 0.309631
206 0.579936
207 0.226696
208 0.131928
209 0.606093
210 0.622072
211 -0.4803
212 0.460785
213 0.563845
214 -0.564302
215 0.370135
216 0.098837
217 -0.144362
218 0.488225
219 0.420919
220 0.184578
221 0.432075
222 -0.83214
223 -0.120163
224 -0.900345
225 0.177804
226 0.145858
227 -0.0230616
228 0.450121
229 0.0889857
230 0.249614
231 0.409246
232 0.423727
233 0.377968
234 0.257453
235 0.170987
236 -0.625974
237 -0.289663
238 -0.285147
239 -0.122674
240 0.334594
241 0.515651
242 0.187673
243 0.520278
244 0.17164
245 -0.18957
246 0.490655
247 0.449039
248 0.299597
249 0.326496
250 0.0590035
251 0.41163
252 0.400791
253 -0.984767
254 0.587112
255 0.335726
256 0.280661
257 -0.0650747
258 0.411902
259 0.0505387
260 0.309016
261 0.242086
262 0.0431321
263 0.081393
264 -0.616158
265 -0.211145
266 0.460276
267 0.00657403
268 0.451085
269 0.223369
270 -0.362371
271 0.382185
272 0.262561
273 0.277176
274 0.216554
275 0.00475128
276 -0.047914
277 0.431653
278 0.205295
279 0.447619
280 0.351064
281 -0.232655
282 0.262826
283 0.35642
284 0.243757
285 -0.196604
286 0.146613
287 0.0676536
288 -0.464877
289 0.459563
290 0.256875
291 -0.152151
292 0.257568
293 0.481058
294 -0.405691
295 -0.0306071
296 0.24968
297 0.280789
298 0.112864
299 -0.314111
300 -0.0579958
301 0.411794
302 0.511771
303 0.496221
304 0.181813
305 -0.0860221
306 -0.0908374
307 0.497882
308 -0.134655
309 0.120987
310 -0.462352
311 0.628764
312 0.556283
313 0.27516
314 0.363583
315 0.0701754
316 0.613858
317 -0.061036
318 -0.170916
319 0.150564
320 0.0547943
321 0.189387
322 0.338054
323 0.0426464
324 -0.162021
325 -0.104508
326 0.149256
327 -0.142844
328 -0.00324931
329 -0.206851
330 -0.128321
331 0.0669812
332 0.0137314
333 0.064168
334 0.439193
335 0.266745
336 0.252219
337 -0.262637
338 0.495235
339 0.123212
340 0.240496
341 0.536655
342 -0.0471071
343 0.327048
344 0.034084
345 0.438783
346 -1.10929
347 0.365873
348 0.168727
349 0.0929345
350 -0.298457
351 -0.0186115
352 0.128565
353 0.253764
354 0.462973
355 -0.207876
356 0.0497271
357 0.0542289
358 0.497852
359 0.321625
360 0.19574
361 -0.0596428
362 0.0743908
363 0.149112
364 -0.336495
365 0.441977
366 0.0542279
367 0.130521
368 -0.230651
369 -0.134086
370 0.0791893
371 -0.395075
372 0.320999
373 0.313999
374 0.132513
375 0.233139
376 0.154658
377 0.336931
378 0.00747776
379 0.306931
380 0.346353
381 0.661929
382 0.359559
383 -0.0661885
384 -0.231706
385 0.121244
386 0.413434
387 0.148458
388 0.059321
389 0.275928
390 0.347779
391 -0.581021
392 0.305212
393 0.369606
394 -0.715885
395 -0.169446
396 0.160699
397 0.219661
398 0.501468
399 0.56648
400 -0.106575
