0 0.335745
1 0.380451
2 0.358666
3 0.430573
4 0.395315
5 0.389269
6 0.415502
7 0.48799
8 0.485468
9 0.493229
10 0.474912
11 0.478761
12 0.469837
13 0.482627
14 0.464623
15 0.441421
16 0.425861
17 0.415186
18 0.388773
19 0.364937
20 0.347886
21 0.355473
22 0.342431
23 0.33526
24 0.334597
25 0.357673
26 0.341062
27 0.367857
28 0.377189
29 0.385207
30 0.395786
31 0.394295
32 0.399953
33 0.405362
34 0.414194
35 0.426979
36 0.409741
37 0.3969
38 0.397154
39 0.394886
40 0.381117
41 0.374862
42 0.363693
43 0.373346
44 0.363203
45 0.378156
46 0.383267
47 0.378847
48 0.379944
49 0.377668
50 0.374984
51 0.375192
52 0.374223
53 0.371672
54 0.369991
55 0.378265
56 0.373593
57 0.382283
58 0.382157
59 0.385713
60 0.372336
61 0.362171
62 0.354935
63 0.357572
64 0.345033
65 0.363049
66 0.361986
67 0.369028
68 0.365889
69 0.353573
70 0.342771
71 0.339341
72 0.337917
73 0.330565
74 0.342881
75 0.350263
76 0.36018
77 0.362008
78 0.361559
79 0.353002
80 0.35392
81 0.341848
82 0.353272
83 0.348435
84 0.330905
85 0.33565
86 0.330827
87 0.325375
88 0.308539
89 0.304541
90 0.311267
91 0.29961
92 0.289324
93 0.301148
94 0.307486
95 0.312002
96 0.317125
97 0.320557
98 0.324296
99 0.328818
100 0.337396
101 0.350527
102 0.3388
103 0.329095
104 0.314062
105 0.315376
106 0.318335
107 0.321431
108 0.315382
109 0.299783
110 0.291682
111 0.297455
112 0.294417
113 0.294195
114 0.299185
115 0.302996
116 0.311399
117 0.307377
118 0.315114
119 0.313827
120 0.313702
121 0.313975
122 0.326417
123 0.339415
124 0.334073
125 0.341594
126 0.32935
127 0.316402
128 0.308927
129 0.3116
130 0.313967
131 0.314957
132 0.306979
133 0.314584
134 0.327512
135 0.336738
136 0.327401
137 0.32072
138 0.320718
139 0.326888
140 0.323646
141 0.339957
142 0.350046
143 0.352812
144 0.345118
145 0.355059
146 0.346791
147 0.340229
148 0.346359
149 0.348358
150 0.345035
151 0.349811
152 0.337422
153 0.34171
154 0.342779
155 0.342963
156 0.350004
157 0.356527
158 0.355817
159 0.357336
160 0.35853
161 0.361787
162 0.358964
163 0.364344
164 0.350498
165 0.349521
166 0.348164
167 0.347458
168 0.347456
169 0.353849
170 0.357963
171 0.36494
172 0.374021
173 0.366258
174 0.369637
175 0.375911
176 0.367808
177 0.370541
178 0.379005
179 0.379935
180 0.368456
181 0.373356
182 0.381136
183 0.380593
184 0.380144
185 0.37275
186 0.371777
187 0.362625
188 0.364333
189 0.36432
190 0.373271
191 0.364192
192 0.373122
193 0.362551
194 0.367989
195 0.358712
196 0.355692
197 0.367929
198 0.37305
199 0.3611
200 0.376854
201 0.373905
202 0.377827
203 0.372786
204 0.376923
205 0.38563
206 0.389919
207 0.392928
208 0.40026
209 0.399764
210 0.402522
211 0.405214
212 0.402693
213 0.406347
214 0.40443
215 0.417033
216 0.408528
217 0.407357
218 0.403122
219 0.401017
220 0.403651
221 0.402
222 0.410847
223 0.410588
224 0.404032
225 0.397032
226 0.394963
227 0.396929
228 0.399026
229 0.400135
230 0.400538
231 0.399942
232 0.396456
233 0.40082
234 0.403901
235 0.391881
236 0.393667
237 0.393835
238 0.396435
239 0.396202
240 0.399282
241 0.395811
242 0.399683
243 0.403465
244 0.401605
245 0.401582
246 0.398096
247 0.396606
248 0.391919
249 0.384685
250 0.381629
251 0.391529
252 0.39165
253 0.39576
254 0.403491
255 0.405896
256 0.408044
257 0.398636
258 0.400438
259 0.411673
260 0.413651
261 0.406206
262 0.40814
263 0.413141
264 0.419985
265 0.423642
266 0.426289
267 0.414644
268 0.422938
269 0.425915
270 0.437021
271 0.434209
272 0.43558
273 0.438662
274 0.440569
275 0.444534
276 0.437284
277 0.438405
278 0.440268
279 0.442742
280 0.438851
281 0.431621
282 0.432291
283 0.439399
284 0.446479
285 0.445189
286 0.445407
287 0.45089
288 0.447212
289 0.45279
290 0.449338
291 0.448872
292 0.449471
293 0.456472
294 0.454149
295 0.449967
296 0.453117
297 0.45538
298 0.45804
299 0.4531
300 0.455139
301 0.454953
302 0.459096
303 0.458508
304 0.458541
305 0.455693
306 0.460327
307 0.458785
308 0.463294
309 0.471039
310 0.475998
311 0.471334
312 0.466002
313 0.464717
314 0.460677
315 0.46189
316 0.463141
317 0.465537
318 0.46832
319 0.467947
320 0.473996
321 0.477747
322 0.47555
323 0.474396
324 0.478159
325 0.476454
326 0.4811
327 0.481848
328 0.484363
329 0.488836
330 0.494701
331 0.495002
332 0.491325
333 0.493052
334 0.488062
335 0.485939
336 0.486478
337 0.491644
338 0.498931
339 0.50127
340 0.505154
341 0.507736
342 0.506035
343 0.50489
344 0.503991
345 0.501341
346 0.496995
347 0.494325
348 0.501841
349 0.503692
350 0.505136
351 0.50396
352 0.501545
353 0.501082
354 0.4968
355 0.49992
356 0.503333
357 0.503617
358 0.506489
359 0.507516
360 0.506641
361 0.508529
362 0.50495
363 0.504323
364 0.500238
365 0.502805
366 0.502053
367 0.503377
368 0.502061
369 0.502236
370 0.503954
371 0.505884
372 0.503247
373 0.509252
374 0.517251
375 0.523823
376 0.526475
377 0.525711
378 0.52401
379 0.527378
380 0.529863
381 0.534384
382 0.529188
383 0.528719
384 0.526298
385 0.530863
386 0.538123
387 0.533128
388 0.534006
389 0.532432
390 0.534353
391 0.538927
392 0.537731
393 0.541989
394 0.544026
395 0.539689
396 0.538761
397 0.539391
398 0.540155
399 0.541222
400 0.5433
