0 8.84568e-08
20.25 9.42716e-05
40.5 4.58255e-05
60.75 3.26772e-05
81 3.81057e-05
101.25 3.93486e-05
121.5 3.08938e-05
141.75 3.1564e-05
162 2.64085e-05
182.25 2.37635e-05
202.5 1.94943e-05
222.75 2.64346e-05
243 3.20259e-05
263.25 2.40354e-05
283.5 2.12799e-05
303.75 2.0136e-05
324 2.0651e-05
344.25 2.00495e-05
364.5 1.82189e-05
384.75 1.86997e-05
405 1.89263e-05
425.25 1.82736e-05
445.5 1.93536e-05
465.75 2.12095e-05
486 1.69948e-05
506.25 1.31563e-05
526.5 1.7348e-05
546.75 2.09126e-05
567 1.46301e-05
587.25 1.59865e-05
607.5 1.67965e-05
627.75 1.71165e-05
648 1.29023e-05
668.25 1.36875e-05
688.5 1.2275e-05
708.75 1.57794e-05
729 1.15906e-05
749.25 1.44754e-05
769.5 1.36083e-05
789.75 1.19852e-05
810 1.25905e-05
830.25 1.02827e-05
850.5 1.16799e-05
870.75 1.03988e-05
891 1.4374e-05
911.25 1.01412e-05
931.5 1.5051e-05
951.75 1.59202e-05
972 1.11001e-05
992.25 1.18373e-05
1012.5 1.21852e-05
1032.75 1.36088e-05
1053 1.24743e-05
1073.25 1.12124e-05
1093.5 1.31064e-05
1113.75 1.46046e-05
1134 1.03849e-05
1154.25 8.65557e-06
1174.5 9.53749e-06
1194.75 8.67822e-06
1215 1.27798e-05
1235.25 1.14185e-05
1255.5 9.4314e-06
1275.75 9.59242e-06
1296 1.21084e-05
1316.25 1.61546e-05
1336.5 1.0268e-05
1356.75 9.75975e-06
1377 9.69263e-06
1397.25 1.36181e-05
1417.5 1.09029e-05
1437.75 1.01021e-05
1458 8.73032e-06
1478.25 8.25413e-06
1498.5 1.36122e-05
1518.75 9.07368e-06
1539 1.17344e-05
1559.25 9.07511e-06
1579.5 7.20896e-06
1599.75 6.27182e-06
1620 1.01086e-05
1640.25 8.87922e-06
1660.5 6.36492e-06
1680.75 8.03502e-06
1701 7.74999e-06
1721.25 8.41563e-06
1741.5 9.61755e-06
1761.75 8.55335e-06
1782 8.24107e-06
1802.25 6.90581e-06
1822.5 7.33056e-06
1842.75 9.83568e-06
1863 6.99481e-06
1883.25 6.04861e-06
1903.5 6.70456e-06
1923.75 7.22006e-06
1944 9.80341e-06
1964.25 7.97755e-06
1984.5 8.22053e-06
2004.75 8.16419e-06
2025 8.19439e-06
2045.25 9.26757e-06
2065.5 9.23518e-06
2085.75 7.17987e-06
2106 5.77485e-06
2126.25 6.48475e-06
2146.5 7.68591e-06
2166.75 7.37073e-06
2187 7.33455e-06
2207.25 8.8784e-06
2227.5 6.95069e-06
2247.75 6.5326e-06
2268 7.42073e-06
2288.25 9.80653e-06
2308.5 9.06711e-06
2328.75 8.59137e-06
2349 7.51374e-06
2369.25 7.59846e-06
2389.5 7.19953e-06
2409.75 1.24893e-05
2430 6.26074e-06
2450.25 6.06173e-06
2470.5 7.12461e-06
2490.75 9.75537e-06
2511 5.9985e-06
2531.25 7.79935e-06
2551.5 6.13825e-06
2571.75 6.64268e-06
2592 6.92037e-06
2612.25 6.60336e-06
2632.5 7.61563e-06
2652.75 6.20481e-06
2673 7.57512e-06
2693.25 1.02672e-05
2713.5 8.5992e-06
2733.75 6.80282e-06
2754 6.07326e-06
2774.25 7.41022e-06
2794.5 8.1054e-06
2814.75 6.20746e-06
2835 6.22294e-06
2855.25 5.5452e-06
2875.5 5.90347e-06
2895.75 5.29879e-06
2916 7.46678e-06
2936.25 7.72217e-06
2956.5 5.80922e-06
2976.75 8.34112e-06
2997 1.62247e-05
3017.25 6.03655e-06
3037.5 6.85973e-06
3057.75 6.23331e-06
3078 5.71151e-06
3098.25 6.16677e-06
3118.5 8.22449e-06
3138.75 1.28781e-05
3159 3.96917e-05
3179.25 5.75321e-05
3199.5 4.54608e-05
3219.75 2.45249e-05
3240 1.98804e-05
3260.25 1.2106e-05
3280.5 8.65626e-06
3300.75 7.83204e-06
3321 7.25074e-06
3341.25 7.1432e-06
3361.5 7.8086e-06
3381.75 7.45933e-06
3402 6.10814e-06
3422.25 6.69439e-06
3442.5 5.96792e-06
3462.75 5.12363e-06
3483 5.1983e-06
3503.25 6.08397e-06
3523.5 5.87761e-06
3543.75 6.59146e-06
3564 5.15173e-06
3584.25 6.93881e-06
3604.5 5.13707e-06
3624.75 5.83623e-06
3645 5.83542e-06
3665.25 7.57004e-06
3685.5 5.31761e-06
3705.75 4.41172e-06
3726 6.1708e-06
3746.25 6.54322e-06
3766.5 8.09066e-06
3786.75 7.17029e-06
3807 5.68159e-06
3827.25 7.20144e-06
3847.5 7.18658e-06
3867.75 4.97047e-06
3888 6.0338e-06
3908.25 8.05602e-06
3928.5 6.1738e-06
3948.75 5.80683e-06
3969 5.7439e-06
3989.25 5.91695e-06
4009.5 5.01677e-06
4029.75 6.35207e-06
4050 5.33581e-06
