0 0.0363292
20.25 0.13797
40.5 0.118747
60.75 -0.00645877
81 0.0197412
101.25 -0.0382103
121.5 0.0615887
141.75 0.00857905
162 0.0728977
182.25 0.168001
202.5 0.171683
222.75 -0.225861
243 -0.204653
263.25 -0.0290949
283.5 -0.00966842
303.75 -0.0253278
324 0.0896226
344.25 0.0458816
364.5 0.0398197
384.75 -0.0961919
405 -0.0297662
425.25 -0.258666
445.5 -0.182941
465.75 -0.417549
486 -0.0816444
506.25 0.128387
526.5 0.00700964
546.75 0.00424047
567 0.173783
587.25 -0.109549
607.5 0.0518419
627.75 -0.148754
648 0.149797
668.25 -0.24673
688.5 -0.0616013
708.75 -0.251454
729 -0.000855266
749.25 -0.137635
769.5 -0.0348222
789.75 -0.101868
810 -0.137095
830.25 0.0343931
850.5 0.112275
870.75 0.166749
891 -0.302011
911.25 -0.00206959
931.5 -0.125395
951.75 -0.253538
972 0.155678
992.25 0.0134521
1012.5 0.101071
1032.75 -0.116633
1053 -0.0572427
1073.25 0.0828087
1093.5 0.0287668
1113.75 -0.0793771
1134 -0.126665
1154.25 0.00384247
1174.5 0.00711892
1194.75 0.0982975
1215 -0.0945563
1235.25 -0.132982
1255.5 0.00779077
1275.75 -0.257742
1296 -0.0260855
1316.25 -0.478299
1336.5 -0.069111
1356.75 -0.180358
1377 -0.127927
1397.25 -0.555931
1417.5 -0.262703
1437.75 -0.0343841
1458 -0.0200441
1478.25 0.0241702
1498.5 -0.390554
1518.75 0.129651
1539 -0.163059
1559.25 0.0413315
1579.5 -0.260104
1599.75 0.0702951
1620 -0.31893
1640.25 -0.455354
1660.5 -0.0959413
1680.75 -0.0612454
1701 0.0499118
1721.25 -0.102595
1741.5 0.114459
1761.75 -0.0652673
1782 0.0212111
1802.25 0.101456
1822.5 -0.080496
1842.75 -0.320248
1863 0.00815002
1883.25 0.019687
1903.5 -0.0244011
1923.75 0.0621853
1944 -0.218991
1964.25 -0.260132
1984.5 -0.068177
2004.75 -0.395384
2025 -0.0380959
2045.25 -0.158161
2065.5 -0.103661
2085.75 0.0706219
2106 0.0339088
2126.25 -0.0797675
2146.5 -0.0909083
2166.75 -0.132744
2187 -0.12843
2207.25 -0.284396
2227.5 -0.158143
2247.75 -0.00150314
2268 -0.456268
2288.25 -0.544111
2308.5 -0.53076
2328.75 -0.0859278
2349 0.0697313
2369.25 0.009324
2389.5 -0.158429
2409.75 -0.819818
2430 0.00339782
2450.25 -0.151416
2470.5 -0.274375
2490.75 -0.854503
2511 0.160448
2531.25 -0.238413
2551.5 0.186368
2571.75 -0.0628797
2592 -0.0497189
2612.25 0.0995293
2632.5 -0.0415446
2652.75 -0.0164825
2673 -0.125688
2693.25 -0.269851
2713.5 -0.00202622
2733.75 -0.150477
2754 0.061757
2774.25 -0.0464504
2794.5 -0.0512083
2814.75 -0.00896761
2835 -0.139861
2855.25 0.0899874
2875.5 -0.309699
2895.75 0.161879
2916 -0.171747
2936.25 -0.31146
2956.5 0.035304
2976.75 -0.565827
2997 -2.02161
3017.25 -0.0781869
3037.5 -0.401979
3057.75 -0.193353
3078 -0.0337236
3098.25 -0.0641553
3118.5 -0.236932
3138.75 -1.36853
3159 -7.72254
3179.25 -9.86201
3199.5 -7.83853
3219.75 -5.22383
3240 -3.88817
3260.25 -2.06453
3280.5 -1.0651
3300.75 -0.658009
3321 -0.78314
3341.25 -0.70353
3361.5 -0.277638
3381.75 -0.476828
3402 -0.288321
3422.25 -0.407331
3442.5 -0.11833
3462.75 0.054001
3483 0.02372
3503.25 -0.162541
3523.5 0.100649
3543.75 -0.193723
3564 0.0649158
3584.25 -0.124248
3604.5 0.028562
3624.75 0.013585
3645 -0.219432
3665.25 -0.529519
3685.5 0.0823913
3705.75 -0.141642
3726 -0.234183
3746.25 -0.40711
3766.5 -0.470783
3786.75 -0.181842
3807 0.112651
3827.25 -0.188222
3847.5 -0.26447
3867.75 -0.0453874
3888 -0.128586
3908.25 -0.595081
3928.5 -0.0764873
3948.75 -0.0500392
3969 -0.142855
3989.25 0.00744591
4009.5 -0.182848
4029.75 -0.0767462
4050 -0.20312
