0 2596.48091603 2601.74045802
128.00000000 26.04580153 25.99236641
256.00000000 17.92307692 17.91538462
384.00000000 14.78461538 14.85384615
512.00000000 13.12307692 13.08461538
640.00000000 11.85384615 11.92307692
768.00000000 11.06923077 11.03076923
896.00000000 10.49230769 10.36923077
1024.00000000 9.86153846 9.88461538
1152.00000000 9.36153846 9.44615385
1280.00000000 8.93846154 9.00000000
1408.00000000 8.80769231 8.73076923
1536.00000000 8.36923077 8.48461538
1664.00000000 8.20769231 8.34615385
1792.00000000 8.09230769 8.08461538
1920.00000000 7.89230769 7.95384615
2048.00000000 7.76923077 7.90000000
2176.00000000 7.64615385 7.67692308
2304.00000000 7.50000000 7.50769231
2432.00000000 7.23076923 7.38461538
2560.00000000 7.15384615 7.29230769
2688.00000000 7.11538462 7.13846154
2816.00000000 7.15384615 7.13846154
2944.00000000 7.03076923 7.00769231
3072.00000000 6.79230769 6.96923077
3200.00000000 6.70769231 6.77692308
3328.00000000 6.64615385 6.75384615
3456.00000000 6.40000000 6.54615385
3584.00000000 6.55384615 6.53076923
3712.00000000 6.28461538 6.43076923
3840.00000000 6.31538462 6.27692308
3968.00000000 6.24615385 6.23846154
4096.00000000 6.17692308 6.17692308
4224.00000000 6.17692308 6.21538462
4352.00000000 6.10000000 6.09230769
4480.00000000 5.88461538 5.94615385
4608.00000000 5.78461538 5.83846154
4736.00000000 5.76153846 5.85384615
4864.00000000 5.80769231 5.75384615
4992.00000000 5.67692308 5.69230769
5120.00000000 5.54615385 5.63076923
5248.00000000 5.46153846 5.53076923
5376.00000000 5.43846154 5.43076923
5504.00000000 5.37692308 5.36153846
5632.00000000 5.32307692 5.28461538
5760.00000000 5.30000000 5.27692308
5888.00000000 5.18461538 5.15384615
6016.00000000 5.16153846 5.29230769
6144.00000000 5.11538462 5.23846154
6272.00000000 5.16153846 5.10769231
6400.00000000 5.13076923 5.04615385
6528.00000000 5.00000000 5.13076923
6656.00000000 4.93076923 5.02307692
6784.00000000 4.96153846 4.99230769
6912.00000000 4.90000000 4.92307692
7040.00000000 4.83846154 4.88461538
7168.00000000 4.81538462 4.76923077
7296.00000000 4.86153846 4.80000000
7424.00000000 4.71538462 4.73076923
7552.00000000 4.64615385 4.73076923
7680.00000000 4.70769231 4.75384615
7808.00000000 4.69230769 4.61538462
7936.00000000 4.69230769 4.68461538
8064.00000000 4.58461538 4.62307692
8192.00000000 4.52307692 4.52307692
8320.00000000 4.39230769 4.43846154
8448.00000000 4.36153846 4.37692308
8576.00000000 4.38461538 4.41538462
8704.00000000 4.38461538 4.35384615
8832.00000000 4.27692308 4.41538462
8960.00000000 4.35384615 4.33846154
9088.00000000 4.29230769 4.33076923
9216.00000000 4.26153846 4.34615385
9344.00000000 4.29230769 4.40000000
9472.00000000 4.23846154 4.31538462
9600.00000000 4.22307692 4.29230769
9728.00000000 4.16923077 4.18461538
9856.00000000 4.21538462 4.19230769
9984.00000000 4.20769231 4.18461538
10112.00000000 4.06153846 4.11538462
10240.00000000 4.13846154 4.18461538
10368.00000000 4.02307692 4.08461538
10496.00000000 4.06153846 4.04615385
10624.00000000 4.02307692 4.10769231
10752.00000000 4.02307692 4.06153846
10880.00000000 4.03846154 4.07692308
11008.00000000 4.00769231 3.96153846
11136.00000000 3.98461538 3.91538462
11264.00000000 4.02307692 3.94615385
11392.00000000 3.95384615 3.92307692
11520.00000000 3.96153846 3.93076923
11648.00000000 3.90769231 4.00769231
11776.00000000 3.93846154 3.80000000
11904.00000000 3.96923077 3.92307692
12032.00000000 3.92307692 3.83076923
12160.00000000 3.75384615 3.89230769
12288.00000000 3.77692308 3.92307692
12416.00000000 3.80769231 3.85384615
12544.00000000 3.79230769 3.89230769
12672.00000000 3.80000000 3.83076923
12800.00000000 3.80000000 3.80000000
