0 2596.83653846 2601.89423077
128.00000000 26.08653846 26.13461538
256.00000000 18.05000000 17.98000000
384.00000000 14.94000000 15.00000000
512.00000000 13.13000000 13.07000000
640.00000000 11.87000000 12.03000000
768.00000000 11.08000000 11.08000000
896.00000000 10.46000000 10.43000000
1024.00000000 9.87000000 9.91000000
1152.00000000 9.33000000 9.29000000
1280.00000000 8.84000000 8.97000000
1408.00000000 8.69000000 8.58000000
1536.00000000 8.23000000 8.41000000
1664.00000000 8.09000000 8.26000000
1792.00000000 7.91000000 7.98000000
1920.00000000 7.73000000 7.81000000
2048.00000000 7.64000000 7.76000000
2176.00000000 7.52000000 7.46000000
2304.00000000 7.41000000 7.35000000
2432.00000000 7.19000000 7.31000000
2560.00000000 7.05000000 7.23000000
2688.00000000 7.05000000 7.07000000
2816.00000000 7.09000000 7.04000000
2944.00000000 6.97000000 6.92000000
3072.00000000 6.76000000 6.91000000
3200.00000000 6.70000000 6.77000000
3328.00000000 6.64000000 6.71000000
3456.00000000 6.34000000 6.53000000
3584.00000000 6.49000000 6.52000000
3712.00000000 6.16000000 6.38000000
3840.00000000 6.24000000 6.26000000
3968.00000000 6.15000000 6.24000000
4096.00000000 6.13000000 6.15000000
4224.00000000 6.17000000 6.12000000
4352.00000000 6.01000000 6.07000000
4480.00000000 5.81000000 5.84000000
4608.00000000 5.70000000 5.75000000
4736.00000000 5.70000000 5.79000000
4864.00000000 5.82000000 5.75000000
4992.00000000 5.69000000 5.69000000
5120.00000000 5.49000000 5.59000000
5248.00000000 5.46000000 5.53000000
5376.00000000 5.37000000 5.37000000
5504.00000000 5.38000000 5.28000000
5632.00000000 5.32000000 5.27000000
5760.00000000 5.32000000 5.26000000
5888.00000000 5.18000000 5.12000000
6016.00000000 5.09000000 5.25000000
6144.00000000 5.11000000 5.22000000
6272.00000000 5.16000000 5.04000000
6400.00000000 5.09000000 4.97000000
6528.00000000 4.99000000 5.07000000
6656.00000000 4.86000000 4.96000000
6784.00000000 4.89000000 4.89000000
6912.00000000 4.83000000 4.82000000
7040.00000000 4.77000000 4.82000000
7168.00000000 4.78000000 4.69000000
7296.00000000 4.81000000 4.75000000
7424.00000000 4.71000000 4.70000000
7552.00000000 4.63000000 4.64000000
7680.00000000 4.69000000 4.76000000
7808.00000000 4.62000000 4.60000000
7936.00000000 4.64000000 4.60000000
8064.00000000 4.56000000 4.62000000
8192.00000000 4.47000000 4.55000000
8320.00000000 4.37000000 4.46000000
8448.00000000 4.30000000 4.36000000
8576.00000000 4.36000000 4.37000000
8704.00000000 4.34000000 4.30000000
8832.00000000 4.20000000 4.37000000
8960.00000000 4.31000000 4.28000000
9088.00000000 4.24000000 4.26000000
9216.00000000 4.21000000 4.27000000
9344.00000000 4.28000000 4.35000000
9472.00000000 4.17000000 4.26000000
9600.00000000 4.21000000 4.30000000
9728.00000000 4.08000000 4.19000000
9856.00000000 4.19000000 4.14000000
9984.00000000 4.21000000 4.12000000
10112.00000000 4.03000000 4.06000000
10240.00000000 4.13000000 4.11000000
10368.00000000 4.03000000 4.06000000
10496.00000000 3.99000000 4.01000000
10624.00000000 3.96000000 4.07000000
10752.00000000 3.96000000 4.00000000
10880.00000000 3.97000000 4.02000000
11008.00000000 4.03000000 3.97000000
11136.00000000 3.90000000 3.89000000
11264.00000000 3.98000000 3.97000000
11392.00000000 3.93000000 3.90000000
11520.00000000 3.91000000 3.90000000
11648.00000000 3.89000000 3.95000000
11776.00000000 3.93000000 3.77000000
11904.00000000 3.92000000 3.88000000
12032.00000000 3.90000000 3.83000000
12160.00000000 3.69000000 3.90000000
12288.00000000 3.77000000 3.89000000
12416.00000000 3.81000000 3.80000000
12544.00000000 3.77000000 3.88000000
12672.00000000 3.81000000 3.81000000
12800.00000000 3.75000000 3.76000000
