0 2596.42857143 2601.77142857
128.00000000 26.10000000 26.00000000
256.00000000 17.85000000 17.82857143
384.00000000 14.68571429 14.80000000
512.00000000 13.05714286 13.02142857
640.00000000 11.77857143 11.82857143
768.00000000 10.99285714 10.97857143
896.00000000 10.43571429 10.31428571
1024.00000000 9.79285714 9.82142857
1152.00000000 9.32142857 9.38571429
1280.00000000 8.90000000 8.97857143
1408.00000000 8.76428571 8.67857143
1536.00000000 8.32142857 8.43571429
1664.00000000 8.15000000 8.30714286
1792.00000000 8.04285714 8.02857143
1920.00000000 7.81428571 7.90000000
2048.00000000 7.72142857 7.83571429
2176.00000000 7.62142857 7.65000000
2304.00000000 7.46428571 7.46428571
2432.00000000 7.22142857 7.33571429
2560.00000000 7.11428571 7.24285714
2688.00000000 7.07857143 7.11428571
2816.00000000 7.11428571 7.12142857
2944.00000000 7.01428571 7.00000000
3072.00000000 6.80000000 6.93571429
3200.00000000 6.70714286 6.77142857
3328.00000000 6.63571429 6.72142857
3456.00000000 6.43571429 6.55714286
3584.00000000 6.52142857 6.50714286
3712.00000000 6.27857143 6.44285714
3840.00000000 6.31428571 6.28571429
3968.00000000 6.26428571 6.25000000
4096.00000000 6.19285714 6.16428571
4224.00000000 6.15714286 6.20000000
4352.00000000 6.10714286 6.08571429
4480.00000000 5.85714286 5.93571429
4608.00000000 5.79285714 5.82857143
4736.00000000 5.77142857 5.83571429
4864.00000000 5.81428571 5.75000000
4992.00000000 5.65714286 5.68571429
5120.00000000 5.55000000 5.63571429
5248.00000000 5.45714286 5.55000000
5376.00000000 5.43571429 5.42857143
5504.00000000 5.39285714 5.35714286
5632.00000000 5.33571429 5.29285714
5760.00000000 5.30714286 5.27857143
5888.00000000 5.20714286 5.17142857
6016.00000000 5.15000000 5.30000000
6144.00000000 5.13571429 5.26428571
6272.00000000 5.18571429 5.14285714
6400.00000000 5.14285714 5.03571429
6528.00000000 5.01428571 5.10000000
6656.00000000 4.92142857 5.02142857
6784.00000000 4.97142857 4.99285714
6912.00000000 4.90714286 4.91428571
7040.00000000 4.83571429 4.87857143
7168.00000000 4.82857143 4.77857143
7296.00000000 4.86428571 4.78571429
7424.00000000 4.72142857 4.73571429
7552.00000000 4.65000000 4.73571429
7680.00000000 4.68571429 4.75714286
7808.00000000 4.70000000 4.62142857
7936.00000000 4.65714286 4.64285714
8064.00000000 4.57857143 4.63571429
8192.00000000 4.52857143 4.52857143
8320.00000000 4.39285714 4.45000000
8448.00000000 4.36428571 4.37857143
8576.00000000 4.38571429 4.43571429
8704.00000000 4.37142857 4.35000000
8832.00000000 4.29285714 4.42857143
8960.00000000 4.37142857 4.35714286
9088.00000000 4.30714286 4.34285714
9216.00000000 4.29285714 4.37142857
9344.00000000 4.30000000 4.40000000
9472.00000000 4.25714286 4.34285714
9600.00000000 4.24285714 4.30000000
9728.00000000 4.19285714 4.20714286
9856.00000000 4.24285714 4.20000000
9984.00000000 4.20714286 4.20714286
10112.00000000 4.07857143 4.12142857
10240.00000000 4.15714286 4.20714286
10368.00000000 4.04285714 4.10714286
10496.00000000 4.07857143 4.06428571
10624.00000000 4.02857143 4.13571429
10752.00000000 4.03571429 4.08571429
10880.00000000 4.05714286 4.10714286
11008.00000000 4.02857143 3.97857143
11136.00000000 4.00000000 3.90714286
11264.00000000 4.02857143 3.97142857
11392.00000000 3.95714286 3.92857143
11520.00000000 3.96428571 3.96428571
11648.00000000 3.92857143 4.02142857
11776.00000000 3.92857143 3.83571429
11904.00000000 3.99285714 3.94285714
12032.00000000 3.92857143 3.85000000
12160.00000000 3.78571429 3.91428571
12288.00000000 3.78571429 3.95000000
12416.00000000 3.82857143 3.87142857
12544.00000000 3.80714286 3.91428571
12672.00000000 3.81428571 3.86428571
12800.00000000 3.82142857 3.83571429
