0 0.00354153
1 0.0327045
2 0.0689507
3 0.1029
4 0.135773
5 0.166061
6 0.193378
7 0.219264
8 0.243012
9 0.265744
10 0.288715
11 0.31161
12 0.334078
13 0.355258
14 0.375447
15 0.394856
16 0.412931
17 0.429289
18 0.444862
19 0.459908
20 0.474962
21 0.489005
22 0.502036
23 0.513978
24 0.525894
25 0.537818
26 0.549251
27 0.560647
28 0.571776
29 0.582293
30 0.592463
31 0.602435
32 0.612798
33 0.622371
34 0.632204
35 0.641576
36 0.650431
37 0.659776
38 0.669669
39 0.679262
40 0.68896
41 0.698391
42 0.707835
43 0.718094
44 0.727901
45 0.737715
46 0.747748
47 0.757116
48 0.765677
49 0.774669
50 0.783855
51 0.791605
52 0.798377
53 0.804692
54 0.810807
55 0.817961
56 0.824696
57 0.830482
58 0.835528
59 0.840522
60 0.845763
61 0.85118
62 0.856596
63 0.861352
64 0.865554
65 0.86945
66 0.873434
67 0.877028
68 0.880651
69 0.883903
70 0.887245
71 0.890638
72 0.893744
73 0.895849
74 0.897384
75 0.898772
76 0.90022
77 0.901362
78 0.902429
79 0.903588
80 0.904695
81 0.905784
82 0.90694
83 0.907968
84 0.908983
85 0.91004
86 0.911306
87 0.912497
88 0.913633
89 0.915016
90 0.916152
91 0.917109
92 0.918012
93 0.918881
94 0.91976
95 0.920611
96 0.921434
97 0.922365
98 0.923527
99 0.924641
100 0.925709
101 0.926765
102 0.927887
103 0.929244
104 0.931028
105 0.932464
106 0.933777
107 0.935067
108 0.936443
109 0.937671
110 0.938826
111 0.940031
112 0.941259
113 0.942503
114 0.94375
115 0.945043
116 0.946297
117 0.947308
118 0.947997
119 0.948547
120 0.949047
121 0.949548
122 0.950045
123 0.950499
124 0.950914
125 0.951288
126 0.951615
127 0.951915
128 0.952233
129 0.952617
130 0.953053
131 0.953634
132 0.95417
133 0.954454
134 0.954666
135 0.954848
136 0.955026
137 0.955206
138 0.955374
139 0.95553
140 0.955687
141 0.955867
142 0.9561
143 0.956402
144 0.956753
145 0.95716
146 0.957642
147 0.957944
148 0.95819
149 0.958414
150 0.958638
151 0.958895
152 0.959213
153 0.959565
154 0.959883
155 0.960146
156 0.960377
157 0.960647
158 0.961204
159 0.961675
160 0.961904
161 0.962058
162 0.962175
163 0.962273
164 0.962365
165 0.962459
166 0.962551
167 0.962631
168 0.9627
169 0.962761
170 0.962815
171 0.962866
172 0.962913
173 0.96296
174 0.963007
175 0.963056
176 0.963113
177 0.963183
178 0.963273
179 0.963381
180 0.963492
181 0.963604
182 0.963728
183 0.963879
184 0.964075
185 0.96432
186 0.964617
187 0.964972
188 0.965396
189 0.965913
190 0.966636
191 0.967469
192 0.968242
193 0.968876
194 0.969271
195 0.969549
196 0.969749
197 0.969894
198 0.97
199 0.970077
200 0.970133
