0 2.25402e-05
1 0.00185426
2 0.00901849
3 0.0206139
4 0.0358156
5 0.0526218
6 0.0698451
7 0.0883648
8 0.106898
9 0.126037
10 0.146412
11 0.166932
12 0.188761
13 0.211093
14 0.233428
15 0.255233
16 0.275452
17 0.29364
18 0.310694
19 0.327226
20 0.344158
21 0.360045
22 0.374849
23 0.388319
24 0.401404
25 0.414461
26 0.42709
27 0.440126
28 0.452914
29 0.464585
30 0.475521
31 0.486422
32 0.498203
33 0.508969
34 0.520433
35 0.531119
36 0.540918
37 0.551307
38 0.562628
39 0.57363
40 0.584886
41 0.596075
42 0.607714
43 0.621131
44 0.634231
45 0.647656
46 0.661864
47 0.675135
48 0.686991
49 0.699584
50 0.712714
51 0.723603
52 0.733029
53 0.74196
54 0.750649
55 0.761275
56 0.771381
57 0.779862
58 0.787152
59 0.794389
60 0.802052
61 0.810069
62 0.818339
63 0.825667
64 0.832125
65 0.838064
66 0.84413
67 0.849518
68 0.854952
69 0.85983
70 0.864949
71 0.870333
72 0.875463
73 0.878956
74 0.881428
75 0.88361
76 0.885873
77 0.887517
78 0.888928
79 0.890332
80 0.891688
81 0.89301
82 0.894375
83 0.895422
84 0.896398
85 0.897422
86 0.898777
87 0.900097
88 0.901361
89 0.902973
90 0.904179
91 0.90513
92 0.906003
93 0.906829
94 0.907637
95 0.908408
96 0.909153
97 0.910003
98 0.911112
99 0.912224
100 0.913292
101 0.914345
102 0.9155
103 0.916989
104 0.919174
105 0.920909
106 0.922495
107 0.924103
108 0.925935
109 0.927553
110 0.928991
111 0.930465
112 0.931997
113 0.933587
114 0.935256
115 0.937152
116 0.939112
117 0.940714
118 0.941759
119 0.942542
120 0.943213
121 0.94386
122 0.944485
123 0.945033
124 0.945503
125 0.94591
126 0.946268
127 0.946609
128 0.946995
129 0.947507
130 0.94813
131 0.94904
132 0.94992
133 0.950351
134 0.950648
135 0.950876
136 0.95107
137 0.951246
138 0.951403
139 0.951543
140 0.951681
141 0.951834
142 0.952035
143 0.952305
144 0.952637
145 0.95305
146 0.953577
147 0.953924
148 0.954215
149 0.954479
150 0.954742
151 0.955044
152 0.955437
153 0.9559
154 0.956337
155 0.956706
156 0.957039
157 0.957446
158 0.958373
159 0.959196
160 0.959587
161 0.959841
162 0.96002
163 0.960154
164 0.960259
165 0.960348
166 0.960424
167 0.960486
168 0.960538
169 0.96058
170 0.960617
171 0.96065
172 0.96068
173 0.960708
174 0.960736
175 0.960766
176 0.960799
177 0.96084
178 0.960894
179 0.96096
180 0.96103
181 0.961104
182 0.961187
183 0.961294
184 0.961438
185 0.96163
186 0.961878
187 0.962198
188 0.962613
189 0.963169
190 0.964034
191 0.965161
192 0.96633
193 0.967379
194 0.968073
195 0.968581
196 0.968956
197 0.969233
198 0.969436
199 0.969586
200 0.969696
