0 3.13421e-05
1 0.00239305
2 0.0103788
3 0.0224174
4 0.0368393
5 0.0524613
6 0.0702252
7 0.0888035
8 0.108586
9 0.129586
10 0.151614
11 0.174548
12 0.196821
13 0.218625
14 0.238758
15 0.258812
16 0.278805
17 0.298653
18 0.318652
19 0.338157
20 0.357627
21 0.375829
22 0.393885
23 0.413196
24 0.432086
25 0.449157
26 0.464597
27 0.480174
28 0.495642
29 0.51114
30 0.526448
31 0.541429
32 0.556324
33 0.571439
34 0.584556
35 0.597574
36 0.611832
37 0.624756
38 0.637567
39 0.649531
40 0.662244
41 0.673785
42 0.684916
43 0.695383
44 0.708313
45 0.718476
46 0.729344
47 0.73822
48 0.748114
49 0.757449
50 0.765848
51 0.773319
52 0.780421
53 0.785918
54 0.791666
55 0.797849
56 0.802914
57 0.80862
58 0.814344
59 0.81928
60 0.823701
61 0.828005
62 0.831146
63 0.835644
64 0.839445
65 0.843381
66 0.846755
67 0.849615
68 0.852181
69 0.855089
70 0.857473
71 0.860725
72 0.863066
73 0.865614
74 0.868189
75 0.87115
76 0.874345
77 0.876862
78 0.877946
79 0.880027
80 0.881795
81 0.882776
82 0.884723
83 0.885943
84 0.887373
85 0.889683
86 0.890828
87 0.891725
88 0.892944
89 0.893922
90 0.896312
91 0.896875
92 0.897517
93 0.898161
94 0.899005
95 0.900005
96 0.90047
97 0.901891
98 0.902536
99 0.902425
100 0.90316
101 0.904792
102 0.904602
103 0.904441
104 0.904961
105 0.905664
106 0.906005
107 0.9067
108 0.908123
109 0.908223
110 0.908572
111 0.90872
112 0.909124
113 0.909219
114 0.909079
115 0.908782
116 0.909231
117 0.909792
118 0.910764
119 0.91134
120 0.910821
121 0.911989
122 0.911554
123 0.911182
124 0.911511
125 0.91146
126 0.911897
127 0.911663
128 0.912741
129 0.911948
130 0.911992
131 0.911934
132 0.912578
133 0.912071
134 0.912745
135 0.913162
136 0.913388
137 0.913493
138 0.913529
139 0.912969
140 0.913763
141 0.912987
142 0.913206
143 0.913915
144 0.913581
145 0.913736
146 0.914481
147 0.913813
148 0.913985
149 0.913777
150 0.914429
151 0.913635
152 0.913933
153 0.913439
154 0.913669
155 0.91425
156 0.914169
157 0.913843
158 0.913893
159 0.914199
160 0.914599
161 0.914082
162 0.914224
163 0.91355
164 0.914613
165 0.914762
166 0.915281
167 0.914903
168 0.915268
169 0.915377
170 0.915726
171 0.914972
172 0.916069
173 0.915664
174 0.915167
175 0.915094
176 0.915518
177 0.915324
178 0.916102
179 0.915482
180 0.915345
181 0.915551
182 0.915347
183 0.915809
184 0.915605
185 0.9163
186 0.915906
187 0.916384
188 0.915846
189 0.916298
190 0.915693
191 0.916442
192 0.916859
193 0.916413
194 0.916545
195 0.917154
196 0.917586
197 0.917412
198 0.917657
199 0.916968
200 0.917396
