0 3.04373e-05
1 0.00232537
2 0.0103019
3 0.0222118
4 0.036443
5 0.052424
6 0.0701106
7 0.0894403
8 0.11045
9 0.132455
10 0.154823
11 0.17779
12 0.200495
13 0.222913
14 0.245466
15 0.26748
16 0.289505
17 0.31118
18 0.332605
19 0.353593
20 0.373889
21 0.393498
22 0.413033
23 0.432266
24 0.451064
25 0.469097
26 0.486675
27 0.504032
28 0.521268
29 0.537397
30 0.55312
31 0.567673
32 0.581686
33 0.595676
34 0.608992
35 0.622009
36 0.635113
37 0.647832
38 0.659803
39 0.671841
40 0.683609
41 0.695062
42 0.705538
43 0.715589
44 0.725326
45 0.734789
46 0.743993
47 0.752179
48 0.761208
49 0.769646
50 0.777635
51 0.784782
52 0.791561
53 0.79784
54 0.803934
55 0.809385
56 0.814588
57 0.819764
58 0.824808
59 0.829682
60 0.834292
61 0.838773
62 0.84266
63 0.846267
64 0.850668
65 0.85429
66 0.85756
67 0.860896
68 0.864055
69 0.867387
70 0.870334
71 0.8733
72 0.876161
73 0.879025
74 0.88155
75 0.883938
76 0.88628
77 0.887997
78 0.889604
79 0.891206
80 0.893098
81 0.894682
82 0.896144
83 0.897546
84 0.898579
85 0.900026
86 0.901227
87 0.902153
88 0.90342
89 0.9043
90 0.905326
91 0.906262
92 0.907115
93 0.90778
94 0.908437
95 0.909447
96 0.9103
97 0.911009
98 0.911635
99 0.912165
100 0.912719
101 0.913238
102 0.913855
103 0.914171
104 0.914393
105 0.91493
106 0.915239
107 0.91561
108 0.915952
109 0.915816
110 0.916228
111 0.916449
112 0.916453
113 0.916825
114 0.91667
115 0.916602
116 0.916824
117 0.917147
118 0.917328
119 0.917564
120 0.917569
121 0.91801
122 0.917923
123 0.918111
124 0.918462
125 0.918705
126 0.918868
127 0.918911
128 0.919143
129 0.919087
130 0.919413
131 0.919728
132 0.919899
133 0.920195
134 0.920052
135 0.920217
136 0.920186
137 0.920368
138 0.920585
139 0.920727
140 0.921178
141 0.921062
142 0.921299
143 0.921063
144 0.921259
145 0.921397
146 0.921382
147 0.921355
148 0.921581
149 0.921837
150 0.921977
151 0.921613
152 0.922014
153 0.921859
154 0.921818
155 0.922368
156 0.922385
157 0.922161
158 0.92215
159 0.922304
160 0.922676
161 0.922553
162 0.922608
163 0.922571
164 0.922594
165 0.92259
166 0.922806
167 0.922682
168 0.922457
169 0.922624
170 0.922689
171 0.922512
172 0.922922
173 0.922658
174 0.92276
175 0.922664
176 0.92268
177 0.922784
178 0.922908
179 0.922983
180 0.923003
181 0.923076
182 0.922981
183 0.923152
184 0.922885
185 0.923328
186 0.923138
187 0.923403
188 0.923079
189 0.923195
190 0.923159
191 0.923227
192 0.923229
193 0.922945
194 0.923174
195 0.923259
196 0.923478
197 0.923471
198 0.92344
199 0.923485
200 0.923653
