0 3.08899e-05
1 0.000287756
2 0.000253773
3 0.000131981
4 9.96867e-05
5 8.2479e-05
6 6.90103e-05
7 7.64452e-05
8 7.00107e-05
9 6.74999e-05
10 7.07142e-05
11 6.79795e-05
12 7.43837e-05
13 7.23579e-05
14 6.50448e-05
15 6.92343e-05
16 7.21986e-05
17 6.6089e-05
18 7.39831e-05
19 7.23092e-05
20 7.11302e-05
21 6.4793e-05
22 6.8775e-05
23 7.22007e-05
24 6.39646e-05
25 6.52693e-05
26 7.54161e-05
27 7.43023e-05
28 7.6005e-05
29 6.76856e-05
30 7.06964e-05
31 6.71382e-05
32 6.90788e-05
33 7.10695e-05
34 6.78962e-05
35 7.0335e-05
36 7.11156e-05
37 7.64232e-05
38 6.83081e-05
39 7.63083e-05
40 6.97666e-05
41 6.77944e-05
42 6.84601e-05
43 6.52212e-05
44 6.69398e-05
45 7.50835e-05
46 7.51006e-05
47 7.13125e-05
48 6.60411e-05
49 6.88023e-05
50 7.46626e-05
51 7.27978e-05
52 6.95158e-05
53 6.76679e-05
54 6.41014e-05
55 7.31643e-05
56 7.06709e-05
57 7.27314e-05
58 6.99479e-05
59 7.06112e-05
60 6.25484e-05
61 7.28879e-05
62 6.92484e-05
63 7.41419e-05
64 6.7514e-05
65 7.29251e-05
66 6.63633e-05
67 6.95479e-05
68 6.71486e-05
69 7.07007e-05
70 6.34138e-05
71 7.76513e-05
72 7.05025e-05
73 7.67875e-05
74 7.43974e-05
75 7.17092e-05
76 6.82036e-05
77 7.19634e-05
78 7.36734e-05
79 7.39252e-05
80 6.94486e-05
81 6.63431e-05
82 7.25448e-05
83 7.09278e-05
84 6.82695e-05
85 7.68975e-05
86 6.57878e-05
87 7.20203e-05
88 6.56384e-05
89 6.7697e-05
90 6.97318e-05
91 6.54349e-05
92 6.75066e-05
93 6.91357e-05
94 6.84058e-05
95 7.52736e-05
96 7.0103e-05
97 6.80704e-05
98 7.34947e-05
99 7.2268e-05
100 7.51127e-05
101 6.76577e-05
102 6.64295e-05
103 6.72398e-05
104 6.57009e-05
105 6.64191e-05
106 7.34322e-05
107 7.19014e-05
108 6.95334e-05
109 6.66165e-05
110 7.963e-05
111 7.23272e-05
112 7.04836e-05
113 6.8216e-05
114 6.28181e-05
115 7.17967e-05
116 7.09443e-05
117 6.52814e-05
118 7.16553e-05
119 6.25592e-05
120 6.83696e-05
121 6.67283e-05
122 6.15118e-05
123 6.719e-05
124 6.32904e-05
125 6.74244e-05
126 7.39019e-05
127 7.25005e-05
128 6.68077e-05
129 5.7333e-05
130 6.73007e-05
131 6.97292e-05
132 7.25624e-05
133 6.74271e-05
134 6.70838e-05
135 6.94324e-05
136 5.9967e-05
137 6.69081e-05
138 6.88774e-05
139 6.56186e-05
140 6.94446e-05
141 7.26013e-05
142 7.44807e-05
143 6.72704e-05
144 6.71816e-05
145 6.38994e-05
146 6.51932e-05
147 6.30346e-05
148 7.26465e-05
149 6.4325e-05
150 6.60032e-05
151 6.46729e-05
152 6.99708e-05
153 7.71248e-05
154 7.31663e-05
155 7.35568e-05
156 6.72553e-05
157 6.62693e-05
158 6.57716e-05
159 7.10274e-05
160 6.60623e-05
161 6.93416e-05
162 7.00939e-05
163 6.55111e-05
164 5.97922e-05
165 7.48334e-05
166 7.51393e-05
167 7.22681e-05
168 6.4655e-05
169 6.86721e-05
170 6.6687e-05
171 7.31188e-05
172 7.35035e-05
173 6.57976e-05
174 7.2836e-05
175 7.44105e-05
176 6.96569e-05
177 6.58002e-05
178 6.85562e-05
179 6.4733e-05
180 6.38254e-05
181 6.56594e-05
182 6.82257e-05
183 7.11584e-05
184 7.06163e-05
185 6.63271e-05
186 6.74051e-05
187 6.71607e-05
188 6.6152e-05
189 6.50258e-05
190 7.02915e-05
191 6.88256e-05
192 7.00882e-05
193 6.65924e-05
194 6.77747e-05
195 6.83972e-05
196 7.40035e-05
197 6.82061e-05
198 6.57244e-05
199 6.98895e-05
200 6.10732e-05
