0 0.00385162
1 0.0337371
2 0.0713908
3 0.106377
4 0.13882
5 0.167775
6 0.196439
7 0.223557
8 0.249513
9 0.274721
10 0.299774
11 0.324375
12 0.347163
13 0.368711
14 0.389298
15 0.408647
16 0.427575
17 0.446202
18 0.464723
19 0.482534
20 0.499919
21 0.515602
22 0.531542
23 0.548144
24 0.564063
25 0.578526
26 0.591637
27 0.604429
28 0.617878
29 0.631009
30 0.643861
31 0.656015
32 0.668263
33 0.680705
34 0.691198
35 0.702289
36 0.71361
37 0.724267
38 0.734368
39 0.744222
40 0.754442
41 0.763599
42 0.772248
43 0.780419
44 0.790377
45 0.798049
46 0.806175
47 0.812736
48 0.820177
49 0.827023
50 0.833269
51 0.838588
52 0.84385
53 0.848108
54 0.852561
55 0.857202
56 0.861239
57 0.865471
58 0.869717
59 0.873409
60 0.876551
61 0.879801
62 0.882186
63 0.885416
64 0.888306
65 0.891199
66 0.893817
67 0.896176
68 0.898163
69 0.900376
70 0.902254
71 0.904758
72 0.906692
73 0.908613
74 0.910707
75 0.912894
76 0.915048
77 0.916798
78 0.917723
79 0.919357
80 0.920568
81 0.921344
82 0.922629
83 0.923604
84 0.924602
85 0.926165
86 0.927131
87 0.927845
88 0.928825
89 0.929493
90 0.931035
91 0.931601
92 0.932135
93 0.932682
94 0.93327
95 0.934094
96 0.934519
97 0.935449
98 0.936037
99 0.936191
100 0.936799
101 0.937863
102 0.93794
103 0.937946
104 0.938362
105 0.938884
106 0.939198
107 0.939654
108 0.940503
109 0.940616
110 0.940861
111 0.940976
112 0.941271
113 0.941331
114 0.941424
115 0.941357
116 0.941779
117 0.942178
118 0.942809
119 0.943167
120 0.942996
121 0.943629
122 0.943431
123 0.943235
124 0.943415
125 0.943443
126 0.943717
127 0.943649
128 0.94422
129 0.943815
130 0.943895
131 0.94392
132 0.944334
133 0.944117
134 0.944504
135 0.944768
136 0.944885
137 0.94501
138 0.945052
139 0.944803
140 0.945267
141 0.944842
142 0.944947
143 0.945312
144 0.945127
145 0.945305
146 0.945735
147 0.945368
148 0.945483
149 0.945431
150 0.945844
151 0.945508
152 0.945706
153 0.945486
154 0.945623
155 0.945991
156 0.946022
157 0.945845
158 0.945901
159 0.946103
160 0.946361
161 0.946142
162 0.946215
163 0.945928
164 0.946485
165 0.946581
166 0.94688
167 0.946689
168 0.946876
169 0.946914
170 0.94712
171 0.946796
172 0.947331
173 0.94713
174 0.946851
175 0.94684
176 0.947088
177 0.947026
178 0.947455
179 0.94714
180 0.947122
181 0.947335
182 0.947293
183 0.947589
184 0.947541
185 0.947941
186 0.947823
187 0.948083
188 0.947839
189 0.948164
190 0.947911
191 0.948309
192 0.948588
193 0.948372
194 0.948447
195 0.948785
196 0.94903
197 0.948957
198 0.949129
199 0.948779
200 0.949071
