0 2.86855e-05
1 0.00235158
2 0.0104755
3 0.0229544
4 0.0379118
5 0.05481
6 0.0739826
7 0.0941326
8 0.114868
9 0.136195
10 0.15795
11 0.179886
12 0.201378
13 0.223128
14 0.245233
15 0.266836
16 0.288177
17 0.310027
18 0.331343
19 0.352103
20 0.371955
21 0.391061
22 0.409845
23 0.427967
24 0.444779
25 0.461743
26 0.478289
27 0.495268
28 0.511165
29 0.526518
30 0.541096
31 0.554789
32 0.56826
33 0.580839
34 0.593857
35 0.606365
36 0.618614
37 0.630578
38 0.641953
39 0.653099
40 0.663926
41 0.674668
42 0.685315
43 0.695695
44 0.706706
45 0.717331
46 0.727073
47 0.735947
48 0.74474
49 0.752963
50 0.761086
51 0.769344
52 0.777222
53 0.78476
54 0.791928
55 0.799181
56 0.806406
57 0.813602
58 0.820445
59 0.82729
60 0.833627
61 0.839361
62 0.844972
63 0.850254
64 0.855498
65 0.860361
66 0.864481
67 0.868683
68 0.872654
69 0.876797
70 0.880835
71 0.884399
72 0.88772
73 0.890878
74 0.894053
75 0.896761
76 0.899504
77 0.902022
78 0.904673
79 0.907294
80 0.909618
81 0.911814
82 0.913665
83 0.915515
84 0.917617
85 0.919416
86 0.921108
87 0.922718
88 0.924143
89 0.925765
90 0.927114
91 0.928409
92 0.929745
93 0.930987
94 0.932387
95 0.933603
96 0.935084
97 0.936261
98 0.937243
99 0.938278
100 0.939247
101 0.940276
102 0.941197
103 0.941949
104 0.942651
105 0.943262
106 0.943882
107 0.944509
108 0.944884
109 0.945397
110 0.945803
111 0.94619
112 0.946775
113 0.947367
114 0.947878
115 0.948567
116 0.949147
117 0.949756
118 0.950647
119 0.951471
120 0.952323
121 0.952958
122 0.95364
123 0.95427
124 0.954741
125 0.955396
126 0.955923
127 0.956336
128 0.956754
129 0.957159
130 0.957616
131 0.958208
132 0.958574
133 0.95872
134 0.959199
135 0.959258
136 0.959528
137 0.960047
138 0.960293
139 0.960537
140 0.960716
141 0.960979
142 0.96129
143 0.961529
144 0.961817
145 0.962056
146 0.96226
147 0.962552
148 0.962831
149 0.963186
150 0.963365
151 0.963533
152 0.963707
153 0.964014
154 0.964207
155 0.964364
156 0.964493
157 0.964739
158 0.964905
159 0.965075
160 0.965165
161 0.96537
162 0.965423
163 0.965577
164 0.965554
165 0.965732
166 0.965747
167 0.965909
168 0.965814
169 0.96594
170 0.96605
171 0.966158
172 0.966305
173 0.966521
174 0.966599
175 0.966789
176 0.966881
177 0.966985
178 0.967007
179 0.967063
180 0.967081
181 0.967317
182 0.96753
183 0.967677
184 0.967985
185 0.968091
186 0.968338
187 0.968338
188 0.96862
189 0.968746
190 0.969
191 0.969197
192 0.969331
193 0.969537
194 0.969659
195 0.969715
196 0.969876
197 0.97005
198 0.970007
199 0.97019
200 0.970181
