0 0.00390108
1 0.0344812
2 0.0732597
3 0.109114
4 0.141646
5 0.172032
6 0.201186
7 0.229139
8 0.256834
9 0.283634
10 0.309311
11 0.334451
12 0.35811
13 0.380745
14 0.40284
15 0.423973
16 0.444634
17 0.464531
18 0.483885
19 0.502409
20 0.520129
21 0.537128
22 0.553712
23 0.570108
24 0.585968
25 0.600998
26 0.615506
27 0.629635
28 0.643694
29 0.656826
30 0.669551
31 0.681297
32 0.692687
33 0.703944
34 0.71464
35 0.725074
36 0.735413
37 0.745297
38 0.754567
39 0.763762
40 0.772909
41 0.781832
42 0.789876
43 0.797548
44 0.805033
45 0.812209
46 0.819114
47 0.825251
48 0.83189
49 0.83821
50 0.844161
51 0.849492
52 0.854623
53 0.859375
54 0.864101
55 0.868274
56 0.872294
57 0.876198
58 0.879985
59 0.883638
60 0.887103
61 0.890472
62 0.89343
63 0.896117
64 0.899298
65 0.902034
66 0.904525
67 0.907028
68 0.909399
69 0.911896
70 0.914083
71 0.916318
72 0.918443
73 0.920434
74 0.922267
75 0.924016
76 0.925657
77 0.927002
78 0.928243
79 0.929504
80 0.930821
81 0.93195
82 0.933058
83 0.934124
84 0.934981
85 0.936085
86 0.937045
87 0.937766
88 0.938693
89 0.939396
90 0.940186
91 0.940878
92 0.941559
93 0.942076
94 0.942595
95 0.943296
96 0.943913
97 0.944449
98 0.944947
99 0.945341
100 0.945743
101 0.946133
102 0.946576
103 0.946845
104 0.947051
105 0.947417
106 0.947666
107 0.94792
108 0.948169
109 0.94817
110 0.948444
111 0.948624
112 0.948684
113 0.948902
114 0.9489
115 0.948963
116 0.949157
117 0.949398
118 0.949563
119 0.949749
120 0.949824
121 0.950121
122 0.950144
123 0.950318
124 0.950561
125 0.950756
126 0.950928
127 0.951008
128 0.951176
129 0.951191
130 0.951392
131 0.951614
132 0.95175
133 0.951957
134 0.951925
135 0.95206
136 0.952082
137 0.952238
138 0.952384
139 0.952492
140 0.952764
141 0.952731
142 0.9529
143 0.952799
144 0.952935
145 0.953053
146 0.953083
147 0.953086
148 0.953241
149 0.953396
150 0.953494
151 0.953337
152 0.95358
153 0.95352
154 0.953525
155 0.953835
156 0.953873
157 0.953764
158 0.953777
159 0.953874
160 0.954095
161 0.954053
162 0.954095
163 0.954099
164 0.954117
165 0.954128
166 0.954238
167 0.954183
168 0.954073
169 0.95415
170 0.954185
171 0.954109
172 0.95434
173 0.954188
174 0.954248
175 0.954203
176 0.954226
177 0.954289
178 0.954366
179 0.954422
180 0.954448
181 0.954506
182 0.95448
183 0.954596
184 0.954468
185 0.954709
186 0.954633
187 0.954787
188 0.954634
189 0.954721
190 0.954713
191 0.954753
192 0.954765
193 0.95463
194 0.95476
195 0.954828
196 0.954951
197 0.954959
198 0.954978
199 0.955007
200 0.955123
