0 3.08559e-05
1 0.00237647
2 0.0103275
3 0.0220725
4 0.0361553
5 0.0520526
6 0.069503
7 0.0887294
8 0.109443
9 0.131167
10 0.153347
11 0.175773
12 0.198113
13 0.219756
14 0.241719
15 0.26268
16 0.28376
17 0.304642
18 0.325555
19 0.345698
20 0.365394
21 0.384706
22 0.403912
23 0.422888
24 0.441656
25 0.459324
26 0.476431
27 0.493407
28 0.510101
29 0.526149
30 0.542136
31 0.556344
32 0.570836
33 0.585031
34 0.598485
35 0.611435
36 0.624549
37 0.637407
38 0.649716
39 0.661851
40 0.674265
41 0.686433
42 0.69738
43 0.707626
44 0.71769
45 0.727739
46 0.73746
47 0.746109
48 0.755419
49 0.764496
50 0.772925
51 0.780309
52 0.787366
53 0.793707
54 0.799635
55 0.805273
56 0.810564
57 0.815892
58 0.821148
59 0.826028
60 0.830701
61 0.835243
62 0.83892
63 0.842471
64 0.846705
65 0.850326
66 0.853639
67 0.856995
68 0.859985
69 0.863377
70 0.86639
71 0.869456
72 0.872313
73 0.875302
74 0.877755
75 0.880759
76 0.883046
77 0.884907
78 0.886811
79 0.888499
80 0.890363
81 0.892113
82 0.893846
83 0.895323
84 0.896505
85 0.898154
86 0.899574
87 0.90085
88 0.902396
89 0.903385
90 0.90475
91 0.905922
92 0.906844
93 0.907559
94 0.908338
95 0.909405
96 0.910178
97 0.910993
98 0.91171
99 0.912227
100 0.912772
101 0.913721
102 0.914108
103 0.914474
104 0.91487
105 0.915189
106 0.915633
107 0.916127
108 0.916678
109 0.916521
110 0.916978
111 0.917239
112 0.917321
113 0.917612
114 0.917457
115 0.917327
116 0.917757
117 0.918038
118 0.918298
119 0.918438
120 0.918521
121 0.919149
122 0.919334
123 0.91932
124 0.919774
125 0.920069
126 0.92019
127 0.920195
128 0.920618
129 0.920705
130 0.921002
131 0.921134
132 0.921213
133 0.921238
134 0.921259
135 0.921447
136 0.921477
137 0.921629
138 0.92183
139 0.921831
140 0.922511
141 0.922227
142 0.922141
143 0.921958
144 0.922137
145 0.92205
146 0.92227
147 0.92213
148 0.922276
149 0.922216
150 0.922598
151 0.92213
152 0.922388
153 0.922134
154 0.922082
155 0.922568
156 0.922627
157 0.922263
158 0.922264
159 0.922473
160 0.922762
161 0.922564
162 0.922387
163 0.922368
164 0.922455
165 0.922353
166 0.922767
167 0.922679
168 0.922664
169 0.922659
170 0.92284
171 0.922385
172 0.922856
173 0.922539
174 0.922683
175 0.922531
176 0.922675
177 0.922819
178 0.922821
179 0.922865
180 0.922926
181 0.923072
182 0.922919
183 0.922975
184 0.92257
185 0.92294
186 0.922929
187 0.923124
188 0.9228
189 0.922888
190 0.922724
191 0.922841
192 0.923117
193 0.922738
194 0.923168
195 0.923053
196 0.923204
197 0.923294
198 0.923155
199 0.923247
200 0.92336
