0 0.00390835
1 0.0345405
2 0.0733411
3 0.109305
4 0.141982
5 0.172807
6 0.202204
7 0.230272
8 0.257967
9 0.284761
10 0.310488
11 0.335395
12 0.358745
13 0.381338
14 0.403082
15 0.424154
16 0.444474
17 0.464288
18 0.483545
19 0.502057
20 0.519692
21 0.53661
22 0.553256
23 0.569677
24 0.585508
25 0.600577
26 0.615
27 0.629072
28 0.642862
29 0.655818
30 0.668214
31 0.680125
32 0.691543
33 0.70272
34 0.713494
35 0.723947
36 0.734375
37 0.744218
38 0.753559
39 0.762885
40 0.772104
41 0.781244
42 0.789278
43 0.797086
44 0.80468
45 0.812013
46 0.819022
47 0.825428
48 0.831876
49 0.838099
50 0.844105
51 0.849507
52 0.854581
53 0.859301
54 0.864011
55 0.868079
56 0.872045
57 0.875799
58 0.879438
59 0.882981
60 0.886428
61 0.889856
62 0.89285
63 0.895588
64 0.898657
65 0.901314
66 0.903853
67 0.906242
68 0.908603
69 0.910911
70 0.913026
71 0.915187
72 0.917166
73 0.919056
74 0.92074
75 0.92248
76 0.923961
77 0.925355
78 0.926585
79 0.927895
80 0.929201
81 0.93027
82 0.93145
83 0.932406
84 0.933257
85 0.934347
86 0.935293
87 0.936051
88 0.936998
89 0.937781
90 0.938529
91 0.939279
92 0.939936
93 0.940612
94 0.94112
95 0.941878
96 0.942511
97 0.943162
98 0.943701
99 0.944192
100 0.944624
101 0.945051
102 0.945624
103 0.945972
104 0.946237
105 0.946607
106 0.946915
107 0.947233
108 0.947546
109 0.947593
110 0.947923
111 0.948179
112 0.948358
113 0.948621
114 0.948719
115 0.948826
116 0.949081
117 0.949356
118 0.949485
119 0.949697
120 0.949688
121 0.949971
122 0.950043
123 0.950193
124 0.950362
125 0.950641
126 0.950815
127 0.95092
128 0.951057
129 0.951113
130 0.951196
131 0.9514
132 0.951465
133 0.951673
134 0.951699
135 0.951809
136 0.9518
137 0.951869
138 0.952084
139 0.952189
140 0.952468
141 0.952392
142 0.952442
143 0.95243
144 0.952588
145 0.952729
146 0.952694
147 0.952729
148 0.952889
149 0.953039
150 0.953141
151 0.953029
152 0.953256
153 0.953251
154 0.953281
155 0.953585
156 0.953641
157 0.953507
158 0.953604
159 0.953706
160 0.953846
161 0.953816
162 0.953837
163 0.953848
164 0.953827
165 0.953798
166 0.953911
167 0.953858
168 0.953836
169 0.953858
170 0.95386
171 0.953801
172 0.954027
173 0.95399
174 0.953997
175 0.953969
176 0.953933
177 0.954095
178 0.954159
179 0.954229
180 0.954276
181 0.954312
182 0.954343
183 0.954378
184 0.954356
185 0.954585
186 0.954396
187 0.954562
188 0.954464
189 0.954588
190 0.954549
191 0.954594
192 0.954539
193 0.954365
194 0.954503
195 0.954554
196 0.954656
197 0.954654
198 0.954624
199 0.954696
200 0.954883
