0 3.07836e-05
1 0.0024397
2 0.0106001
3 0.0226449
4 0.0370129
5 0.0525476
6 0.0701727
7 0.0891361
8 0.109386
9 0.130523
10 0.152451
11 0.174952
12 0.196888
13 0.21863
14 0.240016
15 0.261077
16 0.282044
17 0.302581
18 0.322651
19 0.342507
20 0.362187
21 0.381523
22 0.40041
23 0.419439
24 0.438781
25 0.456545
26 0.472678
27 0.489787
28 0.50601
29 0.521994
30 0.537898
31 0.552255
32 0.566353
33 0.580182
34 0.593776
35 0.605921
36 0.619175
37 0.631041
38 0.642918
39 0.654713
40 0.667016
41 0.678395
42 0.689247
43 0.699765
44 0.710378
45 0.71993
46 0.730045
47 0.738113
48 0.747551
49 0.75626
50 0.764711
51 0.771432
52 0.778508
53 0.784291
54 0.790236
55 0.795397
56 0.80079
57 0.806721
58 0.812481
59 0.817361
60 0.821978
61 0.826862
62 0.830539
63 0.834906
64 0.83934
65 0.843567
66 0.847398
67 0.85048
68 0.853436
69 0.856652
70 0.859656
71 0.863252
72 0.866158
73 0.869136
74 0.8719
75 0.874579
76 0.877169
77 0.879285
78 0.881534
79 0.883334
80 0.885815
81 0.88771
82 0.889474
83 0.890956
84 0.892516
85 0.894513
86 0.896035
87 0.897326
88 0.898777
89 0.899949
90 0.902086
91 0.903222
92 0.904174
93 0.905475
94 0.906469
95 0.907859
96 0.908632
97 0.909602
98 0.910389
99 0.910533
100 0.911193
101 0.912452
102 0.912908
103 0.913426
104 0.914179
105 0.914488
106 0.915062
107 0.91557
108 0.916495
109 0.916547
110 0.916895
111 0.917118
112 0.917549
113 0.917838
114 0.917841
115 0.917661
116 0.918128
117 0.918528
118 0.91905
119 0.919118
120 0.918882
121 0.919385
122 0.919784
123 0.919733
124 0.919914
125 0.920228
126 0.920491
127 0.920119
128 0.920679
129 0.920384
130 0.920437
131 0.920734
132 0.920831
133 0.920464
134 0.92035
135 0.920545
136 0.92052
137 0.920406
138 0.920758
139 0.920877
140 0.921649
141 0.920944
142 0.920964
143 0.921124
144 0.921308
145 0.921149
146 0.921384
147 0.920901
148 0.921297
149 0.921185
150 0.921674
151 0.920949
152 0.92129
153 0.920832
154 0.921139
155 0.92159
156 0.921544
157 0.921382
158 0.921222
159 0.921252
160 0.921794
161 0.921342
162 0.921112
163 0.921207
164 0.921704
165 0.921554
166 0.921994
167 0.9217
168 0.921874
169 0.922127
170 0.922693
171 0.921808
172 0.92231
173 0.921863
174 0.921884
175 0.921708
176 0.921647
177 0.921938
178 0.922026
179 0.921845
180 0.922011
181 0.9219
182 0.921872
183 0.922029
184 0.921689
185 0.922006
186 0.922078
187 0.922623
188 0.921974
189 0.922143
190 0.92176
191 0.922202
192 0.92243
193 0.922094
194 0.922436
195 0.922726
196 0.923181
197 0.922687
198 0.922785
199 0.922293
200 0.922576
