0 0.00381383
1 0.0346045
2 0.0738458
3 0.110366
4 0.143793
5 0.174498
6 0.20432
7 0.232293
8 0.258985
9 0.284479
10 0.309217
11 0.332658
12 0.354748
13 0.376082
14 0.396997
15 0.416946
16 0.43643
17 0.45623
18 0.47516
19 0.493221
20 0.510375
21 0.526545
22 0.542204
23 0.557352
24 0.571388
25 0.585229
26 0.59873
27 0.612527
28 0.625309
29 0.637837
30 0.649644
31 0.660858
32 0.67184
33 0.681977
34 0.692443
35 0.702571
36 0.712249
37 0.721855
38 0.731022
39 0.740001
40 0.748598
41 0.757064
42 0.765416
43 0.7735
44 0.781867
45 0.789941
46 0.797359
47 0.804162
48 0.810866
49 0.817126
50 0.823149
51 0.829184
52 0.83497
53 0.840609
54 0.845834
55 0.85123
56 0.856383
57 0.8616
58 0.866638
59 0.871595
60 0.87627
61 0.880466
62 0.884519
63 0.888247
64 0.89204
65 0.895711
66 0.89879
67 0.902036
68 0.904963
69 0.908044
70 0.910968
71 0.913567
72 0.915982
73 0.918281
74 0.920608
75 0.922574
76 0.924637
77 0.926429
78 0.928322
79 0.930282
80 0.932087
81 0.933695
82 0.935066
83 0.936461
84 0.937897
85 0.939214
86 0.94045
87 0.941608
88 0.942656
89 0.943829
90 0.944854
91 0.945852
92 0.946853
93 0.94782
94 0.948833
95 0.949764
96 0.950871
97 0.951787
98 0.952539
99 0.953346
100 0.95409
101 0.954853
102 0.955567
103 0.956166
104 0.956733
105 0.957192
106 0.957735
107 0.958287
108 0.958649
109 0.959091
110 0.95945
111 0.959835
112 0.960273
113 0.960833
114 0.96132
115 0.961899
116 0.962442
117 0.962943
118 0.963608
119 0.964255
120 0.964885
121 0.965406
122 0.965885
123 0.966325
124 0.966667
125 0.967121
126 0.967483
127 0.967792
128 0.968089
129 0.968388
130 0.968748
131 0.969178
132 0.969468
133 0.969605
134 0.96991
135 0.969971
136 0.970185
137 0.970548
138 0.970786
139 0.97101
140 0.971216
141 0.971454
142 0.971737
143 0.971974
144 0.972239
145 0.972477
146 0.972653
147 0.972896
148 0.973128
149 0.973343
150 0.973487
151 0.973594
152 0.973736
153 0.973945
154 0.974103
155 0.974245
156 0.974378
157 0.974521
158 0.974626
159 0.974719
160 0.97477
161 0.974911
162 0.974972
163 0.975079
164 0.975102
165 0.975255
166 0.975299
167 0.975414
168 0.975417
169 0.975528
170 0.975639
171 0.97574
172 0.975861
173 0.976038
174 0.976101
175 0.976283
176 0.976377
177 0.976491
178 0.976578
179 0.97667
180 0.976722
181 0.976901
182 0.977061
183 0.977201
184 0.977426
185 0.977526
186 0.977701
187 0.977747
188 0.977964
189 0.978064
190 0.978221
191 0.978364
192 0.97849
193 0.978616
194 0.978715
195 0.978777
196 0.978879
197 0.979021
198 0.979039
199 0.979141
200 0.979174
