0 3.0815e-05
1 0.00234645
2 0.0103724
3 0.0224477
4 0.03691
5 0.0533678
6 0.0714737
7 0.0910787
8 0.112216
9 0.134274
10 0.156697
11 0.17942
12 0.201775
13 0.224118
14 0.246374
15 0.268222
16 0.289827
17 0.311441
18 0.332595
19 0.353376
20 0.373439
21 0.392776
22 0.41235
23 0.431655
24 0.450324
25 0.468417
26 0.485889
27 0.503093
28 0.520014
29 0.53595
30 0.551292
31 0.566048
32 0.580037
33 0.593935
34 0.607304
35 0.620328
36 0.633552
37 0.646144
38 0.658162
39 0.670322
40 0.682253
41 0.694119
42 0.704654
43 0.715016
44 0.724982
45 0.734762
46 0.744119
47 0.752719
48 0.761478
49 0.769891
50 0.778013
51 0.785237
52 0.792032
53 0.798353
54 0.804443
55 0.809726
56 0.814834
57 0.819796
58 0.824597
59 0.829308
60 0.833916
61 0.838486
62 0.84238
63 0.846013
64 0.850254
65 0.853778
66 0.857154
67 0.860367
68 0.86355
69 0.866624
70 0.869482
71 0.872322
72 0.874926
73 0.877608
74 0.879866
75 0.88223
76 0.884335
77 0.886118
78 0.887692
79 0.889365
80 0.891223
81 0.892693
82 0.894242
83 0.895437
84 0.896431
85 0.89786
86 0.899022
87 0.899968
88 0.901226
89 0.90221
90 0.903156
91 0.904152
92 0.90499
93 0.905834
94 0.906458
95 0.907515
96 0.908353
97 0.909223
98 0.909898
99 0.910563
100 0.911129
101 0.911686
102 0.912491
103 0.912888
104 0.913185
105 0.913705
106 0.914122
107 0.914551
108 0.914972
109 0.914897
110 0.915392
111 0.915751
112 0.915933
113 0.916343
114 0.91637
115 0.916402
116 0.916756
117 0.917153
118 0.917273
119 0.917562
120 0.917419
121 0.91785
122 0.917872
123 0.918037
124 0.918246
125 0.918663
126 0.918864
127 0.918981
128 0.919182
129 0.919219
130 0.919326
131 0.91962
132 0.919652
133 0.919963
134 0.919953
135 0.920075
136 0.919993
137 0.920028
138 0.920365
139 0.920495
140 0.920944
141 0.920754
142 0.920766
143 0.920693
144 0.920937
145 0.921128
146 0.921001
147 0.921027
148 0.921259
149 0.921491
150 0.921631
151 0.921342
152 0.921706
153 0.921645
154 0.921634
155 0.92218
156 0.922231
157 0.921942
158 0.922095
159 0.922255
160 0.922477
161 0.922383
162 0.922401
163 0.922381
164 0.922333
165 0.922249
166 0.922466
167 0.922346
168 0.922289
169 0.922343
170 0.922332
171 0.922178
172 0.922579
173 0.922519
174 0.922519
175 0.922446
176 0.922349
177 0.922634
178 0.922723
179 0.922828
180 0.922891
181 0.922932
182 0.922961
183 0.922989
184 0.922926
185 0.923349
186 0.922953
187 0.923248
188 0.923043
189 0.923244
190 0.923151
191 0.923232
192 0.923114
193 0.922757
194 0.923005
195 0.923067
196 0.923251
197 0.92323
198 0.923125
199 0.923254
200 0.923576
