0 0.0176134
1 0.0332549
2 0.0910241
3 0.140787
4 0.188232
5 0.230748
6 0.268231
7 0.29604
8 0.321641
9 0.347561
10 0.373484
11 0.401069
12 0.426164
13 0.451486
14 0.476046
15 0.499929
16 0.523461
17 0.54575
18 0.567477
19 0.587224
20 0.60633
21 0.62452
22 0.641664
23 0.658759
24 0.675859
25 0.691522
26 0.706429
27 0.71959
28 0.733584
29 0.746291
30 0.758337
31 0.769356
32 0.780503
33 0.791273
34 0.801035
35 0.810691
36 0.81947
37 0.827532
38 0.835226
39 0.842861
40 0.850957
41 0.85867
42 0.865193
43 0.871167
44 0.877257
45 0.882985
46 0.888392
47 0.892964
48 0.897817
49 0.902517
50 0.906918
51 0.910628
52 0.914352
53 0.917626
54 0.921144
55 0.924297
56 0.927358
57 0.930176
58 0.932721
59 0.93513
60 0.937537
61 0.939859
62 0.942145
63 0.943989
64 0.945964
65 0.947967
66 0.949793
67 0.951609
68 0.953185
69 0.95495
70 0.956562
71 0.958327
72 0.95985
73 0.961094
74 0.962404
75 0.963634
76 0.964673
77 0.965819
78 0.96684
79 0.967965
80 0.968849
81 0.969591
82 0.970449
83 0.971298
84 0.972017
85 0.972897
86 0.973708
87 0.974368
88 0.975039
89 0.975651
90 0.97633
91 0.976852
92 0.977397
93 0.977825
94 0.978253
95 0.978733
96 0.979141
97 0.979594
98 0.980001
99 0.980272
100 0.980565
101 0.980862
102 0.981138
103 0.981325
104 0.981518
105 0.981733
106 0.98195
107 0.982098
108 0.982298
109 0.982504
110 0.98264
111 0.982782
112 0.982888
113 0.982986
114 0.983144
115 0.983362
116 0.983586
117 0.983781
118 0.983924
119 0.984072
120 0.984237
121 0.984415
122 0.984551
123 0.984671
124 0.984778
125 0.984909
126 0.985033
127 0.98512
128 0.985198
129 0.985229
130 0.985302
131 0.985389
132 0.985485
133 0.985531
134 0.985571
135 0.985619
136 0.985628
137 0.985683
138 0.985714
139 0.985765
140 0.985792
141 0.985804
142 0.985853
143 0.985859
144 0.985912
145 0.985959
146 0.986042
147 0.986033
148 0.98609
149 0.986141
150 0.986161
151 0.986206
152 0.986282
153 0.986331
154 0.986374
155 0.986408
156 0.986455
157 0.986439
158 0.986439
159 0.98647
160 0.986522
161 0.986556
162 0.986562
163 0.986581
164 0.986584
165 0.986616
166 0.986618
167 0.986634
168 0.986658
169 0.98664
170 0.98665
171 0.986672
172 0.98672
173 0.986689
174 0.9867
175 0.986714
176 0.986753
177 0.986743
178 0.986751
179 0.986758
180 0.986758
181 0.986813
182 0.986886
183 0.98697
184 0.987003
185 0.98704
186 0.987103
187 0.987155
188 0.987189
189 0.987273
190 0.987307
191 0.987303
192 0.987352
193 0.987391
194 0.987426
195 0.987493
196 0.987533
197 0.98757
198 0.987664
199 0.987674
200 0.987763
