0 0.202883
1 0.266376
2 0.103047
3 0.0531464
4 0.057118
5 0.0917651
6 0.132238
7 0.162002
8 0.189855
9 0.215264
10 0.243547
11 0.280839
12 0.308714
13 0.327416
14 0.344023
15 0.362961
16 0.38456
17 0.406628
18 0.430059
19 0.452943
20 0.474405
21 0.494328
22 0.512738
23 0.530064
24 0.548608
25 0.56711
26 0.584282
27 0.599771
28 0.614637
29 0.629805
30 0.645285
31 0.659729
32 0.673306
33 0.686006
34 0.697884
35 0.709683
36 0.721417
37 0.733515
38 0.745414
39 0.756753
40 0.767793
41 0.777909
42 0.787072
43 0.795462
44 0.802975
45 0.809946
46 0.816253
47 0.822216
48 0.828183
49 0.834244
50 0.840039
51 0.845261
52 0.849979
53 0.854167
54 0.85817
55 0.862173
56 0.865822
57 0.869273
58 0.872449
59 0.875563
60 0.878743
61 0.881903
62 0.884727
63 0.887132
64 0.889292
65 0.891366
66 0.893504
67 0.895551
68 0.897613
69 0.899465
70 0.90124
71 0.902808
72 0.903997
73 0.904791
74 0.905465
75 0.906141
76 0.906865
77 0.90761
78 0.908459
79 0.909538
80 0.910546
81 0.911555
82 0.912667
83 0.913858
84 0.915101
85 0.916384
86 0.91776
87 0.918997
88 0.920169
89 0.921507
90 0.922744
91 0.923859
92 0.924939
93 0.925994
94 0.927089
95 0.928163
96 0.929198
97 0.930362
98 0.93175
99 0.933023
100 0.934238
101 0.935439
102 0.93667
103 0.938049
104 0.939594
105 0.940862
106 0.94202
107 0.943097
108 0.944111
109 0.945037
110 0.945999
111 0.94703
112 0.948046
113 0.949032
114 0.949934
115 0.950682
116 0.951272
117 0.951725
118 0.952085
119 0.95243
120 0.952788
121 0.953176
122 0.953578
123 0.953971
124 0.954365
125 0.954737
126 0.955059
127 0.955342
128 0.955613
129 0.955891
130 0.95616
131 0.956431
132 0.956638
133 0.956784
134 0.956922
135 0.957071
136 0.957246
137 0.957445
138 0.95764
139 0.957827
140 0.95802
141 0.958243
142 0.958532
143 0.958894
144 0.959294
145 0.959729
146 0.960201
147 0.960477
148 0.960696
149 0.960893
150 0.961093
151 0.961321
152 0.961583
153 0.961841
154 0.962056
155 0.962223
156 0.962362
157 0.962502
158 0.962702
159 0.962829
160 0.962898
161 0.962957
162 0.963016
163 0.963083
164 0.963167
165 0.963274
166 0.96339
167 0.963496
168 0.963589
169 0.963673
170 0.96375
171 0.963823
172 0.963893
173 0.963963
174 0.964033
175 0.964109
176 0.964195
177 0.964301
178 0.964437
179 0.964597
180 0.96476
181 0.964923
182 0.965098
183 0.965308
184 0.965573
185 0.965892
186 0.966262
187 0.966679
188 0.967141
189 0.967652
190 0.968269
191 0.968841
192 0.969239
193 0.96947
194 0.969571
195 0.969623
196 0.969649
197 0.969664
198 0.969671
199 0.969675
200 0.969677
