0 -3.44468e-05
1 0.0441845
2 0.0805111
3 0.134377
4 0.183632
5 0.228611
6 0.267834
7 0.296529
8 0.325588
9 0.353534
10 0.381759
11 0.410562
12 0.436602
13 0.462316
14 0.487391
15 0.511961
16 0.535634
17 0.557941
18 0.579491
19 0.599155
20 0.617958
21 0.636085
22 0.652846
23 0.670044
24 0.686316
25 0.701278
26 0.71538
27 0.728604
28 0.741937
29 0.754355
30 0.766179
31 0.777002
32 0.787687
33 0.79792
34 0.807559
35 0.816872
36 0.825674
37 0.833717
38 0.841173
39 0.848272
40 0.855671
41 0.862907
42 0.869157
43 0.875006
44 0.880804
45 0.886148
46 0.891131
47 0.895541
48 0.900054
49 0.904568
50 0.908748
51 0.912498
52 0.916235
53 0.919685
54 0.923308
55 0.926402
56 0.929437
57 0.932214
58 0.934871
59 0.937416
60 0.939843
61 0.942198
62 0.944323
63 0.946152
64 0.948153
65 0.950071
66 0.951849
67 0.953571
68 0.955202
69 0.956908
70 0.958366
71 0.95991
72 0.961324
73 0.962433
74 0.963585
75 0.964708
76 0.965642
77 0.966644
78 0.967539
79 0.968485
80 0.969219
81 0.96989
82 0.970656
83 0.971397
84 0.972101
85 0.972872
86 0.973607
87 0.974132
88 0.97472
89 0.975257
90 0.975817
91 0.976266
92 0.976784
93 0.977158
94 0.977545
95 0.977929
96 0.978307
97 0.978672
98 0.979045
99 0.979303
100 0.979552
101 0.979812
102 0.98008
103 0.980307
104 0.980503
105 0.980691
106 0.980882
107 0.981017
108 0.981171
109 0.981326
110 0.981454
111 0.981597
112 0.98172
113 0.981776
114 0.981943
115 0.982153
116 0.982322
117 0.98248
118 0.982635
119 0.98277
120 0.982926
121 0.983074
122 0.983219
123 0.983383
124 0.983514
125 0.983664
126 0.983849
127 0.983973
128 0.984075
129 0.984169
130 0.98424
131 0.984364
132 0.984467
133 0.984581
134 0.984671
135 0.984776
136 0.984859
137 0.984989
138 0.985061
139 0.985134
140 0.985218
141 0.985274
142 0.985375
143 0.985418
144 0.985494
145 0.985592
146 0.985672
147 0.985708
148 0.985788
149 0.985838
150 0.985892
151 0.985959
152 0.986034
153 0.986078
154 0.986132
155 0.986186
156 0.98625
157 0.986264
158 0.986303
159 0.98634
160 0.986401
161 0.986447
162 0.986477
163 0.986525
164 0.98654
165 0.986565
166 0.986564
167 0.986583
168 0.986595
169 0.986576
170 0.986577
171 0.986612
172 0.98665
173 0.98662
174 0.986634
175 0.986644
176 0.986675
177 0.986695
178 0.986722
179 0.986759
180 0.986793
181 0.986836
182 0.986885
183 0.986942
184 0.986965
185 0.98699
186 0.987037
187 0.987073
188 0.987103
189 0.987162
190 0.987184
191 0.987194
192 0.987216
193 0.987242
194 0.987266
195 0.987318
196 0.987338
197 0.987364
198 0.987437
199 0.987449
200 0.987511
