0 -0.0673862
1 -0.0556397
2 -0.00248111
3 0.0603941
4 0.120713
5 0.171734
6 0.211729
7 0.246041
8 0.276919
9 0.307352
10 0.335416
11 0.363996
12 0.389968
13 0.417288
14 0.447004
15 0.472068
16 0.496614
17 0.520239
18 0.543331
19 0.563412
20 0.584068
21 0.602431
22 0.620067
23 0.637947
24 0.655715
25 0.672462
26 0.687556
27 0.701625
28 0.715872
29 0.729188
30 0.741668
31 0.753358
32 0.76473
33 0.776374
34 0.786586
35 0.796677
36 0.806076
37 0.81462
38 0.822351
39 0.830983
40 0.83946
41 0.847724
42 0.85468
43 0.861129
44 0.867888
45 0.873742
46 0.879287
47 0.8842
48 0.889613
49 0.894466
50 0.899187
51 0.902827
52 0.906845
53 0.91022
54 0.91429
55 0.917575
56 0.921009
57 0.924256
58 0.927094
59 0.929769
60 0.93219
61 0.934521
62 0.936973
63 0.938879
64 0.940927
65 0.943165
66 0.94534
67 0.947316
68 0.949027
69 0.950864
70 0.952667
71 0.95476
72 0.956412
73 0.957852
74 0.959411
75 0.960833
76 0.962009
77 0.963304
78 0.964336
79 0.965627
80 0.966658
81 0.96745
82 0.968367
83 0.96939
84 0.970032
85 0.971066
86 0.972049
87 0.972849
88 0.973728
89 0.974318
90 0.975097
91 0.975783
92 0.976294
93 0.976848
94 0.977269
95 0.977827
96 0.97828
97 0.978837
98 0.979309
99 0.979664
100 0.980073
101 0.980473
102 0.980826
103 0.981038
104 0.981271
105 0.981485
106 0.981711
107 0.981873
108 0.982142
109 0.982313
110 0.982429
111 0.982574
112 0.982713
113 0.982779
114 0.982985
115 0.983122
116 0.983425
117 0.983598
118 0.983779
119 0.983877
120 0.984017
121 0.984116
122 0.984144
123 0.984148
124 0.984162
125 0.984196
126 0.984278
127 0.984354
128 0.984365
129 0.984374
130 0.984429
131 0.984519
132 0.984596
133 0.984654
134 0.984708
135 0.984765
136 0.984715
137 0.984802
138 0.984817
139 0.984874
140 0.984925
141 0.984894
142 0.984899
143 0.98491
144 0.984955
145 0.985013
146 0.985111
147 0.98509
148 0.985113
149 0.98519
150 0.985249
151 0.985316
152 0.985378
153 0.985446
154 0.985489
155 0.985545
156 0.985624
157 0.985586
158 0.985589
159 0.985612
160 0.985685
161 0.985753
162 0.98572
163 0.985777
164 0.985794
165 0.985836
166 0.985874
167 0.985927
168 0.985933
169 0.985913
170 0.985931
171 0.985956
172 0.985957
173 0.985984
174 0.985998
175 0.986031
176 0.986067
177 0.986095
178 0.986071
179 0.98607
180 0.986084
181 0.986156
182 0.986246
183 0.986338
184 0.986407
185 0.986445
186 0.986562
187 0.986576
188 0.986613
189 0.986736
190 0.986813
191 0.986845
192 0.986867
193 0.986929
194 0.986941
195 0.986955
196 0.987016
197 0.987027
198 0.987087
199 0.987066
200 0.987155
