0 5.89005e-05
64 0.024921
128 0.0421631
192 0.0571603
256 0.0711923
320 0.0842846
384 0.0971671
448 0.110498
512 0.123742
576 0.135515
640 0.148198
704 0.15918
768 0.170689
832 0.181563
896 0.192931
960 0.204628
1024 0.21585
1088 0.226224
1152 0.234653
1216 0.244866
1280 0.254253
1344 0.264741
1408 0.27424
1472 0.283231
1536 0.292786
1600 0.301866
1664 0.309655
1728 0.316725
1792 0.325904
1856 0.334952
1920 0.343289
1984 0.3525
2048 0.361214
2112 0.368563
2176 0.375206
2240 0.382062
2304 0.391659
2368 0.398727
2432 0.407632
2496 0.4144
2560 0.422474
2624 0.429969
2688 0.436046
2752 0.444003
2816 0.451239
2880 0.458242
2944 0.464709
3008 0.4718
3072 0.478603
3136 0.484761
3200 0.492702
3264 0.498297
3328 0.50442
3392 0.510396
3456 0.516275
3520 0.522353
3584 0.528342
3648 0.533862
3712 0.539572
3776 0.546556
3840 0.553286
3904 0.558909
3968 0.565131
4032 0.570761
4096 0.576417
4160 0.580994
4224 0.586679
4288 0.592697
4352 0.598492
4416 0.602475
4480 0.609055
4544 0.61443
4608 0.620276
4672 0.625032
4736 0.629991
4800 0.63338
4864 0.638067
4928 0.642855
4992 0.6475
5056 0.652025
5120 0.655607
5184 0.659648
5248 0.664243
5312 0.668351
5376 0.672664
5440 0.676965
5504 0.681284
5568 0.684704
5632 0.688759
5696 0.693427
5760 0.696416
5824 0.700169
5888 0.704281
5952 0.707767
6016 0.710981
6080 0.714565
6144 0.717386
6208 0.721
6272 0.723816
6336 0.72724
6400 0.730419
6464 0.733614
6528 0.73686
6592 0.739473
6656 0.742896
6720 0.745459
6784 0.748207
6848 0.751579
6912 0.754411
6976 0.75707
7040 0.759773
7104 0.762888
7168 0.76603
7232 0.76808
7296 0.770497
7360 0.773605
7424 0.775765
7488 0.778032
7552 0.780137
7616 0.782599
7680 0.784606
7744 0.786868
7808 0.788704
7872 0.790451
7936 0.793508
8000 0.795393
8064 0.796765
8128 0.798708
8192 0.800213
8256 0.802036
8320 0.803208
8384 0.804796
8448 0.806981
8512 0.809161
8576 0.810673
8640 0.812227
8704 0.813969
8768 0.815395
8832 0.816331
8896 0.817296
8960 0.818868
9024 0.819464
9088 0.821556
9152 0.822874
9216 0.824967
9280 0.826415
9344 0.827123
9408 0.82837
9472 0.829461
9536 0.831192
9600 0.832503
9664 0.833078
9728 0.834742
9792 0.835551
9856 0.837158
9920 0.837859
9984 0.839947
10048 0.840636
10112 0.84245
10176 0.843691
10240 0.844938
10304 0.846009
10368 0.847821
10432 0.848326
10496 0.849568
10560 0.850999
10624 0.851752
10688 0.853225
10752 0.853934
10816 0.854364
10880 0.855346
10944 0.855802
11008 0.856283
11072 0.857004
11136 0.857677
11200 0.858158
11264 0.858665
11328 0.859688
11392 0.860639
11456 0.861264
11520 0.861571
11584 0.862224
11648 0.862847
11712 0.863712
11776 0.863945
11840 0.865051
11904 0.866516
11968 0.86658
12032 0.866924
12096 0.868128
12160 0.869036
12224 0.86977
12288 0.870802
12352 0.872013
12416 0.872969
12480 0.873904
12544 0.874394
12608 0.874671
12672 0.875199
12736 0.875829
12800 0.876826
