0 7.25291e-09
64 0.00113611
128 0.00322726
192 0.00593833
256 0.00916598
320 0.0130472
384 0.0173967
448 0.022535
512 0.0283454
576 0.034
640 0.0403554
704 0.0462503
768 0.0529228
832 0.0593897
896 0.0667304
960 0.0741571
1024 0.0818495
1088 0.0895013
1152 0.0957812
1216 0.10393
1280 0.111303
1344 0.119478
1408 0.127149
1472 0.134122
1536 0.141656
1600 0.149034
1664 0.156462
1728 0.162517
1792 0.170355
1856 0.178619
1920 0.186075
1984 0.194128
2048 0.202194
2112 0.209008
2176 0.215523
2240 0.222321
2304 0.231141
2368 0.238063
2432 0.246799
2496 0.253611
2560 0.26174
2624 0.268636
2688 0.275017
2752 0.283029
2816 0.290607
2880 0.298312
2944 0.305312
3008 0.312703
3072 0.320258
3136 0.32664
3200 0.335342
3264 0.342056
3328 0.349003
3392 0.355722
3456 0.362464
3520 0.369156
3584 0.37659
3648 0.382918
3712 0.389547
3776 0.397287
3840 0.40546
3904 0.41236
3968 0.419542
4032 0.426361
4096 0.433434
4160 0.439033
4224 0.445944
4288 0.45323
4352 0.460244
4416 0.465264
4480 0.473159
4544 0.479271
4608 0.486409
4672 0.49201
4736 0.497488
4800 0.501998
4864 0.507533
4928 0.51347
4992 0.518989
5056 0.524787
5120 0.529723
5184 0.53495
5248 0.5409
5312 0.545921
5376 0.551247
5440 0.556664
5504 0.562051
5568 0.566512
5632 0.571683
5696 0.57737
5760 0.581343
5824 0.586449
5888 0.591307
5952 0.595907
6016 0.600256
6080 0.604437
6144 0.608115
6208 0.611877
6272 0.615799
6336 0.619901
6400 0.623777
6464 0.627874
6528 0.6322
6592 0.635348
6656 0.640121
6720 0.643391
6784 0.647191
6848 0.651459
6912 0.655373
6976 0.658454
7040 0.662367
7104 0.666127
7168 0.670098
7232 0.672538
7296 0.675342
7360 0.679344
7424 0.682402
7488 0.6856
7552 0.688418
7616 0.692081
7680 0.694763
7744 0.697976
7808 0.700467
7872 0.702365
7936 0.706125
8000 0.709241
8064 0.710875
8128 0.71314
8192 0.715604
8256 0.718042
8320 0.719796
8384 0.721233
8448 0.723962
8512 0.726953
8576 0.729111
8640 0.730501
8704 0.732598
8768 0.734016
8832 0.735317
8896 0.736778
8960 0.738971
9024 0.739993
9088 0.742853
9152 0.744804
9216 0.747457
9280 0.749595
9344 0.75021
9408 0.751653
9472 0.753172
9536 0.755626
9600 0.757033
9664 0.758092
9728 0.76024
9792 0.760871
9856 0.762973
9920 0.763921
9984 0.766857
10048 0.767603
10112 0.770174
10176 0.771589
10240 0.773399
10304 0.774776
10368 0.777177
10432 0.778012
10496 0.779974
10560 0.781983
10624 0.782954
10688 0.784334
10752 0.785421
10816 0.786059
10880 0.787571
10944 0.788218
11008 0.788856
11072 0.789708
11136 0.790648
11200 0.791193
11264 0.791647
11328 0.792782
11392 0.793673
11456 0.794456
11520 0.795041
11584 0.795765
11648 0.796341
11712 0.797559
11776 0.797965
11840 0.799306
11904 0.801496
11968 0.80134
12032 0.801787
12096 0.80296
12160 0.803576
12224 0.804313
12288 0.805604
12352 0.80682
12416 0.807999
12480 0.809205
12544 0.809734
12608 0.809989
12672 0.81099
12736 0.811478
12800 0.812535
