0 7.55806e-09
64 0.00117884
128 0.00337912
192 0.0062383
256 0.0096126
320 0.0136316
384 0.0181003
448 0.0233954
512 0.0293402
576 0.0350828
640 0.0416115
704 0.0474838
768 0.054031
832 0.0605524
896 0.0678481
960 0.0753019
1024 0.0830069
1088 0.090798
1152 0.0968822
1216 0.105192
1280 0.112649
1344 0.120789
1408 0.128497
1472 0.135516
1536 0.143186
1600 0.150725
1664 0.158166
1728 0.163965
1792 0.171726
1856 0.180015
1920 0.187294
1984 0.195518
2048 0.203717
2112 0.210515
2176 0.217078
2240 0.223777
2304 0.232816
2368 0.239709
2432 0.248506
2496 0.255269
2560 0.263356
2624 0.270712
2688 0.277114
2752 0.28493
2816 0.292304
2880 0.300069
2944 0.307122
3008 0.314368
3072 0.32179
3136 0.32827
3200 0.337178
3264 0.344206
3328 0.351182
3392 0.358107
3456 0.365123
3520 0.37199
3584 0.379289
3648 0.385689
3712 0.392394
3776 0.399965
3840 0.40812
3904 0.415177
3968 0.422187
4032 0.429
4096 0.435639
4160 0.441131
4224 0.447943
4288 0.455557
4352 0.462501
4416 0.467582
4480 0.475243
4544 0.481619
4608 0.488929
4672 0.49431
4736 0.499913
4800 0.504736
4864 0.510263
4928 0.516281
4992 0.521618
5056 0.527219
5120 0.531983
5184 0.537178
5248 0.543442
5312 0.548627
5376 0.554135
5440 0.559838
5504 0.56548
5568 0.56966
5632 0.574837
5696 0.58051
5760 0.584527
5824 0.589869
5888 0.594611
5952 0.599399
6016 0.603747
6080 0.60805
6144 0.611787
6208 0.615887
6272 0.619972
6336 0.624465
6400 0.62832
6464 0.632341
6528 0.636799
6592 0.640132
6656 0.645149
6720 0.647991
6784 0.652117
6848 0.656038
6912 0.660004
6976 0.662732
7040 0.666559
7104 0.670362
7168 0.674516
7232 0.677079
7296 0.679894
7360 0.684059
7424 0.687133
7488 0.690404
7552 0.69315
7616 0.696832
7680 0.699653
7744 0.70298
7808 0.705509
7872 0.707436
7936 0.711222
8000 0.714603
8064 0.716272
8128 0.718483
8192 0.721144
8256 0.723594
8320 0.725453
8384 0.726785
8448 0.729191
8512 0.732212
8576 0.734495
8640 0.735572
8704 0.737492
8768 0.738845
8832 0.740164
8896 0.741547
8960 0.743687
9024 0.744625
9088 0.747462
9152 0.749478
9216 0.752119
9280 0.754253
9344 0.754639
9408 0.756258
9472 0.75769
9536 0.760187
9600 0.761562
9664 0.762774
9728 0.765046
9792 0.765575
9856 0.767805
9920 0.768736
9984 0.772024
10048 0.772767
10112 0.775494
10176 0.777123
10240 0.779146
10304 0.780437
10368 0.782961
10432 0.783649
10496 0.785474
10560 0.787598
10624 0.788406
10688 0.789869
10752 0.791042
10816 0.791754
10880 0.79309
10944 0.79377
11008 0.794353
11072 0.795386
11136 0.796029
11200 0.796666
11264 0.797178
11328 0.798211
11392 0.798872
11456 0.799924
11520 0.800515
11584 0.801127
11648 0.80167
11712 0.80274
11776 0.802876
11840 0.804037
11904 0.806517
11968 0.806178
12032 0.806623
12096 0.807683
12160 0.808316
12224 0.809066
12288 0.810375
12352 0.811802
12416 0.813003
12480 0.814132
12544 0.814646
12608 0.814705
12672 0.81552
12736 0.815828
12800 0.816684
