0 6.77301e-05
64 0.0206767
128 0.0378561
192 0.0565501
256 0.0723866
320 0.094969
384 0.113283
448 0.133326
512 0.15258
576 0.169656
640 0.185792
704 0.203799
768 0.218862
832 0.235949
896 0.247918
960 0.264084
1024 0.281589
1088 0.293868
1152 0.309536
1216 0.327845
1280 0.340757
1344 0.357822
1408 0.37431
1472 0.392288
1536 0.408855
1600 0.418012
1664 0.429664
1728 0.439843
1792 0.453126
1856 0.464258
1920 0.477283
1984 0.492005
2048 0.500283
2112 0.507599
2176 0.5171
2240 0.523581
2304 0.535213
2368 0.542867
2432 0.551899
2496 0.553206
2560 0.560501
2624 0.568159
2688 0.571979
2752 0.581848
2816 0.587842
2880 0.593028
2944 0.598069
3008 0.603627
3072 0.613494
3136 0.617732
3200 0.622216
3264 0.628062
3328 0.631665
3392 0.639078
3456 0.643402
3520 0.650368
3584 0.658014
3648 0.659609
3712 0.667413
3776 0.669541
3840 0.674523
3904 0.680249
3968 0.6865
4032 0.691052
4096 0.693537
4160 0.694249
4224 0.693497
4288 0.695101
4352 0.696322
4416 0.701363
4480 0.697752
4544 0.703483
4608 0.706665
4672 0.709114
4736 0.706675
4800 0.705366
4864 0.708397
4928 0.710757
4992 0.711217
5056 0.712045
5120 0.713655
5184 0.711573
5248 0.718368
5312 0.717986
5376 0.720631
5440 0.721949
5504 0.721464
5568 0.719125
5632 0.721003
5696 0.723969
5760 0.722438
5824 0.723946
5888 0.721839
5952 0.726208
6016 0.73224
6080 0.734638
6144 0.733971
6208 0.734125
6272 0.735688
6336 0.736246
6400 0.733492
6464 0.73253
6528 0.733258
6592 0.729827
6656 0.733295
6720 0.73523
6784 0.73281
6848 0.732093
6912 0.732634
6976 0.733313
7040 0.734964
7104 0.735869
7168 0.73952
7232 0.741324
7296 0.737497
7360 0.736702
7424 0.739453
7488 0.741294
7552 0.742122
7616 0.742906
7680 0.74321
7744 0.745404
7808 0.749222
7872 0.751666
7936 0.753982
8000 0.750874
8064 0.74854
8128 0.748109
8192 0.749515
8256 0.751805
8320 0.750391
8384 0.751842
8448 0.753814
8512 0.753562
8576 0.754402
8640 0.750549
8704 0.750666
8768 0.75063
8832 0.751917
8896 0.751644
8960 0.751243
9024 0.752936
9088 0.752597
9152 0.754316
9216 0.754275
9280 0.757768
9344 0.757873
9408 0.758548
9472 0.757389
9536 0.755253
9600 0.75718
9664 0.756316
9728 0.755525
9792 0.755649
9856 0.754227
9920 0.755342
9984 0.756903
10048 0.755227
10112 0.755089
10176 0.754994
10240 0.75645
10304 0.753987
10368 0.754102
10432 0.754047
10496 0.750237
10560 0.752628
10624 0.753817
10688 0.752605
10752 0.753033
10816 0.75545
10880 0.757423
10944 0.752884
11008 0.756055
11072 0.756167
11136 0.756493
11200 0.755159
11264 0.756679
11328 0.758376
11392 0.760367
11456 0.760865
11520 0.761102
11584 0.764342
11648 0.765428
11712 0.763632
11776 0.766717
11840 0.766676
11904 0.762051
11968 0.762891
12032 0.764114
12096 0.764939
12160 0.766649
12224 0.765635
12288 0.765783
12352 0.764746
12416 0.762513
12480 0.763948
12544 0.767653
12608 0.766864
12672 0.765187
12736 0.763107
12800 0.76807
