0 7.19981e-09
64 0.00120609
128 0.00346483
192 0.00626819
256 0.00947707
320 0.0134043
384 0.0177014
448 0.0228871
512 0.0287177
576 0.0345543
640 0.0410553
704 0.0468609
768 0.0534827
832 0.0599806
896 0.0671016
960 0.0748252
1024 0.0825435
1088 0.0903318
1152 0.0962993
1216 0.104413
1280 0.111582
1344 0.119719
1408 0.127394
1472 0.134341
1536 0.142119
1600 0.149504
1664 0.15644
1728 0.162051
1792 0.169804
1856 0.178024
1920 0.184811
1984 0.192646
2048 0.20074
2112 0.207509
2176 0.214227
2240 0.220821
2304 0.230309
2368 0.237315
2432 0.246171
2496 0.253134
2560 0.261205
2624 0.268504
2688 0.274948
2752 0.28291
2816 0.289995
2880 0.297641
2944 0.304812
3008 0.312485
3072 0.320222
3136 0.326968
3200 0.335875
3264 0.343405
3328 0.350523
3392 0.357505
3456 0.364616
3520 0.37142
3584 0.378682
3648 0.385082
3712 0.392042
3776 0.399435
3840 0.408009
3904 0.415463
3968 0.423054
4032 0.429835
4096 0.436336
4160 0.441885
4224 0.448834
4288 0.456089
4352 0.463177
4416 0.468602
4480 0.476557
4544 0.482964
4608 0.490208
4672 0.495851
4736 0.501439
4800 0.506288
4864 0.512043
4928 0.518045
4992 0.523427
5056 0.52948
5120 0.534227
5184 0.539709
5248 0.54598
5312 0.55147
5376 0.557234
5440 0.562942
5504 0.568874
5568 0.573432
5632 0.578547
5696 0.584356
5760 0.588006
5824 0.593319
5888 0.598209
5952 0.603372
6016 0.60752
6080 0.611907
6144 0.615758
6208 0.619908
6272 0.623878
6336 0.628465
6400 0.632284
6464 0.636083
6528 0.640286
6592 0.643496
6656 0.648116
6720 0.651114
6784 0.655282
6848 0.659351
6912 0.662937
6976 0.665599
7040 0.669264
7104 0.673272
7168 0.677378
7232 0.67949
7296 0.681891
7360 0.686353
7424 0.689426
7488 0.692905
7552 0.695677
7616 0.699397
7680 0.70234
7744 0.705552
7808 0.708002
7872 0.710269
7936 0.71409
8000 0.717308
8064 0.718877
8128 0.72102
8192 0.723903
8256 0.726243
8320 0.728227
8384 0.729037
8448 0.731601
8512 0.734786
8576 0.737465
8640 0.738057
8704 0.740037
8768 0.741424
8832 0.742898
8896 0.744403
8960 0.746503
9024 0.747517
9088 0.750189
9152 0.752121
9216 0.75449
9280 0.756503
9344 0.756819
9408 0.758412
9472 0.7597
9536 0.761887
9600 0.763136
9664 0.764313
9728 0.766486
9792 0.767175
9856 0.76954
9920 0.770602
9984 0.773315
10048 0.774003
10112 0.776814
10176 0.778329
10240 0.780571
10304 0.781838
10368 0.784794
10432 0.785456
10496 0.787111
10560 0.789078
10624 0.789724
10688 0.791079
10752 0.792161
10816 0.792905
10880 0.79402
10944 0.794437
11008 0.794995
11072 0.795787
11136 0.796536
11200 0.797114
11264 0.797755
11328 0.798853
11392 0.79939
11456 0.80051
11520 0.801009
11584 0.801741
11648 0.802281
11712 0.803567
11776 0.803676
11840 0.804938
11904 0.807648
11968 0.807399
12032 0.807638
12096 0.808731
12160 0.809391
12224 0.810171
12288 0.811635
12352 0.812958
12416 0.814324
12480 0.815432
12544 0.81621
12608 0.816268
12672 0.817109
12736 0.817563
12800 0.818389
