0 6.0872e-05
64 0.0248475
128 0.0419681
192 0.0571846
256 0.0713373
320 0.0837646
384 0.096034
448 0.108352
512 0.121066
576 0.132722
640 0.145627
704 0.156701
768 0.168147
832 0.178469
896 0.188066
960 0.200709
1024 0.2112
1088 0.221578
1152 0.228824
1216 0.238934
1280 0.246967
1344 0.257946
1408 0.267675
1472 0.275375
1536 0.284408
1600 0.292724
1664 0.300518
1728 0.306839
1792 0.314568
1856 0.32299
1920 0.3298
1984 0.338058
2048 0.346271
2112 0.354068
2176 0.361096
2240 0.367347
2304 0.378481
2368 0.38586
2432 0.395072
2496 0.401567
2560 0.409417
2624 0.417651
2688 0.423224
2752 0.432619
2816 0.439018
2880 0.446178
2944 0.453803
3008 0.461548
3072 0.46883
3136 0.474886
3200 0.483066
3264 0.489722
3328 0.49586
3392 0.502156
3456 0.509307
3520 0.515338
3584 0.521371
3648 0.527267
3712 0.53371
3776 0.53959
3840 0.54694
3904 0.554057
3968 0.561742
4032 0.567076
4096 0.572323
4160 0.575456
4224 0.581432
4288 0.587698
4352 0.593654
4416 0.597766
4480 0.604873
4544 0.610379
4608 0.616171
4672 0.620794
4736 0.625918
4800 0.630436
4864 0.634585
4928 0.638696
4992 0.643113
5056 0.647901
5120 0.651805
5184 0.656436
5248 0.661323
5312 0.664646
5376 0.669391
5440 0.674161
5504 0.678561
5568 0.682312
5632 0.686638
5696 0.691246
5760 0.693658
5824 0.697732
5888 0.702951
5952 0.70643
6016 0.709266
6080 0.712323
6144 0.714781
6208 0.719248
6272 0.7222
6336 0.725387
6400 0.728818
6464 0.732135
6528 0.734991
6592 0.737342
6656 0.74102
6720 0.742857
6784 0.745417
6848 0.748086
6912 0.750768
6976 0.753149
7040 0.755808
7104 0.758611
7168 0.761589
7232 0.762974
7296 0.765262
7360 0.769194
7424 0.770977
7488 0.773501
7552 0.775512
7616 0.777599
7680 0.779695
7744 0.781377
7808 0.78304
7872 0.784885
7936 0.788236
8000 0.78976
8064 0.790743
8128 0.792012
8192 0.792901
8256 0.794516
8320 0.795973
8384 0.797274
8448 0.798538
8512 0.80107
8576 0.802613
8640 0.803197
8704 0.805693
8768 0.806935
8832 0.807643
8896 0.808224
8960 0.810125
9024 0.810627
9088 0.812285
9152 0.813281
9216 0.815509
9280 0.816794
9344 0.817305
9408 0.818615
9472 0.818866
9536 0.819884
9600 0.821583
9664 0.821699
9728 0.823076
9792 0.823773
9856 0.825338
9920 0.82617
9984 0.82853
10048 0.828869
10112 0.830551
10176 0.831583
10240 0.833046
10304 0.834681
10368 0.836527
10432 0.83681
10496 0.837794
10560 0.838838
10624 0.839707
10688 0.840747
10752 0.841295
10816 0.841845
10880 0.843065
10944 0.843083
11008 0.843473
11072 0.844312
11136 0.844621
11200 0.844883
11264 0.845485
11328 0.846573
11392 0.847145
11456 0.848123
11520 0.847969
11584 0.84839
11648 0.849183
11712 0.84986
11776 0.849522
11840 0.850225
11904 0.852647
11968 0.852728
12032 0.852443
12096 0.853681
12160 0.854958
12224 0.855617
12288 0.856999
12352 0.8581
12416 0.859022
12480 0.859648
12544 0.860305
12608 0.860615
12672 0.860667
12736 0.860926
12800 0.861572
