0 7.57384e-09
64 0.00107558
128 0.00311639
192 0.00596737
256 0.00931105
320 0.0133502
384 0.017597
448 0.0224846
512 0.0278982
576 0.0335447
640 0.0400393
704 0.0460024
768 0.0528132
832 0.0592507
896 0.0657517
960 0.0740417
1024 0.0812393
1088 0.0891312
1152 0.09479
1216 0.103346
1280 0.109855
1344 0.118449
1408 0.126125
1472 0.131861
1536 0.138453
1600 0.144556
1664 0.151636
1728 0.156911
1792 0.163207
1856 0.170801
1920 0.176485
1984 0.183452
2048 0.19035
2112 0.197536
2176 0.204046
2240 0.209899
2304 0.220059
2368 0.226899
2432 0.235882
2496 0.242043
2560 0.249731
2624 0.257104
2688 0.262547
2752 0.27192
2816 0.278303
2880 0.285923
2944 0.294122
3008 0.30215
3072 0.310311
3136 0.316522
3200 0.325508
3264 0.333428
3328 0.340185
3392 0.34715
3456 0.354935
3520 0.361926
3584 0.369357
3648 0.375972
3712 0.383324
3776 0.389857
3840 0.398446
3904 0.406975
3968 0.41598
4032 0.422574
4096 0.428775
4160 0.432879
4224 0.440135
4288 0.447141
4352 0.4543
4416 0.459584
4480 0.468166
4544 0.47428
4608 0.481543
4672 0.487258
4736 0.492928
4800 0.498736
4864 0.503893
4928 0.509066
4992 0.514132
5056 0.520544
5120 0.526135
5184 0.532398
5248 0.539168
5312 0.543924
5376 0.549633
5440 0.555656
5504 0.561685
5568 0.566478
5632 0.571892
5696 0.577894
5760 0.581451
5824 0.587017
5888 0.593401
5952 0.598099
6016 0.602378
6080 0.606018
6144 0.609174
6208 0.613812
6272 0.617901
6336 0.621948
6400 0.626184
6464 0.630824
6528 0.634467
6592 0.637573
6656 0.642671
6720 0.644661
6784 0.648164
6848 0.651778
6912 0.655452
6976 0.658174
7040 0.662041
7104 0.665451
7168 0.669226
7232 0.670732
7296 0.673373
7360 0.678542
7424 0.68115
7488 0.684772
7552 0.687462
7616 0.690872
7680 0.69398
7744 0.69639
7808 0.698999
7872 0.701176
7936 0.705295
8000 0.708091
8064 0.709502
8128 0.710766
8192 0.712205
8256 0.714233
8320 0.716422
8384 0.717387
8448 0.718763
8512 0.722203
8576 0.724338
8640 0.724372
8704 0.727284
8768 0.728913
8832 0.730039
8896 0.730859
8960 0.733403
9024 0.734396
9088 0.736693
9152 0.738417
9216 0.740812
9280 0.742737
9344 0.742774
9408 0.744605
9472 0.744567
9536 0.746012
9600 0.74799
9664 0.748322
9728 0.749558
9792 0.750318
9856 0.752439
9920 0.753625
9984 0.756629
10048 0.756446
10112 0.758939
10176 0.760037
10240 0.761825
10304 0.763921
10368 0.766457
10432 0.766831
10496 0.768448
10560 0.770153
10624 0.771464
10688 0.772217
10752 0.772973
10816 0.773847
10880 0.775815
10944 0.775452
11008 0.776102
11072 0.77748
11136 0.777876
11200 0.778487
11264 0.77862
11328 0.780064
11392 0.780338
11456 0.781641
11520 0.781873
11584 0.782097
11648 0.782871
11712 0.783849
11776 0.78358
11840 0.784213
11904 0.788083
11968 0.787498
12032 0.78657
12096 0.787668
12160 0.788465
12224 0.788992
12288 0.790843
12352 0.791942
12416 0.793138
12480 0.794209
12544 0.795094
12608 0.795435
12672 0.796031
12736 0.795798
12800 0.796305
