0 7.37205e-09
64 0.00118224
128 0.00345502
192 0.00625914
256 0.00952855
320 0.0135361
384 0.0179683
448 0.0232198
512 0.0291574
576 0.0351524
640 0.0417556
704 0.047812
768 0.0546773
832 0.0612653
896 0.0685366
960 0.0764519
1024 0.0841867
1088 0.0918564
1152 0.0976158
1216 0.105624
1280 0.112597
1344 0.120635
1408 0.128124
1472 0.134717
1536 0.142114
1600 0.148861
1664 0.154922
1728 0.160354
1792 0.167388
1856 0.175212
1920 0.181604
1984 0.189145
2048 0.196854
2112 0.203642
2176 0.210461
2240 0.216744
2304 0.225705
2368 0.232691
2432 0.241557
2496 0.248198
2560 0.256275
2624 0.2632
2688 0.269266
2752 0.277122
2816 0.284306
2880 0.291547
2944 0.298822
3008 0.306309
3072 0.313745
3136 0.320188
3200 0.328542
3264 0.335528
3328 0.342293
3392 0.348745
3456 0.355545
3520 0.362198
3584 0.369471
3648 0.375668
3712 0.382446
3776 0.389499
3840 0.397636
3904 0.404852
3968 0.412417
4032 0.418839
4096 0.425237
4160 0.430538
4224 0.437443
4288 0.445026
4352 0.452283
4416 0.457872
4480 0.465998
4544 0.472586
4608 0.479625
4672 0.485131
4736 0.49087
4800 0.49545
4864 0.501225
4928 0.507304
4992 0.512602
5056 0.518538
5120 0.523313
5184 0.528789
5248 0.534975
5312 0.540424
5376 0.545961
5440 0.552258
5504 0.558226
5568 0.562785
5632 0.567612
5696 0.573736
5760 0.57716
5824 0.582545
5888 0.587902
5952 0.593156
6016 0.597398
6080 0.601377
6144 0.604791
6208 0.608741
6272 0.612565
6336 0.617121
6400 0.620979
6464 0.624775
6528 0.628764
6592 0.63176
6656 0.636711
6720 0.639866
6784 0.643956
6848 0.648073
6912 0.652008
6976 0.654678
7040 0.658245
7104 0.662343
7168 0.666588
7232 0.668709
7296 0.671213
7360 0.675906
7424 0.679059
7488 0.682767
7552 0.685324
7616 0.688972
7680 0.691863
7744 0.69521
7808 0.697674
7872 0.699931
7936 0.7039
8000 0.707215
8064 0.709009
8128 0.710825
8192 0.713682
8256 0.716513
8320 0.718614
8384 0.719593
8448 0.722044
8512 0.725599
8576 0.728399
8640 0.729
8704 0.731014
8768 0.732654
8832 0.734397
8896 0.735958
8960 0.738377
9024 0.739522
9088 0.742322
9152 0.744268
9216 0.746652
9280 0.748692
9344 0.748789
9408 0.750908
9472 0.752074
9536 0.754126
9600 0.755677
9664 0.756981
9728 0.75902
9792 0.759793
9856 0.762563
9920 0.763729
9984 0.766577
10048 0.767297
10112 0.770119
10176 0.77158
10240 0.773755
10304 0.775386
10368 0.778377
10432 0.779207
10496 0.781132
10560 0.782964
10624 0.783538
10688 0.78484
10752 0.785963
10816 0.786873
10880 0.788233
10944 0.788656
11008 0.789359
11072 0.790202
11136 0.790776
11200 0.791471
11264 0.792151
11328 0.793205
11392 0.79356
11456 0.794651
11520 0.795111
11584 0.795842
11648 0.79643
11712 0.797773
11776 0.797915
11840 0.799008
11904 0.802031
11968 0.801443
12032 0.80174
12096 0.802899
12160 0.803416
12224 0.804275
12288 0.805832
12352 0.807041
12416 0.80838
12480 0.809541
12544 0.810317
12608 0.810678
12672 0.811648
12736 0.812006
12800 0.812873
