0 7.53564e-09
64 0.00102044
128 0.00305055
192 0.00587985
256 0.00942658
320 0.0136921
384 0.0181707
448 0.0236669
512 0.0294493
576 0.0349978
640 0.0414432
704 0.0475503
768 0.0541425
832 0.0600533
896 0.0668253
960 0.0751119
1024 0.0821478
1088 0.0899616
1152 0.0950049
1216 0.102988
1280 0.109645
1344 0.117871
1408 0.125828
1472 0.131912
1536 0.138568
1600 0.144696
1664 0.152328
1728 0.158016
1792 0.164363
1856 0.171586
1920 0.17737
1984 0.184287
2048 0.190815
2112 0.197831
2176 0.203798
2240 0.209077
2304 0.219353
2368 0.226448
2432 0.235482
2496 0.241114
2560 0.248887
2624 0.25599
2688 0.262007
2752 0.271137
2816 0.277446
2880 0.284998
2944 0.293391
3008 0.301842
3072 0.310441
3136 0.316581
3200 0.325414
3264 0.332976
3328 0.340626
3392 0.34701
3456 0.354068
3520 0.362068
3584 0.369645
3648 0.37572
3712 0.381836
3776 0.387952
3840 0.396083
3904 0.40421
3968 0.413259
4032 0.41951
4096 0.426423
4160 0.429901
4224 0.436779
4288 0.444163
4352 0.450577
4416 0.456681
4480 0.465891
4544 0.4723
4608 0.480226
4672 0.487184
4736 0.492168
4800 0.497116
4864 0.503063
4928 0.50814
4992 0.514637
5056 0.520969
5120 0.526004
5184 0.531681
5248 0.538852
5312 0.544646
5376 0.550244
5440 0.55514
5504 0.562343
5568 0.56775
5632 0.572935
5696 0.577774
5760 0.581263
5824 0.587178
5888 0.593478
5952 0.598486
6016 0.602663
6080 0.605948
6144 0.608781
6208 0.613906
6272 0.617211
6336 0.620812
6400 0.625152
6464 0.628924
6528 0.631858
6592 0.634709
6656 0.639404
6720 0.6415
6784 0.645001
6848 0.648933
6912 0.650865
6976 0.65348
7040 0.657185
7104 0.660109
7168 0.663442
7232 0.665221
7296 0.667002
7360 0.670742
7424 0.673213
7488 0.676898
7552 0.679324
7616 0.682836
7680 0.684904
7744 0.686858
7808 0.689103
7872 0.690837
7936 0.694897
8000 0.697282
8064 0.699046
8128 0.700344
8192 0.700898
8256 0.701886
8320 0.703686
8384 0.704808
8448 0.70565
8512 0.708721
8576 0.710538
8640 0.711124
8704 0.714159
8768 0.716326
8832 0.717359
8896 0.716982
8960 0.72004
9024 0.720748
9088 0.723771
9152 0.725662
9216 0.728639
9280 0.729846
9344 0.730485
9408 0.732807
9472 0.73265
9536 0.733958
9600 0.736088
9664 0.735808
9728 0.737387
9792 0.737078
9856 0.738665
9920 0.739068
9984 0.741855
10048 0.741194
10112 0.742957
10176 0.743309
10240 0.744956
10304 0.745798
10368 0.747847
10432 0.748213
10496 0.750159
10560 0.751303
10624 0.752311
10688 0.752184
10752 0.753699
10816 0.754854
10880 0.756649
10944 0.755962
11008 0.756852
11072 0.758657
11136 0.759009
11200 0.759663
11264 0.759948
11328 0.761277
11392 0.761054
11456 0.762834
11520 0.763148
11584 0.763158
11648 0.763913
11712 0.764898
11776 0.764815
11840 0.765682
11904 0.76945
11968 0.768621
12032 0.768038
12096 0.769286
12160 0.769901
12224 0.771225
12288 0.773677
12352 0.774676
12416 0.776423
12480 0.777946
12544 0.77866
12608 0.778901
12672 0.779895
12736 0.779299
12800 0.779796
