0 6.74699e-05
64 0.0263574
128 0.0437987
192 0.0594193
256 0.0741231
320 0.0862399
384 0.0974974
448 0.110757
512 0.124188
576 0.135825
640 0.14747
704 0.158203
768 0.168607
832 0.178462
896 0.188941
960 0.199988
1024 0.210191
1088 0.219355
1152 0.225868
1216 0.234051
1280 0.241796
1344 0.252239
1408 0.259703
1472 0.266552
1536 0.273432
1600 0.280625
1664 0.286998
1728 0.292787
1792 0.300667
1856 0.307504
1920 0.312717
1984 0.319299
2048 0.325466
2112 0.334301
2176 0.340258
2240 0.343588
2304 0.354054
2368 0.360271
2432 0.368613
2496 0.375488
2560 0.384621
2624 0.392275
2688 0.398424
2752 0.408346
2816 0.415372
2880 0.422188
2944 0.428579
3008 0.437398
3072 0.444931
3136 0.450499
3200 0.458771
3264 0.464927
3328 0.470508
3392 0.476497
3456 0.481305
3520 0.487638
3584 0.494599
3648 0.499718
3712 0.505959
3776 0.513214
3840 0.521126
3904 0.528463
3968 0.537406
4032 0.54325
4096 0.548991
4160 0.55252
4224 0.55864
4288 0.565069
4352 0.570911
4416 0.575817
4480 0.584032
4544 0.590329
4608 0.596793
4672 0.602608
4736 0.607409
4800 0.612222
4864 0.615835
4928 0.620509
4992 0.625956
5056 0.630008
5120 0.631439
5184 0.636077
5248 0.63895
5312 0.642088
5376 0.64665
5440 0.650607
5504 0.655794
5568 0.660414
5632 0.665149
5696 0.670251
5760 0.673745
5824 0.677819
5888 0.68372
5952 0.686854
6016 0.689235
6080 0.691774
6144 0.693676
6208 0.699606
6272 0.702826
6336 0.706738
6400 0.709782
6464 0.713716
6528 0.716502
6592 0.718972
6656 0.72312
6720 0.725743
6784 0.728328
6848 0.731751
6912 0.733767
6976 0.73706
7040 0.73963
7104 0.742428
7168 0.7451
7232 0.746335
7296 0.7486
7360 0.752614
7424 0.754415
7488 0.757027
7552 0.759697
7616 0.762565
7680 0.764018
7744 0.765837
7808 0.767418
7872 0.76982
7936 0.773547
8000 0.775192
8064 0.776882
8128 0.77764
8192 0.778412
8256 0.779552
8320 0.781148
8384 0.782489
8448 0.783494
8512 0.785876
8576 0.787004
8640 0.787325
8704 0.789475
8768 0.790858
8832 0.790995
8896 0.790403
8960 0.792777
9024 0.793413
9088 0.795316
9152 0.79724
9216 0.800122
9280 0.8021
9344 0.80399
9408 0.805667
9472 0.806104
9536 0.8071
9600 0.808803
9664 0.808363
9728 0.810271
9792 0.810654
9856 0.812801
9920 0.813277
9984 0.816026
10048 0.816155
10112 0.817252
10176 0.817876
10240 0.819485
10304 0.820023
10368 0.822446
10432 0.823081
10496 0.82457
10560 0.826045
10624 0.826325
10688 0.827354
10752 0.82878
10816 0.829306
10880 0.830733
10944 0.830704
11008 0.832
11072 0.834089
11136 0.834262
11200 0.834619
11264 0.835686
11328 0.837116
11392 0.837517
11456 0.839189
11520 0.838918
11584 0.838654
11648 0.840015
11712 0.840963
11776 0.840878
11840 0.841871
11904 0.84421
11968 0.844515
12032 0.843654
12096 0.845848
12160 0.847574
12224 0.848173
12288 0.849891
12352 0.850847
12416 0.851946
12480 0.853205
12544 0.854059
12608 0.854275
12672 0.854628
12736 0.854869
12800 0.855482
