0 6.03231e-05
64 0.0253971
128 0.0431888
192 0.05864
256 0.0730346
320 0.0861829
384 0.09902
448 0.112352
512 0.125621
576 0.137335
640 0.150164
704 0.160804
768 0.171896
832 0.182674
896 0.193892
960 0.20543
1024 0.216644
1088 0.227193
1152 0.235374
1216 0.245721
1280 0.255089
1344 0.265642
1408 0.275122
1472 0.284298
1536 0.29415
1600 0.303361
1664 0.311292
1728 0.318087
1792 0.327296
1856 0.336252
1920 0.344452
1984 0.353851
2048 0.362765
2112 0.370023
2176 0.376683
2240 0.38347
2304 0.393463
2368 0.400577
2432 0.409652
2496 0.416395
2560 0.424479
2624 0.432486
2688 0.438637
2752 0.446418
2816 0.45344
2880 0.460532
2944 0.467027
3008 0.474007
3072 0.480623
3136 0.486795
3200 0.495031
3264 0.500827
3328 0.506969
3392 0.513033
3456 0.519144
3520 0.525325
3584 0.531288
3648 0.536903
3712 0.542713
3776 0.549452
3840 0.556176
3904 0.561971
3968 0.56805
4032 0.573657
4096 0.578934
4160 0.58331
4224 0.588857
4288 0.595164
4352 0.600924
4416 0.604963
4480 0.61142
4544 0.617081
4608 0.623084
4672 0.627803
4736 0.632733
4800 0.636282
4864 0.641055
4928 0.645903
4992 0.65042
5056 0.654915
5120 0.658399
5184 0.662301
5248 0.667122
5312 0.671335
5376 0.675849
5440 0.680489
5504 0.684898
5568 0.688121
5632 0.692164
5696 0.696751
5760 0.699695
5824 0.703608
5888 0.707719
5952 0.71132
6016 0.71454
6080 0.718263
6144 0.721167
6208 0.725101
6272 0.728135
6336 0.731825
6400 0.734969
6464 0.738139
6528 0.741338
6592 0.744026
6656 0.747762
6720 0.749972
6784 0.752957
6848 0.756042
6912 0.759005
6976 0.761421
7040 0.764124
7104 0.767217
7168 0.770483
7232 0.772625
7296 0.774999
7360 0.778189
7424 0.780367
7488 0.782689
7552 0.784701
7616 0.787171
7680 0.789167
7744 0.7916
7808 0.793405
7872 0.795172
7936 0.798249
8000 0.800243
8064 0.801581
8128 0.803515
8192 0.805139
8256 0.806949
8320 0.808271
8384 0.80974
8448 0.811673
8512 0.813863
8576 0.815438
8640 0.816759
8704 0.818435
8768 0.819752
8832 0.820692
8896 0.821607
8960 0.823212
9024 0.823777
9088 0.825875
9152 0.827189
9216 0.829334
9280 0.830764
9344 0.831369
9408 0.832637
9472 0.83376
9536 0.835464
9600 0.836738
9664 0.83738
9728 0.839188
9792 0.839831
9856 0.841496
9920 0.84221
9984 0.844528
10048 0.845236
10112 0.847123
10176 0.848412
10240 0.849856
10304 0.850848
10368 0.852736
10432 0.853101
10496 0.854252
10560 0.855658
10624 0.856227
10688 0.857753
10752 0.858433
10816 0.858889
10880 0.859718
10944 0.860227
11008 0.860692
11072 0.861404
11136 0.861891
11200 0.862409
11264 0.863022
11328 0.863918
11392 0.864699
11456 0.865498
11520 0.865806
11584 0.866339
11648 0.866888
11712 0.867612
11776 0.867676
11840 0.868721
11904 0.870428
11968 0.870464
12032 0.870824
12096 0.871982
12160 0.872918
12224 0.873688
12288 0.874695
12352 0.87602
12416 0.876922
12480 0.877732
12544 0.878172
12608 0.878263
12672 0.878627
12736 0.879041
12800 0.879891
