0 6.00442e-05
64 0.0245258
128 0.0422205
192 0.0577164
256 0.0725294
320 0.0854639
384 0.0981401
448 0.111816
512 0.124966
576 0.136443
640 0.14936
704 0.160257
768 0.171311
832 0.181061
896 0.190815
960 0.202495
1024 0.21287
1088 0.223504
1152 0.230453
1216 0.240056
1280 0.248902
1344 0.259643
1408 0.269145
1472 0.276867
1536 0.286022
1600 0.29378
1664 0.301832
1728 0.308429
1792 0.316029
1856 0.324128
1920 0.331051
1984 0.339007
2048 0.346737
2112 0.354201
2176 0.360466
2240 0.365907
2304 0.376871
2368 0.38415
2432 0.393271
2496 0.398903
2560 0.406848
2624 0.414576
2688 0.420517
2752 0.429355
2816 0.435681
2880 0.442844
2944 0.450378
3008 0.458314
3072 0.465905
3136 0.472072
3200 0.479967
3264 0.486183
3328 0.4928
3392 0.498647
3456 0.505117
3520 0.511534
3584 0.517446
3648 0.522758
3712 0.528486
3776 0.533869
3840 0.540999
3904 0.5482
3968 0.556194
4032 0.561348
4096 0.567093
4160 0.56993
4224 0.57562
4288 0.581943
4352 0.587435
4416 0.592243
4480 0.599567
4544 0.60522
4608 0.611367
4672 0.616921
4736 0.621134
4800 0.625213
4864 0.629624
4928 0.633656
4992 0.639096
5056 0.64398
5120 0.647548
5184 0.651658
5248 0.656603
5312 0.660614
5376 0.665666
5440 0.669395
5504 0.67449
5568 0.67859
5632 0.68296
5696 0.686737
5760 0.689073
5824 0.693391
5888 0.698271
5952 0.701865
6016 0.704541
6080 0.707025
6144 0.70903
6208 0.713993
6272 0.71644
6336 0.719449
6400 0.722573
6464 0.725251
6528 0.727762
6592 0.729946
6656 0.733467
6720 0.735406
6784 0.737803
6848 0.740899
6912 0.742512
6976 0.744707
7040 0.747123
7104 0.749733
7168 0.752382
7232 0.753956
7296 0.755737
7360 0.758864
7424 0.760525
7488 0.76316
7552 0.764972
7616 0.766995
7680 0.768512
7744 0.769848
7808 0.771302
7872 0.773099
7936 0.776488
8000 0.777851
8064 0.779
8128 0.780147
8192 0.78043
8256 0.781368
8320 0.782539
8384 0.783984
8448 0.78491
8512 0.787198
8576 0.788288
8640 0.789364
8704 0.792089
8768 0.79371
8832 0.794165
8896 0.793983
8960 0.796194
9024 0.796317
9088 0.798705
9152 0.799738
9216 0.80253
9280 0.803345
9344 0.804362
9408 0.80593
9472 0.806162
9536 0.807156
9600 0.808814
9664 0.808552
9728 0.810087
9792 0.810217
9856 0.811536
9920 0.811978
9984 0.814294
10048 0.814221
10112 0.815575
10176 0.816208
10240 0.81755
10304 0.818507
10368 0.820184
10432 0.820577
10496 0.821558
10560 0.822312
10624 0.823145
10688 0.82371
10752 0.824563
10816 0.825223
10880 0.826485
10944 0.826397
11008 0.82706
11072 0.828347
11136 0.828634
11200 0.828712
11264 0.829501
11328 0.830662
11392 0.831186
11456 0.832409
11520 0.832173
11584 0.832438
11648 0.833205
11712 0.833911
11776 0.833701
11840 0.834767
11904 0.837237
11968 0.837112
12032 0.837052
12096 0.83829
12160 0.839674
12224 0.840885
12288 0.842696
12352 0.843746
12416 0.84507
12480 0.845952
12544 0.846533
12608 0.84689
12672 0.847109
12736 0.847157
12800 0.847881
