0 -0.0515539
64 0.165734
128 0.197336
192 0.204626
256 0.230399
320 0.18555
384 0.174757
448 0.165482
512 0.15944
576 0.154652
640 0.169195
704 0.178786
768 0.187878
832 0.202097
896 0.21027
960 0.228009
1024 0.242493
1088 0.251525
1152 0.262207
1216 0.266042
1280 0.278392
1344 0.298507
1408 0.312931
1472 0.336145
1536 0.36012
1600 0.378834
1664 0.38521
1728 0.396028
1792 0.41348
1856 0.425309
1920 0.439047
1984 0.455575
2048 0.467805
2112 0.478231
2176 0.484972
2240 0.492281
2304 0.509047
2368 0.519468
2432 0.53174
2496 0.541508
2560 0.550269
2624 0.56373
2688 0.570927
2752 0.580827
2816 0.588674
2880 0.595081
2944 0.601932
3008 0.610162
3072 0.615565
3136 0.622802
3200 0.630576
3264 0.633597
3328 0.640242
3392 0.645016
3456 0.651362
3520 0.657499
3584 0.661835
3648 0.667222
3712 0.673667
3776 0.680493
3840 0.686144
3904 0.690689
3968 0.697103
4032 0.701751
4096 0.705756
4160 0.708264
4224 0.712973
4288 0.718783
4352 0.723484
4416 0.72656
4480 0.733153
4544 0.739428
4608 0.744496
4672 0.750041
4736 0.755582
4800 0.757581
4864 0.762205
4928 0.765912
4992 0.770384
5056 0.774159
5120 0.776183
5184 0.778664
5248 0.781929
5312 0.785079
5376 0.789698
5440 0.793859
5504 0.797538
5568 0.79988
5632 0.803392
5696 0.80737
5760 0.808635
5824 0.811024
5888 0.815367
5952 0.818182
6016 0.820044
6080 0.823734
6144 0.826225
6208 0.830693
6272 0.832725
6336 0.836009
6400 0.838722
6464 0.841159
6528 0.843347
6592 0.845359
6656 0.847617
6720 0.849653
6784 0.851757
6848 0.854434
6912 0.856244
6976 0.85875
7040 0.860075
7104 0.862882
7168 0.865628
7232 0.867545
7296 0.869541
7360 0.872139
7424 0.873108
7488 0.874673
7552 0.876007
7616 0.87707
7680 0.878104
7744 0.879786
7808 0.880763
7872 0.882569
7936 0.884998
8000 0.885312
8064 0.886288
8128 0.88798
8192 0.888691
8256 0.889793
8320 0.890651
8384 0.892461
8448 0.894127
8512 0.895578
8576 0.896648
8640 0.898407
8704 0.900142
8768 0.90124
8832 0.901948
8896 0.902521
8960 0.903661
9024 0.903982
9088 0.905324
9152 0.905848
9216 0.90765
9280 0.908284
9344 0.909505
9408 0.910357
9472 0.911351
9536 0.912018
9600 0.913422
9664 0.913428
9728 0.914976
9792 0.915728
9856 0.916639
9920 0.917014
9984 0.918393
10048 0.919201
10112 0.920215
10176 0.921257
10240 0.922296
10304 0.923103
10368 0.924402
10432 0.924481
10496 0.924842
10560 0.925441
10624 0.925864
10688 0.927513
10752 0.927813
10816 0.928032
10880 0.928342
10944 0.9286
11008 0.928911
11072 0.92919
11136 0.929542
11200 0.929614
11264 0.930557
11328 0.931262
11392 0.932403
11456 0.933115
11520 0.932895
11584 0.933443
11648 0.934335
11712 0.934838
11776 0.934655
11840 0.935603
11904 0.936422
11968 0.93713
12032 0.937457
12096 0.938697
12160 0.940251
12224 0.940976
12288 0.941779
12352 0.943082
12416 0.943714
12480 0.944095
12544 0.94448
12608 0.94462
12672 0.944412
12736 0.945106
12800 0.945878
