0 -0.0155809
64 0.422056
128 0.371214
192 0.292973
256 0.266012
320 0.177408
384 0.15321
448 0.151764
512 0.178635
576 0.188413
640 0.177642
704 0.183972
768 0.180223
832 0.189451
896 0.175744
960 0.187118
1024 0.207839
1088 0.230135
1152 0.245651
1216 0.252592
1280 0.259127
1344 0.27484
1408 0.295529
1472 0.303814
1536 0.326664
1600 0.344729
1664 0.352225
1728 0.355636
1792 0.373665
1856 0.38307
1920 0.389613
1984 0.405896
2048 0.420573
2112 0.435938
2176 0.445929
2240 0.451547
2304 0.469578
2368 0.47873
2432 0.489481
2496 0.498688
2560 0.512
2624 0.523876
2688 0.529814
2752 0.542261
2816 0.548295
2880 0.553099
2944 0.55361
3008 0.564953
3072 0.57059
3136 0.581209
3200 0.588074
3264 0.591383
3328 0.595794
3392 0.602008
3456 0.604971
3520 0.608435
3584 0.61258
3648 0.618117
3712 0.624801
3776 0.631004
3840 0.640394
3904 0.648612
3968 0.656758
4032 0.660503
4096 0.665305
4160 0.666735
4224 0.671487
4288 0.678498
4352 0.683879
4416 0.686578
4480 0.693293
4544 0.701636
4608 0.706404
4672 0.71049
4736 0.714311
4800 0.719504
4864 0.720915
4928 0.726196
4992 0.733039
5056 0.736765
5120 0.736582
5184 0.741572
5248 0.741867
5312 0.743766
5376 0.74994
5440 0.752622
5504 0.755552
5568 0.759985
5632 0.765359
5696 0.769557
5760 0.771355
5824 0.77462
5888 0.779713
5952 0.782527
6016 0.782864
6080 0.783917
6144 0.785928
6208 0.793282
6272 0.795531
6336 0.799698
6400 0.801975
6464 0.804659
6528 0.809189
6592 0.811387
6656 0.813661
6720 0.816663
6784 0.816727
6848 0.819963
6912 0.821235
6976 0.824053
7040 0.824703
7104 0.827365
7168 0.829647
7232 0.831086
7296 0.834073
7360 0.837459
7424 0.837721
7488 0.839063
7552 0.841391
7616 0.842051
7680 0.842522
7744 0.843458
7808 0.843726
7872 0.847972
7936 0.851432
8000 0.851267
8064 0.852806
8128 0.854377
8192 0.854999
8256 0.856853
8320 0.857632
8384 0.859781
8448 0.861043
8512 0.862483
8576 0.86296
8640 0.864023
8704 0.8661
8768 0.867798
8832 0.866932
8896 0.866772
8960 0.868431
9024 0.867702
9088 0.869497
9152 0.870684
9216 0.873401
9280 0.875507
9344 0.878093
9408 0.879104
9472 0.879577
9536 0.879883
9600 0.88117
9664 0.880709
9728 0.883344
9792 0.884947
9856 0.886223
9920 0.887076
9984 0.889311
10048 0.889279
10112 0.890159
10176 0.892115
10240 0.892425
10304 0.893769
10368 0.896088
10432 0.896261
10496 0.896832
10560 0.897702
10624 0.898237
10688 0.899988
10752 0.90072
10816 0.899925
10880 0.900731
10944 0.902213
11008 0.903204
11072 0.90457
11136 0.904228
11200 0.903717
11264 0.90565
11328 0.907269
11392 0.908674
11456 0.90964
11520 0.908514
11584 0.908746
11648 0.909462
11712 0.909809
11776 0.910169
11840 0.911454
11904 0.91297
11968 0.914649
12032 0.913983
12096 0.915678
12160 0.918496
12224 0.919457
12288 0.920346
12352 0.921668
12416 0.92264
12480 0.92259
12544 0.923225
12608 0.922834
12672 0.922861
12736 0.923457
12800 0.92447
