0 -0.0901566
64 0.30355
128 0.288677
192 0.234906
256 0.20805
320 0.125413
384 0.1134
448 0.10706
512 0.114225
576 0.12008
640 0.142262
704 0.148528
768 0.155126
832 0.168157
896 0.16467
960 0.168185
1024 0.187132
1088 0.199112
1152 0.211117
1216 0.212839
1280 0.230174
1344 0.251544
1408 0.262981
1472 0.279159
1536 0.306191
1600 0.323467
1664 0.32795
1728 0.338918
1792 0.3543
1856 0.366761
1920 0.381582
1984 0.396463
2048 0.412878
2112 0.42314
2176 0.431548
2240 0.438417
2304 0.455605
2368 0.4655
2432 0.477443
2496 0.484739
2560 0.496377
2624 0.510588
2688 0.518352
2752 0.529195
2816 0.538356
2880 0.546753
2944 0.553586
3008 0.563011
3072 0.569841
3136 0.579412
3200 0.587417
3264 0.59132
3328 0.597392
3392 0.604414
3456 0.612281
3520 0.6163
3584 0.619439
3648 0.625124
3712 0.632871
3776 0.638841
3840 0.646703
3904 0.65498
3968 0.664114
4032 0.668694
4096 0.674036
4160 0.676495
4224 0.681772
4288 0.688461
4352 0.694284
4416 0.697991
4480 0.703989
4544 0.710589
4608 0.715179
4672 0.719928
4736 0.72432
4800 0.728249
4864 0.731003
4928 0.734459
4992 0.740006
5056 0.743775
5120 0.745573
5184 0.747979
5248 0.750134
5312 0.751989
5376 0.758225
5440 0.761095
5504 0.76391
5568 0.767058
5632 0.771672
5696 0.774886
5760 0.77583
5824 0.778727
5888 0.782816
5952 0.785083
6016 0.785879
6080 0.787823
6144 0.789035
6208 0.795757
6272 0.79753
6336 0.80061
6400 0.802646
6464 0.804302
6528 0.807001
6592 0.808775
6656 0.811458
6720 0.813843
6784 0.815105
6848 0.817825
6912 0.819451
6976 0.821686
7040 0.822654
7104 0.825635
7168 0.828004
7232 0.829763
7296 0.832153
7360 0.835265
7424 0.836074
7488 0.837772
7552 0.839124
7616 0.839271
7680 0.840347
7744 0.841072
7808 0.841664
7872 0.844142
7936 0.847473
8000 0.847566
8064 0.848059
8128 0.849309
8192 0.849233
8256 0.850378
8320 0.850875
8384 0.853281
8448 0.854619
8512 0.856314
8576 0.856549
8640 0.858725
8704 0.861727
8768 0.86293
8832 0.862594
8896 0.862674
8960 0.864156
9024 0.863389
9088 0.865438
9152 0.865409
9216 0.868668
9280 0.869093
9344 0.870963
9408 0.871775
9472 0.872668
9536 0.873435
9600 0.874792
9664 0.874492
9728 0.876347
9792 0.877178
9856 0.878414
9920 0.879024
9984 0.881191
10048 0.881984
10112 0.883045
10176 0.884248
10240 0.885443
10304 0.886794
10368 0.888292
10432 0.888815
10496 0.888583
10560 0.888927
10624 0.889689
10688 0.891398
10752 0.891462
10816 0.89154
10880 0.892294
10944 0.893064
11008 0.893538
11072 0.894344
11136 0.894595
11200 0.89385
11264 0.89554
11328 0.896698
11392 0.898412
11456 0.899077
11520 0.898
11584 0.898688
11648 0.899626
11712 0.900071
11776 0.899638
11840 0.901202
11904 0.902301
11968 0.903157
12032 0.903831
12096 0.905288
12160 0.908024
12224 0.909295
12288 0.910523
12352 0.911829
12416 0.912792
12480 0.912929
12544 0.913423
12608 0.914003
12672 0.913181
12736 0.914136
12800 0.915297
