0 -0.12048
64 0.15076
128 0.00152113
192 0.121712
256 0.0782329
320 0.0884034
384 0.142383
448 0.169653
512 0.207552
576 0.193993
640 0.285184
704 0.314574
768 0.35067
832 0.403427
896 0.434415
960 0.459861
1024 0.50224
1088 0.519413
1152 0.537469
1216 0.542359
1280 0.551815
1344 0.561739
1408 0.59706
1472 0.617736
1536 0.643572
1600 0.644477
1664 0.655094
1728 0.663626
1792 0.67663
1856 0.689494
1920 0.69915
1984 0.712684
2048 0.721024
2112 0.727398
2176 0.732553
2240 0.739966
2304 0.752608
2368 0.761883
2432 0.777292
2496 0.778699
2560 0.786033
2624 0.794531
2688 0.798428
2752 0.80433
2816 0.804977
2880 0.810084
2944 0.820465
3008 0.831207
3072 0.838807
3136 0.842907
3200 0.845472
3264 0.849821
3328 0.853864
3392 0.856448
3456 0.864915
3520 0.870052
3584 0.878401
3648 0.880935
3712 0.885645
3776 0.889484
3840 0.892199
3904 0.896917
3968 0.898446
4032 0.901073
4096 0.90196
4160 0.904227
4224 0.903209
4288 0.901913
4352 0.907298
4416 0.906704
4480 0.90668
4544 0.907704
4608 0.912601
4672 0.914539
4736 0.913259
4800 0.9144
4864 0.915236
4928 0.916551
4992 0.916828
5056 0.921983
5120 0.922354
5184 0.923011
5248 0.92332
5312 0.924564
5376 0.927148
5440 0.926855
5504 0.92833
5568 0.92848
5632 0.929718
5696 0.92927
5760 0.930268
5824 0.931501
5888 0.931541
5952 0.931775
6016 0.932538
6080 0.933659
6144 0.932707
6208 0.932388
6272 0.93306
6336 0.933739
6400 0.933508
6464 0.93384
6528 0.933933
6592 0.932363
6656 0.933965
6720 0.935027
6784 0.93602
6848 0.936797
6912 0.938459
6976 0.939192
7040 0.939385
7104 0.941004
7168 0.941861
7232 0.944554
7296 0.944333
7360 0.945204
7424 0.943138
7488 0.946051
7552 0.944924
7616 0.946892
7680 0.948763
7744 0.948943
7808 0.94977
7872 0.949857
7936 0.95004
8000 0.95046
8064 0.951714
8128 0.951661
8192 0.951866
8256 0.952471
8320 0.953318
8384 0.953044
8448 0.952736
8512 0.953309
8576 0.954513
8640 0.953597
8704 0.953046
8768 0.953326
8832 0.953887
8896 0.952736
8960 0.952557
9024 0.9529
9088 0.953293
9152 0.953282
9216 0.95362
9280 0.953961
9344 0.954383
9408 0.953987
9472 0.955017
9536 0.954934
9600 0.955959
9664 0.955929
9728 0.956664
9792 0.955665
9856 0.954495
9920 0.956025
9984 0.955283
10048 0.954305
10112 0.953855
10176 0.954002
10240 0.955523
10304 0.954251
10368 0.953773
10432 0.953429
10496 0.955061
10560 0.956269
10624 0.956185
10688 0.955871
10752 0.956104
10816 0.955968
10880 0.955552
10944 0.954837
11008 0.955927
11072 0.955768
11136 0.958327
11200 0.95849
11264 0.960453
11328 0.961341
11392 0.962048
11456 0.963091
11520 0.963561
11584 0.963558
11648 0.964176
11712 0.964276
11776 0.965026
11840 0.965909
11904 0.966053
11968 0.966538
12032 0.965785
12096 0.965127
12160 0.965665
12224 0.965274
12288 0.965053
12352 0.965238
12416 0.965436
12480 0.965305
12544 0.966163
12608 0.966369
12672 0.965676
12736 0.965377
12800 0.965487
