0 -0.0906203
64 0.170686
128 0.184608
192 0.182496
256 0.191524
320 0.16337
384 0.15741
448 0.154338
512 0.148835
576 0.148587
640 0.162547
704 0.174683
768 0.183525
832 0.198409
896 0.207254
960 0.228978
1024 0.243236
1088 0.251157
1152 0.260488
1216 0.266666
1280 0.278238
1344 0.295307
1408 0.309353
1472 0.32807
1536 0.347531
1600 0.364485
1664 0.368257
1728 0.379924
1792 0.396104
1856 0.407932
1920 0.421052
1984 0.437685
2048 0.450332
2112 0.461355
2176 0.469076
2240 0.476952
2304 0.493184
2368 0.50259
2432 0.514721
2496 0.523177
2560 0.533541
2624 0.546921
2688 0.553574
2752 0.564315
2816 0.572778
2880 0.579369
2944 0.58622
3008 0.595194
3072 0.601863
3136 0.610002
3200 0.618599
3264 0.622406
3328 0.628348
3392 0.634486
3456 0.640114
3520 0.647049
3584 0.650918
3648 0.656469
3712 0.661985
3776 0.670052
3840 0.675509
3904 0.679936
3968 0.686357
4032 0.691216
4096 0.695485
4160 0.699371
4224 0.704377
4288 0.709812
4352 0.715093
4416 0.718197
4480 0.724459
4544 0.73049
4608 0.735757
4672 0.740582
4736 0.74653
4800 0.748665
4864 0.753385
4928 0.75752
4992 0.762119
5056 0.765603
5120 0.767574
5184 0.770612
5248 0.774077
5312 0.777861
5376 0.781711
5440 0.785322
5504 0.789071
5568 0.791621
5632 0.794906
5696 0.799251
5760 0.801344
5824 0.803744
5888 0.807877
5952 0.810407
6016 0.812537
6080 0.81623
6144 0.818375
6208 0.822953
6272 0.824608
6336 0.827896
6400 0.83081
6464 0.83336
6528 0.835647
6592 0.838104
6656 0.84014
6720 0.842218
6784 0.843917
6848 0.846713
6912 0.848478
6976 0.851176
7040 0.852558
7104 0.855447
7168 0.858052
7232 0.860003
7296 0.862419
7360 0.864855
7424 0.866087
7488 0.867403
7552 0.868875
7616 0.87
7680 0.871418
7744 0.872708
7808 0.873946
7872 0.875878
7936 0.878553
8000 0.878937
8064 0.88022
8128 0.882111
8192 0.882465
8256 0.883748
8320 0.884285
8384 0.886465
8448 0.888296
8512 0.88971
8576 0.890564
8640 0.892699
8704 0.894268
8768 0.896
8832 0.896576
8896 0.896995
8960 0.897955
9024 0.898035
9088 0.899404
9152 0.900043
9216 0.901719
9280 0.902435
9344 0.903413
9408 0.90461
9472 0.905282
9536 0.906286
9600 0.907697
9664 0.907679
9728 0.908946
9792 0.910153
9856 0.911336
9920 0.911804
9984 0.913047
10048 0.913774
10112 0.914823
10176 0.916025
10240 0.916688
10304 0.917503
10368 0.918786
10432 0.918912
10496 0.919351
10560 0.92021
10624 0.920779
10688 0.922608
10752 0.922906
10816 0.923114
10880 0.923519
10944 0.923783
11008 0.924122
11072 0.924772
11136 0.925179
11200 0.925644
11264 0.926296
11328 0.927316
11392 0.928482
11456 0.928982
11520 0.928955
11584 0.929604
11648 0.930375
11712 0.930883
11776 0.930917
11840 0.931856
11904 0.932547
11968 0.932915
12032 0.933165
12096 0.934565
12160 0.935977
12224 0.936795
12288 0.937614
12352 0.938962
12416 0.939739
12480 0.940426
12544 0.940921
12608 0.941259
12672 0.941229
12736 0.942115
12800 0.943145
