0 -0.0475759
64 0.12704
128 0.163224
192 0.178234
256 0.203412
320 0.152562
384 0.141588
448 0.130085
512 0.120442
576 0.11457
640 0.13035
704 0.140539
768 0.150349
832 0.164055
896 0.170708
960 0.193871
1024 0.207037
1088 0.215909
1152 0.225292
1216 0.227022
1280 0.238002
1344 0.259655
1408 0.273968
1472 0.2965
1536 0.32294
1600 0.342669
1664 0.349115
1728 0.361828
1792 0.379488
1856 0.390452
1920 0.406082
1984 0.424403
2048 0.437616
2112 0.448885
2176 0.456788
2240 0.464519
2304 0.481389
2368 0.492178
2432 0.506147
2496 0.51562
2560 0.525266
2624 0.53962
2688 0.54683
2752 0.557758
2816 0.565794
2880 0.571758
2944 0.57847
3008 0.587328
3072 0.592434
3136 0.600504
3200 0.609216
3264 0.612359
3328 0.619457
3392 0.6245
3456 0.631758
3520 0.638337
3584 0.643375
3648 0.648888
3712 0.656138
3776 0.663513
3840 0.66961
3904 0.674584
3968 0.682123
4032 0.686773
4096 0.690774
4160 0.693056
4224 0.697851
4288 0.704785
4352 0.709603
4416 0.71315
4480 0.720242
4544 0.726453
4608 0.731314
4672 0.736773
4736 0.742268
4800 0.744482
4864 0.749105
4928 0.752577
4992 0.757141
5056 0.760709
5120 0.762261
5184 0.764801
5248 0.768074
5312 0.770988
5376 0.77584
5440 0.780546
5504 0.784309
5568 0.78682
5632 0.790664
5696 0.794763
5760 0.796095
5824 0.798646
5888 0.803448
5952 0.806616
6016 0.808643
6080 0.812446
6144 0.815237
6208 0.819987
6272 0.821893
6336 0.825467
6400 0.828344
6464 0.830853
6528 0.833222
6592 0.835311
6656 0.837703
6720 0.839695
6784 0.842098
6848 0.844962
6912 0.846979
6976 0.849688
7040 0.850924
7104 0.853875
7168 0.856755
7232 0.858671
7296 0.860759
7360 0.863517
7424 0.864412
7488 0.866009
7552 0.867356
7616 0.868492
7680 0.869615
7744 0.871391
7808 0.87239
7872 0.874405
7936 0.877058
8000 0.877475
8064 0.878335
8128 0.8801
8192 0.880843
8256 0.882009
8320 0.882916
8384 0.884932
8448 0.886673
8512 0.888335
8576 0.889416
8640 0.89139
8704 0.893255
8768 0.894419
8832 0.895255
8896 0.895911
8960 0.897146
9024 0.8974
9088 0.898837
9152 0.899287
9216 0.901225
9280 0.901825
9344 0.9032
9408 0.904036
9472 0.905072
9536 0.905811
9600 0.907319
9664 0.907272
9728 0.908946
9792 0.90968
9856 0.910656
9920 0.911051
9984 0.912548
10048 0.913425
10112 0.914412
10176 0.9155
10240 0.91665
10304 0.917573
10368 0.918947
10432 0.919082
10496 0.91944
10560 0.920032
10624 0.920508
10688 0.922283
10752 0.92259
10816 0.922777
10880 0.923122
10944 0.923394
11008 0.923714
11072 0.923995
11136 0.924371
11200 0.924402
11264 0.925411
11328 0.926157
11392 0.927381
11456 0.928133
11520 0.927865
11584 0.928475
11648 0.92943
11712 0.929936
11776 0.929719
11840 0.930737
11904 0.93161
11968 0.932376
12032 0.932727
12096 0.934067
12160 0.935751
12224 0.936535
12288 0.937397
12352 0.938808
12416 0.939492
12480 0.939903
12544 0.940319
12608 0.940463
12672 0.940235
12736 0.940987
12800 0.941821
