0 -0.0843326
128 0.17664
256 0.180114
384 0.145495
512 0.139697
640 0.156249
768 0.181907
896 0.203598
1024 0.240483
1152 0.261593
1280 0.279968
1408 0.309382
1536 0.347954
1664 0.368973
1792 0.397139
1920 0.422661
2048 0.450885
2176 0.4704
2304 0.493679
2432 0.513688
2560 0.532322
2688 0.551455
2816 0.569644
2944 0.583606
3072 0.599859
3200 0.616885
3328 0.62714
3456 0.639715
3584 0.650539
3712 0.663469
3840 0.677781
3968 0.68821
4096 0.697213
4224 0.705901
4352 0.716273
4480 0.726137
4608 0.737347
4736 0.747884
4864 0.755374
4992 0.763218
5120 0.769374
5248 0.776368
5376 0.783342
5504 0.790605
5632 0.796703
5760 0.803266
5888 0.809699
6016 0.814334
6144 0.820243
6272 0.825963
6400 0.832408
6528 0.837547
6656 0.842034
6784 0.845625
6912 0.850252
7040 0.8543
7168 0.860076
7296 0.864034
7424 0.868114
7552 0.871107
7680 0.873554
7808 0.875656
7936 0.880323
8064 0.882239
8192 0.884447
8320 0.886429
8448 0.890434
8576 0.892886
8704 0.896614
8832 0.899143
8960 0.900802
9088 0.901968
9216 0.904414
9344 0.90625
9472 0.908176
9600 0.910683
9728 0.911983
9856 0.914283
9984 0.916229
10112 0.918145
10240 0.920014
10368 0.922029
10496 0.922769
10624 0.924404
10752 0.926568
10880 0.927377
11008 0.92801
11136 0.929155
11264 0.930243
11392 0.932406
11520 0.932754
11648 0.934099
11776 0.934674
11904 0.936131
12032 0.936793
12160 0.939489
12288 0.940949
12416 0.942949
12544 0.944038
12672 0.944336
12800 0.946103
