0 -0.0770337
64 0.172366
128 0.188399
192 0.185827
256 0.197883
320 0.164711
384 0.153968
448 0.146584
512 0.140734
576 0.13992
640 0.154635
704 0.163654
768 0.171421
832 0.185403
896 0.195255
960 0.215654
1024 0.231438
1088 0.240911
1152 0.251257
1216 0.257802
1280 0.268814
1344 0.288274
1408 0.302362
1472 0.323355
1536 0.34513
1600 0.362183
1664 0.367786
1728 0.379458
1792 0.396925
1856 0.407861
1920 0.42142
1984 0.438487
2048 0.45198
2112 0.462457
2176 0.470091
2240 0.47822
2304 0.496149
2368 0.506134
2432 0.519163
2496 0.527728
2560 0.538393
2624 0.552679
2688 0.559712
2752 0.570265
2816 0.578344
2880 0.585178
2944 0.591924
3008 0.600837
3072 0.606961
3136 0.614713
3200 0.624076
3264 0.627717
3328 0.633627
3392 0.639426
3456 0.645235
3520 0.652049
3584 0.656275
3648 0.662035
3712 0.667765
3776 0.675166
3840 0.680641
3904 0.685362
3968 0.691625
4032 0.696377
4096 0.700222
4160 0.703509
4224 0.708177
4288 0.713913
4352 0.719224
4416 0.722384
4480 0.728734
4544 0.735204
4608 0.740634
4672 0.745841
4736 0.751314
4800 0.753289
4864 0.758339
4928 0.762483
4992 0.766995
5056 0.770803
5120 0.77279
5184 0.775363
5248 0.778925
5312 0.782695
5376 0.786843
5440 0.791019
5504 0.794505
5568 0.796944
5632 0.800151
5696 0.804212
5760 0.806047
5824 0.8085
5888 0.812836
5952 0.815362
6016 0.817497
6080 0.821383
6144 0.82367
6208 0.828605
6272 0.830639
6336 0.834014
6400 0.836832
6464 0.839421
6528 0.841303
6592 0.84364
6656 0.846191
6720 0.847931
6784 0.849769
6848 0.852278
6912 0.854337
6976 0.856888
7040 0.858408
7104 0.861134
7168 0.86377
7232 0.865769
7296 0.868019
7360 0.870402
7424 0.871652
7488 0.872999
7552 0.874309
7616 0.875422
7680 0.876573
7744 0.878159
7808 0.87924
7872 0.881169
7936 0.883835
8000 0.884112
8064 0.885236
8128 0.887172
8192 0.88755
8256 0.888773
8320 0.889559
8384 0.891554
8448 0.893176
8512 0.894561
8576 0.895395
8640 0.897352
8704 0.898996
8768 0.900517
8832 0.901076
8896 0.901475
8960 0.902596
9024 0.902718
9088 0.904128
9152 0.90466
9216 0.906478
9280 0.907146
9344 0.908177
9408 0.909166
9472 0.910043
9536 0.910906
9600 0.912257
9664 0.912195
9728 0.913652
9792 0.914565
9856 0.915706
9920 0.916231
9984 0.917563
10048 0.918337
10112 0.919349
10176 0.920367
10240 0.921231
10304 0.921963
10368 0.923259
10432 0.923235
10496 0.923635
10560 0.924266
10624 0.924596
10688 0.92643
10752 0.926537
10816 0.926713
10880 0.926974
10944 0.927325
11008 0.927697
11072 0.928075
11136 0.92842
11200 0.928852
11264 0.929684
11328 0.930521
11392 0.931567
11456 0.932135
11520 0.932106
11584 0.932605
11648 0.933234
11712 0.93359
11776 0.933567
11840 0.934594
11904 0.935496
11968 0.936032
12032 0.936324
12096 0.937752
12160 0.939199
12224 0.940085
12288 0.940813
12352 0.942155
12416 0.942768
12480 0.943253
12544 0.943646
12608 0.943788
12672 0.943608
12736 0.944203
12800 0.945137
