0 821.28153846 823.66769231
20.25000000 21.43230769 21.62923077
40.50000000 12.77230769 12.96923077
60.75000000 9.42615385 9.50615385
81.00000000 7.56615385 7.62461538
101.25000000 6.37538462 6.43538462
121.50000000 5.56615385 5.57076923
141.75000000 4.85230769 4.93076923
162.00000000 4.46923077 4.45692308
182.25000000 4.06000000 4.05230769
202.50000000 3.70769231 3.76000000
222.75000000 3.42307692 3.43846154
243.00000000 3.18461538 3.23076923
263.25000000 3.04923077 3.01076923
283.50000000 2.82153846 2.82461538
303.75000000 2.69692308 2.75230769
324.00000000 2.54461538 2.57846154
344.25000000 2.44923077 2.45538462
364.50000000 2.33846154 2.37846154
384.75000000 2.28307692 2.29538462
405.00000000 2.16769231 2.19384615
425.25000000 2.11384615 2.12461538
445.50000000 2.03846154 2.04000000
465.75000000 1.94000000 1.98923077
486.00000000 1.87384615 1.88153846
506.25000000 1.79846154 1.81384615
526.50000000 1.73846154 1.75692308
546.75000000 1.68923077 1.70615385
567.00000000 1.64153846 1.65230769
587.25000000 1.59230769 1.59384615
607.50000000 1.55384615 1.54923077
627.75000000 1.49538462 1.49230769
648.00000000 1.46153846 1.45692308
668.25000000 1.41076923 1.42769231
688.50000000 1.39076923 1.40461538
708.75000000 1.36461538 1.36000000
729.00000000 1.32615385 1.33230769
749.25000000 1.27384615 1.28307692
769.50000000 1.25384615 1.22769231
789.75000000 1.22307692 1.23076923
810.00000000 1.17384615 1.18923077
830.25000000 1.13230769 1.14153846
850.50000000 1.11692308 1.12923077
870.75000000 1.07692308 1.08307692
891.00000000 1.05692308 1.06307692
911.25000000 1.01846154 1.02615385
931.50000000 0.99384615 1.02153846
951.75000000 0.98000000 1.00461538
972.00000000 0.98307692 0.97384615
992.25000000 0.94000000 0.97076923
1012.50000000 0.94153846 0.93230769
1032.75000000 0.92153846 0.93230769
1053.00000000 0.91384615 0.91384615
1073.25000000 0.89076923 0.89076923
1093.50000000 0.86307692 0.88769231
1113.75000000 0.85230769 0.85846154
1134.00000000 0.81692308 0.82769231
1154.25000000 0.79538462 0.80769231
1174.50000000 0.77692308 0.77076923
1194.75000000 0.77692308 0.78461538
1215.00000000 0.76461538 0.77538462
1235.25000000 0.74769231 0.74461538
1255.50000000 0.73384615 0.74769231
1275.75000000 0.71384615 0.73076923
1296.00000000 0.68769231 0.69846154
1316.25000000 0.68153846 0.69076923
1336.50000000 0.66615385 0.66461538
1356.75000000 0.64153846 0.64153846
1377.00000000 0.63230769 0.63230769
1397.25000000 0.62923077 0.62307692
1417.50000000 0.59230769 0.60769231
1437.75000000 0.60307692 0.59846154
1458.00000000 0.57230769 0.58461538
1478.25000000 0.56769231 0.57692308
1498.50000000 0.54923077 0.57384615
1518.75000000 0.55076923 0.56000000
1539.00000000 0.54307692 0.54153846
1559.25000000 0.53076923 0.52461538
1579.50000000 0.50153846 0.52153846
1599.75000000 0.50923077 0.50307692
1620.00000000 0.48615385 0.49846154
1640.25000000 0.48769231 0.49384615
1660.50000000 0.47538462 0.48000000
1680.75000000 0.44923077 0.46615385
1701.00000000 0.44153846 0.45384615
1721.25000000 0.43538462 0.44153846
1741.50000000 0.43384615 0.43692308
1761.75000000 0.41076923 0.41846154
1782.00000000 0.40153846 0.41384615
1802.25000000 0.40307692 0.40769231
1822.50000000 0.38615385 0.39384615
1842.75000000 0.38307692 0.37384615
1863.00000000 0.37076923 0.35846154
1883.25000000 0.35076923 0.37846154
1903.50000000 0.35384615 0.35384615
1923.75000000 0.34769231 0.35230769
1944.00000000 0.32615385 0.34461538
1964.25000000 0.32615385 0.31846154
1984.50000000 0.31538462 0.31692308
2004.75000000 0.30000000 0.31538462
2025.00000000 0.30923077 0.31076923
2045.25000000 0.30000000 0.29538462
2065.50000000 0.28923077 0.29230769
2085.75000000 0.27846154 0.29384615
2106.00000000 0.27692308 0.27692308
2126.25000000 0.26307692 0.27538462
2146.50000000 0.25846154 0.26000000
2166.75000000 0.25846154 0.25384615
2187.00000000 0.24615385 0.24615385
2207.25000000 0.23538462 0.23384615
2227.50000000 0.23230769 0.23846154
2247.75000000 0.22153846 0.21692308
2268.00000000 0.21692308 0.21846154
2288.25000000 0.20461538 0.20307692
2308.50000000 0.20461538 0.21230769
2328.75000000 0.20000000 0.20307692
2349.00000000 0.19230769 0.19846154
2369.25000000 0.18769231 0.19230769
2389.50000000 0.18307692 0.19076923
2409.75000000 0.18153846 0.18923077
2430.00000000 0.17692308 0.16769231
2450.25000000 0.16923077 0.17230769
2470.50000000 0.16923077 0.15538462
2490.75000000 0.17076923 0.16769231
2511.00000000 0.16461538 0.16461538
2531.25000000 0.16000000 0.17230769
2551.50000000 0.16769231 0.15230769
2571.75000000 0.16000000 0.16000000
2592.00000000 0.15692308 0.16000000
2612.25000000 0.15230769 0.15230769
2632.50000000 0.14923077 0.15076923
2652.75000000 0.14000000 0.14769231
2673.00000000 0.14307692 0.14461538
2693.25000000 0.13846154 0.13846154
2713.50000000 0.13846154 0.14153846
2733.75000000 0.13538462 0.13846154
2754.00000000 0.13076923 0.14153846
2774.25000000 0.12615385 0.12615385
2794.50000000 0.12769231 0.12769231
2814.75000000 0.12153846 0.13384615
2835.00000000 0.12307692 0.12461538
2855.25000000 0.12615385 0.12461538
2875.50000000 0.12461538 0.12153846
2895.75000000 0.11538462 0.12307692
2916.00000000 0.11538462 0.11384615
2936.25000000 0.11538462 0.11846154
2956.50000000 0.11692308 0.12000000
2976.75000000 0.10923077 0.11230769
2997.00000000 0.11076923 0.10769231
3017.25000000 0.12000000 0.12153846
3037.50000000 0.10923077 0.10769231
3057.75000000 0.11230769 0.11076923
3078.00000000 0.10461538 0.11230769
3098.25000000 0.10615385 0.10461538
3118.50000000 0.10153846 0.10000000
3138.75000000 0.10307692 0.10769231
3159.00000000 0.09384615 0.09846154
3179.25000000 0.09846154 0.09846154
3199.50000000 0.09230769 0.09538462
3219.75000000 0.09384615 0.08923077
3240.00000000 0.09076923 0.09384615
3260.25000000 0.09230769 0.09846154
3280.50000000 0.09230769 0.08923077
3300.75000000 0.09230769 0.08923077
3321.00000000 0.08461538 0.08461538
3341.25000000 0.08153846 0.08615385
3361.50000000 0.08615385 0.08615385
3381.75000000 0.08461538 0.08461538
3402.00000000 0.08000000 0.08307692
3422.25000000 0.08000000 0.08307692
3442.50000000 0.07846154 0.08000000
3462.75000000 0.07692308 0.08461538
3483.00000000 0.07384615 0.07230769
3503.25000000 0.07538462 0.08000000
3523.50000000 0.07384615 0.07538462
3543.75000000 0.07538462 0.07384615
3564.00000000 0.06923077 0.07076923
3584.25000000 0.07538462 0.07076923
3604.50000000 0.06923077 0.06923077
3624.75000000 0.06615385 0.06461538
3645.00000000 0.06461538 0.06461538
3665.25000000 0.06769231 0.06000000
3685.50000000 0.06615385 0.06153846
3705.75000000 0.06461538 0.06769231
3726.00000000 0.05538462 0.06615385
3746.25000000 0.05846154 0.05846154
3766.50000000 0.06000000 0.06000000
3786.75000000 0.06307692 0.06153846
3807.00000000 0.05846154 0.05846154
3827.25000000 0.06000000 0.05846154
3847.50000000 0.05692308 0.05538462
3867.75000000 0.05076923 0.05538462
3888.00000000 0.04461538 0.05076923
3908.25000000 0.04769231 0.04923077
3928.50000000 0.04923077 0.05076923
3948.75000000 0.04615385 0.04615385
3969.00000000 0.04769231 0.04769231
3989.25000000 0.04000000 0.04615385
4009.50000000 0.04000000 0.04307692
4029.75000000 0.04000000 0.03846154
4050.00000000 0.03846154 0.04153846
