0 820.97750000 823.29875000
20.25000000 21.29500000 21.50125000
40.50000000 12.74375000 12.93000000
60.75000000 9.40125000 9.46375000
81.00000000 7.54250000 7.59375000
101.25000000 6.33875000 6.41250000
121.50000000 5.52500000 5.54500000
141.75000000 4.83500000 4.91000000
162.00000000 4.44375000 4.45375000
182.25000000 4.05125000 4.04750000
202.50000000 3.69875000 3.74500000
222.75000000 3.42000000 3.44625000
243.00000000 3.18875000 3.25500000
263.25000000 3.04875000 3.02250000
283.50000000 2.83500000 2.83625000
303.75000000 2.72375000 2.77000000
324.00000000 2.55125000 2.57750000
344.25000000 2.44750000 2.46375000
364.50000000 2.35125000 2.37875000
384.75000000 2.28125000 2.29250000
405.00000000 2.16625000 2.18625000
425.25000000 2.10750000 2.11500000
445.50000000 2.03375000 2.04000000
465.75000000 1.94000000 1.98125000
486.00000000 1.87375000 1.87875000
506.25000000 1.79500000 1.82125000
526.50000000 1.73875000 1.75500000
546.75000000 1.69000000 1.71375000
567.00000000 1.63875000 1.64750000
587.25000000 1.59375000 1.58750000
607.50000000 1.54375000 1.54125000
627.75000000 1.49375000 1.49250000
648.00000000 1.45250000 1.45375000
668.25000000 1.40500000 1.43250000
688.50000000 1.38625000 1.40000000
708.75000000 1.34875000 1.35500000
729.00000000 1.31625000 1.33500000
749.25000000 1.26625000 1.27375000
769.50000000 1.25000000 1.23125000
789.75000000 1.21250000 1.23125000
810.00000000 1.17375000 1.18500000
830.25000000 1.13625000 1.14750000
850.50000000 1.11625000 1.13750000
870.75000000 1.07375000 1.08500000
891.00000000 1.06250000 1.07375000
911.25000000 1.02625000 1.03250000
931.50000000 0.99375000 1.02500000
951.75000000 0.98500000 1.01250000
972.00000000 0.97875000 0.97250000
992.25000000 0.94000000 0.97125000
1012.50000000 0.93500000 0.93000000
1032.75000000 0.91375000 0.92750000
1053.00000000 0.90500000 0.91250000
1073.25000000 0.88375000 0.88250000
1093.50000000 0.85375000 0.87250000
1113.75000000 0.84375000 0.84625000
1134.00000000 0.80750000 0.82375000
1154.25000000 0.79250000 0.80375000
1174.50000000 0.77625000 0.76750000
1194.75000000 0.76375000 0.77000000
1215.00000000 0.74750000 0.76250000
1235.25000000 0.73500000 0.73500000
1255.50000000 0.72000000 0.73375000
1275.75000000 0.70000000 0.71375000
1296.00000000 0.67875000 0.69000000
1316.25000000 0.66875000 0.67750000
1336.50000000 0.65125000 0.64875000
1356.75000000 0.62625000 0.61875000
1377.00000000 0.61750000 0.61625000
1397.25000000 0.61500000 0.60625000
1417.50000000 0.57500000 0.58875000
1437.75000000 0.58750000 0.58250000
1458.00000000 0.55875000 0.56625000
1478.25000000 0.55000000 0.55500000
1498.50000000 0.53125000 0.55125000
1518.75000000 0.52625000 0.53750000
1539.00000000 0.51750000 0.51625000
1559.25000000 0.51000000 0.50625000
1579.50000000 0.48500000 0.50125000
1599.75000000 0.48625000 0.48250000
1620.00000000 0.46500000 0.47125000
1640.25000000 0.45875000 0.46875000
1660.50000000 0.45375000 0.45500000
1680.75000000 0.42875000 0.44375000
1701.00000000 0.42000000 0.43125000
1721.25000000 0.40875000 0.42250000
1741.50000000 0.41375000 0.41625000
1761.75000000 0.39250000 0.39625000
1782.00000000 0.38875000 0.39125000
1802.25000000 0.38750000 0.38875000
1822.50000000 0.36750000 0.38000000
1842.75000000 0.37125000 0.36250000
1863.00000000 0.35750000 0.34500000
1883.25000000 0.33875000 0.36000000
1903.50000000 0.33750000 0.34000000
1923.75000000 0.33125000 0.33500000
1944.00000000 0.30625000 0.32625000
1964.25000000 0.31125000 0.30250000
1984.50000000 0.30125000 0.29875000
2004.75000000 0.28750000 0.30250000
2025.00000000 0.29375000 0.29625000
2045.25000000 0.28625000 0.28375000
2065.50000000 0.27625000 0.27875000
2085.75000000 0.27000000 0.27500000
2106.00000000 0.26625000 0.26750000
2126.25000000 0.25500000 0.26625000
2146.50000000 0.25000000 0.25000000
2166.75000000 0.24875000 0.24750000
2187.00000000 0.23750000 0.23625000
2207.25000000 0.22625000 0.22750000
2227.50000000 0.22625000 0.23000000
2247.75000000 0.21250000 0.21125000
2268.00000000 0.21000000 0.21125000
2288.25000000 0.19625000 0.19750000
2308.50000000 0.20125000 0.20375000
2328.75000000 0.19250000 0.19750000
2349.00000000 0.18375000 0.19250000
2369.25000000 0.18375000 0.18500000
2389.50000000 0.17375000 0.18375000
2409.75000000 0.17125000 0.17875000
2430.00000000 0.16750000 0.16125000
2450.25000000 0.15875000 0.16250000
2470.50000000 0.16250000 0.14875000
2490.75000000 0.16250000 0.16000000
2511.00000000 0.15500000 0.15625000
2531.25000000 0.15250000 0.16250000
2551.50000000 0.15750000 0.14125000
2571.75000000 0.15000000 0.14875000
2592.00000000 0.14500000 0.14750000
2612.25000000 0.14125000 0.14000000
2632.50000000 0.13375000 0.13750000
2652.75000000 0.13125000 0.13625000
2673.00000000 0.13125000 0.13250000
2693.25000000 0.12625000 0.12875000
2713.50000000 0.12500000 0.13000000
2733.75000000 0.12500000 0.12750000
2754.00000000 0.11750000 0.13000000
2774.25000000 0.11375000 0.11875000
2794.50000000 0.11750000 0.11875000
2814.75000000 0.11125000 0.12000000
2835.00000000 0.11250000 0.11375000
2855.25000000 0.11500000 0.11250000
2875.50000000 0.11125000 0.11000000
2895.75000000 0.10500000 0.11125000
2916.00000000 0.10500000 0.10375000
2936.25000000 0.10500000 0.10750000
2956.50000000 0.10500000 0.10750000
2976.75000000 0.09750000 0.10125000
2997.00000000 0.10000000 0.09750000
3017.25000000 0.10750000 0.10875000
3037.50000000 0.09875000 0.09625000
3057.75000000 0.10125000 0.10000000
3078.00000000 0.09500000 0.10125000
3098.25000000 0.09500000 0.09250000
3118.50000000 0.09250000 0.09125000
3138.75000000 0.09250000 0.09750000
3159.00000000 0.08625000 0.09000000
3179.25000000 0.09000000 0.08875000
3199.50000000 0.08250000 0.08750000
3219.75000000 0.08625000 0.08250000
3240.00000000 0.08250000 0.08625000
3260.25000000 0.08500000 0.08875000
3280.50000000 0.08375000 0.08125000
3300.75000000 0.08375000 0.08000000
3321.00000000 0.07750000 0.07500000
3341.25000000 0.07375000 0.07875000
3361.50000000 0.07875000 0.07750000
3381.75000000 0.07625000 0.07625000
3402.00000000 0.07375000 0.07500000
3422.25000000 0.07125000 0.07500000
3442.50000000 0.07125000 0.07000000
3462.75000000 0.06875000 0.07625000
3483.00000000 0.06750000 0.06625000
3503.25000000 0.06875000 0.07250000
3523.50000000 0.06750000 0.06750000
3543.75000000 0.06750000 0.06500000
3564.00000000 0.06375000 0.06500000
3584.25000000 0.06875000 0.06500000
3604.50000000 0.06375000 0.06375000
3624.75000000 0.06125000 0.05875000
3645.00000000 0.06000000 0.05750000
3665.25000000 0.06250000 0.05625000
3685.50000000 0.06000000 0.05750000
3705.75000000 0.05875000 0.06250000
3726.00000000 0.05125000 0.06125000
3746.25000000 0.05500000 0.05375000
3766.50000000 0.05500000 0.05500000
3786.75000000 0.05875000 0.05750000
3807.00000000 0.05500000 0.05500000
3827.25000000 0.05625000 0.05375000
3847.50000000 0.05375000 0.05250000
3867.75000000 0.04875000 0.05125000
3888.00000000 0.04250000 0.04875000
3908.25000000 0.04625000 0.04750000
3928.50000000 0.04625000 0.04875000
3948.75000000 0.04500000 0.04375000
3969.00000000 0.04500000 0.04625000
3989.25000000 0.03875000 0.04250000
4009.50000000 0.04000000 0.04125000
4029.75000000 0.04000000 0.03625000
4050.00000000 0.03750000 0.04000000
