0 821.96000000 824.28571429
20.25000000 21.61428571 21.88571429
40.50000000 12.94857143 13.14285714
60.75000000 9.44285714 9.53142857
81.00000000 7.54285714 7.56857143
101.25000000 6.24571429 6.35142857
121.50000000 5.54285714 5.51142857
141.75000000 4.81714286 4.87428571
162.00000000 4.45714286 4.46857143
182.25000000 4.07142857 4.03714286
202.50000000 3.74285714 3.78571429
222.75000000 3.46285714 3.47428571
243.00000000 3.26857143 3.31714286
263.25000000 3.11142857 3.07428571
283.50000000 2.86000000 2.90571429
303.75000000 2.74000000 2.80000000
324.00000000 2.62857143 2.65428571
344.25000000 2.48571429 2.48000000
364.50000000 2.37142857 2.40571429
384.75000000 2.30285714 2.31714286
405.00000000 2.20285714 2.22285714
425.25000000 2.18000000 2.19142857
445.50000000 2.06571429 2.07428571
465.75000000 1.96285714 2.01142857
486.00000000 1.90571429 1.93142857
506.25000000 1.82571429 1.83714286
526.50000000 1.76571429 1.77428571
546.75000000 1.71714286 1.74571429
567.00000000 1.68571429 1.71428571
587.25000000 1.62285714 1.63714286
607.50000000 1.60285714 1.59714286
627.75000000 1.52857143 1.53714286
648.00000000 1.52285714 1.49142857
668.25000000 1.46000000 1.48000000
688.50000000 1.44857143 1.46285714
708.75000000 1.40000000 1.37142857
729.00000000 1.36857143 1.36857143
749.25000000 1.31142857 1.29428571
769.50000000 1.30571429 1.25714286
789.75000000 1.26571429 1.28857143
810.00000000 1.22571429 1.23428571
830.25000000 1.18571429 1.20285714
850.50000000 1.16285714 1.18285714
870.75000000 1.12857143 1.13428571
891.00000000 1.09714286 1.12000000
911.25000000 1.07714286 1.08857143
931.50000000 1.06571429 1.09142857
951.75000000 1.03142857 1.06285714
972.00000000 1.05428571 1.03428571
992.25000000 1.00000000 1.03428571
1012.50000000 1.00285714 0.99428571
1032.75000000 0.98571429 0.99428571
1053.00000000 0.97142857 0.98571429
1073.25000000 0.95428571 0.95142857
1093.50000000 0.93142857 0.95142857
1113.75000000 0.90857143 0.92000000
1134.00000000 0.88285714 0.89714286
1154.25000000 0.84857143 0.85714286
1174.50000000 0.81714286 0.78857143
1194.75000000 0.82857143 0.83428571
1215.00000000 0.80571429 0.82285714
1235.25000000 0.80857143 0.80857143
1255.50000000 0.80000000 0.81428571
1275.75000000 0.76857143 0.78571429
1296.00000000 0.74857143 0.75142857
1316.25000000 0.73714286 0.74571429
1336.50000000 0.72857143 0.72285714
1356.75000000 0.71428571 0.70000000
1377.00000000 0.68000000 0.70285714
1397.25000000 0.68000000 0.67714286
1417.50000000 0.66571429 0.66285714
1437.75000000 0.66571429 0.66571429
1458.00000000 0.63428571 0.64285714
1478.25000000 0.62000000 0.62571429
1498.50000000 0.59142857 0.62571429
1518.75000000 0.61142857 0.60571429
1539.00000000 0.59714286 0.59142857
1559.25000000 0.57142857 0.58000000
1579.50000000 0.55714286 0.57714286
1599.75000000 0.55142857 0.54857143
1620.00000000 0.52000000 0.54857143
1640.25000000 0.54285714 0.54000000
1660.50000000 0.53714286 0.51714286
1680.75000000 0.51142857 0.51428571
1701.00000000 0.48571429 0.50857143
1721.25000000 0.49142857 0.50000000
1741.50000000 0.48571429 0.49142857
1761.75000000 0.46857143 0.45714286
1782.00000000 0.44285714 0.45714286
1802.25000000 0.44857143 0.44857143
1822.50000000 0.43428571 0.43428571
1842.75000000 0.42571429 0.41714286
1863.00000000 0.42000000 0.40571429
1883.25000000 0.38857143 0.42571429
1903.50000000 0.40000000 0.40000000
1923.75000000 0.40000000 0.40285714
1944.00000000 0.37428571 0.39142857
1964.25000000 0.38000000 0.36571429
1984.50000000 0.36285714 0.36000000
2004.75000000 0.34000000 0.36000000
2025.00000000 0.35142857 0.35142857
2045.25000000 0.34285714 0.34000000
2065.50000000 0.33142857 0.33714286
2085.75000000 0.31714286 0.32857143
2106.00000000 0.30571429 0.30857143
2126.25000000 0.30571429 0.31428571
2146.50000000 0.30285714 0.30000000
2166.75000000 0.29714286 0.28857143
2187.00000000 0.28857143 0.28000000
2207.25000000 0.26571429 0.26857143
2227.50000000 0.26000000 0.27142857
2247.75000000 0.25714286 0.24285714
2268.00000000 0.24571429 0.24285714
2288.25000000 0.24000000 0.23714286
2308.50000000 0.22857143 0.23714286
2328.75000000 0.22857143 0.23142857
2349.00000000 0.21428571 0.22000000
2369.25000000 0.21428571 0.20857143
2389.50000000 0.21142857 0.21428571
2409.75000000 0.20571429 0.21428571
2430.00000000 0.19714286 0.18285714
2450.25000000 0.18857143 0.20000000
2470.50000000 0.18857143 0.18000000
2490.75000000 0.20000000 0.19428571
2511.00000000 0.19142857 0.19142857
2531.25000000 0.18571429 0.20285714
2551.50000000 0.20000000 0.18000000
2571.75000000 0.18571429 0.18857143
2592.00000000 0.19142857 0.19142857
2612.25000000 0.17714286 0.18285714
2632.50000000 0.17714286 0.17428571
2652.75000000 0.16285714 0.17714286
2673.00000000 0.16285714 0.17428571
2693.25000000 0.16285714 0.16000000
2713.50000000 0.16857143 0.16571429
2733.75000000 0.16285714 0.16000000
2754.00000000 0.16285714 0.16571429
2774.25000000 0.15714286 0.15142857
2794.50000000 0.15428571 0.15714286
2814.75000000 0.14857143 0.16285714
2835.00000000 0.14571429 0.15142857
2855.25000000 0.15142857 0.14857143
2875.50000000 0.14857143 0.14571429
2895.75000000 0.13428571 0.14571429
2916.00000000 0.13428571 0.13714286
2936.25000000 0.13714286 0.13714286
2956.50000000 0.14285714 0.14285714
2976.75000000 0.13428571 0.13428571
2997.00000000 0.13714286 0.12857143
3017.25000000 0.12857143 0.12857143
3037.50000000 0.13428571 0.13428571
3057.75000000 0.13428571 0.13428571
3078.00000000 0.13428571 0.13714286
3098.25000000 0.12857143 0.12857143
3118.50000000 0.11714286 0.12000000
3138.75000000 0.12571429 0.12857143
3159.00000000 0.10857143 0.11428571
3179.25000000 0.11428571 0.11714286
3199.50000000 0.10857143 0.11428571
3219.75000000 0.10571429 0.10000000
3240.00000000 0.10857143 0.10571429
3260.25000000 0.10571429 0.11428571
3280.50000000 0.10285714 0.10571429
3300.75000000 0.10571429 0.10285714
3321.00000000 0.09714286 0.10000000
3341.25000000 0.09714286 0.10000000
3361.50000000 0.10285714 0.09714286
3381.75000000 0.09428571 0.10285714
3402.00000000 0.08857143 0.09714286
3422.25000000 0.09714286 0.10285714
3442.50000000 0.09714286 0.09714286
3462.75000000 0.09142857 0.10000000
3483.00000000 0.08857143 0.08285714
3503.25000000 0.08857143 0.09428571
3523.50000000 0.08285714 0.09142857
3543.75000000 0.08857143 0.09142857
3564.00000000 0.08285714 0.08571429
3584.25000000 0.09142857 0.08857143
3604.50000000 0.08285714 0.08285714
3624.75000000 0.08285714 0.08571429
3645.00000000 0.08000000 0.08285714
3665.25000000 0.08285714 0.07142857
3685.50000000 0.08000000 0.08000000
3705.75000000 0.08000000 0.08285714
3726.00000000 0.07714286 0.08000000
3746.25000000 0.07428571 0.07142857
3766.50000000 0.07428571 0.07714286
3786.75000000 0.08000000 0.07714286
3807.00000000 0.07142857 0.07142857
3827.25000000 0.07428571 0.07142857
3847.50000000 0.06857143 0.06857143
3867.75000000 0.06000000 0.06571429
3888.00000000 0.05142857 0.05714286
3908.25000000 0.05428571 0.05428571
3928.50000000 0.05714286 0.05714286
3948.75000000 0.05428571 0.05142857
3969.00000000 0.05142857 0.05142857
3989.25000000 0.04285714 0.05142857
4009.50000000 0.04571429 0.04571429
4029.75000000 0.04571429 0.04857143
4050.00000000 0.04285714 0.04571429
