0 1708.25600000 1712.36000000
84.50000000 23.14400000 23.00000000
169.00000000 15.89600000 15.89600000
253.50000000 12.81600000 13.07200000
338.00000000 11.15200000 11.20000000
422.50000000 10.19200000 10.27200000
507.00000000 9.32000000 9.22400000
591.50000000 8.56000000 8.61600000
676.00000000 8.19200000 8.24000000
760.50000000 7.78400000 7.73600000
845.00000000 7.39200000 7.48800000
929.50000000 6.96800000 7.00000000
1014.00000000 6.80000000 6.80000000
1098.50000000 6.54400000 6.56000000
1183.00000000 6.33600000 6.28000000
1267.50000000 6.11200000 6.12800000
1352.00000000 6.08800000 6.01600000
1436.50000000 5.83200000 5.84800000
1521.00000000 5.69600000 5.66400000
1605.50000000 5.45600000 5.44800000
1690.00000000 5.43200000 5.42400000
1774.50000000 5.24800000 5.38400000
1859.00000000 5.08000000 5.21600000
1943.50000000 5.04800000 5.09600000
2028.00000000 5.04000000 4.97600000
2112.50000000 4.94400000 4.86400000
2197.00000000 4.79200000 4.82400000
2281.50000000 4.73600000 4.64000000
2366.00000000 4.63200000 4.68800000
2450.50000000 4.52800000 4.58400000
2535.00000000 4.45600000 4.48800000
2619.50000000 4.48000000 4.45600000
2704.00000000 4.35200000 4.38400000
2788.50000000 4.25600000 4.30400000
2873.00000000 4.25600000 4.20000000
2957.50000000 4.12000000 4.14400000
3042.00000000 4.16800000 4.20800000
3126.50000000 4.06400000 4.04800000
3211.00000000 4.01600000 4.00800000
3295.50000000 3.95200000 3.98400000
3380.00000000 3.89600000 3.94400000
3464.50000000 3.84800000 3.96000000
3549.00000000 3.80000000 3.88000000
3633.50000000 3.76000000 3.77600000
3718.00000000 3.72800000 3.76800000
3802.50000000 3.65600000 3.63200000
3887.00000000 3.52800000 3.62400000
3971.50000000 3.48800000 3.50400000
4056.00000000 3.49600000 3.50400000
4140.50000000 3.50400000 3.49600000
4225.00000000 3.41600000 3.41600000
4309.50000000 3.41600000 3.33600000
4394.00000000 3.36000000 3.36000000
4478.50000000 3.32000000 3.34400000
4563.00000000 3.27200000 3.33600000
4647.50000000 3.27200000 3.29600000
4732.00000000 3.15200000 3.21600000
4816.50000000 3.18400000 3.27200000
4901.00000000 3.15200000 3.22400000
4985.50000000 3.12800000 3.13600000
5070.00000000 3.05600000 3.10400000
5154.50000000 3.08800000 3.14400000
5239.00000000 3.04800000 3.07200000
5323.50000000 3.01600000 3.04800000
5408.00000000 2.96800000 3.04000000
5492.50000000 2.96000000 2.97600000
5577.00000000 3.01600000 3.01600000
5661.50000000 2.89600000 2.98400000
5746.00000000 2.96800000 2.92000000
5830.50000000 2.96000000 2.92000000
5915.00000000 2.92800000 2.90400000
5999.50000000 2.85600000 2.92800000
6084.00000000 2.91200000 2.88000000
6168.50000000 2.84000000 2.82400000
6253.00000000 2.83200000 2.83200000
6337.50000000 2.78400000 2.84000000
6422.00000000 2.83200000 2.84800000
6506.50000000 2.81600000 2.76000000
6591.00000000 2.80800000 2.80000000
6675.50000000 2.73600000 2.80800000
6760.00000000 2.69600000 2.72000000
6844.50000000 2.71200000 2.80800000
6929.00000000 2.75200000 2.74400000
7013.50000000 2.68800000 2.76800000
7098.00000000 2.72000000 2.74400000
7182.50000000 2.65600000 2.72000000
7267.00000000 2.62400000 2.66400000
7351.50000000 2.65600000 2.68000000
7436.00000000 2.54400000 2.63200000
7520.50000000 2.66400000 2.56800000
7605.00000000 2.68000000 2.63200000
7689.50000000 2.60000000 2.65600000
7774.00000000 2.48800000 2.59200000
7858.50000000 2.60000000 2.56000000
7943.00000000 2.52000000 2.52800000
8027.50000000 2.51200000 2.54400000
8112.00000000 2.52000000 2.44000000
8196.50000000 2.45600000 2.54400000
8281.00000000 2.52000000 2.50400000
8365.50000000 2.52000000 2.45600000
8450.00000000 2.51200000 2.46400000
