0 9.2026e-05
84.5 0.0430558
169 0.07365
253.5 0.10414
338 0.13515
422.5 0.166822
507 0.199074
591.5 0.229119
676 0.251447
760.5 0.275439
845 0.297797
929.5 0.318399
1014 0.338988
1098.5 0.359771
1183 0.380537
1267.5 0.397949
1352 0.41743
1436.5 0.436373
1521 0.454207
1605.5 0.474064
1690 0.490117
1774.5 0.507172
1859 0.516772
1943.5 0.531273
2028 0.541633
2112.5 0.552471
2197 0.564223
2281.5 0.573128
2366 0.58267
2450.5 0.591418
2535 0.598826
2619.5 0.606993
2704 0.615935
2788.5 0.625175
2873 0.637655
2957.5 0.647691
3042 0.655803
3126.5 0.662656
3211 0.672272
3295.5 0.680427
3380 0.689871
3464.5 0.697669
3549 0.706432
3633.5 0.713135
3718 0.719201
3802.5 0.725928
3887 0.732722
3971.5 0.740133
4056 0.74709
4140.5 0.754323
4225 0.760397
4309.5 0.766137
4394 0.771165
4478.5 0.776649
4563 0.781978
4647.5 0.788922
4732 0.794218
4816.5 0.799956
4901 0.804177
4985.5 0.809263
5070 0.81383
5154.5 0.819642
5239 0.824189
5323.5 0.829258
5408 0.835058
5492.5 0.839542
5577 0.842194
5661.5 0.845322
5746 0.849837
5830.5 0.852693
5915 0.856691
5999.5 0.858067
6084 0.860978
6168.5 0.861869
6253 0.863851
6337.5 0.8664
6422 0.867877
6506.5 0.868916
6591 0.871728
6675.5 0.87316
6760 0.875827
6844.5 0.876157
6929 0.879157
7013.5 0.87997
7098 0.883684
7182.5 0.884032
7267 0.886739
7351.5 0.889702
7436 0.890614
7520.5 0.894418
7605 0.896851
7689.5 0.900201
7774 0.904022
7858.5 0.904669
7943 0.908089
8027.5 0.910065
8112 0.912347
8196.5 0.913603
8281 0.916081
8365.5 0.918356
8450 0.920316
