0 9.00293e-05
84.5 0.0418406
169 0.0713007
253.5 0.0988239
338 0.1268
422.5 0.154547
507 0.181738
591.5 0.206731
676 0.229353
760.5 0.252041
845 0.274307
929.5 0.296268
1014 0.31776
1098.5 0.335923
1183 0.354868
1267.5 0.372486
1352 0.391266
1436.5 0.408295
1521 0.425919
1605.5 0.443675
1690 0.459433
1774.5 0.476796
1859 0.490861
1943.5 0.505797
2028 0.519314
2112.5 0.533252
2197 0.547883
2281.5 0.562184
2366 0.573755
2450.5 0.586219
2535 0.597829
2619.5 0.610304
2704 0.622101
2788.5 0.634045
2873 0.646585
2957.5 0.659213
3042 0.668759
3126.5 0.678702
3211 0.688865
3295.5 0.69885
3380 0.709493
3464.5 0.718607
3549 0.728114
3633.5 0.736787
3718 0.745073
3802.5 0.752944
3887 0.759278
3971.5 0.767088
4056 0.773543
4140.5 0.780202
4225 0.786273
4309.5 0.792367
4394 0.798022
4478.5 0.803943
4563 0.809877
4647.5 0.815457
4732 0.821106
4816.5 0.825718
4901 0.829949
4985.5 0.834183
5070 0.837932
5154.5 0.843066
5239 0.847144
5323.5 0.851463
5408 0.85594
5492.5 0.85956
5577 0.862797
5661.5 0.866171
5746 0.869249
5830.5 0.871554
5915 0.874016
5999.5 0.876491
6084 0.878319
6168.5 0.879128
6253 0.881326
6337.5 0.883736
6422 0.885661
6506.5 0.887504
6591 0.889789
6675.5 0.891389
6760 0.893659
6844.5 0.894543
6929 0.896734
7013.5 0.897991
7098 0.899845
7182.5 0.901139
7267 0.902595
7351.5 0.90448
7436 0.90502
7520.5 0.90664
7605 0.90862
7689.5 0.910244
7774 0.911941
7858.5 0.912802
7943 0.914504
8027.5 0.915901
8112 0.916586
8196.5 0.917878
8281 0.919758
8365.5 0.920914
8450 0.92209
