0 1.60045e-08
84.5 0.00343135
169 0.00997062
253.5 0.0192857
338 0.0325723
422.5 0.0504787
507 0.0714867
591.5 0.0951064
676 0.113263
760.5 0.134005
845 0.152481
929.5 0.170959
1014 0.189689
1098.5 0.21061
1183 0.230878
1267.5 0.247521
1352 0.267591
1436.5 0.287721
1521 0.306647
1605.5 0.329524
1690 0.348195
1774.5 0.368026
1859 0.379906
1943.5 0.396652
2028 0.409455
2112.5 0.422961
2197 0.437097
2281.5 0.446679
2366 0.456953
2450.5 0.467259
2535 0.474256
2619.5 0.481921
2704 0.492276
2788.5 0.502905
2873 0.516297
2957.5 0.527651
3042 0.536816
3126.5 0.544223
3211 0.554871
3295.5 0.56408
3380 0.575233
3464.5 0.584101
3549 0.595613
3633.5 0.60378
3718 0.611423
3802.5 0.619024
3887 0.628052
3971.5 0.636864
4056 0.645591
4140.5 0.653507
4225 0.661825
4309.5 0.668061
4394 0.674516
4478.5 0.682044
4563 0.688599
4647.5 0.697227
4732 0.70434
4816.5 0.711823
4901 0.716831
4985.5 0.723448
5070 0.728723
5154.5 0.736111
5239 0.741564
5323.5 0.748087
5408 0.756577
5492.5 0.76253
5577 0.76663
5661.5 0.770654
5746 0.7768
5830.5 0.779609
5915 0.783941
5999.5 0.785925
6084 0.790189
6168.5 0.791652
6253 0.794157
6337.5 0.797426
6422 0.799517
6506.5 0.80062
6591 0.803947
6675.5 0.805345
6760 0.808213
6844.5 0.807593
6929 0.810915
7013.5 0.811039
7098 0.815123
7182.5 0.815524
7267 0.818798
7351.5 0.822193
7436 0.822389
7520.5 0.827745
7605 0.830659
7689.5 0.835199
7774 0.840734
7858.5 0.841062
7943 0.846378
8027.5 0.849123
8112 0.852218
8196.5 0.854274
8281 0.857885
8365.5 0.861197
8450 0.864089
