0 1.51143e-08
84.5 0.0040345
169 0.0115315
253.5 0.0210031
338 0.033577
422.5 0.0481601
507 0.0638633
591.5 0.079971
676 0.0975326
760.5 0.115409
845 0.13399
929.5 0.153978
1014 0.174921
1098.5 0.193041
1183 0.212664
1267.5 0.232093
1352 0.252733
1436.5 0.271475
1521 0.289485
1605.5 0.30768
1690 0.3247
1774.5 0.343763
1859 0.36237
1943.5 0.378286
2028 0.396562
2112.5 0.415274
2197 0.432075
2281.5 0.447736
2366 0.462469
2450.5 0.477826
2535 0.489221
2619.5 0.503999
2704 0.520093
2788.5 0.533945
2873 0.548561
2957.5 0.563641
3042 0.577256
3126.5 0.589943
3211 0.603215
3295.5 0.616599
3380 0.629226
3464.5 0.642055
3549 0.655569
3633.5 0.668006
3718 0.67896
3802.5 0.688304
3887 0.69822
3971.5 0.707411
4056 0.714767
4140.5 0.723048
4225 0.729687
4309.5 0.737368
4394 0.743965
4478.5 0.750587
4563 0.757703
4647.5 0.766112
4732 0.772831
4816.5 0.779098
4901 0.785757
4985.5 0.790561
5070 0.795292
5154.5 0.80124
5239 0.805709
5323.5 0.809932
5408 0.814824
5492.5 0.818356
5577 0.8224
5661.5 0.827152
5746 0.830898
5830.5 0.833982
5915 0.836371
5999.5 0.839526
6084 0.841048
6168.5 0.842477
6253 0.844418
6337.5 0.845748
6422 0.84784
6506.5 0.850188
6591 0.852248
6675.5 0.854183
6760 0.856689
6844.5 0.856149
6929 0.858454
7013.5 0.859833
7098 0.85967
7182.5 0.862229
7267 0.863484
7351.5 0.864032
7436 0.864218
7520.5 0.865133
7605 0.866511
7689.5 0.868551
7774 0.86999
7858.5 0.870812
7943 0.870925
8027.5 0.871965
8112 0.872687
8196.5 0.874268
8281 0.875819
8365.5 0.876722
8450 0.877351
