0 1.59894e-08
84.5 0.00326855
169 0.00945871
253.5 0.0178401
338 0.0290101
422.5 0.0435122
507 0.0595735
591.5 0.0769639
676 0.0934951
760.5 0.110637
845 0.128161
929.5 0.146316
1014 0.164973
1098.5 0.181471
1183 0.199042
1267.5 0.215033
1352 0.23267
1436.5 0.249787
1521 0.267033
1605.5 0.285448
1690 0.301968
1774.5 0.320525
1859 0.335802
1943.5 0.352398
2028 0.367473
2112.5 0.383086
2197 0.399168
2281.5 0.415102
2366 0.428127
2450.5 0.44248
2535 0.455275
2619.5 0.469871
2704 0.484334
2788.5 0.499195
2873 0.514101
2957.5 0.529403
3042 0.54122
3126.5 0.55356
3211 0.566103
3295.5 0.579202
3380 0.592477
3464.5 0.603726
3549 0.616082
3633.5 0.627591
3718 0.638875
3802.5 0.648672
3887 0.656863
3971.5 0.666493
4056 0.674768
4140.5 0.683178
4225 0.691282
4309.5 0.699168
4394 0.706439
4478.5 0.714251
4563 0.722337
4647.5 0.729995
4732 0.737604
4816.5 0.743759
4901 0.749062
4985.5 0.754493
5070 0.759076
5154.5 0.765793
5239 0.770863
5323.5 0.776582
5408 0.782979
5492.5 0.787568
5577 0.791857
5661.5 0.796274
5746 0.800447
5830.5 0.803181
5915 0.806534
5999.5 0.809417
6084 0.81207
6168.5 0.81283
6253 0.815832
6337.5 0.819004
6422 0.821656
6506.5 0.824239
6591 0.8271
6675.5 0.828936
6760 0.831813
6844.5 0.832559
6929 0.835365
7013.5 0.836584
7098 0.838997
7182.5 0.840686
7267 0.842526
7351.5 0.844826
7436 0.844953
7520.5 0.846935
7605 0.849794
7689.5 0.851957
7774 0.853908
7858.5 0.854846
7943 0.857298
8027.5 0.859282
8112 0.859974
8196.5 0.861901
8281 0.86446
8365.5 0.866241
8450 0.867744
