0 1.39008e-08
84.5 0.00392008
169 0.0114812
253.5 0.0209507
338 0.0333327
422.5 0.0483292
507 0.064211
591.5 0.0810307
676 0.0998505
760.5 0.118193
845 0.137281
929.5 0.157701
1014 0.178002
1098.5 0.194698
1183 0.213982
1267.5 0.232827
1352 0.252653
1436.5 0.270161
1521 0.289089
1605.5 0.307235
1690 0.324632
1774.5 0.344551
1859 0.362477
1943.5 0.378202
2028 0.395538
2112.5 0.414189
2197 0.43077
2281.5 0.446449
2366 0.460443
2450.5 0.475503
2535 0.486702
2619.5 0.501876
2704 0.518165
2788.5 0.532056
2873 0.547014
2957.5 0.562775
3042 0.576357
3126.5 0.589031
3211 0.602519
3295.5 0.615688
3380 0.628989
3464.5 0.641969
3549 0.655029
3633.5 0.667773
3718 0.67789
3802.5 0.687575
3887 0.697315
3971.5 0.705831
4056 0.712765
4140.5 0.721242
4225 0.727141
4309.5 0.734236
4394 0.740769
4478.5 0.747433
4563 0.754743
4647.5 0.762797
4732 0.770187
4816.5 0.776566
4901 0.78331
4985.5 0.789102
5070 0.793779
5154.5 0.799994
5239 0.805134
5323.5 0.809875
5408 0.814762
5492.5 0.818808
5577 0.823149
5661.5 0.828134
5746 0.831705
5830.5 0.835217
5915 0.837704
5999.5 0.840731
6084 0.8424
6168.5 0.843673
6253 0.845902
6337.5 0.847299
6422 0.849376
6506.5 0.851477
6591 0.853646
6675.5 0.855516
6760 0.85831
6844.5 0.8579
6929 0.860536
7013.5 0.861894
7098 0.862406
7182.5 0.864709
7267 0.86581
7351.5 0.866236
7436 0.866634
7520.5 0.867437
7605 0.868871
7689.5 0.870244
7774 0.871765
7858.5 0.872542
7943 0.872834
8027.5 0.874394
8112 0.874755
8196.5 0.876272
8281 0.878133
8365.5 0.87971
8450 0.880166
