0 8.38776e-05
84.5 0.0452198
169 0.077468
253.5 0.106015
338 0.136202
422.5 0.164962
507 0.191743
591.5 0.217493
676 0.243993
760.5 0.267847
845 0.290876
929.5 0.314345
1014 0.33714
1098.5 0.355639
1183 0.375968
1267.5 0.395379
1352 0.415576
1436.5 0.432867
1521 0.450915
1605.5 0.467924
1690 0.484026
1774.5 0.502469
1859 0.518846
1943.5 0.532884
2028 0.548676
2112.5 0.564608
2197 0.579512
2281.5 0.593179
2366 0.605394
2450.5 0.619278
2535 0.629364
2619.5 0.642198
2704 0.655984
2788.5 0.667723
2873 0.680136
2957.5 0.69331
3042 0.704156
3126.5 0.713998
3211 0.724646
3295.5 0.734551
3380 0.744779
3464.5 0.754412
3549 0.764288
3633.5 0.773806
3718 0.781248
3802.5 0.789244
3887 0.796709
3971.5 0.803465
4056 0.808812
4140.5 0.815033
4225 0.819903
4309.5 0.825027
4394 0.829988
4478.5 0.834934
4563 0.840366
4647.5 0.845774
4732 0.851345
4816.5 0.855755
4901 0.860852
4985.5 0.864999
5070 0.868283
5154.5 0.872641
5239 0.876441
5323.5 0.879978
5408 0.883232
5492.5 0.88632
5577 0.889697
5661.5 0.89303
5746 0.895556
5830.5 0.897975
5915 0.899573
5999.5 0.901873
6084 0.903071
6168.5 0.904158
6253 0.905935
6337.5 0.907019
6422 0.908355
6506.5 0.90982
6591 0.911439
6675.5 0.91282
6760 0.914678
6844.5 0.914738
6929 0.916699
7013.5 0.917788
7098 0.918126
7182.5 0.919594
7267 0.920423
7351.5 0.921092
7436 0.921427
7520.5 0.922093
7605 0.923128
7689.5 0.924084
7774 0.925262
7858.5 0.925806
7943 0.926069
8027.5 0.927118
8112 0.927538
8196.5 0.928574
8281 0.929829
8365.5 0.930641
8450 0.93119
