0 1.5849e-08
84.5 0.00343733
169 0.0101048
253.5 0.0187905
338 0.0302314
422.5 0.0449067
507 0.0605556
591.5 0.0774028
676 0.0946705
760.5 0.111874
845 0.129538
929.5 0.148034
1014 0.166845
1098.5 0.18357
1183 0.20181
1267.5 0.21868
1352 0.237136
1436.5 0.254716
1521 0.27233
1605.5 0.291166
1690 0.308216
1774.5 0.327474
1859 0.343625
1943.5 0.359782
2028 0.375952
2112.5 0.39247
2197 0.408595
2281.5 0.424546
2366 0.438251
2450.5 0.452735
2535 0.464993
2619.5 0.47923
2704 0.493824
2788.5 0.508161
2873 0.522761
2957.5 0.537527
3042 0.549778
3126.5 0.561843
3211 0.574917
3295.5 0.587993
3380 0.60128
3464.5 0.613228
3549 0.626094
3633.5 0.63799
3718 0.648361
3802.5 0.657766
3887 0.666759
3971.5 0.676311
4056 0.684412
4140.5 0.693085
4225 0.700438
4309.5 0.707712
4394 0.714864
4478.5 0.722568
4563 0.7306
4647.5 0.738529
4732 0.746202
4816.5 0.752627
4901 0.758384
4985.5 0.764131
5070 0.769185
5154.5 0.775424
5239 0.780725
5323.5 0.786119
5408 0.792158
5492.5 0.796206
5577 0.800649
5661.5 0.805422
5746 0.809709
5830.5 0.81271
5915 0.815648
5999.5 0.818811
6084 0.820992
6168.5 0.822038
6253 0.824461
6337.5 0.827027
6422 0.82939
6506.5 0.83143
6591 0.834246
6675.5 0.83623
6760 0.838702
6844.5 0.839155
6929 0.841977
7013.5 0.843076
7098 0.844692
7182.5 0.84632
7267 0.848065
7351.5 0.849795
7436 0.850128
7520.5 0.852103
7605 0.854246
7689.5 0.856282
7774 0.858375
7858.5 0.859117
7943 0.860903
8027.5 0.862711
8112 0.863301
8196.5 0.864819
8281 0.86736
8365.5 0.869151
8450 0.870365
