0 1.63433e-08
84.5 0.00356391
169 0.0103002
253.5 0.0190811
338 0.0307501
422.5 0.045216
507 0.0607856
591.5 0.0772023
676 0.0939014
760.5 0.110962
845 0.128493
929.5 0.14696
1014 0.166335
1098.5 0.183911
1183 0.20248
1267.5 0.219937
1352 0.239046
1436.5 0.257357
1521 0.274579
1605.5 0.293362
1690 0.310226
1774.5 0.32905
1859 0.345823
1943.5 0.362043
2028 0.378916
2112.5 0.395727
2197 0.412039
2281.5 0.427946
2366 0.442129
2450.5 0.456861
2535 0.469109
2619.5 0.483221
2704 0.497901
2788.5 0.512162
2873 0.5266
2957.5 0.541077
3042 0.553507
3126.5 0.565653
3211 0.578647
3295.5 0.591863
3380 0.604747
3464.5 0.616729
3549 0.62989
3633.5 0.641704
3718 0.652547
3802.5 0.66178
3887 0.670969
3971.5 0.680801
4056 0.689015
4140.5 0.697547
4225 0.70517
4309.5 0.712774
4394 0.719891
4478.5 0.727445
4563 0.735273
4647.5 0.74343
4732 0.750667
4816.5 0.757019
4901 0.762843
4985.5 0.768003
5070 0.773044
5154.5 0.77912
5239 0.783999
5323.5 0.789004
5408 0.794908
5492.5 0.798647
5577 0.802899
5661.5 0.807558
5746 0.811864
5830.5 0.81467
5915 0.817495
5999.5 0.820718
6084 0.82275
6168.5 0.823917
6253 0.826143
6337.5 0.828529
6422 0.830867
6506.5 0.833062
6591 0.835736
6675.5 0.837745
6760 0.840083
6844.5 0.840353
6929 0.842955
7013.5 0.844097
7098 0.845176
7182.5 0.847039
7267 0.848799
7351.5 0.850445
7436 0.850659
7520.5 0.852561
7605 0.854585
7689.5 0.856941
7774 0.858917
7858.5 0.85969
7943 0.861189
8027.5 0.862656
8112 0.863435
8196.5 0.864991
8281 0.867264
8365.5 0.868625
8450 0.869852
