0 8.96619e-05
84.5 0.0433496
169 0.0740312
253.5 0.101793
338 0.130585
422.5 0.158681
507 0.185362
591.5 0.209963
676 0.233701
760.5 0.256409
845 0.278748
929.5 0.30073
1014 0.322735
1098.5 0.341957
1183 0.361818
1267.5 0.38047
1352 0.400266
1436.5 0.418256
1521 0.435203
1605.5 0.453225
1690 0.468882
1774.5 0.486521
1859 0.501918
1943.5 0.516345
2028 0.531514
2112.5 0.545918
2197 0.560258
2281.5 0.574155
2366 0.586586
2450.5 0.599456
2535 0.610521
2619.5 0.622654
2704 0.634946
2788.5 0.646745
2873 0.658952
2957.5 0.671098
3042 0.681177
3126.5 0.690892
3211 0.70147
3295.5 0.711544
3380 0.721743
3464.5 0.731177
3549 0.741132
3633.5 0.749925
3718 0.758044
3802.5 0.765415
3887 0.772519
3971.5 0.780306
4056 0.786508
4140.5 0.793082
4225 0.798725
4309.5 0.804461
4394 0.809926
4478.5 0.815532
4563 0.821274
4647.5 0.827054
4732 0.83232
4816.5 0.836941
4901 0.841406
4985.5 0.845318
5070 0.849122
5154.5 0.853589
5239 0.857381
5323.5 0.861199
5408 0.865278
5492.5 0.868202
5577 0.871308
5661.5 0.874681
5746 0.87783
5830.5 0.880043
5915 0.882075
5999.5 0.884588
6084 0.886135
6168.5 0.887189
6253 0.888985
6337.5 0.8908
6422 0.892453
6506.5 0.894067
6591 0.896117
6675.5 0.89779
6760 0.899599
6844.5 0.900176
6929 0.902087
7013.5 0.903177
7098 0.904237
7182.5 0.905576
7267 0.906945
7351.5 0.908366
7436 0.90885
7520.5 0.910348
7605 0.911853
7689.5 0.913508
7774 0.915043
7858.5 0.91568
7943 0.916763
8027.5 0.91783
8112 0.918488
8196.5 0.919547
8281 0.921162
8365.5 0.921999
8450 0.922981
