0 9.54551e-05
84.5 0.0449044
169 0.0815155
253.5 0.111548
338 0.140918
422.5 0.169171
507 0.196016
591.5 0.222001
676 0.246005
760.5 0.269947
845 0.292273
929.5 0.314444
1014 0.336946
1098.5 0.358052
1183 0.378746
1267.5 0.398365
1352 0.416205
1436.5 0.435949
1521 0.454802
1605.5 0.472667
1690 0.491175
1774.5 0.507443
1859 0.524656
1943.5 0.541601
2028 0.557091
2112.5 0.570915
2197 0.584359
2281.5 0.597769
2366 0.609731
2450.5 0.621538
2535 0.632238
2619.5 0.643066
2704 0.652707
2788.5 0.662222
2873 0.672936
2957.5 0.682111
3042 0.690437
3126.5 0.700172
3211 0.708749
3295.5 0.716218
3380 0.725289
3464.5 0.733446
3549 0.740125
3633.5 0.74905
3718 0.757026
3802.5 0.764101
3887 0.770984
3971.5 0.777799
4056 0.784649
4140.5 0.791376
4225 0.797957
4309.5 0.804344
4394 0.810207
4478.5 0.815008
4563 0.8209
4647.5 0.825199
4732 0.829797
4816.5 0.834515
4901 0.839135
4985.5 0.844147
5070 0.848016
5154.5 0.852326
5239 0.856335
5323.5 0.860032
5408 0.863864
5492.5 0.866781
5577 0.869166
5661.5 0.87341
5746 0.876485
5830.5 0.879065
5915 0.882059
5999.5 0.88421
6084 0.886544
6168.5 0.889781
6253 0.892672
6337.5 0.895818
6422 0.89683
6506.5 0.898891
6591 0.901128
6675.5 0.902847
6760 0.904819
6844.5 0.90586
6929 0.907907
7013.5 0.909345
7098 0.91026
7182.5 0.91148
7267 0.912229
7351.5 0.912972
7436 0.913575
7520.5 0.914766
7605 0.915192
7689.5 0.916644
7774 0.917836
7858.5 0.918599
7943 0.91952
8027.5 0.920131
8112 0.920821
8196.5 0.921577
8281 0.922088
8365.5 0.922501
8450 0.922908
