0 9.50054e-05
84.5 0.0396169
169 0.0681921
253.5 0.095158
338 0.121798
422.5 0.149546
507 0.176117
591.5 0.199764
676 0.220587
760.5 0.242104
845 0.263699
929.5 0.284
1014 0.304458
1098.5 0.322842
1183 0.341619
1267.5 0.358238
1352 0.376654
1436.5 0.394257
1521 0.410825
1605.5 0.429789
1690 0.445252
1774.5 0.462513
1859 0.475412
1943.5 0.490353
2028 0.50314
2112.5 0.515808
2197 0.529592
2281.5 0.544136
2366 0.556026
2450.5 0.567595
2535 0.579654
2619.5 0.591016
2704 0.601395
2788.5 0.613345
2873 0.62565
2957.5 0.636782
3042 0.645665
3126.5 0.655284
3211 0.665777
3295.5 0.676164
3380 0.68701
3464.5 0.69619
3549 0.705881
3633.5 0.713983
3718 0.721856
3802.5 0.729068
3887 0.735707
3971.5 0.744445
4056 0.751658
4140.5 0.75913
4225 0.765395
4309.5 0.771535
4394 0.777771
4478.5 0.784456
4563 0.790922
4647.5 0.796872
4732 0.80253
4816.5 0.807549
4901 0.811291
4985.5 0.815989
5070 0.820618
5154.5 0.825603
5239 0.830109
5323.5 0.83481
5408 0.83998
5492.5 0.843136
5577 0.846314
5661.5 0.850008
5746 0.853883
5830.5 0.856129
5915 0.858919
5999.5 0.861775
6084 0.863802
6168.5 0.86475
6253 0.866723
6337.5 0.869774
6422 0.871855
6506.5 0.873412
6591 0.876214
6675.5 0.878196
6760 0.880187
6844.5 0.881621
6929 0.883953
7013.5 0.885046
7098 0.887541
7182.5 0.888447
7267 0.890437
7351.5 0.892973
7436 0.893762
7520.5 0.896429
7605 0.898653
7689.5 0.900804
7774 0.903069
7858.5 0.903897
7943 0.906323
8027.5 0.907887
8112 0.908709
8196.5 0.909825
8281 0.912348
8365.5 0.91376
8450 0.915286
