0 8.29206e-05
84.5 0.0450173
169 0.0757415
253.5 0.104061
338 0.133945
422.5 0.161691
507 0.189767
591.5 0.216684
676 0.241876
760.5 0.266236
845 0.289461
929.5 0.313793
1014 0.336762
1098.5 0.354611
1183 0.373795
1267.5 0.39284
1352 0.41214
1436.5 0.42835
1521 0.447481
1605.5 0.463513
1690 0.479692
1774.5 0.497201
1859 0.51293
1943.5 0.52786
2028 0.542419
2112.5 0.558172
2197 0.574014
2281.5 0.587966
2366 0.599081
2450.5 0.612825
2535 0.623793
2619.5 0.637858
2704 0.651681
2788.5 0.663617
2873 0.676492
2957.5 0.691258
3042 0.701751
3126.5 0.712157
3211 0.721848
3295.5 0.731259
3380 0.741612
3464.5 0.750631
3549 0.759875
3633.5 0.769363
3718 0.778241
3802.5 0.787052
3887 0.792952
3971.5 0.799435
4056 0.804808
4140.5 0.810304
4225 0.816098
4309.5 0.822127
4394 0.826953
4478.5 0.831781
4563 0.836956
4647.5 0.842007
4732 0.847644
4816.5 0.851674
4901 0.856603
4985.5 0.860174
5070 0.862667
5154.5 0.868014
5239 0.87148
5323.5 0.875252
5408 0.878741
5492.5 0.883022
5577 0.886343
5661.5 0.889262
5746 0.8912
5830.5 0.89359
5915 0.895583
5999.5 0.897513
6084 0.899057
6168.5 0.899667
6253 0.902187
6337.5 0.903681
6422 0.905383
6506.5 0.907636
6591 0.909181
6675.5 0.910235
6760 0.912905
6844.5 0.913002
6929 0.914992
7013.5 0.916484
7098 0.917423
7182.5 0.919271
7267 0.919964
7351.5 0.920919
7436 0.921102
7520.5 0.921227
7605 0.922859
7689.5 0.923729
7774 0.924615
7858.5 0.925524
7943 0.926191
8027.5 0.92735
8112 0.92784
8196.5 0.929383
8281 0.930344
8365.5 0.931134
8450 0.931811
