0 1.81869e-08
84.5 0.00285802
169 0.00845316
253.5 0.0161982
338 0.0265098
422.5 0.0407998
507 0.0561691
591.5 0.0730493
676 0.0884545
760.5 0.104292
845 0.120247
929.5 0.136433
1014 0.153457
1098.5 0.170217
1183 0.187203
1267.5 0.201704
1352 0.218516
1436.5 0.236181
1521 0.25222
1605.5 0.271884
1690 0.288516
1774.5 0.306981
1859 0.321002
1943.5 0.337679
2028 0.352448
2112.5 0.366407
2197 0.381985
2281.5 0.398262
2366 0.41162
2450.5 0.425414
2535 0.438942
2619.5 0.452054
2704 0.464614
2788.5 0.479487
2873 0.493658
2957.5 0.50723
3042 0.517883
3126.5 0.529218
3211 0.541795
3295.5 0.55476
3380 0.568029
3464.5 0.578739
3549 0.591372
3633.5 0.60225
3718 0.612927
3802.5 0.621995
3887 0.630092
3971.5 0.640887
4056 0.650388
4140.5 0.659296
4225 0.668395
4309.5 0.675883
4394 0.683779
4478.5 0.692731
4563 0.701628
4647.5 0.709408
4732 0.717421
4816.5 0.723901
4901 0.728472
4985.5 0.734165
5070 0.739673
5154.5 0.745939
5239 0.751435
5323.5 0.757611
5408 0.765033
5492.5 0.769084
5577 0.773648
5661.5 0.778168
5746 0.783314
5830.5 0.785702
5915 0.78918
5999.5 0.792506
6084 0.795303
6168.5 0.796076
6253 0.798731
6337.5 0.802701
6422 0.805407
6506.5 0.807374
6591 0.810967
6675.5 0.813087
6760 0.815173
6844.5 0.81666
6929 0.819706
7013.5 0.820494
7098 0.823436
7182.5 0.824254
7267 0.826771
7351.5 0.830065
7436 0.830321
7520.5 0.833702
7605 0.836695
7689.5 0.839527
7774 0.842308
7858.5 0.843007
7943 0.846586
8027.5 0.848692
8112 0.849557
8196.5 0.851076
8281 0.854432
8365.5 0.85648
8450 0.858604
