0 8.60996e-05
84.5 0.045838
169 0.0779239
253.5 0.106217
338 0.136443
422.5 0.164771
507 0.191525
591.5 0.216763
676 0.242443
760.5 0.265946
845 0.288781
929.5 0.311883
1014 0.334919
1098.5 0.3547
1183 0.375284
1267.5 0.395292
1352 0.416007
1436.5 0.434255
1521 0.451455
1605.5 0.468849
1690 0.484636
1774.5 0.502527
1859 0.519588
1943.5 0.533673
2028 0.55043
2112.5 0.565991
2197 0.580702
2281.5 0.594168
2366 0.606959
2450.5 0.620696
2535 0.631099
2619.5 0.643746
2704 0.657313
2788.5 0.669012
2873 0.681154
2957.5 0.693976
3042 0.704851
3126.5 0.714631
3211 0.725266
3295.5 0.73513
3380 0.744899
3464.5 0.754502
3549 0.764633
3633.5 0.773886
3718 0.78217
3802.5 0.789647
3887 0.79706
3971.5 0.804213
4056 0.809741
4140.5 0.815717
4225 0.820945
4309.5 0.826412
4394 0.831363
4478.5 0.83625
4563 0.841509
4647.5 0.847175
4732 0.85218
4816.5 0.856536
4901 0.861482
4985.5 0.864871
5070 0.868124
5154.5 0.872246
5239 0.875563
5323.5 0.878791
5408 0.882143
5492.5 0.884913
5577 0.887971
5661.5 0.891129
5746 0.893794
5830.5 0.895986
5915 0.897513
5999.5 0.899796
6084 0.901023
6168.5 0.902149
6253 0.903827
6337.5 0.904818
6422 0.906185
6506.5 0.907837
6591 0.909386
6675.5 0.910853
6760 0.912541
6844.5 0.912546
6929 0.914177
7013.5 0.915265
7098 0.915367
7182.5 0.916995
7267 0.91795
7351.5 0.918628
7436 0.918908
7520.5 0.919628
7605 0.920653
7689.5 0.921978
7774 0.923025
7858.5 0.923535
7943 0.923723
8027.5 0.924458
8112 0.925007
8196.5 0.926029
8281 0.927038
8365.5 0.927491
8450 0.928111
