0 0.0272907
84.5 0.132935
169 0.139437
253.5 0.173279
338 0.195685
422.5 0.178242
507 0.196302
591.5 0.199158
676 0.222622
760.5 0.258359
845 0.296738
929.5 0.333046
1014 0.36614
1098.5 0.391849
1183 0.419439
1267.5 0.450163
1352 0.480168
1436.5 0.501623
1521 0.527988
1605.5 0.549908
1690 0.569407
1774.5 0.590076
1859 0.606306
1943.5 0.622536
2028 0.637407
2112.5 0.652803
2197 0.670223
2281.5 0.686597
2366 0.699469
2450.5 0.712422
2535 0.726146
2619.5 0.738502
2704 0.748522
2788.5 0.758262
2873 0.770305
2957.5 0.781756
3042 0.789863
3126.5 0.798273
3211 0.807036
3295.5 0.814062
3380 0.823004
3464.5 0.830886
3549 0.837909
3633.5 0.843905
3718 0.849153
3802.5 0.855804
3887 0.86061
3971.5 0.867326
4056 0.872322
4140.5 0.877671
4225 0.881828
4309.5 0.886401
4394 0.890712
4478.5 0.894903
4563 0.898711
4647.5 0.902213
4732 0.905983
4816.5 0.909141
4901 0.912535
4985.5 0.915741
5070 0.918897
5154.5 0.922573
5239 0.925855
5323.5 0.928836
5408 0.931283
5492.5 0.934052
5577 0.936273
5661.5 0.93866
5746 0.940638
5830.5 0.942636
5915 0.944194
5999.5 0.946395
6084 0.947337
6168.5 0.94829
6253 0.949665
6337.5 0.951325
6422 0.952497
6506.5 0.953565
6591 0.955318
6675.5 0.956753
6760 0.958445
6844.5 0.95957
6929 0.961159
7013.5 0.962554
7098 0.963845
7182.5 0.964738
7267 0.965817
7351.5 0.967311
7436 0.968387
7520.5 0.969661
7605 0.970683
7689.5 0.971742
7774 0.973219
7858.5 0.97403
7943 0.974913
8027.5 0.975673
8112 0.97638
8196.5 0.976973
8281 0.978125
8365.5 0.978589
8450 0.979426
