0 -0.00378189
84.5 0.112384
169 0.116814
253.5 0.160892
338 0.201621
422.5 0.200109
507 0.223761
591.5 0.235341
676 0.261461
760.5 0.294873
845 0.330154
929.5 0.361215
1014 0.39367
1098.5 0.418831
1183 0.445891
1267.5 0.473541
1352 0.502094
1436.5 0.523287
1521 0.545419
1605.5 0.565904
1690 0.583114
1774.5 0.603842
1859 0.620558
1943.5 0.63582
2028 0.651346
2112.5 0.666094
2197 0.682163
2281.5 0.697359
2366 0.710403
2450.5 0.724548
2535 0.737009
2619.5 0.749004
2704 0.76041
2788.5 0.770944
2873 0.782887
2957.5 0.793999
3042 0.802488
3126.5 0.810649
3211 0.819585
3295.5 0.827016
3380 0.835342
3464.5 0.842764
3549 0.84964
3633.5 0.855484
3718 0.860316
3802.5 0.866855
3887 0.872444
3971.5 0.878732
4056 0.88319
4140.5 0.888403
4225 0.892108
4309.5 0.896167
4394 0.900283
4478.5 0.904082
4563 0.907835
4647.5 0.91109
4732 0.914615
4816.5 0.917542
4901 0.920892
4985.5 0.924032
5070 0.926859
5154.5 0.929924
5239 0.932964
5323.5 0.935735
5408 0.93778
5492.5 0.940021
5577 0.942146
5661.5 0.944342
5746 0.946311
5830.5 0.94803
5915 0.94935
5999.5 0.951361
6084 0.952304
6168.5 0.953392
6253 0.954714
6337.5 0.956115
6422 0.957061
6506.5 0.95802
6591 0.959521
6675.5 0.96089
6760 0.962261
6844.5 0.963281
6929 0.964701
7013.5 0.965853
7098 0.96689
7182.5 0.967669
7267 0.968634
7351.5 0.969981
7436 0.970804
7520.5 0.971981
7605 0.972953
7689.5 0.973882
7774 0.975128
7858.5 0.97575
7943 0.976408
8027.5 0.977122
8112 0.977765
8196.5 0.978353
8281 0.979419
8365.5 0.979714
8450 0.980483
