0 0.110184
84.5 0.149017
169 0.161871
253.5 0.221723
338 0.216744
422.5 0.186141
507 0.196166
591.5 0.188292
676 0.208595
760.5 0.233675
845 0.280608
929.5 0.313644
1014 0.349277
1098.5 0.372849
1183 0.405632
1267.5 0.437012
1352 0.464309
1436.5 0.489034
1521 0.513612
1605.5 0.533738
1690 0.550483
1774.5 0.569238
1859 0.577418
1943.5 0.594682
2028 0.604285
2112.5 0.614261
2197 0.62698
2281.5 0.640148
2366 0.654058
2450.5 0.664116
2535 0.677453
2619.5 0.691999
2704 0.702405
2788.5 0.713285
2873 0.730221
2957.5 0.742199
3042 0.751815
3126.5 0.760632
3211 0.772271
3295.5 0.781636
3380 0.791329
3464.5 0.799979
3549 0.806499
3633.5 0.812767
3718 0.817935
3802.5 0.82532
3887 0.830185
3971.5 0.837408
4056 0.843323
4140.5 0.851488
4225 0.855378
4309.5 0.86184
4394 0.86578
4478.5 0.869261
4563 0.873899
4647.5 0.879774
4732 0.883385
4816.5 0.887654
4901 0.891557
4985.5 0.895341
5070 0.899739
5154.5 0.904292
5239 0.90832
5323.5 0.91214
5408 0.915024
5492.5 0.918138
5577 0.919158
5661.5 0.921511
5746 0.924432
5830.5 0.927762
5915 0.931843
5999.5 0.932573
6084 0.934025
6168.5 0.934259
6253 0.935787
6337.5 0.937684
6422 0.938521
6506.5 0.939598
6591 0.942049
6675.5 0.943684
6760 0.946367
6844.5 0.947969
6929 0.950837
7013.5 0.952615
7098 0.956173
7182.5 0.95648
7267 0.958679
7351.5 0.961313
7436 0.963193
7520.5 0.965298
7605 0.967281
7689.5 0.969349
7774 0.971273
7858.5 0.972343
7943 0.973621
8027.5 0.974759
8112 0.976163
8196.5 0.976513
8281 0.977739
8365.5 0.978872
8450 0.979802
