0 -0.0149384
84.5 0.179022
169 0.182181
253.5 0.21114
338 0.213006
422.5 0.175648
507 0.189096
591.5 0.169441
676 0.182142
760.5 0.220702
845 0.270757
929.5 0.308463
1014 0.344494
1098.5 0.366865
1183 0.395912
1267.5 0.428299
1352 0.459725
1436.5 0.480553
1521 0.505609
1605.5 0.528117
1690 0.544685
1774.5 0.564961
1859 0.579741
1943.5 0.595618
2028 0.607748
2112.5 0.622828
2197 0.638041
2281.5 0.654901
2366 0.668607
2450.5 0.679514
2535 0.693617
2619.5 0.705829
2704 0.715387
2788.5 0.725421
2873 0.738859
2957.5 0.749098
3042 0.757728
3126.5 0.767531
3211 0.7777
3295.5 0.786606
3380 0.796504
3464.5 0.805936
3549 0.813145
3633.5 0.81859
3718 0.82373
3802.5 0.829824
3887 0.835889
3971.5 0.843578
4056 0.848848
4140.5 0.855941
4225 0.859063
4309.5 0.86457
4394 0.869651
4478.5 0.874289
4563 0.878395
4647.5 0.882831
4732 0.886086
4816.5 0.889952
4901 0.893226
4985.5 0.897383
5070 0.901606
5154.5 0.905638
5239 0.909511
5323.5 0.912898
5408 0.915718
5492.5 0.918121
5577 0.919859
5661.5 0.922972
5746 0.925667
5830.5 0.928039
5915 0.930276
5999.5 0.932878
6084 0.93413
6168.5 0.935432
6253 0.93674
6337.5 0.938936
6422 0.940438
6506.5 0.941632
6591 0.943709
6675.5 0.945726
6760 0.947797
6844.5 0.949304
6929 0.950942
7013.5 0.952527
7098 0.954673
7182.5 0.955767
7267 0.957254
7351.5 0.959037
7436 0.960552
7520.5 0.962521
7605 0.963945
7689.5 0.965397
7774 0.967171
7858.5 0.968206
7943 0.969364
8027.5 0.970358
8112 0.971172
8196.5 0.97186
8281 0.973506
8365.5 0.974224
8450 0.975106
