0 0.131137
84.5 0.0977462
169 0.100814
253.5 0.135929
338 0.183963
422.5 0.187465
507 0.210648
591.5 0.24169
676 0.278817
760.5 0.311258
845 0.335481
929.5 0.370658
1014 0.400263
1098.5 0.429029
1183 0.454406
1267.5 0.483213
1352 0.511186
1436.5 0.532709
1521 0.560752
1605.5 0.581186
1690 0.604176
1774.5 0.625158
1859 0.643293
1943.5 0.659817
2028 0.678063
2112.5 0.693933
2197 0.714041
2281.5 0.729671
2366 0.7414
2450.5 0.756878
2535 0.77002
2619.5 0.782579
2704 0.793216
2788.5 0.802532
2873 0.812811
2957.5 0.825796
3042 0.833275
3126.5 0.839961
3211 0.846921
3295.5 0.851557
3380 0.859245
3464.5 0.865161
3549 0.87189
3633.5 0.878576
3718 0.883955
3802.5 0.891303
3887 0.894502
3971.5 0.899898
4056 0.904465
4140.5 0.907548
4225 0.912973
4309.5 0.91635
4394 0.919632
4478.5 0.923201
4563 0.926587
4647.5 0.928868
4732 0.933285
4816.5 0.935509
4901 0.939071
4985.5 0.941027
5070 0.942756
5154.5 0.945973
5239 0.948464
5323.5 0.950894
5408 0.952822
5492.5 0.95608
5577 0.958927
5661.5 0.960352
5746 0.961367
5830.5 0.96287
5915 0.963523
5999.5 0.965184
6084 0.965707
6168.5 0.966194
6253 0.96766
6337.5 0.968587
6422 0.969319
6506.5 0.970226
6591 0.971526
6675.5 0.97218
6760 0.973375
6844.5 0.973968
6929 0.975487
7013.5 0.976633
7098 0.976757
7182.5 0.977396
7267 0.977905
7351.5 0.978986
7436 0.979458
7520.5 0.979755
7605 0.980228
7689.5 0.980736
7774 0.981792
7858.5 0.982297
7943 0.982778
8027.5 0.983218
8112 0.983774
8196.5 0.984241
8281 0.984695
8365.5 0.984802
8450 0.98557
