0 -0.0444688
84.5 0.0683687
169 0.0942344
253.5 0.148658
338 0.159132
422.5 0.18167
507 0.196372
591.5 0.24386
676 0.277322
760.5 0.312159
845 0.356283
929.5 0.393625
1014 0.432421
1098.5 0.457985
1183 0.482467
1267.5 0.506157
1352 0.525416
1436.5 0.549803
1521 0.571554
1605.5 0.591713
1690 0.615381
1774.5 0.632781
1859 0.645904
1943.5 0.662111
2028 0.675066
2112.5 0.687131
2197 0.698349
2281.5 0.709147
2366 0.722307
2450.5 0.735465
2535 0.747097
2619.5 0.758613
2704 0.767598
2788.5 0.776596
2873 0.785918
2957.5 0.793101
3042 0.799849
3126.5 0.808373
3211 0.816101
3295.5 0.822491
3380 0.830947
3464.5 0.837778
3549 0.843239
3633.5 0.850704
3718 0.857218
3802.5 0.863993
3887 0.869545
3971.5 0.875379
4056 0.880914
4140.5 0.886154
4225 0.89175
4309.5 0.896668
4394 0.901186
4478.5 0.904882
4563 0.909305
4647.5 0.912411
4732 0.915907
4816.5 0.919877
4901 0.922936
4985.5 0.926184
5070 0.928659
5154.5 0.931836
5239 0.934491
5323.5 0.93746
5408 0.939684
5492.5 0.942045
5577 0.943659
5661.5 0.946193
5746 0.9484
5830.5 0.94995
5915 0.951676
5999.5 0.953445
6084 0.954795
6168.5 0.956624
6253 0.958641
6337.5 0.960159
6422 0.96094
6506.5 0.961949
6591 0.963179
6675.5 0.964094
6760 0.964838
6844.5 0.965638
6929 0.966932
7013.5 0.967333
7098 0.967931
7182.5 0.968863
7267 0.969707
7351.5 0.970234
7436 0.970616
7520.5 0.971362
7605 0.971931
7689.5 0.972951
7774 0.973464
7858.5 0.974057
7943 0.974558
8027.5 0.974939
8112 0.975489
8196.5 0.9758
8281 0.97624
8365.5 0.976698
8450 0.977008
