0 0.0241807
84.5 0.082933
169 0.0868803
253.5 0.135937
338 0.203193
422.5 0.224015
507 0.253491
591.5 0.287
676 0.322755
760.5 0.352522
845 0.377469
929.5 0.404036
1014 0.433952
1098.5 0.460628
1183 0.486178
1267.5 0.510621
1352 0.537072
1436.5 0.558171
1521 0.578189
1605.5 0.596798
1690 0.614346
1774.5 0.635306
1859 0.653511
1943.5 0.668141
2028 0.686117
2112.5 0.700717
2197 0.717312
2281.5 0.73118
2366 0.743681
2450.5 0.760112
2535 0.771262
2619.5 0.783089
2704 0.795848
2788.5 0.806657
2873 0.817486
2957.5 0.829206
3042 0.837604
3126.5 0.844567
3211 0.852589
3295.5 0.858918
3380 0.866065
3464.5 0.872032
3549 0.878637
3633.5 0.884769
3718 0.889338
3802.5 0.896181
3887 0.901425
3971.5 0.906629
4056 0.910438
4140.5 0.914247
4225 0.918332
4309.5 0.921304
4394 0.924676
4478.5 0.927821
4563 0.931284
4647.5 0.93365
4732 0.937364
4816.5 0.939575
4901 0.942995
4985.5 0.945366
5070 0.947126
5154.5 0.949452
5239 0.951851
5323.5 0.954137
5408 0.955565
5492.5 0.95768
5577 0.960094
5661.5 0.961592
5746 0.962989
5830.5 0.964211
5915 0.964817
5999.5 0.966367
6084 0.96706
6168.5 0.967986
6253 0.969315
6337.5 0.97008
6422 0.970589
6506.5 0.971364
6591 0.972402
6675.5 0.973266
6760 0.974095
6844.5 0.974719
6929 0.975962
7013.5 0.976779
7098 0.976925
7182.5 0.977467
7267 0.978007
7351.5 0.978989
7436 0.979263
7520.5 0.979794
7605 0.980397
7689.5 0.980898
7774 0.981714
7858.5 0.982003
7943 0.982241
8027.5 0.982727
8112 0.983231
8196.5 0.983737
8281 0.984326
8365.5 0.984278
8450 0.984949
