0 -0.0388568
84.5 0.0798376
169 0.100923
253.5 0.138349
338 0.196416
422.5 0.226119
507 0.259
591.5 0.297993
676 0.340674
760.5 0.36825
845 0.393304
929.5 0.41702
1014 0.440583
1098.5 0.465641
1183 0.490012
1267.5 0.51466
1352 0.539637
1436.5 0.560403
1521 0.579643
1605.5 0.600305
1690 0.617547
1774.5 0.638744
1859 0.65775
1943.5 0.671777
2028 0.691098
2112.5 0.703669
2197 0.718698
2281.5 0.731751
2366 0.744653
2450.5 0.759741
2535 0.771683
2619.5 0.78381
2704 0.796248
2788.5 0.807035
2873 0.817684
2957.5 0.829655
3042 0.838086
3126.5 0.844828
3211 0.853228
3295.5 0.85903
3380 0.866003
3464.5 0.872148
3549 0.878723
3633.5 0.88461
3718 0.890207
3802.5 0.896139
3887 0.900968
3971.5 0.906221
4056 0.909885
4140.5 0.913355
4225 0.917297
4309.5 0.92033
4394 0.923605
4478.5 0.926681
4563 0.930007
4647.5 0.932554
4732 0.935803
4816.5 0.938057
4901 0.941245
4985.5 0.943102
5070 0.944731
5154.5 0.946862
5239 0.948998
5323.5 0.951237
5408 0.952906
5492.5 0.954941
5577 0.956997
5661.5 0.958392
5746 0.959905
5830.5 0.961148
5915 0.961714
5999.5 0.963079
6084 0.964024
6168.5 0.964855
6253 0.966319
6337.5 0.966956
6422 0.967523
6506.5 0.968429
6591 0.969448
6675.5 0.970433
6760 0.97123
6844.5 0.971889
6929 0.972797
7013.5 0.973593
7098 0.974014
7182.5 0.974611
7267 0.975254
7351.5 0.976116
7436 0.976519
7520.5 0.97704
7605 0.977692
7689.5 0.978227
7774 0.978856
7858.5 0.979019
7943 0.979301
8027.5 0.979707
8112 0.980075
8196.5 0.98048
8281 0.980895
8365.5 0.980839
8450 0.98147
