0 647.89777778 649.77555556
16.00000000 19.60000000 19.64444444
32.00000000 11.72666667 11.69555556
48.00000000 8.57777778 8.56222222
64.00000000 6.82000000 6.84888889
80.00000000 5.68000000 5.75111111
96.00000000 4.97111111 4.96444444
112.00000000 4.36444444 4.32888889
128.00000000 3.99555556 3.94888889
144.00000000 3.56888889 3.62000000
160.00000000 3.34888889 3.33777778
176.00000000 3.01333333 3.05777778
192.00000000 2.88000000 2.86444444
208.00000000 2.66666667 2.67555556
224.00000000 2.53111111 2.54888889
240.00000000 2.41555556 2.41333333
256.00000000 2.27333333 2.32000000
272.00000000 2.16666667 2.19555556
288.00000000 2.08222222 2.09555556
304.00000000 1.98000000 2.01111111
320.00000000 1.91111111 1.91555556
336.00000000 1.76000000 1.79333333
352.00000000 1.74444444 1.72666667
368.00000000 1.63333333 1.66666667
384.00000000 1.60222222 1.56444444
400.00000000 1.51555556 1.52444444
416.00000000 1.48000000 1.46666667
432.00000000 1.41777778 1.41555556
448.00000000 1.36222222 1.36888889
464.00000000 1.32000000 1.33111111
480.00000000 1.27555556 1.27333333
496.00000000 1.21333333 1.24000000
512.00000000 1.21111111 1.20888889
528.00000000 1.20444444 1.21555556
544.00000000 1.14444444 1.11111111
560.00000000 1.11333333 1.11555556
576.00000000 1.07555556 1.05777778
592.00000000 1.01777778 1.02444444
608.00000000 0.98444444 0.98444444
624.00000000 0.98444444 0.98444444
640.00000000 0.94444444 0.97333333
656.00000000 0.92000000 0.92000000
672.00000000 0.89777778 0.90444444
688.00000000 0.87555556 0.84222222
704.00000000 0.85333333 0.84888889
720.00000000 0.82222222 0.83777778
736.00000000 0.81111111 0.79555556
752.00000000 0.78888889 0.76444444
768.00000000 0.75777778 0.76888889
784.00000000 0.74444444 0.74444444
800.00000000 0.75111111 0.74000000
816.00000000 0.72222222 0.71333333
832.00000000 0.70000000 0.68444444
848.00000000 0.67333333 0.66444444
864.00000000 0.65111111 0.65777778
880.00000000 0.63777778 0.65333333
896.00000000 0.60888889 0.63555556
912.00000000 0.59777778 0.57555556
928.00000000 0.56666667 0.57555556
944.00000000 0.55555556 0.55777778
960.00000000 0.54666667 0.55555556
976.00000000 0.52666667 0.51111111
992.00000000 0.52222222 0.51111111
1008.00000000 0.48888889 0.49333333
1024.00000000 0.50222222 0.50000000
1040.00000000 0.48222222 0.49111111
1056.00000000 0.43555556 0.45777778
1072.00000000 0.45111111 0.44444444
1088.00000000 0.42444444 0.42222222
1104.00000000 0.42444444 0.41555556
1120.00000000 0.42000000 0.42222222
1136.00000000 0.40222222 0.41111111
1152.00000000 0.38000000 0.38222222
1168.00000000 0.35555556 0.36888889
1184.00000000 0.36000000 0.35777778
1200.00000000 0.34888889 0.33777778
1216.00000000 0.33777778 0.33777778
1232.00000000 0.32000000 0.33111111
1248.00000000 0.32222222 0.32444444
1264.00000000 0.33111111 0.30888889
1280.00000000 0.30666667 0.31111111
1296.00000000 0.28888889 0.30222222
1312.00000000 0.28666667 0.30000000
1328.00000000 0.27555556 0.27777778
1344.00000000 0.26888889 0.28222222
1360.00000000 0.27111111 0.26666667
1376.00000000 0.26222222 0.25555556
1392.00000000 0.24666667 0.24000000
1408.00000000 0.23111111 0.22888889
1424.00000000 0.22000000 0.22222222
1440.00000000 0.22222222 0.22222222
1456.00000000 0.21111111 0.21111111
1472.00000000 0.20000000 0.20666667
1488.00000000 0.19777778 0.20000000
1504.00000000 0.18444444 0.19333333
1520.00000000 0.18444444 0.19333333
1536.00000000 0.19111111 0.18444444
1552.00000000 0.18888889 0.18222222
1568.00000000 0.18444444 0.17777778
1584.00000000 0.18000000 0.18444444
1600.00000000 0.16888889 0.17777778
1616.00000000 0.16666667 0.16888889
1632.00000000 0.16222222 0.16888889
1648.00000000 0.16222222 0.15777778
1664.00000000 0.14666667 0.14444444
1680.00000000 0.14444444 0.14888889
1696.00000000 0.13333333 0.13555556
1712.00000000 0.12666667 0.12666667
1728.00000000 0.12222222 0.12666667
1744.00000000 0.11555556 0.10444444
1760.00000000 0.11555556 0.11333333
1776.00000000 0.10666667 0.09555556
1792.00000000 0.11111111 0.10888889
1808.00000000 0.10888889 0.10666667
1824.00000000 0.10444444 0.10888889
1840.00000000 0.10000000 0.10222222
1856.00000000 0.10000000 0.09555556
1872.00000000 0.09333333 0.09333333
1888.00000000 0.08666667 0.08222222
1904.00000000 0.07777778 0.08222222
1920.00000000 0.08222222 0.08666667
1936.00000000 0.08444444 0.08666667
1952.00000000 0.07555556 0.07777778
1968.00000000 0.07777778 0.07555556
1984.00000000 0.07111111 0.07777778
2000.00000000 0.06888889 0.07111111
2016.00000000 0.06444444 0.07333333
2032.00000000 0.06666667 0.06666667
2048.00000000 0.06666667 0.06666667
2064.00000000 0.06444444 0.06000000
2080.00000000 0.05555556 0.06222222
2096.00000000 0.05777778 0.06222222
2112.00000000 0.05777778 0.06222222
2128.00000000 0.06222222 0.06000000
2144.00000000 0.06222222 0.06000000
2160.00000000 0.05111111 0.05555556
2176.00000000 0.06000000 0.05777778
2192.00000000 0.05333333 0.05333333
2208.00000000 0.05111111 0.04888889
2224.00000000 0.04666667 0.05333333
2240.00000000 0.05111111 0.04888889
2256.00000000 0.04666667 0.04888889
2272.00000000 0.04666667 0.05111111
2288.00000000 0.04888889 0.04666667
2304.00000000 0.04444444 0.05111111
2320.00000000 0.04888889 0.04666667
2336.00000000 0.04666667 0.04222222
2352.00000000 0.04000000 0.04222222
2368.00000000 0.04000000 0.04000000
2384.00000000 0.03777778 0.03777778
2400.00000000 0.03555556 0.03777778
2416.00000000 0.03333333 0.03777778
2432.00000000 0.03555556 0.03555556
2448.00000000 0.03555556 0.03555556
2464.00000000 0.03111111 0.02888889
2480.00000000 0.02888889 0.03333333
2496.00000000 0.03333333 0.03333333
2512.00000000 0.02888889 0.03111111
2528.00000000 0.02666667 0.03111111
2544.00000000 0.02888889 0.03111111
2560.00000000 0.02888889 0.03333333
2576.00000000 0.03111111 0.03111111
2592.00000000 0.02888889 0.03111111
2608.00000000 0.03333333 0.03111111
2624.00000000 0.03111111 0.02888889
2640.00000000 0.03111111 0.02888889
2656.00000000 0.02888889 0.02888889
2672.00000000 0.02888889 0.02666667
2688.00000000 0.02888889 0.02888889
2704.00000000 0.02666667 0.02444444
2720.00000000 0.02666667 0.02666667
2736.00000000 0.02222222 0.02444444
2752.00000000 0.02444444 0.02444444
2768.00000000 0.02222222 0.02444444
2784.00000000 0.02222222 0.02222222
2800.00000000 0.02222222 0.02444444
2816.00000000 0.02444444 0.02222222
2832.00000000 0.02222222 0.02444444
2848.00000000 0.02000000 0.02444444
2864.00000000 0.02444444 0.02444444
2880.00000000 0.02444444 0.02222222
2896.00000000 0.02222222 0.02444444
2912.00000000 0.02444444 0.02444444
2928.00000000 0.02000000 0.01777778
2944.00000000 0.02222222 0.01777778
2960.00000000 0.01777778 0.01777778
2976.00000000 0.02222222 0.02222222
2992.00000000 0.02000000 0.02000000
3008.00000000 0.02222222 0.01777778
3024.00000000 0.02222222 0.01555556
3040.00000000 0.02000000 0.01777778
3056.00000000 0.02222222 0.01555556
3072.00000000 0.02000000 0.02000000
3088.00000000 0.02000000 0.02000000
3104.00000000 0.02000000 0.01777778
3120.00000000 0.02000000 0.02000000
3136.00000000 0.01777778 0.01777778
3152.00000000 0.01777778 0.02000000
3168.00000000 0.02000000 0.01777778
3184.00000000 0.02000000 0.01777778
3200.00000000 0.01777778 0.01777778
