0 254.18181818 254.35454545
6.25000000 15.58181818 15.52000000
12.50000000 8.96909091 9.03818182
18.75000000 6.63272727 6.59272727
25.00000000 5.20727273 5.30181818
31.25000000 4.34363636 4.37636364
37.50000000 3.72363636 3.79272727
43.75000000 3.29454545 3.31272727
50.00000000 2.96363636 2.94181818
56.25000000 2.70181818 2.74545455
62.50000000 2.50181818 2.50000000
68.75000000 2.28909091 2.32909091
75.00000000 2.12909091 2.14545455
81.25000000 1.97090909 1.99454545
87.50000000 1.85636364 1.87454545
93.75000000 1.76181818 1.74909091
100.00000000 1.67090909 1.64363636
106.25000000 1.54727273 1.56727273
112.50000000 1.50363636 1.54000000
118.75000000 1.43454545 1.44909091
125.00000000 1.38545455 1.38181818
131.25000000 1.30000000 1.31090909
137.50000000 1.23818182 1.25818182
143.75000000 1.20181818 1.20181818
150.00000000 1.13818182 1.11454545
156.25000000 1.08181818 1.07818182
162.50000000 1.03636364 1.04727273
168.75000000 1.01090909 0.99454545
175.00000000 0.94545455 0.95818182
181.25000000 0.92909091 0.92181818
187.50000000 0.88000000 0.87636364
193.75000000 0.84363636 0.84545455
200.00000000 0.81090909 0.80181818
206.25000000 0.77272727 0.77818182
212.50000000 0.75454545 0.75272727
218.75000000 0.74363636 0.74000000
225.00000000 0.70363636 0.71090909
231.25000000 0.65454545 0.65272727
237.50000000 0.63272727 0.63090909
243.75000000 0.60545455 0.59272727
250.00000000 0.57636364 0.58545455
256.25000000 0.53636364 0.55090909
262.50000000 0.51818182 0.51454545
268.75000000 0.46363636 0.47454545
275.00000000 0.45636364 0.45090909
281.25000000 0.44727273 0.45454545
287.50000000 0.44000000 0.43636364
293.75000000 0.40363636 0.41090909
300.00000000 0.40909091 0.39636364
306.25000000 0.37454545 0.38545455
312.50000000 0.35636364 0.36909091
318.75000000 0.35454545 0.34909091
325.00000000 0.32727273 0.32727273
331.25000000 0.31636364 0.30909091
337.50000000 0.30909091 0.31090909
343.75000000 0.28545455 0.28909091
350.00000000 0.28000000 0.28181818
356.25000000 0.26727273 0.27636364
362.50000000 0.26000000 0.26545455
368.75000000 0.24181818 0.25818182
375.00000000 0.24181818 0.23454545
381.25000000 0.22545455 0.22363636
387.50000000 0.22545455 0.21636364
393.75000000 0.20727273 0.22181818
400.00000000 0.19818182 0.20363636
406.25000000 0.19272727 0.18727273
412.50000000 0.17090909 0.17636364
418.75000000 0.17454545 0.18000000
425.00000000 0.17454545 0.17454545
431.25000000 0.16545455 0.16363636
437.50000000 0.15090909 0.14181818
443.75000000 0.14181818 0.13454545
450.00000000 0.14181818 0.14181818
456.25000000 0.13454545 0.13454545
462.50000000 0.13272727 0.13636364
468.75000000 0.12727273 0.11818182
475.00000000 0.12000000 0.11818182
481.25000000 0.10909091 0.10363636
487.50000000 0.11090909 0.10727273
493.75000000 0.09818182 0.10181818
500.00000000 0.09090909 0.10000000
506.25000000 0.09818182 0.09272727
512.50000000 0.08727273 0.08909091
518.75000000 0.08363636 0.07272727
525.00000000 0.07090909 0.08181818
531.25000000 0.07818182 0.08000000
537.50000000 0.07636364 0.08000000
543.75000000 0.07272727 0.07818182
550.00000000 0.08000000 0.07818182
556.25000000 0.06727273 0.06909091
562.50000000 0.06363636 0.06909091
568.75000000 0.06000000 0.06545455
575.00000000 0.05818182 0.05818182
581.25000000 0.05636364 0.05818182
587.50000000 0.06000000 0.06000000
593.75000000 0.05454545 0.05090909
600.00000000 0.04727273 0.05090909
606.25000000 0.04727273 0.04727273
612.50000000 0.04727273 0.05272727
618.75000000 0.04545455 0.04909091
625.00000000 0.05090909 0.04909091
631.25000000 0.04545455 0.04545455
637.50000000 0.04727273 0.04909091
643.75000000 0.04363636 0.03818182
650.00000000 0.03818182 0.04000000
656.25000000 0.03454545 0.03090909
662.50000000 0.03272727 0.03272727
668.75000000 0.03454545 0.03454545
675.00000000 0.03090909 0.03090909
681.25000000 0.03090909 0.02727273
687.50000000 0.02727273 0.02545455
693.75000000 0.02181818 0.02363636
700.00000000 0.02181818 0.02181818
706.25000000 0.02181818 0.02181818
712.50000000 0.01636364 0.01818182
718.75000000 0.01636364 0.01636364
725.00000000 0.01636364 0.01272727
731.25000000 0.01454545 0.01636364
737.50000000 0.01454545 0.01272727
743.75000000 0.01454545 0.01272727
750.00000000 0.01454545 0.01272727
756.25000000 0.01272727 0.01090909
762.50000000 0.01090909 0.01090909
768.75000000 0.01090909 0.01090909
775.00000000 0.00909091 0.00909091
781.25000000 0.00727273 0.00545455
787.50000000 0.00545455 0.00727273
793.75000000 0.00181818 0.00545455
800.00000000 0.00363636 0.00545455
806.25000000 0.00363636 0.00545455
812.50000000 0.00545455 0.00363636
818.75000000 0.00545455 0.00545455
825.00000000 0.00363636 0.00363636
831.25000000 0.00363636 0.00363636
837.50000000 0.00363636 0.00363636
843.75000000 0.00363636 0.00363636
850.00000000 0.00363636 0.00363636
856.25000000 0.00363636 0.00363636
862.50000000 0.00363636 0.00363636
868.75000000 0.00363636 0.00363636
875.00000000 0.00363636 0.00363636
881.25000000 0.00363636 0.00363636
887.50000000 0.00363636 0.00363636
893.75000000 0.00363636 0.00363636
900.00000000 0.00363636 0.00181818
906.25000000 0.00363636 0.00363636
912.50000000 0.00363636 0.00363636
918.75000000 0.00363636 0.00363636
925.00000000 0.00363636 0.00363636
931.25000000 0.00363636 0.00363636
937.50000000 0.00363636 0.00363636
943.75000000 0.00363636 0.00363636
950.00000000 0.00363636 0.00363636
956.25000000 0.00363636 0.00363636
962.50000000 0.00363636 0.00363636
968.75000000 0.00363636 0.00181818
975.00000000 0.00363636 0.00363636
981.25000000 0.00363636 0.00363636
987.50000000 0.00363636 0.00363636
993.75000000 0.00363636 0.00363636
1000.00000000 0.00363636 0.00363636
1006.25000000 0.00363636 0.00363636
1012.50000000 0.00363636 0.00363636
1018.75000000 0.00363636 0.00363636
1025.00000000 0.00363636 0.00363636
1031.25000000 0.00363636 0.00363636
1037.50000000 0.00363636 0.00363636
1043.75000000 0.00363636 0.00363636
1050.00000000 0.00363636 0.00363636
1056.25000000 0.00363636 0.00363636
1062.50000000 0.00181818 0.00363636
1068.75000000 0.00363636 0.00363636
1075.00000000 0.00181818 0.00363636
1081.25000000 0.00363636 0.00363636
1087.50000000 0.00363636 0.00363636
1093.75000000 0.00363636 0.00363636
1100.00000000 0.00363636 0.00181818
1106.25000000 0.00363636 0.00363636
1112.50000000 0.00363636 0.00363636
1118.75000000 0.00363636 0.00363636
1125.00000000 0.00363636 0.00363636
1131.25000000 0.00363636 0.00363636
1137.50000000 0.00363636 0.00363636
1143.75000000 0.00363636 0.00363636
1150.00000000 0.00363636 0.00363636
1156.25000000 0.00363636 0.00363636
1162.50000000 0.00363636 0.00363636
1168.75000000 0.00363636 0.00363636
1175.00000000 0.00000000 0.00000000
1181.25000000 0.00000000 0.00000000
1187.50000000 0.00000000 0.00000000
1193.75000000 0.00000000 0.00000000
1200.00000000 0.00000000 0.00000000
1206.25000000 0.00000000 0.00000000
1212.50000000 0.00000000 0.00000000
1218.75000000 0.00000000 0.00000000
1225.00000000 0.00000000 0.00000000
1231.25000000 0.00000000 0.00000000
1237.50000000 0.00000000 0.00000000
1243.75000000 0.00000000 0.00000000
1250.00000000 0.00000000 0.00000000
