0 253.91428571 254.29571429
6.25000000 15.56428571 15.53000000
12.50000000 8.98285714 9.02857143
18.75000000 6.59285714 6.58142857
25.00000000 5.20714286 5.27857143
31.25000000 4.35142857 4.36714286
37.50000000 3.72000000 3.79714286
43.75000000 3.29571429 3.30571429
50.00000000 2.93857143 2.92000000
56.25000000 2.69000000 2.70428571
62.50000000 2.46000000 2.47285714
68.75000000 2.27285714 2.31142857
75.00000000 2.10714286 2.12571429
81.25000000 1.96000000 1.98285714
87.50000000 1.84571429 1.86285714
93.75000000 1.76000000 1.74714286
100.00000000 1.66142857 1.64571429
106.25000000 1.55000000 1.57571429
112.50000000 1.51428571 1.53000000
118.75000000 1.44285714 1.44714286
125.00000000 1.38571429 1.38000000
131.25000000 1.30714286 1.30857143
137.50000000 1.23571429 1.25428571
143.75000000 1.18571429 1.19714286
150.00000000 1.13571429 1.11714286
156.25000000 1.07000000 1.07000000
162.50000000 1.02142857 1.02000000
168.75000000 0.98714286 0.98714286
175.00000000 0.93857143 0.94142857
181.25000000 0.90714286 0.90571429
187.50000000 0.86285714 0.86285714
193.75000000 0.83142857 0.82857143
200.00000000 0.80142857 0.79285714
206.25000000 0.75571429 0.76714286
212.50000000 0.73714286 0.74285714
218.75000000 0.72714286 0.72571429
225.00000000 0.68714286 0.69142857
231.25000000 0.63857143 0.64285714
237.50000000 0.61857143 0.61714286
243.75000000 0.59142857 0.58571429
250.00000000 0.56000000 0.56857143
256.25000000 0.52571429 0.53857143
262.50000000 0.51000000 0.50285714
268.75000000 0.45714286 0.47714286
275.00000000 0.45142857 0.44571429
281.25000000 0.43285714 0.44000000
287.50000000 0.42857143 0.42857143
293.75000000 0.39428571 0.40000000
300.00000000 0.39428571 0.38285714
306.25000000 0.36714286 0.37428571
312.50000000 0.34428571 0.35571429
318.75000000 0.34142857 0.33857143
325.00000000 0.31714286 0.31428571
331.25000000 0.31142857 0.29857143
337.50000000 0.30428571 0.30428571
343.75000000 0.28000000 0.28571429
350.00000000 0.27714286 0.27428571
356.25000000 0.26142857 0.26428571
362.50000000 0.25142857 0.25714286
368.75000000 0.23428571 0.24857143
375.00000000 0.23428571 0.23285714
381.25000000 0.22285714 0.22142857
387.50000000 0.22285714 0.21285714
393.75000000 0.20857143 0.22142857
400.00000000 0.20285714 0.20714286
406.25000000 0.19571429 0.18857143
412.50000000 0.17714286 0.18285714
418.75000000 0.18142857 0.18571429
425.00000000 0.18000000 0.18000000
431.25000000 0.17428571 0.17285714
437.50000000 0.16142857 0.15000000
443.75000000 0.15428571 0.14428571
450.00000000 0.15285714 0.14857143
456.25000000 0.14428571 0.14285714
462.50000000 0.14142857 0.14714286
468.75000000 0.14000000 0.13142857
475.00000000 0.13142857 0.13285714
481.25000000 0.12714286 0.12285714
487.50000000 0.12285714 0.12571429
493.75000000 0.11857143 0.11857143
500.00000000 0.11142857 0.11714286
506.25000000 0.11142857 0.10857143
512.50000000 0.10000000 0.10571429
518.75000000 0.10000000 0.09000000
525.00000000 0.08857143 0.09714286
531.25000000 0.09571429 0.09571429
537.50000000 0.09285714 0.09428571
543.75000000 0.08714286 0.09428571
550.00000000 0.09571429 0.09428571
556.25000000 0.08285714 0.08571429
562.50000000 0.07857143 0.08142857
568.75000000 0.07142857 0.08000000
575.00000000 0.07714286 0.07571429
581.25000000 0.06857143 0.07285714
587.50000000 0.07428571 0.07285714
593.75000000 0.07000000 0.06857143
600.00000000 0.06571429 0.06857143
606.25000000 0.06000000 0.05857143
612.50000000 0.05857143 0.06142857
618.75000000 0.05714286 0.05714286
625.00000000 0.05571429 0.05571429
631.25000000 0.05142857 0.05285714
637.50000000 0.05285714 0.05428571
643.75000000 0.04857143 0.04571429
650.00000000 0.04714286 0.04571429
656.25000000 0.04142857 0.03857143
662.50000000 0.04285714 0.04285714
668.75000000 0.04285714 0.04142857
675.00000000 0.04000000 0.04000000
681.25000000 0.03857143 0.03428571
687.50000000 0.03714286 0.03428571
693.75000000 0.03142857 0.03142857
700.00000000 0.03285714 0.03142857
706.25000000 0.03142857 0.03285714
712.50000000 0.02857143 0.03000000
718.75000000 0.02571429 0.02857143
725.00000000 0.02714286 0.02428571
731.25000000 0.02285714 0.02714286
737.50000000 0.02285714 0.02428571
743.75000000 0.02428571 0.02142857
750.00000000 0.02142857 0.02142857
756.25000000 0.01857143 0.01714286
762.50000000 0.01714286 0.01857143
768.75000000 0.01857143 0.01857143
775.00000000 0.01428571 0.01571429
781.25000000 0.01142857 0.01000000
787.50000000 0.00857143 0.01285714
793.75000000 0.00857143 0.01000000
800.00000000 0.00857143 0.01142857
806.25000000 0.01000000 0.01000000
812.50000000 0.01000000 0.01000000
818.75000000 0.01142857 0.01142857
825.00000000 0.01000000 0.00857143
831.25000000 0.00857143 0.01000000
837.50000000 0.01000000 0.01000000
843.75000000 0.00857143 0.00857143
850.00000000 0.00714286 0.00714286
856.25000000 0.00857143 0.00857143
862.50000000 0.00714286 0.00857143
868.75000000 0.00857143 0.00857143
875.00000000 0.00714286 0.00857143
881.25000000 0.00857143 0.00857143
887.50000000 0.00571429 0.00857143
893.75000000 0.00714286 0.00857143
900.00000000 0.00714286 0.00714286
906.25000000 0.00714286 0.00857143
912.50000000 0.00857143 0.00714286
918.75000000 0.00857143 0.00857143
925.00000000 0.00857143 0.00857143
931.25000000 0.00857143 0.00857143
937.50000000 0.00857143 0.00857143
943.75000000 0.00857143 0.00714286
950.00000000 0.00857143 0.00428571
956.25000000 0.00714286 0.00857143
962.50000000 0.00857143 0.00714286
968.75000000 0.00857143 0.00714286
975.00000000 0.00857143 0.00857143
981.25000000 0.00857143 0.00857143
987.50000000 0.00714286 0.00857143
993.75000000 0.00857143 0.00714286
1000.00000000 0.00714286 0.00714286
1006.25000000 0.00714286 0.00857143
1012.50000000 0.00714286 0.00714286
1018.75000000 0.00714286 0.00857143
1025.00000000 0.00714286 0.00714286
1031.25000000 0.00857143 0.00857143
1037.50000000 0.00857143 0.00857143
1043.75000000 0.00857143 0.00857143
1050.00000000 0.00857143 0.00857143
1056.25000000 0.00714286 0.00857143
1062.50000000 0.00714286 0.00714286
1068.75000000 0.00857143 0.00857143
1075.00000000 0.00714286 0.00714286
1081.25000000 0.00857143 0.00857143
1087.50000000 0.00857143 0.00857143
1093.75000000 0.00714286 0.00857143
1100.00000000 0.00857143 0.00714286
1106.25000000 0.00857143 0.00714286
1112.50000000 0.00857143 0.00857143
1118.75000000 0.00857143 0.00714286
1125.00000000 0.00714286 0.00857143
1131.25000000 0.00857143 0.00857143
1137.50000000 0.00857143 0.00714286
1143.75000000 0.00857143 0.00857143
1150.00000000 0.00857143 0.00857143
1156.25000000 0.00857143 0.00857143
1162.50000000 0.00714286 0.00857143
1168.75000000 0.00857143 0.00857143
1175.00000000 0.00285714 0.00571429
1181.25000000 0.00428571 0.00571429
1187.50000000 0.00428571 0.00571429
1193.75000000 0.00571429 0.00571429
1200.00000000 0.00428571 0.00571429
1206.25000000 0.00571429 0.00571429
1212.50000000 0.00428571 0.00285714
1218.75000000 0.00571429 0.00428571
1225.00000000 0.00571429 0.00571429
1231.25000000 0.00571429 0.00571429
1237.50000000 0.00571429 0.00571429
1243.75000000 0.00571429 0.00571429
1250.00000000 0.00571429 0.00571429
