0 253.17456359 253.70324190
6.25000000 15.46695761 15.44576060
12.50000000 9.04426434 9.05112219
18.75000000 6.58104738 6.57481297
25.00000000 5.19700748 5.20822943
31.25000000 4.33354115 4.35411471
37.50000000 3.71384040 3.74812968
43.75000000 3.29738155 3.28802993
50.00000000 2.96633416 2.95261845
56.25000000 2.69077307 2.70012469
62.50000000 2.45261845 2.46571072
68.75000000 2.27618454 2.30486284
75.00000000 2.09351621 2.11845387
81.25000000 1.96446384 1.97568579
87.50000000 1.85910224 1.85286783
93.75000000 1.74438903 1.74438903
100.00000000 1.64900249 1.63591022
106.25000000 1.55735661 1.56359102
112.50000000 1.48503741 1.49750623
118.75000000 1.40897756 1.41708229
125.00000000 1.34725686 1.35162095
131.25000000 1.28241895 1.27930175
137.50000000 1.23192020 1.22693267
143.75000000 1.16583541 1.17456359
150.00000000 1.12655860 1.11159601
156.25000000 1.07044888 1.08291771
162.50000000 1.02680798 1.02743142
168.75000000 0.98441397 0.98690773
175.00000000 0.94139651 0.95573566
181.25000000 0.91832918 0.92206983
187.50000000 0.87531172 0.87468828
193.75000000 0.84413965 0.84476309
200.00000000 0.81608479 0.81296758
206.25000000 0.77992519 0.78428928
212.50000000 0.74189526 0.74501247
218.75000000 0.72132170 0.72381546
225.00000000 0.68640898 0.69389027
231.25000000 0.65149626 0.65274314
237.50000000 0.63029925 0.62344140
243.75000000 0.59788030 0.59538653
250.00000000 0.56296758 0.57605985
256.25000000 0.53491272 0.54488778
262.50000000 0.51496259 0.51059850
268.75000000 0.47568579 0.48316708
275.00000000 0.45698254 0.45947631
281.25000000 0.43578554 0.44201995
287.50000000 0.41645885 0.41770574
293.75000000 0.39463840 0.39089776
300.00000000 0.37780549 0.37842893
306.25000000 0.36221945 0.36471322
312.50000000 0.33603491 0.34289277
318.75000000 0.33354115 0.32917706
325.00000000 0.31546135 0.31608479
331.25000000 0.30174564 0.29613466
337.50000000 0.29052369 0.29114713
343.75000000 0.26995012 0.27556110
350.00000000 0.25685786 0.25685786
356.25000000 0.24002494 0.24563591
362.50000000 0.23441397 0.23566085
368.75000000 0.21633416 0.22256858
375.00000000 0.21197007 0.21009975
381.25000000 0.19763092 0.19576060
387.50000000 0.19513716 0.19264339
393.75000000 0.18453865 0.19139651
400.00000000 0.18079800 0.18329177
406.25000000 0.17206983 0.17206983
412.50000000 0.16147132 0.16334165
418.75000000 0.15897756 0.15897756
425.00000000 0.15211970 0.15336658
431.25000000 0.14463840 0.14837905
437.50000000 0.13653367 0.13092269
443.75000000 0.12967581 0.12468828
450.00000000 0.12842893 0.12593516
456.25000000 0.11845387 0.11658354
462.50000000 0.11284289 0.11658354
468.75000000 0.11159601 0.10785536
475.00000000 0.10536160 0.09975062
481.25000000 0.09912718 0.09850374
487.50000000 0.09538653 0.09538653
493.75000000 0.09039900 0.09164589
500.00000000 0.08852868 0.09039900
506.25000000 0.08354115 0.08478803
512.50000000 0.07980050 0.08291771
518.75000000 0.07605985 0.07044888
525.00000000 0.07169576 0.07107232
531.25000000 0.07231920 0.07044888
537.50000000 0.06670823 0.06733167
543.75000000 0.06546135 0.06733167
550.00000000 0.06857855 0.06795511
556.25000000 0.06109726 0.06546135
562.50000000 0.05985037 0.06109726
568.75000000 0.05673317 0.05735661
575.00000000 0.05610973 0.05548628
581.25000000 0.05361596 0.05423940
587.50000000 0.05299252 0.05423940
593.75000000 0.05112219 0.04987531
600.00000000 0.04862843 0.05112219
606.25000000 0.04488778 0.04426434
612.50000000 0.04239401 0.04551122
618.75000000 0.04052369 0.04052369
625.00000000 0.03990025 0.03865337
631.25000000 0.03553616 0.03740648
637.50000000 0.03678304 0.03802993
643.75000000 0.03304239 0.03179551
650.00000000 0.02992519 0.03117207
656.25000000 0.02680798 0.02680798
662.50000000 0.02930175 0.02930175
668.75000000 0.02805486 0.02743142
675.00000000 0.02680798 0.02743142
681.25000000 0.02556110 0.02369077
687.50000000 0.02493766 0.02431421
693.75000000 0.02244389 0.02244389
700.00000000 0.02119701 0.02182045
706.25000000 0.02182045 0.02306733
712.50000000 0.02119701 0.02119701
718.75000000 0.01745636 0.01932668
725.00000000 0.01932668 0.01807980
731.25000000 0.01683292 0.01683292
737.50000000 0.01620948 0.01745636
743.75000000 0.01558603 0.01620948
750.00000000 0.01496259 0.01558603
756.25000000 0.01433915 0.01371571
762.50000000 0.01309227 0.01309227
768.75000000 0.01246883 0.01309227
775.00000000 0.01059850 0.01184539
781.25000000 0.00997506 0.00935162
787.50000000 0.00872818 0.01059850
793.75000000 0.00872818 0.00935162
800.00000000 0.00748130 0.00810474
806.25000000 0.00935162 0.00935162
812.50000000 0.00935162 0.00935162
818.75000000 0.00997506 0.00997506
825.00000000 0.00872818 0.00810474
831.25000000 0.00872818 0.00872818
837.50000000 0.00935162 0.00935162
843.75000000 0.00748130 0.00872818
850.00000000 0.00810474 0.00810474
856.25000000 0.00810474 0.00872818
862.50000000 0.00748130 0.00748130
868.75000000 0.00810474 0.00685786
875.00000000 0.00748130 0.00748130
881.25000000 0.00810474 0.00810474
887.50000000 0.00561097 0.00748130
893.75000000 0.00748130 0.00810474
900.00000000 0.00748130 0.00685786
906.25000000 0.00685786 0.00748130
912.50000000 0.00748130 0.00685786
918.75000000 0.00623441 0.00623441
925.00000000 0.00685786 0.00685786
931.25000000 0.00685786 0.00685786
937.50000000 0.00623441 0.00685786
943.75000000 0.00623441 0.00623441
950.00000000 0.00561097 0.00498753
956.25000000 0.00561097 0.00685786
962.50000000 0.00685786 0.00623441
968.75000000 0.00685786 0.00623441
975.00000000 0.00623441 0.00623441
981.25000000 0.00623441 0.00623441
987.50000000 0.00561097 0.00623441
993.75000000 0.00561447 0.00561447
1000.00000000 0.00499064 0.00561447
1006.25000000 0.00561447 0.00561447
1012.50000000 0.00436681 0.00561447
1018.75000000 0.00561447 0.00623830
1025.00000000 0.00561447 0.00499064
1031.25000000 0.00561447 0.00623830
1037.50000000 0.00499064 0.00561447
1043.75000000 0.00561447 0.00623830
1050.00000000 0.00623830 0.00623830
1056.25000000 0.00499064 0.00561447
1062.50000000 0.00436681 0.00499064
1068.75000000 0.00499064 0.00561447
1075.00000000 0.00499064 0.00499064
1081.25000000 0.00561447 0.00561447
1087.50000000 0.00561447 0.00561447
1093.75000000 0.00374298 0.00499064
1100.00000000 0.00499064 0.00436681
1106.25000000 0.00436681 0.00436681
1112.50000000 0.00499064 0.00436681
1118.75000000 0.00499064 0.00436681
1125.00000000 0.00436681 0.00499064
1131.25000000 0.00499064 0.00499064
1137.50000000 0.00499064 0.00436681
1143.75000000 0.00499064 0.00499064
1150.00000000 0.00499064 0.00436681
1156.25000000 0.00499064 0.00499064
1162.50000000 0.00374298 0.00499064
1168.75000000 0.00499064 0.00499064
1175.00000000 0.00249532 0.00374298
1181.25000000 0.00311915 0.00374298
1187.50000000 0.00311915 0.00311915
1193.75000000 0.00311915 0.00374298
1200.00000000 0.00311915 0.00311915
1206.25000000 0.00374298 0.00374298
1212.50000000 0.00311915 0.00249532
1218.75000000 0.00374298 0.00249532
1225.00000000 0.00374298 0.00374298
1231.25000000 0.00374298 0.00374298
1237.50000000 0.00374298 0.00374298
1243.75000000 0.00374298 0.00374298
1250.00000000 0.00374298 0.00374298
