0 253.64818182 254.11545455
6.25000000 15.52272727 15.52000000
12.50000000 9.08181818 9.09454545
18.75000000 6.58000000 6.57818182
25.00000000 5.16818182 5.21454545
31.25000000 4.31636364 4.34909091
37.50000000 3.71000000 3.74090909
43.75000000 3.26818182 3.27909091
50.00000000 2.93181818 2.92090909
56.25000000 2.66181818 2.67454545
62.50000000 2.42818182 2.43818182
68.75000000 2.24727273 2.27818182
75.00000000 2.07090909 2.09636364
81.25000000 1.93363636 1.95454545
87.50000000 1.81000000 1.82636364
93.75000000 1.70909091 1.71090909
100.00000000 1.62545455 1.61090909
106.25000000 1.52454545 1.53909091
112.50000000 1.46727273 1.47636364
118.75000000 1.39636364 1.40000000
125.00000000 1.33909091 1.34000000
131.25000000 1.26545455 1.26818182
137.50000000 1.21000000 1.20636364
143.75000000 1.16000000 1.17000000
150.00000000 1.11454545 1.10090909
156.25000000 1.05545455 1.05909091
162.50000000 1.00636364 1.00636364
168.75000000 0.97000000 0.97454545
175.00000000 0.92454545 0.92454545
181.25000000 0.88818182 0.89272727
187.50000000 0.85181818 0.84909091
193.75000000 0.81636364 0.81272727
200.00000000 0.78727273 0.78545455
206.25000000 0.74636364 0.75818182
212.50000000 0.72181818 0.73090909
218.75000000 0.70363636 0.70818182
225.00000000 0.66454545 0.67363636
231.25000000 0.62545455 0.63272727
237.50000000 0.61090909 0.60090909
243.75000000 0.57545455 0.57090909
250.00000000 0.54636364 0.55727273
256.25000000 0.51636364 0.52545455
262.50000000 0.49181818 0.48727273
268.75000000 0.45090909 0.45818182
275.00000000 0.43454545 0.43909091
281.25000000 0.41818182 0.43000000
287.50000000 0.41090909 0.41000000
293.75000000 0.38545455 0.38272727
300.00000000 0.37545455 0.37272727
306.25000000 0.35909091 0.36454545
312.50000000 0.33090909 0.34000000
318.75000000 0.33000000 0.32636364
325.00000000 0.30454545 0.30636364
331.25000000 0.29818182 0.28818182
337.50000000 0.29090909 0.28636364
343.75000000 0.27090909 0.27454545
350.00000000 0.26181818 0.26000000
356.25000000 0.24636364 0.25272727
362.50000000 0.24181818 0.24454545
368.75000000 0.22454545 0.23181818
375.00000000 0.21818182 0.21909091
381.25000000 0.20363636 0.20363636
387.50000000 0.20454545 0.19909091
393.75000000 0.19090909 0.19909091
400.00000000 0.19090909 0.19454545
406.25000000 0.17818182 0.17636364
412.50000000 0.16363636 0.16727273
418.75000000 0.16454545 0.16545455
425.00000000 0.16181818 0.16272727
431.25000000 0.15363636 0.15727273
437.50000000 0.14181818 0.13545455
443.75000000 0.13454545 0.12909091
450.00000000 0.13363636 0.13181818
456.25000000 0.12363636 0.12090909
462.50000000 0.11727273 0.12272727
468.75000000 0.11727273 0.11090909
475.00000000 0.10909091 0.10727273
481.25000000 0.10454545 0.10272727
487.50000000 0.10090909 0.10181818
493.75000000 0.09454545 0.09636364
500.00000000 0.09181818 0.09545455
506.25000000 0.09000000 0.08727273
512.50000000 0.08181818 0.08636364
518.75000000 0.08090909 0.07363636
525.00000000 0.07454545 0.07818182
531.25000000 0.07909091 0.07818182
537.50000000 0.07272727 0.07636364
543.75000000 0.07181818 0.07545455
550.00000000 0.07818182 0.07727273
556.25000000 0.06454545 0.07090909
562.50000000 0.06545455 0.06636364
568.75000000 0.06000000 0.06181818
575.00000000 0.06272727 0.06272727
581.25000000 0.05636364 0.06000000
587.50000000 0.06000000 0.05909091
593.75000000 0.05727273 0.05454545
600.00000000 0.05363636 0.05545455
606.25000000 0.04818182 0.04727273
612.50000000 0.04727273 0.05000000
618.75000000 0.04636364 0.04545455
625.00000000 0.04545455 0.04454545
631.25000000 0.04000000 0.04181818
637.50000000 0.04181818 0.04272727
643.75000000 0.03727273 0.03636364
650.00000000 0.03636364 0.03545455
656.25000000 0.03090909 0.03000000
662.50000000 0.03363636 0.03363636
668.75000000 0.03272727 0.03181818
675.00000000 0.03181818 0.03181818
681.25000000 0.02909091 0.02727273
687.50000000 0.03000000 0.02818182
693.75000000 0.02545455 0.02545455
700.00000000 0.02545455 0.02454545
706.25000000 0.02545455 0.02636364
712.50000000 0.02363636 0.02363636
718.75000000 0.02000000 0.02272727
725.00000000 0.02272727 0.02090909
731.25000000 0.02000000 0.02272727
737.50000000 0.01909091 0.02090909
743.75000000 0.02000000 0.01909091
750.00000000 0.01909091 0.01909091
756.25000000 0.01727273 0.01636364
762.50000000 0.01545455 0.01636364
768.75000000 0.01545455 0.01545455
775.00000000 0.01181818 0.01363636
781.25000000 0.01090909 0.01000000
787.50000000 0.00909091 0.01181818
793.75000000 0.00909091 0.01000000
800.00000000 0.00818182 0.00909091
806.25000000 0.01000000 0.01000000
812.50000000 0.01000000 0.01000000
818.75000000 0.01090909 0.01090909
825.00000000 0.01000000 0.00909091
831.25000000 0.00909091 0.00909091
837.50000000 0.01000000 0.01000000
843.75000000 0.00818182 0.00909091
850.00000000 0.00818182 0.00818182
856.25000000 0.00818182 0.00909091
862.50000000 0.00818182 0.00818182
868.75000000 0.00818182 0.00727273
875.00000000 0.00727273 0.00727273
881.25000000 0.00818182 0.00818182
887.50000000 0.00545455 0.00727273
893.75000000 0.00727273 0.00818182
900.00000000 0.00727273 0.00727273
906.25000000 0.00636364 0.00727273
912.50000000 0.00727273 0.00636364
918.75000000 0.00636364 0.00545455
925.00000000 0.00636364 0.00636364
931.25000000 0.00636364 0.00636364
937.50000000 0.00636364 0.00636364
943.75000000 0.00636364 0.00545455
950.00000000 0.00636364 0.00363636
956.25000000 0.00545455 0.00636364
962.50000000 0.00636364 0.00545455
968.75000000 0.00636364 0.00545455
975.00000000 0.00545455 0.00545455
981.25000000 0.00545455 0.00545455
987.50000000 0.00454545 0.00545455
993.75000000 0.00545455 0.00454545
1000.00000000 0.00454545 0.00454545
1006.25000000 0.00454545 0.00545455
1012.50000000 0.00454545 0.00454545
1018.75000000 0.00454545 0.00545455
1025.00000000 0.00454545 0.00454545
1031.25000000 0.00545455 0.00545455
1037.50000000 0.00545455 0.00545455
1043.75000000 0.00545455 0.00545455
1050.00000000 0.00545455 0.00545455
1056.25000000 0.00454545 0.00545455
1062.50000000 0.00454545 0.00454545
1068.75000000 0.00545455 0.00545455
1075.00000000 0.00454545 0.00454545
1081.25000000 0.00545455 0.00545455
1087.50000000 0.00545455 0.00545455
1093.75000000 0.00454545 0.00545455
1100.00000000 0.00545455 0.00454545
1106.25000000 0.00545455 0.00454545
1112.50000000 0.00545455 0.00545455
1118.75000000 0.00545455 0.00454545
1125.00000000 0.00454545 0.00545455
1131.25000000 0.00545455 0.00545455
1137.50000000 0.00545455 0.00454545
1143.75000000 0.00545455 0.00545455
1150.00000000 0.00545455 0.00545455
1156.25000000 0.00545455 0.00545455
1162.50000000 0.00454545 0.00545455
1168.75000000 0.00545455 0.00545455
1175.00000000 0.00181818 0.00363636
1181.25000000 0.00272727 0.00363636
1187.50000000 0.00272727 0.00363636
1193.75000000 0.00363636 0.00363636
1200.00000000 0.00272727 0.00363636
1206.25000000 0.00363636 0.00363636
1212.50000000 0.00272727 0.00181818
1218.75000000 0.00363636 0.00272727
1225.00000000 0.00363636 0.00363636
1231.25000000 0.00363636 0.00363636
1237.50000000 0.00363636 0.00363636
1243.75000000 0.00363636 0.00363636
1250.00000000 0.00363636 0.00363636
