0 9.98885e-07
6.25 0.00128657
12.5 0.00147887
18.75 0.00104477
25 0.000802341
31.25 0.000839246
37.5 0.000599815
43.75 0.000545786
50 0.000560218
56.25 0.000664293
62.5 0.000516108
68.75 0.000393521
75 0.000442326
81.25 0.000412149
87.5 0.000332865
93.75 0.000353192
100 0.000369387
106.25 0.000336959
112.5 0.000345474
118.75 0.000363655
125 0.000307407
131.25 0.000316537
137.5 0.000406609
143.75 0.000335446
150 0.00031793
156.25 0.000333365
162.5 0.000354588
168.75 0.000507965
175 0.000490355
181.25 0.000361062
187.5 0.000275661
193.75 0.000267044
200 0.000253933
206.25 0.000253721
212.5 0.00025272
218.75 0.000345029
225 0.00033824
231.25 0.000326682
237.5 0.000285032
243.75 0.000305956
250 0.000333979
256.25 0.000314298
262.5 0.00027911
268.75 0.00026447
275 0.000251905
281.25 0.000285782
287.5 0.000277319
293.75 0.000248939
300 0.000271873
306.25 0.000344726
312.5 0.00025132
318.75 0.000251342
325 0.000237619
331.25 0.000240644
337.5 0.000234099
343.75 0.00022229
350 0.000212551
356.25 0.000218666
362.5 0.000248086
368.75 0.000229835
375 0.000257402
381.25 0.000225889
387.5 0.000199952
393.75 0.000295848
400 0.000379137
406.25 0.00037921
412.5 0.000302628
418.75 0.000243181
425 0.000230561
431.25 0.00026657
437.5 0.000257843
443.75 0.000246786
450 0.000305893
456.25 0.000271918
462.5 0.000222748
468.75 0.000188696
475 0.000216711
481.25 0.000342617
487.5 0.000642398
493.75 0.00109055
500 0.0015901
506.25 0.00183747
512.5 0.00210178
518.75 0.00238692
525 0.00265053
531.25 0.00296495
537.5 0.00302882
543.75 0.00307274
550 0.00315664
556.25 0.00341152
562.5 0.00395736
568.75 0.00457005
575 0.00526174
581.25 0.00612034
587.5 0.00683238
593.75 0.00741056
600 0.00772071
606.25 0.00816574
612.5 0.00822365
618.75 0.00849542
625 0.00874116
631.25 0.00887657
637.5 0.00901374
643.75 0.00894723
650 0.00900007
656.25 0.00921658
662.5 0.00927027
668.75 0.00928326
675 0.00942
681.25 0.00940426
687.5 0.00937072
693.75 0.00939267
700 0.00951075
706.25 0.00958989
712.5 0.0100498
718.75 0.0103658
725 0.0107611
731.25 0.0112355
737.5 0.0116145
743.75 0.01178
750 0.0119238
756.25 0.0120137
762.5 0.0120721
768.75 0.0121664
775 0.0122455
781.25 0.0124802
787.5 0.0124981
793.75 0.0124081
800 0.0124635
806.25 0.0123692
812.5 0.0124285
818.75 0.0124775
825 0.0126638
831.25 0.0129973
837.5 0.0133786
843.75 0.0138234
850 0.014105
856.25 0.0144509
862.5 0.0147327
868.75 0.0149718
875 0.0151509
881.25 0.0153042
887.5 0.0152819
893.75 0.0152822
900 0.015296
906.25 0.0153506
912.5 0.0153237
918.75 0.0154938
925 0.0155243
931.25 0.0154214
937.5 0.0155386
943.75 0.015503
950 0.0154485
956.25 0.0154688
962.5 0.0154404
968.75 0.0154723
975 0.0154679
981.25 0.0154035
987.5 0.0154348
993.75 0.0154181
1000 0.0153352
1006.25 0.0154425
1012.5 0.0154258
1018.75 0.0154075
1025 0.0153181
1031.25 0.0153499
1037.5 0.0153519
1043.75 0.0153583
1050 0.0155041
1056.25 0.0154544
1062.5 0.0154891
1068.75 0.0154783
1075 0.0152842
1081.25 0.0154321
1087.5 0.0153779
1093.75 0.0153514
1100 0.0153999
1106.25 0.015331
1112.5 0.0154076
1118.75 0.0152962
1125 0.0155391
1131.25 0.0154947
1137.5 0.0154185
1143.75 0.0153244
1150 0.0153428
1156.25 0.0153018
1162.5 0.0153408
1168.75 0.0153776
1175 0.0153235
1181.25 0.0152751
1187.5 0.0153798
1193.75 0.0153542
1200 0.0152972
1206.25 0.0153823
1212.5 0.0153961
1218.75 0.0154525
1225 0.0154905
1231.25 0.0155271
1237.5 0.0154831
1243.75 0.015546
1250 0.0154714
