0 0.000725937
6.25 0.0238346
12.5 0.025894
18.75 0.0224604
25 0.0211329
31.25 0.020114
37.5 0.0178271
43.75 0.0172824
50 0.0168177
56.25 0.0167764
62.5 0.0148497
68.75 0.0139468
75 0.0148902
81.25 0.0147764
87.5 0.0132379
93.75 0.014307
100 0.0143492
106.25 0.0134333
112.5 0.0130987
118.75 0.0133367
125 0.0130686
131.25 0.0127595
137.5 0.0135746
143.75 0.0129749
150 0.0125665
156.25 0.0125933
162.5 0.0128707
168.75 0.0135887
175 0.0133752
181.25 0.0130702
187.5 0.0116843
193.75 0.0117452
200 0.0117402
206.25 0.0114173
212.5 0.0111348
218.75 0.0127676
225 0.0117777
231.25 0.0118867
237.5 0.011787
243.75 0.0120435
250 0.0125558
256.25 0.0124997
262.5 0.0122495
268.75 0.0118486
275 0.0110789
281.25 0.0119064
287.5 0.011944
293.75 0.0114649
300 0.0117257
306.25 0.0123065
312.5 0.0111624
318.75 0.0111612
325 0.0108514
331.25 0.0107764
337.5 0.0109492
343.75 0.0107298
350 0.0107082
356.25 0.0103564
362.5 0.0106039
368.75 0.0105082
375 0.0108473
381.25 0.0104581
387.5 0.00994453
393.75 0.0110869
400 0.0117781
406.25 0.0119558
412.5 0.011524
418.75 0.010567
425 0.0105641
431.25 0.0104318
437.5 0.0104483
443.75 0.0101289
450 0.0106084
456.25 0.0101393
462.5 0.0102063
468.75 0.00968291
475 0.00984354
481.25 0.0101236
487.5 0.0102399
493.75 0.010903
500 0.0107558
506.25 0.0106207
512.5 0.0116786
518.75 0.0122279
525 0.0128637
531.25 0.0134574
537.5 0.0126167
543.75 0.0128555
550 0.0134321
556.25 0.013818
562.5 0.0148303
568.75 0.0162116
575 0.0167574
581.25 0.017082
587.5 0.0177056
593.75 0.0177559
600 0.017226
606.25 0.0174157
612.5 0.0184058
618.75 0.0186239
625 0.0193041
631.25 0.0195552
637.5 0.0192403
643.75 0.0186951
650 0.0182033
656.25 0.0183044
662.5 0.018956
668.75 0.0191851
675 0.020029
681.25 0.0204727
687.5 0.0197929
693.75 0.0195594
700 0.0188602
706.25 0.0193565
712.5 0.0202151
718.75 0.0203214
725 0.0199318
731.25 0.0205236
737.5 0.0209452
743.75 0.0209907
750 0.0210216
756.25 0.021342
762.5 0.0212336
768.75 0.0210295
775 0.0219739
781.25 0.0221966
787.5 0.0220049
793.75 0.0215012
800 0.0216354
806.25 0.0218213
812.5 0.0221558
818.75 0.0221993
825 0.0225363
831.25 0.0227478
837.5 0.02289
843.75 0.0237081
850 0.0237175
856.25 0.0234983
862.5 0.0236077
868.75 0.0240728
875 0.0238423
881.25 0.0239454
887.5 0.0239875
893.75 0.0243212
900 0.0238922
906.25 0.0243361
912.5 0.024207
918.75 0.0240597
925 0.024215
931.25 0.0232437
937.5 0.0238213
943.75 0.0240709
950 0.0246884
956.25 0.0241281
962.5 0.0242758
968.75 0.0236624
975 0.0240752
981.25 0.023599
987.5 0.0240942
993.75 0.023909
1000 0.0243178
1006.25 0.0242925
1012.5 0.0239721
1018.75 0.0239994
1025 0.0239522
1031.25 0.0240134
1037.5 0.0236252
1043.75 0.0242074
1050 0.0244331
1056.25 0.0236019
1062.5 0.0237966
1068.75 0.02451
1075 0.0243305
1081.25 0.0246844
1087.5 0.0242502
1093.75 0.0246752
1100 0.0244192
1106.25 0.0236856
1112.5 0.0246507
1118.75 0.024021
1125 0.0242786
1131.25 0.0242655
1137.5 0.0247524
1143.75 0.0238268
1150 0.0240858
1156.25 0.0236702
1162.5 0.0237711
1168.75 0.0234459
1175 0.0240447
1181.25 0.0241303
1187.5 0.0239461
1193.75 0.0238564
1200 0.0233204
1206.25 0.0234978
1212.5 0.023464
1218.75 0.0235092
1225 0.0241702
1231.25 0.0239796
1237.5 0.0243121
1243.75 0.0249424
1250 0.0248128
