0 0.104527
6.25 -0.264735
12.5 -0.20562
18.75 -0.0710131
25 0.203439
31.25 -0.0743899
37.5 0.112643
43.75 0.172686
50 0.0192774
56.25 -0.360277
62.5 -0.340466
68.75 -0.0230947
75 0.00499881
81.25 0.112363
87.5 0.100539
93.75 0.274506
100 0.205972
106.25 0.132706
112.5 -0.0135202
118.75 -0.0445231
125 0.20006
131.25 0.0557292
137.5 -0.20659
143.75 0.00743393
150 -0.0132688
156.25 -0.102028
162.5 -0.140532
168.75 -0.750924
175 -0.741008
181.25 -0.113582
187.5 -0.0191427
193.75 0.0642091
200 0.157664
206.25 0.0536048
212.5 -0.0383368
218.75 -0.116586
225 -0.438378
231.25 -0.312071
237.5 -0.0515702
243.75 -0.109394
250 -0.118524
256.25 -0.0116007
262.5 0.139905
268.75 0.116163
275 -0.0523276
281.25 -0.0159173
287.5 0.0560563
293.75 0.106115
300 0.022628
306.25 -0.276166
312.5 -0.0170306
318.75 -0.0176245
325 -0.0179421
331.25 -0.0721707
337.5 0.0473153
343.75 0.0692055
350 0.14633
356.25 -0.0387418
362.5 -0.206317
368.75 -0.0814202
375 -0.187616
381.25 -0.0653411
387.5 -0.0218856
393.75 -0.406863
400 -0.733031
406.25 -0.652921
412.5 -0.278791
418.75 -0.177825
425 -0.0659733
431.25 -0.449571
437.5 -0.361914
443.75 -0.405446
450 -0.718122
456.25 -0.644976
462.5 -0.13835
468.75 -0.0125647
475 -0.23655
481.25 -1.34302
487.5 -4.12647
493.75 -7.17396
500 -11.7447
506.25 -14.2896
512.5 -13.41
518.75 -13.9638
525 -14.0176
531.25 -14.3718
537.5 -17.0275
543.75 -16.5931
550 -15.496
556.25 -15.8671
562.5 -15.9931
568.75 -15.3889
575 -16.7378
581.25 -18.9749
587.5 -19.7948
593.75 -21.5053
600 -24.0188
606.25 -24.9223
612.5 -22.2748
618.75 -22.493
625 -21.4569
631.25 -21.2124
637.5 -22.3491
643.75 -23.5997
650 -25.1609
656.25 -25.5079
662.5 -23.7987
668.75 -23.2215
675 -21.4817
681.25 -20.4375
687.5 -21.9195
693.75 -22.5514
700 -24.7375
706.25 -23.5953
712.5 -22.5926
718.75 -23.1013
725 -25.0871
731.25 -24.6738
737.5 -24.4747
743.75 -24.7356
750 -24.9824
756.25 -24.3758
762.5 -24.7755
768.75 -25.511
775 -23.3608
781.25 -23.3306
787.5 -23.8109
793.75 -24.8396
800 -24.6263
806.25 -23.9767
812.5 -23.3189
818.75 -23.3191
825 -22.9344
831.25 -23.1174
837.5 -23.5338
843.75 -22.5937
850 -23.0748
856.25 -24.1711
862.5 -24.4346
868.75 -23.8359
875 -24.6528
881.25 -24.6912
887.5 -24.5588
893.75 -23.8355
900 -24.7958
906.25 -23.9195
912.5 -24.1506
918.75 -24.7656
925 -24.4755
931.25 -26.544
937.5 -25.3828
943.75 -24.7567
950 -23.3456
956.25 -24.5712
962.5 -24.2006
968.75 -25.6336
975 -24.6865
981.25 -25.6586
987.5 -24.5875
993.75 -24.9718
1000 -23.9323
1006.25 -24.1683
1012.5 -24.8433
1018.75 -24.7504
1025 -24.7001
1031.25 -24.6194
1037.5 -25.5048
1043.75 -24.2088
1050 -23.9711
1056.25 -25.7435
1062.5 -25.3525
1068.75 -23.7654
1075 -23.8192
1081.25 -23.3268
1087.5 -24.1498
1093.75 -23.2131
1100 -23.8258
1106.25 -25.3276
1112.5 -23.3557
1118.75 -24.5093
1125 -24.362
1131.25 -24.3151
1137.5 -23.1657
1143.75 -24.9931
1150 -24.4472
1156.25 -25.311
1162.5 -25.1487
1168.75 -25.9742
1175 -24.5045
1181.25 -24.2337
1187.5 -24.8215
1193.75 -24.9786
1200 -26.1282
1206.25 -25.8592
1212.5 -25.9643
1218.75 -25.9591
1225 -24.5157
1231.25 -25.0025
1237.5 -24.1948
1243.75 -22.9885
1250 -23.129
