0 1.72363e-08
84.5 0.00602329
169 0.0205484
253.5 0.0423568
338 0.0698107
422.5 0.102838
507 0.139738
591.5 0.182009
676 0.222544
760.5 0.266499
845 0.309682
929.5 0.352347
1014 0.392916
1098.5 0.429796
1183 0.467513
1267.5 0.503268
1352 0.538196
1436.5 0.569778
1521 0.600272
1605.5 0.628064
1690 0.652295
1774.5 0.676465
1859 0.697887
1943.5 0.717318
2028 0.736126
2112.5 0.75057
2197 0.765409
2281.5 0.778363
2366 0.789894
2450.5 0.799609
2535 0.808548
2619.5 0.818433
2704 0.827825
2788.5 0.83386
2873 0.841477
2957.5 0.846512
3042 0.852498
3126.5 0.857931
3211 0.860834
3295.5 0.864511
3380 0.868129
3464.5 0.871781
3549 0.874481
3633.5 0.877217
3718 0.879915
3802.5 0.882302
3887 0.882974
3971.5 0.886213
4056 0.88777
4140.5 0.887966
4225 0.887643
4309.5 0.887952
4394 0.888571
4478.5 0.889973
4563 0.890099
4647.5 0.891222
4732 0.891808
4816.5 0.891817
4901 0.891716
4985.5 0.893024
5070 0.89447
5154.5 0.895617
5239 0.895893
5323.5 0.895585
5408 0.897489
5492.5 0.897642
5577 0.898252
5661.5 0.898665
5746 0.898455
5830.5 0.898584
5915 0.89783
5999.5 0.898476
6084 0.899217
6168.5 0.898955
6253 0.898681
6337.5 0.899213
6422 0.898912
6506.5 0.899326
6591 0.899339
6675.5 0.89956
6760 0.898591
6844.5 0.899188
6929 0.898253
7013.5 0.898545
7098 0.899082
7182.5 0.899169
7267 0.898983
7351.5 0.898865
7436 0.899054
7520.5 0.899339
7605 0.898605
7689.5 0.899631
7774 0.898628
7858.5 0.898936
7943 0.898324
8027.5 0.898759
8112 0.899497
8196.5 0.899776
8281 0.898938
8365.5 0.898268
8450 0.899316
