0 9.97922e-05
84.5 0.0504028
169 0.0930645
253.5 0.135868
338 0.184852
422.5 0.233031
507 0.277593
591.5 0.324731
676 0.367486
760.5 0.414317
845 0.460009
929.5 0.499899
1014 0.537429
1098.5 0.568934
1183 0.602573
1267.5 0.632118
1352 0.660958
1436.5 0.6865
1521 0.710802
1605.5 0.731957
1690 0.751667
1774.5 0.772212
1859 0.790077
1943.5 0.80602
2028 0.822347
2112.5 0.835269
2197 0.846377
2281.5 0.858386
2366 0.865806
2450.5 0.873333
2535 0.878611
2619.5 0.886096
2704 0.890743
2788.5 0.896332
2873 0.901045
2957.5 0.904617
3042 0.907887
3126.5 0.911355
3211 0.914117
3295.5 0.916613
3380 0.918624
3464.5 0.920462
3549 0.921928
3633.5 0.924468
3718 0.927473
3802.5 0.930229
3887 0.931085
3971.5 0.93288
4056 0.934418
4140.5 0.934808
4225 0.934276
4309.5 0.934463
4394 0.934635
4478.5 0.935733
4563 0.935425
4647.5 0.936847
4732 0.937342
4816.5 0.937987
4901 0.938437
4985.5 0.939991
5070 0.941089
5154.5 0.941447
5239 0.942248
5323.5 0.94295
5408 0.945128
5492.5 0.94616
5577 0.946829
5661.5 0.947903
5746 0.948046
5830.5 0.947685
5915 0.947321
5999.5 0.947848
6084 0.948146
6168.5 0.948204
6253 0.947934
6337.5 0.948518
6422 0.947836
6506.5 0.9483
6591 0.947864
6675.5 0.947697
6760 0.947516
6844.5 0.948145
6929 0.947504
7013.5 0.947317
7098 0.947616
7182.5 0.948033
7267 0.94754
7351.5 0.94747
7436 0.947914
7520.5 0.948576
7605 0.94877
7689.5 0.948871
7774 0.947985
7858.5 0.947844
7943 0.947508
8027.5 0.947779
8112 0.948009
8196.5 0.947922
8281 0.947425
8365.5 0.947416
8450 0.94855
