0 9.7568e-05
84.5 0.0557189
169 0.106202
253.5 0.15613
338 0.205835
422.5 0.254577
507 0.301183
591.5 0.348731
676 0.39125
760.5 0.435459
845 0.476035
929.5 0.514225
1014 0.550385
1098.5 0.582373
1183 0.614055
1267.5 0.643191
1352 0.67083
1436.5 0.696644
1521 0.720484
1605.5 0.741428
1690 0.759466
1774.5 0.777992
1859 0.793887
1943.5 0.808385
2028 0.822526
2112.5 0.834142
2197 0.845446
2281.5 0.855688
2366 0.864655
2450.5 0.872823
2535 0.879487
2619.5 0.887085
2704 0.893822
2788.5 0.898399
2873 0.904184
2957.5 0.908131
3042 0.912384
3126.5 0.916488
3211 0.919135
3295.5 0.921947
3380 0.924418
3464.5 0.927171
3549 0.92924
3633.5 0.931201
3718 0.933135
3802.5 0.934931
3887 0.935599
3971.5 0.937528
4056 0.938527
4140.5 0.938849
4225 0.93888
4309.5 0.939158
4394 0.939735
4478.5 0.940696
4563 0.940932
4647.5 0.941909
4732 0.942562
4816.5 0.942847
4901 0.942971
4985.5 0.943936
5070 0.944908
5154.5 0.945678
5239 0.946066
5323.5 0.946044
5408 0.947229
5492.5 0.94738
5577 0.947724
5661.5 0.947958
5746 0.947847
5830.5 0.947916
5915 0.947517
5999.5 0.947861
6084 0.948255
6168.5 0.948116
6253 0.94797
6337.5 0.94825
6422 0.948093
6506.5 0.948311
6591 0.948319
6675.5 0.948437
6760 0.947923
6844.5 0.948236
6929 0.947744
7013.5 0.947896
7098 0.948185
7182.5 0.94823
7267 0.948131
7351.5 0.948067
7436 0.948171
7520.5 0.948319
7605 0.94793
7689.5 0.948473
7774 0.947944
7858.5 0.948106
7943 0.947782
8027.5 0.948013
8112 0.948403
8196.5 0.948551
8281 0.948108
8365.5 0.947755
8450 0.948306
