0 1.73616e-08
84.5 0.00524153
169 0.0154052
253.5 0.0309155
338 0.0544172
422.5 0.0838903
507 0.115741
591.5 0.15494
676 0.194032
760.5 0.237835
845 0.285748
929.5 0.330118
1014 0.37256
1098.5 0.409522
1183 0.448964
1267.5 0.485306
1352 0.522142
1436.5 0.55412
1521 0.585351
1605.5 0.613074
1690 0.639038
1774.5 0.66659
1859 0.689913
1943.5 0.712071
2028 0.734411
2112.5 0.751246
2197 0.767034
2281.5 0.782939
2366 0.793492
2450.5 0.803503
2535 0.810821
2619.5 0.821025
2704 0.827924
2788.5 0.835823
2873 0.841891
2957.5 0.845736
3042 0.849806
3126.5 0.853887
3211 0.857101
3295.5 0.860198
3380 0.863315
3464.5 0.864942
3549 0.866008
3633.5 0.869359
3718 0.8734
3802.5 0.877551
3887 0.878675
3971.5 0.881945
4056 0.884547
4140.5 0.885094
4225 0.884042
4309.5 0.884502
4394 0.884351
4478.5 0.885764
4563 0.884972
4647.5 0.886188
4732 0.886018
4816.5 0.886226
4901 0.886699
4985.5 0.888448
5070 0.889695
5154.5 0.889741
5239 0.890054
5323.5 0.890687
5408 0.893919
5492.5 0.895483
5577 0.896626
5661.5 0.89858
5746 0.898832
5830.5 0.898149
5915 0.897458
5999.5 0.898448
6084 0.899011
6168.5 0.899127
6253 0.898616
6337.5 0.899715
6422 0.898425
6506.5 0.899301
6591 0.898475
6675.5 0.89816
6760 0.897825
6844.5 0.899019
6929 0.897803
7013.5 0.897454
7098 0.898008
7182.5 0.898794
7267 0.897864
7351.5 0.897737
7436 0.898566
7520.5 0.899823
7605 0.900188
7689.5 0.900381
7774 0.898707
7858.5 0.898444
7943 0.897804
8027.5 0.89832
8112 0.898752
8196.5 0.898589
8281 0.897648
8365.5 0.897629
8450 0.899782
