0 1.81524e-08
84.5 0.00550903
169 0.0184223
253.5 0.0374032
338 0.0615889
422.5 0.0921866
507 0.124853
591.5 0.163801
676 0.202563
760.5 0.24656
845 0.290958
929.5 0.334002
1014 0.376736
1098.5 0.415438
1183 0.456336
1267.5 0.494193
1352 0.532001
1436.5 0.565271
1521 0.597893
1605.5 0.62545
1690 0.650533
1774.5 0.674556
1859 0.696262
1943.5 0.717074
2028 0.73602
2112.5 0.750875
2197 0.766923
2281.5 0.782098
2366 0.794415
2450.5 0.804325
2535 0.812465
2619.5 0.822497
2704 0.831434
2788.5 0.837426
2873 0.843617
2957.5 0.847916
3042 0.852474
3126.5 0.857248
3211 0.861049
3295.5 0.86424
3380 0.867239
3464.5 0.86999
3549 0.872113
3633.5 0.875042
3718 0.878776
3802.5 0.881976
3887 0.881828
3971.5 0.885133
4056 0.887917
4140.5 0.887762
4225 0.887029
4309.5 0.887993
4394 0.888695
4478.5 0.889597
4563 0.888703
4647.5 0.889911
4732 0.890719
4816.5 0.890268
4901 0.890721
4985.5 0.893108
5070 0.893963
5154.5 0.895306
5239 0.895557
5323.5 0.895223
5408 0.896594
5492.5 0.897644
5577 0.898628
5661.5 0.898714
5746 0.898616
5830.5 0.898685
5915 0.898126
5999.5 0.898745
6084 0.899452
6168.5 0.898861
6253 0.898311
6337.5 0.898959
6422 0.898264
6506.5 0.898641
6591 0.898221
6675.5 0.89951
6760 0.898536
6844.5 0.899152
6929 0.897675
7013.5 0.898042
7098 0.898733
7182.5 0.899133
7267 0.89871
7351.5 0.899364
7436 0.899164
7520.5 0.899767
7605 0.89909
7689.5 0.900301
7774 0.899093
7858.5 0.89852
7943 0.898193
8027.5 0.899347
8112 0.899245
8196.5 0.899497
8281 0.898699
8365.5 0.898344
8450 0.899549
