0 0.000100679
84.5 0.0525697
169 0.099797
253.5 0.145979
338 0.193401
422.5 0.241669
507 0.286141
591.5 0.332681
676 0.374974
760.5 0.421523
845 0.46441
929.5 0.503968
1014 0.542166
1098.5 0.575072
1183 0.608434
1267.5 0.638414
1352 0.667537
1436.5 0.693867
1521 0.718732
1605.5 0.739385
1690 0.758388
1774.5 0.777
1859 0.793176
1943.5 0.80849
2028 0.822723
2112.5 0.834658
2197 0.846673
2281.5 0.858099
2366 0.867397
2450.5 0.875325
2535 0.881189
2619.5 0.888746
2704 0.894992
2788.5 0.899522
2873 0.904427
2957.5 0.907993
3042 0.911538
3126.5 0.915396
3211 0.918629
3295.5 0.921065
3380 0.92315
3464.5 0.925474
3549 0.927285
3633.5 0.929531
3718 0.93219
3802.5 0.93445
3887 0.934657
3971.5 0.936485
4056 0.938194
4140.5 0.938271
4225 0.93798
4309.5 0.938623
4394 0.939304
4478.5 0.93997
4563 0.939652
4647.5 0.940778
4732 0.941594
4816.5 0.941678
4901 0.942088
4985.5 0.943706
5070 0.944408
5154.5 0.945286
5239 0.945738
5323.5 0.945745
5408 0.946706
5492.5 0.947362
5577 0.947913
5661.5 0.94798
5746 0.947933
5830.5 0.94797
5915 0.947677
5999.5 0.948005
6084 0.948379
6168.5 0.948065
6253 0.947773
6337.5 0.948116
6422 0.94775
6506.5 0.947948
6591 0.947728
6675.5 0.94841
6760 0.947893
6844.5 0.948216
6929 0.947438
7013.5 0.947629
7098 0.948001
7182.5 0.948211
7267 0.947986
7351.5 0.94833
7436 0.94823
7520.5 0.948546
7605 0.948189
7689.5 0.948829
7774 0.948188
7858.5 0.947885
7943 0.947712
8027.5 0.948324
8112 0.94827
8196.5 0.948404
8281 0.947982
8365.5 0.947796
8450 0.948429
