0 1.5404e-08
84.5 0.00705182
169 0.0248007
253.5 0.052264
338 0.0862542
422.5 0.124141
507 0.169509
591.5 0.218424
676 0.262505
760.5 0.306377
845 0.347129
929.5 0.389037
1014 0.425276
1098.5 0.458513
1183 0.489867
1267.5 0.521417
1352 0.550585
1436.5 0.578791
1521 0.605029
1605.5 0.633293
1690 0.655818
1774.5 0.680284
1859 0.701137
1943.5 0.717805
2028 0.736339
2112.5 0.749961
2197 0.762381
2281.5 0.770894
2366 0.780853
2450.5 0.790177
2535 0.800714
2619.5 0.810305
2704 0.820606
2788.5 0.826729
2873 0.837197
2957.5 0.843705
3042 0.852545
3126.5 0.859296
3211 0.860405
3295.5 0.865054
3380 0.869908
3464.5 0.875362
3549 0.879216
3633.5 0.881567
3718 0.882193
3802.5 0.882954
3887 0.885265
3971.5 0.888374
4056 0.887477
4140.5 0.888374
4225 0.888872
4309.5 0.88787
4394 0.888323
4478.5 0.890724
4563 0.89289
4647.5 0.893843
4732 0.893987
4816.5 0.894915
4901 0.893705
4985.5 0.892855
5070 0.895483
5154.5 0.89624
5239 0.896566
5323.5 0.896308
5408 0.899279
5492.5 0.897639
5577 0.897499
5661.5 0.898567
5746 0.898132
5830.5 0.898383
5915 0.897237
5999.5 0.897939
6084 0.898748
6168.5 0.899142
6253 0.89942
6337.5 0.899722
6422 0.900207
6506.5 0.900695
6591 0.901575
6675.5 0.899661
6760 0.898702
6844.5 0.899259
6929 0.899408
7013.5 0.89955
7098 0.899779
7182.5 0.899242
7267 0.899528
7351.5 0.897866
7436 0.898834
7520.5 0.898482
7605 0.897634
7689.5 0.89829
7774 0.897699
7858.5 0.899768
7943 0.898587
8027.5 0.897583
8112 0.900001
8196.5 0.900334
8281 0.899417
8365.5 0.898115
8450 0.89885
