0 0.189374
84.5 0.0598784
169 0.178147
253.5 0.262398
338 0.35228
422.5 0.41322
507 0.459528
591.5 0.503382
676 0.546194
760.5 0.594594
845 0.633414
929.5 0.667508
1014 0.702919
1098.5 0.732756
1183 0.76012
1267.5 0.78348
1352 0.804043
1436.5 0.825957
1521 0.843625
1605.5 0.857475
1690 0.869093
1774.5 0.882377
1859 0.892695
1943.5 0.902323
2028 0.911939
2112.5 0.921273
2197 0.929166
2281.5 0.936955
2366 0.943466
2450.5 0.950396
2535 0.954686
2619.5 0.959955
2704 0.963817
2788.5 0.966871
2873 0.970731
2957.5 0.973554
3042 0.97591
3126.5 0.978593
3211 0.981031
3295.5 0.982912
3380 0.984109
3464.5 0.985884
3549 0.987268
3633.5 0.988373
3718 0.989464
3802.5 0.990611
3887 0.991286
3971.5 0.991746
4056 0.992123
4140.5 0.992593
4225 0.993025
4309.5 0.993271
4394 0.993806
4478.5 0.994277
4563 0.994641
4647.5 0.995458
4732 0.996189
4816.5 0.996787
4901 0.997165
4985.5 0.997746
5070 0.998187
5154.5 0.998534
5239 0.999048
5323.5 0.999347
5408 0.999726
5492.5 0.999874
5577 0.999922
5661.5 0.999954
5746 0.999955
5830.5 0.999957
5915 0.999954
5999.5 0.999959
6084 0.999966
6168.5 0.999966
6253 0.999963
6337.5 0.999961
6422 0.999964
6506.5 0.999964
6591 0.999966
6675.5 0.999969
6760 0.999964
6844.5 0.99996
6929 0.999961
7013.5 0.999959
7098 0.999971
7182.5 0.999968
7267 0.999967
7351.5 0.999963
7436 0.999971
7520.5 0.999968
7605 0.999963
7689.5 0.999966
7774 0.999965
7858.5 0.999965
7943 0.999962
8027.5 0.999966
8112 0.999967
8196.5 0.99997
8281 0.999967
8365.5 0.999969
8450 0.999964
