0 0.256599
84.5 -0.0632339
169 0.221312
253.5 0.325273
338 0.407466
422.5 0.455154
507 0.497999
591.5 0.530676
676 0.563213
760.5 0.614484
845 0.649637
929.5 0.678992
1014 0.710104
1098.5 0.734815
1183 0.763508
1267.5 0.785439
1352 0.804799
1436.5 0.824229
1521 0.841437
1605.5 0.855696
1690 0.868966
1774.5 0.882145
1859 0.894762
1943.5 0.903946
2028 0.914003
2112.5 0.923215
2197 0.929253
2281.5 0.937416
2366 0.941474
2450.5 0.946516
2535 0.949655
2619.5 0.954329
2704 0.956518
2788.5 0.959656
2873 0.963037
2957.5 0.966513
3042 0.969006
3126.5 0.971922
3211 0.974281
3295.5 0.976173
3380 0.976957
3464.5 0.979119
3549 0.981109
3633.5 0.982778
3718 0.984662
3802.5 0.985872
3887 0.98644
3971.5 0.98658
4056 0.986932
4140.5 0.987151
4225 0.987202
4309.5 0.987081
4394 0.987626
4478.5 0.988387
4563 0.988627
4647.5 0.990309
4732 0.991568
4816.5 0.992718
4901 0.993146
4985.5 0.994494
5070 0.99543
5154.5 0.996144
5239 0.997497
5323.5 0.998276
5408 0.99927
5492.5 0.999706
5577 0.999843
5661.5 0.999933
5746 0.999955
5830.5 0.999953
5915 0.999954
5999.5 0.999965
6084 0.999966
6168.5 0.99996
6253 0.999958
6337.5 0.999969
6422 0.999965
6506.5 0.999968
6591 0.999968
6675.5 0.999966
6760 0.999956
6844.5 0.999956
6929 0.999956
7013.5 0.999951
7098 0.999965
7182.5 0.999968
7267 0.999965
7351.5 0.999958
7436 0.999972
7520.5 0.99997
7605 0.999975
7689.5 0.999973
7774 0.999965
7858.5 0.99996
7943 0.999963
8027.5 0.999962
8112 0.999966
8196.5 0.999964
8281 0.999962
8365.5 0.999964
8450 0.999962
