0 0.209161
84.5 0.00655886
169 0.150265
253.5 0.24479
338 0.353406
422.5 0.421565
507 0.475115
591.5 0.520003
676 0.559348
760.5 0.612352
845 0.650956
929.5 0.684946
1014 0.71834
1098.5 0.743792
1183 0.767298
1267.5 0.787473
1352 0.806117
1436.5 0.825902
1521 0.842582
1605.5 0.855934
1690 0.868939
1774.5 0.882684
1859 0.893291
1943.5 0.902981
2028 0.912618
2112.5 0.922169
2197 0.930155
2281.5 0.937848
2366 0.944127
2450.5 0.950234
2535 0.953676
2619.5 0.958692
2704 0.962019
2788.5 0.965043
2873 0.968668
2957.5 0.971539
3042 0.974038
3126.5 0.976969
3211 0.979655
3295.5 0.981282
3380 0.98236
3464.5 0.984253
3549 0.985748
3633.5 0.987253
3718 0.988724
3802.5 0.989946
3887 0.990563
3971.5 0.990731
4056 0.991243
4140.5 0.991584
4225 0.991791
4309.5 0.992077
4394 0.992743
4478.5 0.993149
4563 0.993479
4647.5 0.994522
4732 0.995353
4816.5 0.996041
4901 0.996404
4985.5 0.997162
5070 0.997694
5154.5 0.998053
5239 0.998729
5323.5 0.999119
5408 0.999618
5492.5 0.999834
5577 0.999901
5661.5 0.999947
5746 0.999958
5830.5 0.999959
5915 0.999961
5999.5 0.999964
6084 0.999967
6168.5 0.999962
6253 0.999958
6337.5 0.999961
6422 0.999963
6506.5 0.999961
6591 0.999964
6675.5 0.999969
6760 0.999961
6844.5 0.999959
6929 0.99996
7013.5 0.999955
7098 0.99997
7182.5 0.999967
7267 0.999963
7351.5 0.999962
7436 0.999973
7520.5 0.999969
7605 0.99997
7689.5 0.999972
7774 0.999965
7858.5 0.999963
7943 0.99996
8027.5 0.999967
8112 0.999969
8196.5 0.99997
8281 0.999967
8365.5 0.999969
8450 0.999965
