0 0.000167952
20.25 0.0269849
40.5 0.0515293
60.75 0.0739694
81 0.0976853
101.25 0.119084
121.5 0.141681
141.75 0.164128
162 0.185471
182.25 0.206279
202.5 0.226838
222.75 0.246951
243 0.266802
263.25 0.286909
283.5 0.307001
303.75 0.324578
324 0.341097
344.25 0.358731
364.5 0.374751
384.75 0.391626
405 0.407825
425.25 0.423866
445.5 0.439978
465.75 0.45745
486 0.47292
506.25 0.487866
526.5 0.502488
546.75 0.516911
567 0.532406
587.25 0.546744
607.5 0.559824
627.75 0.573185
648 0.586197
668.25 0.597326
688.5 0.609315
708.75 0.619971
729 0.630681
749.25 0.642036
769.5 0.653814
789.75 0.664049
810 0.67371
830.25 0.684216
850.5 0.695224
870.75 0.70505
891 0.714019
911.25 0.723342
931.5 0.732453
951.75 0.741422
972 0.749229
992.25 0.758056
1012.5 0.76488
1032.75 0.772176
1053 0.77943
1073.25 0.785359
1093.5 0.791293
1113.75 0.797057
1134 0.803868
1154.25 0.809634
1174.5 0.815581
1194.75 0.819646
1215 0.825942
1235.25 0.830651
1255.5 0.835192
1275.75 0.840362
1296 0.845605
1316.25 0.850404
1336.5 0.854637
1356.75 0.858496
1377 0.861777
1397.25 0.865764
1417.5 0.868965
1437.75 0.871343
1458 0.87521
1478.25 0.87856
1498.5 0.882144
1518.75 0.884017
1539 0.886954
1559.25 0.89008
1579.5 0.892233
1599.75 0.89444
1620 0.896546
1640.25 0.897964
1660.5 0.900081
1680.75 0.901739
1701 0.903338
1721.25 0.904804
1741.5 0.906444
1761.75 0.908346
1782 0.909722
1802.25 0.910592
1822.5 0.911731
1842.75 0.912504
1863 0.914169
1883.25 0.915313
1903.5 0.91584
1923.75 0.916636
1944 0.917136
1964.25 0.918216
1984.5 0.918919
2004.75 0.919706
2025 0.920671
2045.25 0.921615
2065.5 0.922488
2085.75 0.922831
2106 0.923981
2126.25 0.92523
2146.5 0.926236
2166.75 0.927294
2187 0.928585
2207.25 0.928859
2227.5 0.929946
2247.75 0.929759
2268 0.930637
2288.25 0.931426
2308.5 0.932159
2328.75 0.932634
2349 0.932832
2369.25 0.932654
2389.5 0.933817
2409.75 0.934332
2430 0.934952
2450.25 0.935129
2470.5 0.935253
2490.75 0.935501
2511 0.935906
2531.25 0.936443
2551.5 0.93694
2571.75 0.937179
2592 0.937896
2612.25 0.938151
2632.5 0.939006
2652.75 0.939357
2673 0.939783
2693.25 0.939896
2713.5 0.94023
2733.75 0.940886
2754 0.941302
2774.25 0.941913
2794.5 0.941541
2814.75 0.942254
2835 0.942197
2855.25 0.94282
2875.5 0.943094
2895.75 0.943042
2916 0.942989
2936.25 0.943474
2956.5 0.943465
2976.75 0.943399
2997 0.943476
3017.25 0.943149
3037.5 0.94323
3057.75 0.943682
3078 0.944066
3098.25 0.944155
3118.5 0.94404
3138.75 0.943929
3159 0.944027
3179.25 0.944193
3199.5 0.944221
3219.75 0.944547
3240 0.944925
3260.25 0.944538
3280.5 0.944027
3300.75 0.94447
3321 0.944395
3341.25 0.944578
3361.5 0.944715
3381.75 0.944888
3402 0.945188
3422.25 0.945116
3442.5 0.945184
3462.75 0.945176
3483 0.945554
3503.25 0.945368
3523.5 0.945317
3543.75 0.944244
3564 0.944951
3584.25 0.945525
3604.5 0.946196
3624.75 0.945835
3645 0.945679
3665.25 0.945733
3685.5 0.945956
3705.75 0.945335
3726 0.945568
3746.25 0.945323
3766.5 0.945513
3786.75 0.945549
3807 0.945348
3827.25 0.945422
3847.5 0.946078
3867.75 0.946598
3888 0.94637
3908.25 0.946322
3928.5 0.946829
3948.75 0.946706
3969 0.946979
3989.25 0.947745
4009.5 0.947922
4029.75 0.948273
4050 0.948402
