0 5.78311e-08
20.25 0.00140837
40.5 0.00517988
60.75 0.0105048
81 0.0183485
101.25 0.0269899
121.5 0.0374489
141.75 0.0494332
162 0.0619049
182.25 0.0759518
202.5 0.0908166
222.75 0.106347
243 0.122198
263.25 0.138932
283.5 0.156221
303.75 0.17251
324 0.187841
344.25 0.205313
364.5 0.220004
384.75 0.236204
405 0.252222
425.25 0.269198
445.5 0.284928
465.75 0.302687
486 0.318944
506.25 0.335735
526.5 0.351054
546.75 0.366645
567 0.384243
587.25 0.400901
607.5 0.416258
627.75 0.432057
648 0.447055
668.25 0.459974
688.5 0.473597
708.75 0.487075
729 0.499398
749.25 0.512365
769.5 0.525915
789.75 0.538162
810 0.549179
830.25 0.561568
850.5 0.574769
870.75 0.587115
891 0.598606
911.25 0.61092
931.5 0.623189
951.75 0.634783
972 0.644972
992.25 0.65618
1012.5 0.664985
1032.75 0.674007
1053 0.683109
1073.25 0.690775
1093.5 0.698363
1113.75 0.705736
1134 0.71425
1154.25 0.721986
1174.5 0.730188
1194.75 0.735402
1215 0.743775
1235.25 0.749863
1255.5 0.755955
1275.75 0.762488
1296 0.769576
1316.25 0.775982
1336.5 0.781749
1356.75 0.787382
1377 0.791669
1397.25 0.797136
1417.5 0.801027
1437.75 0.804066
1458 0.808932
1478.25 0.812949
1498.5 0.818389
1518.75 0.820808
1539 0.824837
1559.25 0.82914
1579.5 0.831822
1599.75 0.834732
1620 0.837792
1640.25 0.839409
1660.5 0.842179
1680.75 0.844206
1701 0.846216
1721.25 0.848167
1741.5 0.850249
1761.75 0.852853
1782 0.85447
1802.25 0.855632
1822.5 0.857103
1842.75 0.857795
1863 0.860526
1883.25 0.86184
1903.5 0.86197
1923.75 0.86278
1944 0.863337
1964.25 0.864603
1984.5 0.865149
2004.75 0.865957
2025 0.867202
2045.25 0.86819
2065.5 0.869171
2085.75 0.869261
2106 0.870966
2126.25 0.872841
2146.5 0.874642
2166.75 0.875798
2187 0.8777
2207.25 0.878097
2227.5 0.87951
2247.75 0.879055
2268 0.880302
2288.25 0.881372
2308.5 0.882414
2328.75 0.88329
2349 0.883422
2369.25 0.882655
2389.5 0.884484
2409.75 0.884881
2430 0.885968
2450.25 0.885984
2470.5 0.886079
2490.75 0.886197
2511 0.886505
2531.25 0.887394
2551.5 0.888194
2571.75 0.888475
2592 0.889457
2612.25 0.889656
2632.5 0.89122
2652.75 0.891715
2673 0.892147
2693.25 0.892126
2713.5 0.892513
2733.75 0.893517
2754 0.8943
2774.25 0.8955
2794.5 0.894748
2814.75 0.895911
2835 0.895643
2855.25 0.896547
2875.5 0.896924
2895.75 0.89649
2916 0.896305
2936.25 0.897005
2956.5 0.897112
2976.75 0.896856
2997 0.896879
3017.25 0.896354
3037.5 0.896416
3057.75 0.897146
3078 0.897664
3098.25 0.89781
3118.5 0.897568
3138.75 0.897418
3159 0.897495
3179.25 0.897899
3199.5 0.897914
3219.75 0.898373
3240 0.89897
3260.25 0.89837
3280.5 0.897353
3300.75 0.898118
3321 0.897934
3341.25 0.898358
3361.5 0.898632
3381.75 0.899053
3402 0.899538
3422.25 0.89929
3442.5 0.89944
3462.75 0.899474
3483 0.900036
3503.25 0.899729
3523.5 0.899606
3543.75 0.897565
3564 0.898825
3584.25 0.899813
3604.5 0.900919
3624.75 0.900212
3645 0.899702
3665.25 0.899793
3685.5 0.900187
3705.75 0.899
3726 0.899283
3746.25 0.89869
3766.5 0.898948
3786.75 0.898902
3807 0.898386
3827.25 0.898379
3847.5 0.899433
3867.75 0.900234
3888 0.899728
3908.25 0.899585
3928.5 0.900461
3948.75 0.900156
3969 0.900629
3989.25 0.902045
4009.5 0.902358
4029.75 0.903015
4050 0.903251
