0 5.67148e-08
20.25 0.00144596
40.5 0.00538274
60.75 0.0108152
81 0.0187497
101.25 0.0275246
121.5 0.03796
141.75 0.0499987
162 0.063024
182.25 0.0771762
202.5 0.0922778
222.75 0.108382
243 0.124664
263.25 0.141581
283.5 0.158689
303.75 0.174683
324 0.19087
344.25 0.208262
364.5 0.223437
384.75 0.240206
405 0.256645
425.25 0.273275
445.5 0.288746
465.75 0.306052
486 0.322474
506.25 0.33947
526.5 0.355144
546.75 0.370671
567 0.387872
587.25 0.404226
607.5 0.419238
627.75 0.434489
648 0.448881
668.25 0.461506
688.5 0.475179
708.75 0.489138
729 0.501876
749.25 0.514481
769.5 0.528323
789.75 0.540811
810 0.552176
830.25 0.564675
850.5 0.577353
870.75 0.589339
891 0.601094
911.25 0.6129
931.5 0.625237
951.75 0.636741
972 0.647414
992.25 0.659004
1012.5 0.667927
1032.75 0.676825
1053 0.686171
1073.25 0.694303
1093.5 0.702326
1113.75 0.710246
1134 0.718624
1154.25 0.727028
1174.5 0.735151
1194.75 0.740903
1215 0.749485
1235.25 0.756015
1255.5 0.762476
1275.75 0.768832
1296 0.775897
1316.25 0.78221
1336.5 0.787887
1356.75 0.793768
1377 0.798046
1397.25 0.803475
1417.5 0.807556
1437.75 0.810794
1458 0.815948
1478.25 0.819811
1498.5 0.824904
1518.75 0.8272
1539 0.830764
1559.25 0.834746
1579.5 0.837253
1599.75 0.839815
1620 0.842544
1640.25 0.844036
1660.5 0.846621
1680.75 0.848598
1701 0.850578
1721.25 0.852346
1741.5 0.854411
1761.75 0.857019
1782 0.858344
1802.25 0.859381
1822.5 0.860816
1842.75 0.861241
1863 0.863781
1883.25 0.865278
1903.5 0.865527
1923.75 0.866383
1944 0.866949
1964.25 0.867917
1984.5 0.868307
2004.75 0.868958
2025 0.870239
2045.25 0.871109
2065.5 0.872072
2085.75 0.87239
2106 0.873945
2126.25 0.875554
2146.5 0.876843
2166.75 0.877954
2187 0.87983
2207.25 0.880395
2227.5 0.881772
2247.75 0.881304
2268 0.882339
2288.25 0.883283
2308.5 0.884374
2328.75 0.885129
2349 0.885278
2369.25 0.884617
2389.5 0.886103
2409.75 0.886169
2430 0.887394
2450.25 0.887468
2470.5 0.887793
2490.75 0.887952
2511 0.88833
2531.25 0.888972
2551.5 0.889664
2571.75 0.889994
2592 0.890764
2612.25 0.890722
2632.5 0.892477
2652.75 0.892673
2673 0.893146
2693.25 0.893255
2713.5 0.893603
2733.75 0.894487
2754 0.895248
2774.25 0.896352
2794.5 0.895477
2814.75 0.896815
2835 0.896316
2855.25 0.897434
2875.5 0.897562
2895.75 0.897263
2916 0.896967
2936.25 0.89767
2956.5 0.897711
2976.75 0.897499
2997 0.897725
3017.25 0.897394
3037.5 0.89741
3057.75 0.897918
3078 0.898367
3098.25 0.898517
3118.5 0.898501
3138.75 0.898192
3159 0.898287
3179.25 0.898562
3199.5 0.898458
3219.75 0.899012
3240 0.899477
3260.25 0.899117
3280.5 0.89808
3300.75 0.898767
3321 0.898501
3341.25 0.899
3361.5 0.899311
3381.75 0.899593
3402 0.900151
3422.25 0.899816
3442.5 0.899902
3462.75 0.900033
3483 0.900627
3503.25 0.900134
3523.5 0.900153
3543.75 0.898451
3564 0.899184
3584.25 0.900177
3604.5 0.900918
3624.75 0.900633
3645 0.900254
3665.25 0.900343
3685.5 0.900857
3705.75 0.899548
3726 0.899811
3746.25 0.899285
3766.5 0.899612
3786.75 0.899486
3807 0.898953
3827.25 0.898741
3847.5 0.899996
3867.75 0.900705
3888 0.90022
3908.25 0.899843
3928.5 0.90072
3948.75 0.900635
3969 0.90084
3989.25 0.902324
4009.5 0.902633
4029.75 0.903301
4050 0.903339
