0 0.000168657
20.25 0.0274343
40.5 0.0525801
60.75 0.0754282
81 0.0993189
101.25 0.120915
121.5 0.143406
141.75 0.165851
162 0.187699
182.25 0.208578
202.5 0.22944
222.75 0.250125
243 0.270404
263.25 0.290527
283.5 0.310159
303.75 0.327419
324 0.344587
344.25 0.362099
364.5 0.37836
384.75 0.395315
405 0.411571
425.25 0.427302
445.5 0.443168
465.75 0.46013
486 0.475327
506.25 0.490468
526.5 0.505257
546.75 0.519591
567 0.534933
587.25 0.549296
607.5 0.562374
627.75 0.575591
648 0.588311
668.25 0.599219
688.5 0.611432
708.75 0.622691
729 0.633789
749.25 0.644921
769.5 0.656879
789.75 0.667439
810 0.677195
830.25 0.687915
850.5 0.69857
870.75 0.708069
891 0.717378
911.25 0.726434
931.5 0.735686
951.75 0.744737
972 0.752924
992.25 0.762009
1012.5 0.768997
1032.75 0.776048
1053 0.783464
1073.25 0.789765
1093.5 0.795987
1113.75 0.802121
1134 0.80875
1154.25 0.814902
1174.5 0.820758
1194.75 0.825143
1215 0.831513
1235.25 0.836438
1255.5 0.841141
1275.75 0.846136
1296 0.851315
1316.25 0.856015
1336.5 0.860148
1356.75 0.864095
1377 0.867327
1397.25 0.871239
1417.5 0.874474
1437.75 0.876915
1458 0.880857
1478.25 0.884037
1498.5 0.887385
1518.75 0.889148
1539 0.891778
1559.25 0.894669
1579.5 0.896672
1599.75 0.898643
1620 0.900536
1640.25 0.901846
1660.5 0.903813
1680.75 0.9054
1701 0.906943
1721.25 0.908278
1741.5 0.909868
1761.75 0.911732
1782 0.912913
1802.25 0.913696
1822.5 0.91479
1842.75 0.91539
1863 0.916937
1883.25 0.918142
1903.5 0.918697
1923.75 0.919489
1944 0.919978
1964.25 0.92087
1984.5 0.921459
2004.75 0.922135
2025 0.923095
2045.25 0.923944
2065.5 0.92478
2085.75 0.925222
2106 0.926272
2126.25 0.927362
2146.5 0.928094
2166.75 0.929094
2187 0.930349
2207.25 0.930705
2227.5 0.931746
2247.75 0.931548
2268 0.932298
2288.25 0.933002
2308.5 0.933747
2328.75 0.934157
2349 0.934355
2369.25 0.934216
2389.5 0.935183
2409.75 0.9355
2430 0.93619
2450.25 0.936384
2470.5 0.936622
2490.75 0.936879
2511 0.937302
2531.25 0.937704
2551.5 0.938138
2571.75 0.938395
2592 0.938985
2612.25 0.939102
2632.5 0.940055
2652.75 0.940242
2673 0.940674
2693.25 0.940846
2713.5 0.94115
2733.75 0.941733
2754 0.942138
2774.25 0.942698
2794.5 0.94226
2814.75 0.943058
2835 0.942872
2855.25 0.943597
2875.5 0.943734
2895.75 0.943739
2916 0.943625
2936.25 0.944102
2956.5 0.944063
2976.75 0.944015
2997 0.944193
3017.25 0.943973
3037.5 0.944027
3057.75 0.944356
3078 0.944695
3098.25 0.944785
3118.5 0.944787
3138.75 0.944596
3159 0.944699
3179.25 0.944802
3199.5 0.944766
3219.75 0.945135
3240 0.945439
3260.25 0.945183
3280.5 0.94466
3300.75 0.945058
3321 0.944938
3341.25 0.945165
3361.5 0.94532
3381.75 0.945425
3402 0.94576
3422.25 0.945638
3442.5 0.945673
3462.75 0.945718
3483 0.946106
3503.25 0.945823
3523.5 0.945846
3543.75 0.944951
3564 0.945378
3584.25 0.94595
3604.5 0.946422
3624.75 0.946283
3645 0.946187
3665.25 0.94624
3685.5 0.946524
3705.75 0.94584
3726 0.946054
3746.25 0.945841
3766.5 0.946063
3786.75 0.946052
3807 0.945836
3827.25 0.945797
3847.5 0.946551
3867.75 0.947015
3888 0.946795
3908.25 0.946621
3928.5 0.947124
3948.75 0.947115
3969 0.947245
3989.25 0.948044
4009.5 0.948218
4029.75 0.948575
4050 0.9486
