0 -0.0501777
20.25 0.0659172
40.5 0.0492095
60.75 0.0800822
81 0.0771587
101.25 0.0967509
121.5 0.13441
141.75 0.164924
162 0.200409
182.25 0.21504
202.5 0.235037
222.75 0.256171
243 0.283327
263.25 0.312223
283.5 0.342477
303.75 0.362516
324 0.385515
344.25 0.404569
364.5 0.433449
384.75 0.459914
405 0.483527
425.25 0.501642
445.5 0.528118
465.75 0.553536
486 0.573938
506.25 0.589425
526.5 0.609658
546.75 0.627809
567 0.644439
587.25 0.658873
607.5 0.671815
627.75 0.684924
648 0.699011
668.25 0.710828
688.5 0.72437
708.75 0.732778
729 0.74447
749.25 0.757031
769.5 0.76971
789.75 0.779572
810 0.790049
830.25 0.800457
850.5 0.81083
870.75 0.818909
891 0.825856
911.25 0.832392
931.5 0.83839
951.75 0.845235
972 0.851021
992.25 0.858121
1012.5 0.863356
1032.75 0.869601
1053 0.875562
1073.25 0.880047
1093.5 0.88466
1113.75 0.889129
1134 0.8947
1154.25 0.898584
1174.5 0.902258
1194.75 0.905357
1215 0.90971
1235.25 0.913212
1255.5 0.916265
1275.75 0.920308
1296 0.923744
1316.25 0.926997
1336.5 0.929703
1356.75 0.931661
1377 0.934009
1397.25 0.93651
1417.5 0.939177
1437.75 0.940958
1458 0.943943
1478.25 0.946776
1498.5 0.948327
1518.75 0.949683
1539 0.951507
1559.25 0.953427
1579.5 0.955102
1599.75 0.956614
1620 0.957703
1640.25 0.958989
1660.5 0.96046
1680.75 0.961786
1701 0.962995
1721.25 0.963969
1741.5 0.965181
1761.75 0.966355
1782 0.967526
1802.25 0.968096
1822.5 0.968903
1842.75 0.969818
1863 0.9703
1883.25 0.971302
1903.5 0.972332
1923.75 0.973151
1944 0.97361
1964.25 0.974521
1984.5 0.975442
2004.75 0.976239
2025 0.976916
2045.25 0.977847
2065.5 0.978628
2085.75 0.979283
2106 0.979824
2126.25 0.980387
2146.5 0.980501
2166.75 0.981482
2187 0.982106
2207.25 0.982245
2227.5 0.982989
2247.75 0.983106
2268 0.983584
2288.25 0.984072
2308.5 0.984471
2328.75 0.984498
2349 0.984777
2369.25 0.985272
2389.5 0.9857
2409.75 0.986363
2430 0.986463
2450.25 0.986829
2470.5 0.986988
2490.75 0.987391
2511 0.987915
2531.25 0.988063
2551.5 0.988223
2571.75 0.98842
2592 0.988849
2612.25 0.989174
2632.5 0.989239
2652.75 0.989435
2673 0.989861
2693.25 0.990126
2713.5 0.990407
2733.75 0.99068
2754 0.990689
2774.25 0.990645
2794.5 0.990695
2814.75 0.990912
2835 0.991093
2855.25 0.991408
2875.5 0.991569
2895.75 0.991946
2916 0.992041
2936.25 0.992292
2956.5 0.992152
2976.75 0.9923
2997 0.992437
3017.25 0.992328
3037.5 0.992433
3057.75 0.992578
3078 0.992816
3098.25 0.992841
3118.5 0.992867
3138.75 0.992798
3159 0.992921
3179.25 0.992823
3199.5 0.992867
3219.75 0.993046
3240 0.993184
3260.25 0.993031
3280.5 0.993082
3300.75 0.993168
3321 0.993214
3341.25 0.993129
3361.5 0.993113
3381.75 0.993011
3402 0.993107
3422.25 0.993233
3442.5 0.993208
3462.75 0.993154
3483 0.99333
3503.25 0.993276
3523.5 0.993306
3543.75 0.993305
3564 0.993401
3584.25 0.993518
3604.5 0.993709
3624.75 0.993732
3645 0.993969
3665.25 0.993982
3685.5 0.994016
3705.75 0.994023
3726 0.994201
3746.25 0.994344
3766.5 0.994459
3786.75 0.994587
3807 0.994738
3827.25 0.994903
3847.5 0.995119
3867.75 0.995328
3888 0.99541
3908.25 0.995467
3928.5 0.995564
3948.75 0.995644
3969 0.995697
3989.25 0.995742
4009.5 0.995768
4029.75 0.995781
4050 0.995792
