0 0.00616823
20.25 0.0788167
40.5 0.0530245
60.75 0.0990746
81 0.099226
101.25 0.117389
121.5 0.154165
141.75 0.182294
162 0.211116
182.25 0.226026
202.5 0.247087
222.75 0.267621
243 0.295045
263.25 0.322617
283.5 0.350401
303.75 0.370551
324 0.392539
344.25 0.411614
364.5 0.439212
384.75 0.462922
405 0.484888
425.25 0.503314
445.5 0.529795
465.75 0.554444
486 0.57272
506.25 0.588827
526.5 0.608831
546.75 0.627013
567 0.644532
587.25 0.660288
607.5 0.674404
627.75 0.688551
648 0.70307
668.25 0.714696
688.5 0.728957
708.75 0.738503
729 0.750585
749.25 0.763039
769.5 0.775584
789.75 0.78599
810 0.795934
830.25 0.806758
850.5 0.8169
870.75 0.824523
891 0.83199
911.25 0.838557
931.5 0.844794
951.75 0.85196
972 0.857964
992.25 0.865071
1012.5 0.870516
1032.75 0.876173
1053 0.882123
1073.25 0.886852
1093.5 0.891522
1113.75 0.8961
1134 0.901315
1154.25 0.905186
1174.5 0.908694
1194.75 0.911813
1215 0.91601
1235.25 0.919405
1255.5 0.922325
1275.75 0.926132
1296 0.92941
1316.25 0.932518
1336.5 0.935077
1356.75 0.936909
1377 0.939129
1397.25 0.941483
1417.5 0.943964
1437.75 0.945625
1458 0.948398
1478.25 0.951006
1498.5 0.952439
1518.75 0.953685
1539 0.955367
1559.25 0.957132
1579.5 0.958668
1599.75 0.960059
1620 0.961061
1640.25 0.962242
1660.5 0.96359
1680.75 0.964808
1701 0.965918
1721.25 0.966814
1741.5 0.967928
1761.75 0.969006
1782 0.970083
1802.25 0.970606
1822.5 0.97135
1842.75 0.972192
1863 0.972636
1883.25 0.973556
1903.5 0.974498
1923.75 0.975252
1944 0.975673
1964.25 0.976515
1984.5 0.977363
2004.75 0.978097
2025 0.978718
2045.25 0.979575
2065.5 0.980294
2085.75 0.980894
2106 0.981393
2126.25 0.981914
2146.5 0.982023
2166.75 0.982925
2187 0.9835
2207.25 0.983626
2227.5 0.98431
2247.75 0.984418
2268 0.984859
2288.25 0.985306
2308.5 0.985674
2328.75 0.9857
2349 0.985959
2369.25 0.986415
2389.5 0.986811
2409.75 0.987421
2430 0.987514
2450.25 0.98785
2470.5 0.987995
2490.75 0.988368
2511 0.98885
2531.25 0.988988
2551.5 0.989136
2571.75 0.989316
2592 0.989711
2612.25 0.990011
2632.5 0.990073
2652.75 0.990252
2673 0.990645
2693.25 0.99089
2713.5 0.99115
2733.75 0.991401
2754 0.99141
2774.25 0.991367
2794.5 0.991414
2814.75 0.991615
2835 0.99178
2855.25 0.992072
2875.5 0.992222
2895.75 0.992568
2916 0.992655
2936.25 0.992885
2956.5 0.992756
2976.75 0.992892
2997 0.993019
3017.25 0.99292
3037.5 0.993017
3057.75 0.993148
3078 0.993368
3098.25 0.993392
3118.5 0.993415
3138.75 0.993354
3159 0.993467
3179.25 0.993377
3199.5 0.993417
3219.75 0.993583
3240 0.993709
3260.25 0.993568
3280.5 0.993615
3300.75 0.993695
3321 0.993736
3341.25 0.993659
3361.5 0.993644
3381.75 0.99355
3402 0.993639
3422.25 0.993755
3442.5 0.993732
3462.75 0.993682
3483 0.993845
3503.25 0.993794
3523.5 0.993822
3543.75 0.993821
3564 0.993909
3584.25 0.994015
3604.5 0.994191
3624.75 0.994214
3645 0.994434
3665.25 0.994445
3685.5 0.994476
3705.75 0.994483
3726 0.994646
3746.25 0.994779
3766.5 0.994887
3786.75 0.995004
3807 0.995142
3827.25 0.995295
3847.5 0.995494
3867.75 0.995687
3888 0.995761
3908.25 0.995814
3928.5 0.995903
3948.75 0.995977
3969 0.996025
3989.25 0.996066
4009.5 0.996091
4029.75 0.996102
4050 0.996113
