0 7.59494e-07
6.25 0.00228546
12.5 0.00746762
18.75 0.0152038
25 0.0251738
31.25 0.0372608
37.5 0.0507459
43.75 0.0653457
50 0.0809782
56.25 0.0977728
62.5 0.116174
68.75 0.134234
75 0.15318
81.25 0.172197
87.5 0.192652
93.75 0.212283
100 0.231662
106.25 0.251468
112.5 0.271061
118.75 0.29065
125 0.310691
131.25 0.330334
137.5 0.349417
143.75 0.368665
150 0.387846
156.25 0.406096
162.5 0.424082
168.75 0.442497
175 0.459705
181.25 0.476101
187.5 0.491909
193.75 0.508565
200 0.523736
206.25 0.538372
212.5 0.552814
218.75 0.56812
225 0.582526
231.25 0.597334
237.5 0.611058
243.75 0.624482
250 0.637696
256.25 0.650086
262.5 0.662221
268.75 0.673023
275 0.684517
281.25 0.694642
287.5 0.704334
293.75 0.713016
300 0.721484
306.25 0.729621
312.5 0.737265
318.75 0.744745
325 0.752645
331.25 0.759194
337.5 0.765874
343.75 0.772203
350 0.777806
356.25 0.783715
362.5 0.789004
368.75 0.793983
375 0.799512
381.25 0.804379
387.5 0.809359
393.75 0.812928
400 0.816916
406.25 0.820416
412.5 0.82421
418.75 0.827877
425 0.830934
431.25 0.834652
437.5 0.838416
443.75 0.841542
450 0.845162
456.25 0.847808
462.5 0.850496
468.75 0.854071
475 0.85643
481.25 0.858937
487.5 0.861355
493.75 0.863443
500 0.865422
506.25 0.867328
512.5 0.868334
518.75 0.869886
525 0.871411
531.25 0.872331
537.5 0.873829
543.75 0.875122
550 0.876167
556.25 0.877384
562.5 0.879311
568.75 0.880547
575 0.881477
581.25 0.882523
587.5 0.883551
593.75 0.884872
600 0.88607
606.25 0.887089
612.5 0.887569
618.75 0.888866
625 0.889697
631.25 0.890645
637.5 0.891867
643.75 0.892427
650 0.893187
656.25 0.893866
662.5 0.894405
668.75 0.895237
675 0.895237
681.25 0.896232
687.5 0.897332
693.75 0.897882
700 0.89816
706.25 0.898779
712.5 0.899188
718.75 0.900019
725 0.90061
731.25 0.900778
737.5 0.901123
743.75 0.901597
750 0.902174
756.25 0.902584
762.5 0.902831
768.75 0.903311
775 0.904111
781.25 0.904155
787.5 0.904889
793.75 0.905261
800 0.905321
806.25 0.905627
812.5 0.905879
818.75 0.906249
825 0.906204
831.25 0.906035
837.5 0.906457
843.75 0.90652
850 0.906281
856.25 0.906432
862.5 0.906213
868.75 0.906445
875 0.906424
881.25 0.906682
887.5 0.907322
893.75 0.907236
900 0.907155
906.25 0.906924
912.5 0.907539
918.75 0.90732
925 0.907362
931.25 0.906805
937.5 0.906837
943.75 0.907175
950 0.907245
956.25 0.907552
962.5 0.906913
968.75 0.906984
975 0.907102
981.25 0.907319
987.5 0.907697
993.75 0.907498
1000 0.907278
1006.25 0.90733
1012.5 0.907186
1018.75 0.907637
1025 0.907911
1031.25 0.907599
1037.5 0.907543
1043.75 0.907842
1050 0.90812
1056.25 0.908512
1062.5 0.907676
1068.75 0.907967
1075 0.907437
1081.25 0.908126
1087.5 0.908487
1093.75 0.908156
1100 0.908105
1106.25 0.908179
1112.5 0.90845
1118.75 0.908044
1125 0.908247
1131.25 0.908302
1137.5 0.908064
1143.75 0.908382
1150 0.908519
1156.25 0.908173
1162.5 0.90842
1168.75 0.908768
1175 0.908841
1181.25 0.908944
1187.5 0.908809
1193.75 0.908568
1200 0.908808
1206.25 0.908857
1212.5 0.908574
1218.75 0.908835
1225 0.908675
1231.25 0.908906
1237.5 0.908752
1243.75 0.908853
1250 0.90881
