0 8.29871e-07
6.25 0.00237581
12.5 0.0075752
18.75 0.0149268
25 0.0249531
31.25 0.0368065
37.5 0.0496929
43.75 0.0632547
50 0.0780582
56.25 0.0941652
62.5 0.112105
68.75 0.129399
75 0.14741
81.25 0.166391
87.5 0.186158
93.75 0.204456
100 0.224286
106.25 0.244443
112.5 0.263525
118.75 0.282974
125 0.304057
131.25 0.322655
137.5 0.341592
143.75 0.360348
150 0.380679
156.25 0.398048
162.5 0.414761
168.75 0.432823
175 0.449522
181.25 0.464667
187.5 0.480265
193.75 0.497364
200 0.512379
206.25 0.526114
212.5 0.54168
218.75 0.557388
225 0.573181
231.25 0.589324
237.5 0.603867
243.75 0.618224
250 0.633408
256.25 0.647467
262.5 0.662506
268.75 0.674809
275 0.688047
281.25 0.698286
287.5 0.709251
293.75 0.717628
300 0.727886
306.25 0.736972
312.5 0.745915
318.75 0.752736
325 0.760668
331.25 0.767304
337.5 0.773323
343.75 0.780224
350 0.785783
356.25 0.792213
362.5 0.79813
368.75 0.804078
375 0.810165
381.25 0.815293
387.5 0.820826
393.75 0.824367
400 0.828898
406.25 0.832128
412.5 0.836045
418.75 0.839509
425 0.842681
431.25 0.845876
437.5 0.849406
443.75 0.851985
450 0.855239
456.25 0.857757
462.5 0.860147
468.75 0.863529
475 0.864803
481.25 0.867127
487.5 0.870673
493.75 0.872379
500 0.87559
506.25 0.878147
512.5 0.879018
518.75 0.881436
525 0.88291
531.25 0.883581
537.5 0.885296
543.75 0.886726
550 0.887593
556.25 0.888687
562.5 0.89118
568.75 0.892859
575 0.893607
581.25 0.894466
587.5 0.894603
593.75 0.895366
600 0.895785
606.25 0.895511
612.5 0.89571
618.75 0.896052
625 0.896849
631.25 0.897641
637.5 0.897933
643.75 0.897819
650 0.898721
656.25 0.899364
662.5 0.899157
668.75 0.899966
675 0.901343
681.25 0.901337
687.5 0.902991
693.75 0.903568
700 0.904544
706.25 0.905283
712.5 0.905014
718.75 0.905096
725 0.905815
731.25 0.905006
737.5 0.905522
743.75 0.905029
750 0.904909
756.25 0.904729
762.5 0.904584
768.75 0.905311
775 0.907077
781.25 0.907065
787.5 0.907984
793.75 0.908678
800 0.908033
806.25 0.907994
812.5 0.909242
818.75 0.90846
825 0.908319
831.25 0.907928
837.5 0.90791
843.75 0.908211
850 0.908384
856.25 0.908794
862.5 0.907956
868.75 0.907799
875 0.908325
881.25 0.90772
887.5 0.907897
893.75 0.908557
900 0.908748
906.25 0.907861
912.5 0.908711
918.75 0.907985
925 0.908442
931.25 0.907223
937.5 0.907458
943.75 0.907685
950 0.907937
956.25 0.908242
962.5 0.907673
968.75 0.907096
975 0.906971
981.25 0.907035
987.5 0.907883
993.75 0.907263
1000 0.907002
1006.25 0.907158
1012.5 0.90776
1018.75 0.908363
1025 0.908894
1031.25 0.909068
1037.5 0.908855
1043.75 0.908752
1050 0.909347
1056.25 0.909657
1062.5 0.908516
1068.75 0.908807
1075 0.909275
1081.25 0.909762
1087.5 0.90932
1093.75 0.908622
1100 0.908657
1106.25 0.909869
1112.5 0.910061
1118.75 0.90949
1125 0.909442
1131.25 0.909548
1137.5 0.909521
1143.75 0.909624
1150 0.909722
1156.25 0.909454
1162.5 0.910168
1168.75 0.911012
1175 0.911575
1181.25 0.91211
1187.5 0.911048
1193.75 0.910735
1200 0.911663
1206.25 0.911626
1212.5 0.911088
1218.75 0.911351
1225 0.911328
1231.25 0.911702
1237.5 0.911586
1243.75 0.911955
1250 0.911674
