0 0.000622239
6.25 0.0337903
12.5 0.0620421
18.75 0.089017
25 0.115059
31.25 0.140981
37.5 0.165789
43.75 0.190068
50 0.213698
56.25 0.237358
62.5 0.260795
68.75 0.283061
75 0.305061
81.25 0.326405
87.5 0.34786
93.75 0.368265
100 0.387864
106.25 0.407559
112.5 0.426327
118.75 0.444507
125 0.462626
131.25 0.479975
137.5 0.496725
143.75 0.51345
150 0.529563
156.25 0.544511
162.5 0.559431
168.75 0.574795
175 0.588912
181.25 0.602601
187.5 0.616189
193.75 0.629674
200 0.642677
206.25 0.655012
212.5 0.667518
218.75 0.679595
225 0.69161
231.25 0.703727
237.5 0.714652
243.75 0.725599
250 0.736401
256.25 0.746641
262.5 0.756186
268.75 0.765068
275 0.774326
281.25 0.782797
287.5 0.790695
293.75 0.797826
300 0.8049
306.25 0.811642
312.5 0.818176
318.75 0.824099
325 0.830423
331.25 0.836085
337.5 0.841472
343.75 0.846868
350 0.851935
356.25 0.856657
362.5 0.860865
368.75 0.86506
375 0.869263
381.25 0.872934
387.5 0.876537
393.75 0.879578
400 0.882672
406.25 0.88567
412.5 0.888617
418.75 0.89151
425 0.894079
431.25 0.896722
437.5 0.899408
443.75 0.901609
450 0.904175
456.25 0.90609
462.5 0.907831
468.75 0.910081
475 0.911937
481.25 0.913686
487.5 0.915487
493.75 0.917093
500 0.918592
506.25 0.91992
512.5 0.920834
518.75 0.921946
525 0.923042
531.25 0.924119
537.5 0.925451
543.75 0.926448
550 0.927365
556.25 0.928335
562.5 0.929501
568.75 0.930392
575 0.931249
581.25 0.932086
587.5 0.932892
593.75 0.933901
600 0.934687
606.25 0.935467
612.5 0.936096
618.75 0.936951
625 0.93773
631.25 0.93834
637.5 0.938909
643.75 0.939355
650 0.939965
656.25 0.940485
662.5 0.941021
668.75 0.941551
675 0.941753
681.25 0.942287
687.5 0.943039
693.75 0.94338
700 0.943624
706.25 0.944031
712.5 0.94437
718.75 0.944782
725 0.945268
731.25 0.945372
737.5 0.945616
743.75 0.94582
750 0.946141
756.25 0.946351
762.5 0.946484
768.75 0.946819
775 0.94715
781.25 0.947277
787.5 0.947584
793.75 0.947964
800 0.947976
806.25 0.947976
812.5 0.948102
818.75 0.948305
825 0.948162
831.25 0.948189
837.5 0.948527
843.75 0.948467
850 0.948398
856.25 0.948455
862.5 0.94825
868.75 0.948385
875 0.948321
881.25 0.948643
887.5 0.948955
893.75 0.948973
900 0.948857
906.25 0.948895
912.5 0.949243
918.75 0.949253
925 0.949077
931.25 0.948911
937.5 0.948804
943.75 0.949
950 0.94902
956.25 0.949172
962.5 0.948983
968.75 0.948848
975 0.949052
981.25 0.949218
987.5 0.949346
993.75 0.949171
1000 0.949095
1006.25 0.949222
1012.5 0.949158
1018.75 0.949358
1025 0.949523
1031.25 0.949455
1037.5 0.949431
1043.75 0.949596
1050 0.949744
1056.25 0.949978
1062.5 0.949698
1068.75 0.949874
1075 0.949719
1081.25 0.949935
1087.5 0.950123
1093.75 0.950021
1100 0.95011
1106.25 0.950186
1112.5 0.950271
1118.75 0.950172
1125 0.950299
1131.25 0.950346
1137.5 0.95044
1143.75 0.950488
1150 0.950598
1156.25 0.950397
1162.5 0.950617
1168.75 0.95071
1175 0.950846
1181.25 0.950959
1187.5 0.950845
1193.75 0.950801
1200 0.950947
1206.25 0.950954
1212.5 0.9508
1218.75 0.950989
1225 0.950874
1231.25 0.950938
1237.5 0.950957
1243.75 0.95103
1250 0.951048
