0 7.84821e-07
6.25 0.00225364
12.5 0.0072554
18.75 0.0146558
25 0.0243802
31.25 0.0360697
37.5 0.0490512
43.75 0.0633217
50 0.0782783
56.25 0.0946782
62.5 0.112141
68.75 0.129096
75 0.146337
81.25 0.165051
87.5 0.184195
93.75 0.202543
100 0.22216
106.25 0.24202
112.5 0.261474
118.75 0.280356
125 0.300455
131.25 0.319442
137.5 0.338022
143.75 0.356938
150 0.376279
156.25 0.39432
162.5 0.412457
168.75 0.431137
175 0.448093
181.25 0.464177
187.5 0.480183
193.75 0.497953
200 0.513253
206.25 0.527542
212.5 0.541978
218.75 0.557332
225 0.571857
231.25 0.586754
237.5 0.599929
243.75 0.613406
250 0.627453
256.25 0.640089
262.5 0.653022
268.75 0.663818
275 0.675708
281.25 0.685169
287.5 0.695129
293.75 0.703068
300 0.712102
306.25 0.720801
312.5 0.729214
318.75 0.736461
325 0.744165
331.25 0.751542
337.5 0.758498
343.75 0.766034
350 0.77141
356.25 0.77767
362.5 0.782697
368.75 0.788338
375 0.794277
381.25 0.799582
387.5 0.805395
393.75 0.809407
400 0.814155
406.25 0.817443
412.5 0.821433
418.75 0.825564
425 0.828794
431.25 0.832613
437.5 0.83623
443.75 0.83912
450 0.843009
456.25 0.84607
462.5 0.8487
468.75 0.852704
475 0.855257
481.25 0.85799
487.5 0.860854
493.75 0.863035
500 0.865896
506.25 0.868241
512.5 0.869345
518.75 0.871339
525 0.872963
531.25 0.874268
537.5 0.876033
543.75 0.877503
550 0.878307
556.25 0.87996
562.5 0.881845
568.75 0.883649
575 0.884859
581.25 0.885815
587.5 0.886745
593.75 0.88778
600 0.888927
606.25 0.889924
612.5 0.89011
618.75 0.891115
625 0.891866
631.25 0.892466
637.5 0.893292
643.75 0.894167
650 0.895552
656.25 0.896287
662.5 0.897019
668.75 0.897976
675 0.898421
681.25 0.899514
687.5 0.901147
693.75 0.902291
700 0.902568
706.25 0.90314
712.5 0.903706
718.75 0.904595
725 0.905312
731.25 0.905648
737.5 0.90609
743.75 0.906387
750 0.906662
756.25 0.90696
762.5 0.906877
768.75 0.907371
775 0.908891
781.25 0.909495
787.5 0.91027
793.75 0.911054
800 0.910599
806.25 0.910822
812.5 0.911363
818.75 0.91143
825 0.910827
831.25 0.910446
837.5 0.910683
843.75 0.910873
850 0.911039
856.25 0.911089
862.5 0.91085
868.75 0.910711
875 0.910715
881.25 0.910543
887.5 0.910957
893.75 0.910938
900 0.911369
906.25 0.910752
912.5 0.911191
918.75 0.910937
925 0.91076
931.25 0.909808
937.5 0.909899
943.75 0.910273
950 0.910412
956.25 0.9107
962.5 0.910027
968.75 0.909778
975 0.909948
981.25 0.910058
987.5 0.91057
993.75 0.910095
1000 0.910006
1006.25 0.910533
1012.5 0.910799
1018.75 0.91124
1025 0.911377
1031.25 0.910863
1037.5 0.911032
1043.75 0.911127
1050 0.911742
1056.25 0.912154
1062.5 0.911083
1068.75 0.911163
1075 0.911049
1081.25 0.911732
1087.5 0.911671
1093.75 0.911512
1100 0.911513
1106.25 0.91199
1112.5 0.912175
1118.75 0.911911
1125 0.911857
1131.25 0.911929
1137.5 0.912293
1143.75 0.912346
1150 0.912147
1156.25 0.911991
1162.5 0.912309
1168.75 0.913003
1175 0.913084
1181.25 0.913396
1187.5 0.912921
1193.75 0.912611
1200 0.912691
1206.25 0.913164
1212.5 0.912569
1218.75 0.913269
1225 0.912969
1231.25 0.913039
1237.5 0.912334
1243.75 0.912293
1250 0.912102
