0 7.37366e-07
6.25 0.00228326
12.5 0.00728607
18.75 0.0147772
25 0.024675
31.25 0.0365475
37.5 0.0498417
43.75 0.064214
50 0.0793964
56.25 0.0958685
62.5 0.11378
68.75 0.131143
75 0.148983
81.25 0.167733
87.5 0.186851
93.75 0.205153
100 0.224931
106.25 0.245009
112.5 0.264869
118.75 0.284245
125 0.304792
131.25 0.32439
137.5 0.343717
143.75 0.36324
150 0.38326
156.25 0.401677
162.5 0.420149
168.75 0.438828
175 0.456179
181.25 0.472875
187.5 0.489094
193.75 0.506024
200 0.521459
206.25 0.536042
212.5 0.550433
218.75 0.565816
225 0.580605
231.25 0.595086
237.5 0.608628
243.75 0.621869
250 0.634975
256.25 0.647266
262.5 0.659382
268.75 0.669963
275 0.681697
281.25 0.691667
287.5 0.701319
293.75 0.70916
300 0.717979
306.25 0.726291
312.5 0.734077
318.75 0.741064
325 0.748351
331.25 0.754936
337.5 0.761131
343.75 0.767743
350 0.77317
356.25 0.779285
362.5 0.784207
368.75 0.789118
375 0.794315
381.25 0.799234
387.5 0.804305
393.75 0.807904
400 0.812021
406.25 0.815039
412.5 0.818578
418.75 0.822417
425 0.825362
431.25 0.829001
437.5 0.832266
443.75 0.834958
450 0.838401
456.25 0.840865
462.5 0.843088
468.75 0.846834
475 0.849138
481.25 0.85176
487.5 0.854428
493.75 0.856598
500 0.859165
506.25 0.861347
512.5 0.862848
518.75 0.864946
525 0.8667
531.25 0.867625
537.5 0.869703
543.75 0.871292
550 0.872351
556.25 0.873995
562.5 0.876257
568.75 0.87768
575 0.879317
581.25 0.880433
587.5 0.881472
593.75 0.882777
600 0.884357
606.25 0.885636
612.5 0.886214
618.75 0.887724
625 0.888831
631.25 0.889724
637.5 0.89055
643.75 0.891722
650 0.893033
656.25 0.893592
662.5 0.894377
668.75 0.895401
675 0.895621
681.25 0.896438
687.5 0.898024
693.75 0.899152
700 0.899141
706.25 0.89978
712.5 0.900401
718.75 0.901323
725 0.902199
731.25 0.902563
737.5 0.90312
743.75 0.903578
750 0.904228
756.25 0.904815
762.5 0.904614
768.75 0.905356
775 0.906633
781.25 0.907067
787.5 0.908139
793.75 0.909012
800 0.908731
806.25 0.908964
812.5 0.909493
818.75 0.909824
825 0.909541
831.25 0.909174
837.5 0.909447
843.75 0.909874
850 0.909739
856.25 0.909893
862.5 0.909507
868.75 0.909694
875 0.90954
881.25 0.909503
887.5 0.91002
893.75 0.909699
900 0.909939
906.25 0.909596
912.5 0.910085
918.75 0.909926
925 0.910032
931.25 0.909063
937.5 0.909045
943.75 0.909458
950 0.909625
956.25 0.910165
962.5 0.909103
968.75 0.908814
975 0.908832
981.25 0.909066
987.5 0.909749
993.75 0.909429
1000 0.90915
1006.25 0.909643
1012.5 0.909366
1018.75 0.909791
1025 0.910067
1031.25 0.909803
1037.5 0.909853
1043.75 0.910267
1050 0.91051
1056.25 0.910798
1062.5 0.90968
1068.75 0.90988
1075 0.9098
1081.25 0.910359
1087.5 0.910539
1093.75 0.910204
1100 0.910345
1106.25 0.910382
1112.5 0.910775
1118.75 0.910461
1125 0.910275
1131.25 0.910327
1137.5 0.910471
1143.75 0.910807
1150 0.910657
1156.25 0.910552
1162.5 0.910882
1168.75 0.911556
1175 0.911592
1181.25 0.911803
1187.5 0.91167
1193.75 0.91152
1200 0.911449
1206.25 0.911833
1212.5 0.911434
1218.75 0.912075
1225 0.912033
1231.25 0.912012
1237.5 0.911711
1243.75 0.911685
1250 0.91175
