0 7.85213e-07
6.25 0.00225112
12.5 0.00742554
18.75 0.0151109
25 0.0247234
31.25 0.0365161
37.5 0.0496027
43.75 0.0639476
50 0.0794073
56.25 0.0960652
62.5 0.114209
68.75 0.132059
75 0.150755
81.25 0.169324
87.5 0.18889
93.75 0.208359
100 0.227598
106.25 0.247331
112.5 0.266738
118.75 0.286174
125 0.305538
131.25 0.324707
137.5 0.343407
143.75 0.362073
150 0.380144
156.25 0.397288
162.5 0.414565
168.75 0.432501
175 0.449037
181.25 0.465327
187.5 0.481421
193.75 0.497664
200 0.513181
206.25 0.528264
212.5 0.543542
218.75 0.558622
225 0.573854
231.25 0.589083
237.5 0.60308
243.75 0.617022
250 0.630736
256.25 0.644055
262.5 0.656647
268.75 0.668289
275 0.680509
281.25 0.691571
287.5 0.702204
293.75 0.711588
300 0.720841
306.25 0.729579
312.5 0.737852
318.75 0.745705
325 0.753981
331.25 0.76144
337.5 0.768391
343.75 0.77541
350 0.781888
356.25 0.788183
362.5 0.793827
368.75 0.799471
375 0.805143
381.25 0.809862
387.5 0.814727
393.75 0.818547
400 0.822531
406.25 0.826361
412.5 0.830242
418.75 0.834147
425 0.837526
431.25 0.841087
437.5 0.844667
443.75 0.847571
450 0.851015
456.25 0.853534
462.5 0.855809
468.75 0.858873
475 0.86127
481.25 0.863667
487.5 0.866122
493.75 0.868147
500 0.870217
506.25 0.87191
512.5 0.872827
518.75 0.874226
525 0.875541
531.25 0.876726
537.5 0.878436
543.75 0.87963
550 0.880677
556.25 0.881855
562.5 0.883527
568.75 0.884621
575 0.885876
581.25 0.886821
587.5 0.887782
593.75 0.889067
600 0.890015
606.25 0.89101
612.5 0.891761
618.75 0.892944
625 0.893988
631.25 0.894851
637.5 0.895584
643.75 0.896076
650 0.896914
656.25 0.897657
662.5 0.898316
668.75 0.89896
675 0.899047
681.25 0.89977
687.5 0.900933
693.75 0.90135
700 0.901608
706.25 0.902152
712.5 0.902661
718.75 0.903174
725 0.903878
731.25 0.903923
737.5 0.904172
743.75 0.904473
750 0.904918
756.25 0.90523
762.5 0.905351
768.75 0.90589
775 0.906422
781.25 0.90653
787.5 0.907066
793.75 0.907761
800 0.907752
806.25 0.907699
812.5 0.907886
818.75 0.908209
825 0.9079
831.25 0.907881
837.5 0.908463
843.75 0.908305
850 0.908147
856.25 0.908237
862.5 0.907813
868.75 0.908066
875 0.907876
881.25 0.908427
887.5 0.90894
893.75 0.908901
900 0.908654
906.25 0.908653
912.5 0.909297
918.75 0.909251
925 0.908878
931.25 0.908537
937.5 0.908314
943.75 0.908691
950 0.90873
956.25 0.908988
962.5 0.90861
968.75 0.908351
975 0.908712
981.25 0.908973
987.5 0.909204
993.75 0.908871
1000 0.908683
1006.25 0.90891
1012.5 0.908749
1018.75 0.90906
1025 0.909329
1031.25 0.90912
1037.5 0.909039
1043.75 0.909299
1050 0.909521
1056.25 0.909868
1062.5 0.909289
1068.75 0.909608
1075 0.90927
1081.25 0.909649
1087.5 0.909961
1093.75 0.909721
1100 0.909867
1106.25 0.909948
1112.5 0.910079
1118.75 0.909883
1125 0.910064
1131.25 0.91012
1137.5 0.910229
1143.75 0.910288
1150 0.910425
1156.25 0.910016
1162.5 0.910401
1168.75 0.910513
1175 0.91073
1181.25 0.910906
1187.5 0.910642
1193.75 0.910546
1200 0.910782
1206.25 0.910738
1212.5 0.910406
1218.75 0.910705
1225 0.910464
1231.25 0.910559
1237.5 0.910504
1243.75 0.910611
1250 0.910578
