0 0.000624772
6.25 0.0336967
12.5 0.0614725
18.75 0.0880357
25 0.114188
31.25 0.139793
37.5 0.164667
43.75 0.188635
50 0.211542
56.25 0.234732
62.5 0.257986
68.75 0.279341
75 0.300763
81.25 0.322854
87.5 0.344226
93.75 0.364173
100 0.384275
106.25 0.404013
112.5 0.42287
118.75 0.44006
125 0.45861
131.25 0.475671
137.5 0.492026
143.75 0.508947
150 0.525987
156.25 0.541251
162.5 0.556772
168.75 0.572566
175 0.587128
181.25 0.600625
187.5 0.613963
193.75 0.628145
200 0.640825
206.25 0.652507
212.5 0.664334
218.75 0.676478
225 0.687961
231.25 0.699797
237.5 0.710396
243.75 0.720926
250 0.73181
256.25 0.741515
262.5 0.750906
268.75 0.759156
275 0.768419
281.25 0.775768
287.5 0.783303
293.75 0.789449
300 0.79644
306.25 0.803236
312.5 0.810047
318.75 0.815376
325 0.821434
331.25 0.827084
337.5 0.832691
343.75 0.838722
350 0.843142
356.25 0.847901
362.5 0.851978
368.75 0.856302
375 0.86077
381.25 0.864956
387.5 0.868967
393.75 0.872252
400 0.875832
406.25 0.878636
412.5 0.881702
418.75 0.884911
425 0.887375
431.25 0.890308
437.5 0.89303
443.75 0.895355
450 0.898387
456.25 0.90062
462.5 0.902634
468.75 0.90559
475 0.907663
481.25 0.909626
487.5 0.911779
493.75 0.91358
500 0.915585
506.25 0.917318
512.5 0.918332
518.75 0.919835
525 0.921168
531.25 0.922355
537.5 0.92378
543.75 0.924985
550 0.925694
556.25 0.926958
562.5 0.928336
568.75 0.929655
575 0.930462
581.25 0.931369
587.5 0.932254
593.75 0.933186
600 0.934068
606.25 0.934872
612.5 0.935281
618.75 0.93606
625 0.93669
631.25 0.937173
637.5 0.937931
643.75 0.938711
650 0.939654
656.25 0.94035
662.5 0.941003
668.75 0.941828
675 0.94225
681.25 0.943043
687.5 0.944139
693.75 0.944894
700 0.945161
706.25 0.945587
712.5 0.946024
718.75 0.946656
725 0.947179
731.25 0.947467
737.5 0.947791
743.75 0.94805
750 0.948273
756.25 0.948502
762.5 0.948557
768.75 0.948885
775 0.949723
781.25 0.950103
787.5 0.950582
793.75 0.951018
800 0.950804
806.25 0.950945
812.5 0.951234
818.75 0.951286
825 0.950991
831.25 0.950794
837.5 0.950949
843.75 0.951045
850 0.951104
856.25 0.951126
862.5 0.950996
868.75 0.95095
875 0.95098
881.25 0.950902
887.5 0.951131
893.75 0.951146
900 0.951383
906.25 0.951037
912.5 0.951267
918.75 0.951139
925 0.951073
931.25 0.950603
937.5 0.950637
943.75 0.950858
950 0.950893
956.25 0.951082
962.5 0.950733
968.75 0.950607
975 0.950693
981.25 0.950777
987.5 0.951066
993.75 0.950826
1000 0.950796
1006.25 0.951078
1012.5 0.951233
1018.75 0.951491
1025 0.951569
1031.25 0.951325
1037.5 0.951455
1043.75 0.951491
1050 0.951847
1056.25 0.952108
1062.5 0.951557
1068.75 0.951597
1075 0.951571
1081.25 0.951947
1087.5 0.951924
1093.75 0.951863
1100 0.95185
1106.25 0.95214
1112.5 0.952246
1118.75 0.952127
1125 0.952119
1131.25 0.952157
1137.5 0.952362
1143.75 0.952407
1150 0.952342
1156.25 0.952271
1162.5 0.952464
1168.75 0.952845
1175 0.952906
1181.25 0.953081
1187.5 0.952839
1193.75 0.952687
1200 0.952728
1206.25 0.952977
1212.5 0.952673
1218.75 0.953041
1225 0.952875
1231.25 0.952914
1237.5 0.952542
1243.75 0.952521
1250 0.95242
