0 0.000607237
6.25 0.0340014
12.5 0.061901
18.75 0.0884802
25 0.115125
31.25 0.141204
37.5 0.166557
43.75 0.190858
50 0.214209
56.25 0.237626
62.5 0.261187
68.75 0.282996
75 0.304654
81.25 0.326639
87.5 0.348038
93.75 0.367658
100 0.387961
106.25 0.407857
112.5 0.426949
118.75 0.444376
125 0.46302
131.25 0.480378
137.5 0.497341
143.75 0.51446
150 0.531859
156.25 0.547359
162.5 0.562975
168.75 0.578601
175 0.593016
181.25 0.606757
187.5 0.620139
193.75 0.633787
200 0.646506
206.25 0.658325
212.5 0.670018
218.75 0.682066
225 0.693579
231.25 0.705044
237.5 0.715652
243.75 0.725884
250 0.736104
256.25 0.74549
262.5 0.754389
268.75 0.76248
275 0.771644
281.25 0.779249
287.5 0.78656
293.75 0.792631
300 0.799328
306.25 0.805759
312.5 0.812047
318.75 0.817217
325 0.822835
331.25 0.827886
337.5 0.832865
343.75 0.83819
350 0.842564
356.25 0.847131
362.5 0.850965
368.75 0.854797
375 0.858782
381.25 0.862622
387.5 0.866302
393.75 0.869265
400 0.872471
406.25 0.875086
412.5 0.877882
418.75 0.88082
425 0.883096
431.25 0.885904
437.5 0.888435
443.75 0.890687
450 0.893377
456.25 0.895284
462.5 0.897098
468.75 0.899983
475 0.901956
481.25 0.903917
487.5 0.906018
493.75 0.907836
500 0.909701
506.25 0.911372
512.5 0.912734
518.75 0.914303
525 0.915772
531.25 0.916818
537.5 0.918497
543.75 0.919812
550 0.920762
556.25 0.922039
562.5 0.92359
568.75 0.92472
575 0.925791
581.25 0.926896
587.5 0.927865
593.75 0.929015
600 0.930246
606.25 0.93129
612.5 0.931922
618.75 0.933046
625 0.933873
631.25 0.934531
637.5 0.935243
643.75 0.936152
650 0.937069
656.25 0.937595
662.5 0.938302
668.75 0.939175
675 0.939503
681.25 0.940209
687.5 0.941275
693.75 0.942041
700 0.942215
706.25 0.942719
712.5 0.943231
718.75 0.943945
725 0.944589
731.25 0.944916
737.5 0.945373
743.75 0.945735
750 0.946222
756.25 0.946635
762.5 0.946635
768.75 0.947098
775 0.947844
781.25 0.948146
787.5 0.948791
793.75 0.949278
800 0.949165
806.25 0.949315
812.5 0.949617
818.75 0.949813
825 0.949698
831.25 0.949532
837.5 0.949696
843.75 0.949916
850 0.949828
856.25 0.949917
862.5 0.949733
868.75 0.949839
875 0.949798
881.25 0.949771
887.5 0.950052
893.75 0.949929
900 0.950053
906.25 0.949885
912.5 0.950146
918.75 0.950078
925 0.950136
931.25 0.949646
937.5 0.949636
943.75 0.949861
950 0.949908
956.25 0.950222
962.5 0.949673
968.75 0.949521
975 0.949535
981.25 0.949663
987.5 0.950054
993.75 0.949877
1000 0.94976
1006.25 0.950026
1012.5 0.9499
1018.75 0.950158
1025 0.950312
1031.25 0.950209
1037.5 0.950279
1043.75 0.950522
1050 0.95067
1056.25 0.950882
1062.5 0.950324
1068.75 0.950425
1075 0.950401
1081.25 0.950707
1087.5 0.950828
1093.75 0.950681
1100 0.950782
1106.25 0.950854
1112.5 0.951061
1118.75 0.950909
1125 0.950851
1131.25 0.950908
1137.5 0.95104
1143.75 0.951233
1150 0.951214
1156.25 0.951182
1162.5 0.951407
1168.75 0.951842
1175 0.951902
1181.25 0.952057
1187.5 0.95202
1193.75 0.951967
1200 0.951923
1206.25 0.952181
1212.5 0.951997
1218.75 0.952375
1225 0.95238
1231.25 0.952398
1237.5 0.952319
1243.75 0.952336
1250 0.952438
