0 0.00060288
6.25 0.033869
12.5 0.0618689
18.75 0.0885313
25 0.115221
31.25 0.141414
37.5 0.166723
43.75 0.19118
50 0.214721
56.25 0.238364
62.5 0.262053
68.75 0.284007
75 0.305954
81.25 0.327922
87.5 0.349516
93.75 0.369507
100 0.389686
106.25 0.409726
112.5 0.428779
118.75 0.446609
125 0.465087
131.25 0.482402
137.5 0.499361
143.75 0.51632
150 0.533594
156.25 0.549212
162.5 0.564732
168.75 0.580297
175 0.594819
181.25 0.608622
187.5 0.621872
193.75 0.63574
200 0.648493
206.25 0.660439
212.5 0.672193
218.75 0.684094
225 0.695697
231.25 0.707188
237.5 0.717863
243.75 0.727991
250 0.738041
256.25 0.747297
262.5 0.756165
268.75 0.764365
275 0.773445
281.25 0.781028
287.5 0.788364
293.75 0.794698
300 0.801412
306.25 0.807991
312.5 0.814194
318.75 0.819742
325 0.825744
331.25 0.830995
337.5 0.836159
343.75 0.841419
350 0.846005
356.25 0.850666
362.5 0.854544
368.75 0.85846
375 0.86251
381.25 0.86625
387.5 0.869857
393.75 0.872884
400 0.876073
406.25 0.878875
412.5 0.881641
418.75 0.884638
425 0.886854
431.25 0.88955
437.5 0.892131
443.75 0.89438
450 0.897035
456.25 0.898825
462.5 0.900648
468.75 0.903453
475 0.905348
481.25 0.907188
487.5 0.909172
493.75 0.910896
500 0.912571
506.25 0.914125
512.5 0.915357
518.75 0.916785
525 0.918084
531.25 0.91896
537.5 0.920452
543.75 0.921642
550 0.922603
556.25 0.923691
562.5 0.925111
568.75 0.926249
575 0.927019
581.25 0.92795
587.5 0.928814
593.75 0.92994
600 0.931045
606.25 0.932012
612.5 0.932558
618.75 0.933449
625 0.934213
631.25 0.934758
637.5 0.935511
643.75 0.93637
650 0.937266
656.25 0.937731
662.5 0.938357
668.75 0.939119
675 0.939405
681.25 0.940043
687.5 0.941062
693.75 0.941678
700 0.94186
706.25 0.942309
712.5 0.942736
718.75 0.94341
725 0.943908
731.25 0.944182
737.5 0.944514
743.75 0.944821
750 0.945284
756.25 0.945721
762.5 0.945717
768.75 0.946103
775 0.946726
781.25 0.946924
787.5 0.947462
793.75 0.947945
800 0.947899
806.25 0.948054
812.5 0.948296
818.75 0.948516
825 0.948422
831.25 0.948289
837.5 0.948455
843.75 0.948618
850 0.948439
856.25 0.948601
862.5 0.948442
868.75 0.948539
875 0.948367
881.25 0.948447
887.5 0.948688
893.75 0.948607
900 0.94871
906.25 0.948538
912.5 0.948861
918.75 0.948725
925 0.948775
931.25 0.948293
937.5 0.948223
943.75 0.94842
950 0.948486
956.25 0.948749
962.5 0.948288
968.75 0.948261
975 0.948289
981.25 0.948342
987.5 0.948678
993.75 0.948517
1000 0.948401
1006.25 0.948546
1012.5 0.948482
1018.75 0.948676
1025 0.94887
1031.25 0.948735
1037.5 0.948826
1043.75 0.949129
1050 0.949236
1056.25 0.949389
1062.5 0.948842
1068.75 0.948981
1075 0.948939
1081.25 0.949254
1087.5 0.949382
1093.75 0.949202
1100 0.949291
1106.25 0.949346
1112.5 0.949496
1118.75 0.949393
1125 0.949457
1131.25 0.949519
1137.5 0.949556
1143.75 0.949669
1150 0.949657
1156.25 0.949623
1162.5 0.949826
1168.75 0.950183
1175 0.950296
1181.25 0.95043
1187.5 0.950396
1193.75 0.950265
1200 0.950322
1206.25 0.950489
1212.5 0.950345
1218.75 0.950709
1225 0.950663
1231.25 0.950717
1237.5 0.950636
1243.75 0.950754
1250 0.950743
