0 0.000610648
6.25 0.0341511
12.5 0.0627617
18.75 0.0900855
25 0.116854
31.25 0.143207
37.5 0.168615
43.75 0.193135
50 0.217038
56.25 0.240742
62.5 0.264617
68.75 0.287204
75 0.309526
81.25 0.331318
87.5 0.353643
93.75 0.374073
100 0.393611
106.25 0.413167
112.5 0.431898
118.75 0.449837
125 0.468166
131.25 0.485656
137.5 0.502442
143.75 0.51935
150 0.536091
156.25 0.551619
162.5 0.566927
168.75 0.58241
175 0.596734
181.25 0.610195
187.5 0.623332
193.75 0.636849
200 0.649443
206.25 0.661399
212.5 0.673242
218.75 0.685211
225 0.696581
231.25 0.708384
237.5 0.719145
243.75 0.729551
250 0.739898
256.25 0.749406
262.5 0.758532
268.75 0.766801
275 0.775577
281.25 0.783276
287.5 0.790539
293.75 0.797162
300 0.80367
306.25 0.809954
312.5 0.816064
318.75 0.821575
325 0.827619
331.25 0.832607
337.5 0.83777
343.75 0.842826
350 0.847324
356.25 0.851827
362.5 0.855852
368.75 0.859687
375 0.863833
381.25 0.867621
387.5 0.871278
393.75 0.874258
400 0.877403
406.25 0.880276
412.5 0.883202
418.75 0.885985
425 0.888329
431.25 0.891114
437.5 0.893919
443.75 0.896307
450 0.898998
456.25 0.900962
462.5 0.902957
468.75 0.905544
475 0.907395
481.25 0.909216
487.5 0.911031
493.75 0.912678
500 0.914163
506.25 0.915604
512.5 0.916556
518.75 0.917695
525 0.918925
531.25 0.919846
537.5 0.921083
543.75 0.922174
550 0.92306
556.25 0.924086
562.5 0.925409
568.75 0.926402
575 0.927054
581.25 0.928006
587.5 0.928892
593.75 0.929944
600 0.930901
606.25 0.931701
612.5 0.932208
618.75 0.933134
625 0.933772
631.25 0.934447
637.5 0.935295
643.75 0.935808
650 0.936392
656.25 0.936899
662.5 0.937401
668.75 0.938083
675 0.938252
681.25 0.938964
687.5 0.939712
693.75 0.940166
700 0.94045
706.25 0.940922
712.5 0.941255
718.75 0.941862
725 0.942318
731.25 0.942521
737.5 0.942841
743.75 0.943155
750 0.943569
756.25 0.943865
762.5 0.944082
768.75 0.944407
775 0.944902
781.25 0.945011
787.5 0.945439
793.75 0.945671
800 0.945734
806.25 0.94593
812.5 0.946099
818.75 0.946337
825 0.946339
831.25 0.946294
837.5 0.946561
843.75 0.946621
850 0.946511
856.25 0.946628
862.5 0.94654
868.75 0.946668
875 0.946704
881.25 0.946864
887.5 0.947246
893.75 0.947256
900 0.947234
906.25 0.947147
912.5 0.947497
918.75 0.947431
925 0.947467
931.25 0.947199
937.5 0.947222
943.75 0.947411
950 0.947432
956.25 0.947619
962.5 0.947295
968.75 0.947337
975 0.947402
981.25 0.947525
987.5 0.947741
993.75 0.947636
1000 0.947536
1006.25 0.947569
1012.5 0.947505
1018.75 0.947761
1025 0.947917
1031.25 0.947774
1037.5 0.94777
1043.75 0.947942
1050 0.948103
1056.25 0.948351
1062.5 0.947926
1068.75 0.948077
1075 0.94781
1081.25 0.948177
1087.5 0.948385
1093.75 0.948233
1100 0.948221
1106.25 0.948294
1112.5 0.948438
1118.75 0.94823
1125 0.948359
1131.25 0.94841
1137.5 0.948322
1143.75 0.948502
1150 0.948613
1156.25 0.948443
1162.5 0.948602
1168.75 0.948832
1175 0.948898
1181.25 0.948978
1187.5 0.948931
1193.75 0.948823
1200 0.948946
1206.25 0.949005
1212.5 0.948874
1218.75 0.949041
1225 0.948972
1231.25 0.949106
1237.5 0.949078
1243.75 0.949155
1250 0.949179
