0 -0.0367728
6.25 0.0404191
12.5 0.104197
18.75 0.126549
25 0.156427
31.25 0.183141
37.5 0.215122
43.75 0.248162
50 0.280922
56.25 0.313
62.5 0.340889
68.75 0.372644
75 0.401154
81.25 0.431317
87.5 0.459566
93.75 0.482942
100 0.504727
106.25 0.526901
112.5 0.546872
118.75 0.563652
125 0.582485
131.25 0.599461
137.5 0.615884
143.75 0.63318
150 0.650472
156.25 0.6654
162.5 0.680541
168.75 0.695474
175 0.709025
181.25 0.72132
187.5 0.733965
193.75 0.746069
200 0.758263
206.25 0.769289
212.5 0.780347
218.75 0.789985
225 0.799475
231.25 0.809637
237.5 0.818456
243.75 0.826702
250 0.83515
256.25 0.842459
262.5 0.849054
268.75 0.855371
275 0.86202
281.25 0.86778
287.5 0.872977
293.75 0.877967
300 0.882953
306.25 0.887817
312.5 0.892929
318.75 0.89665
325 0.901172
331.25 0.904853
337.5 0.908793
343.75 0.912935
350 0.91664
356.25 0.919922
362.5 0.922836
368.75 0.925688
375 0.928566
381.25 0.931436
387.5 0.933827
393.75 0.936413
400 0.938844
406.25 0.941242
412.5 0.943383
418.75 0.945338
425 0.947022
431.25 0.948912
437.5 0.950789
443.75 0.952481
450 0.954263
456.25 0.955558
462.5 0.95687
468.75 0.958462
475 0.959842
481.25 0.960973
487.5 0.962196
493.75 0.963429
500 0.964428
506.25 0.96541
512.5 0.966361
518.75 0.967082
525 0.96804
531.25 0.969019
537.5 0.970019
543.75 0.970934
550 0.971682
556.25 0.97254
562.5 0.973225
568.75 0.973986
575 0.974347
581.25 0.975236
587.5 0.975997
593.75 0.976786
600 0.977506
606.25 0.978085
612.5 0.978646
618.75 0.979182
625 0.979624
631.25 0.980011
637.5 0.980465
643.75 0.980941
650 0.981346
656.25 0.981673
662.5 0.982151
668.75 0.982684
675 0.983051
681.25 0.983465
687.5 0.983838
693.75 0.984195
700 0.984495
706.25 0.984813
712.5 0.985071
718.75 0.985442
725 0.985758
731.25 0.986005
737.5 0.986305
743.75 0.986447
750 0.986688
756.25 0.986863
762.5 0.987052
768.75 0.987212
775 0.987375
781.25 0.987559
787.5 0.987657
793.75 0.987736
800 0.987804
806.25 0.987882
812.5 0.987961
818.75 0.988058
825 0.988112
831.25 0.988204
837.5 0.988303
843.75 0.988362
850 0.988393
856.25 0.988476
862.5 0.988532
868.75 0.988545
875 0.988648
881.25 0.9887
887.5 0.988802
893.75 0.988921
900 0.988963
906.25 0.989035
912.5 0.989098
918.75 0.9892
925 0.98923
931.25 0.989279
937.5 0.989293
943.75 0.989318
950 0.989286
956.25 0.989343
962.5 0.989362
968.75 0.989373
975 0.989382
981.25 0.989401
987.5 0.98944
993.75 0.989439
1000 0.989471
1006.25 0.989483
1012.5 0.989507
1018.75 0.989552
1025 0.989578
1031.25 0.989619
1037.5 0.989674
1043.75 0.989708
1050 0.989743
1056.25 0.989835
1062.5 0.989858
1068.75 0.989857
1075 0.989877
1081.25 0.989894
1087.5 0.989934
1093.75 0.98998
1100 0.990011
1106.25 0.990084
1112.5 0.990088
1118.75 0.990096
1125 0.990147
1131.25 0.990194
1137.5 0.990271
1143.75 0.990301
1150 0.990385
1156.25 0.990408
1162.5 0.990472
1168.75 0.990576
1175 0.990633
1181.25 0.99069
1187.5 0.99074
1193.75 0.990778
1200 0.990772
1206.25 0.990844
1212.5 0.990879
1218.75 0.990943
1225 0.990976
1231.25 0.991004
1237.5 0.991116
1243.75 0.991167
1250 0.991266
