0 -0.0369258
6.25 0.0318361
12.5 0.100225
18.75 0.11757
25 0.141514
31.25 0.170941
37.5 0.207904
43.75 0.23909
50 0.271144
56.25 0.304273
62.5 0.333179
68.75 0.363665
75 0.393639
81.25 0.425079
87.5 0.454698
93.75 0.479542
100 0.502339
106.25 0.524643
112.5 0.54546
118.75 0.561677
125 0.579722
131.25 0.596174
137.5 0.611991
143.75 0.629338
150 0.646782
156.25 0.661527
162.5 0.677018
168.75 0.6917
175 0.705441
181.25 0.71837
187.5 0.730682
193.75 0.742966
200 0.755378
206.25 0.766321
212.5 0.777119
218.75 0.786823
225 0.796106
231.25 0.806136
237.5 0.815005
243.75 0.82319
250 0.831627
256.25 0.83886
262.5 0.845166
268.75 0.851582
275 0.859005
281.25 0.864932
287.5 0.870514
293.75 0.875622
300 0.88062
306.25 0.885818
312.5 0.891154
318.75 0.894839
325 0.899367
331.25 0.903161
337.5 0.907262
343.75 0.911544
350 0.91519
356.25 0.918276
362.5 0.921056
368.75 0.92392
375 0.926783
381.25 0.929684
387.5 0.931986
393.75 0.934494
400 0.9369
406.25 0.93941
412.5 0.941435
418.75 0.943504
425 0.945052
431.25 0.946988
437.5 0.948823
443.75 0.950644
450 0.952541
456.25 0.953897
462.5 0.955281
468.75 0.957146
475 0.958712
481.25 0.959894
487.5 0.96129
493.75 0.962662
500 0.963679
506.25 0.964754
512.5 0.965904
518.75 0.96683
525 0.967913
531.25 0.969047
537.5 0.970196
543.75 0.971166
550 0.971933
556.25 0.972759
562.5 0.973501
568.75 0.97426
575 0.974686
581.25 0.975688
587.5 0.976519
593.75 0.97743
600 0.978206
606.25 0.978903
612.5 0.979547
618.75 0.98019
625 0.98067
631.25 0.981034
637.5 0.981568
643.75 0.982128
650 0.982565
656.25 0.983012
662.5 0.983567
668.75 0.984204
675 0.98461
681.25 0.985135
687.5 0.98559
693.75 0.985921
700 0.986249
706.25 0.98657
712.5 0.986914
718.75 0.987349
725 0.987697
731.25 0.987954
737.5 0.988275
743.75 0.988495
750 0.988769
756.25 0.988968
762.5 0.989169
768.75 0.989309
775 0.989454
781.25 0.989598
787.5 0.989751
793.75 0.989809
800 0.989873
806.25 0.989928
812.5 0.989971
818.75 0.990017
825 0.990083
831.25 0.990127
837.5 0.990169
843.75 0.990163
850 0.990135
856.25 0.99015
862.5 0.990178
868.75 0.990194
875 0.990267
881.25 0.990252
887.5 0.990278
893.75 0.990368
900 0.990358
906.25 0.99038
912.5 0.990391
918.75 0.990411
925 0.990424
931.25 0.990447
937.5 0.990445
943.75 0.990464
950 0.990391
956.25 0.99045
962.5 0.990463
968.75 0.990473
975 0.990468
981.25 0.990485
987.5 0.990539
993.75 0.990534
1000 0.990584
1006.25 0.990598
1012.5 0.990637
1018.75 0.990697
1025 0.990713
1031.25 0.990777
1037.5 0.990858
1043.75 0.99091
1050 0.990948
1056.25 0.991064
1062.5 0.991106
1068.75 0.99111
1075 0.991142
1081.25 0.991165
1087.5 0.99122
1093.75 0.991271
1100 0.991324
1106.25 0.991416
1112.5 0.991422
1118.75 0.991443
1125 0.991513
1131.25 0.991568
1137.5 0.991671
1143.75 0.991705
1150 0.99182
1156.25 0.991859
1162.5 0.991955
1168.75 0.992107
1175 0.992183
1181.25 0.992268
1187.5 0.992331
1193.75 0.992386
1200 0.992371
1206.25 0.992474
1212.5 0.992518
1218.75 0.992605
1225 0.992646
1231.25 0.992694
1237.5 0.992844
1243.75 0.992899
1250 0.993037
