0 -0.0106064
6.25 0.0152282
12.5 0.0800104
18.75 0.109003
25 0.13019
31.25 0.154261
37.5 0.190999
43.75 0.220457
50 0.250765
56.25 0.281668
62.5 0.315108
68.75 0.345581
75 0.382273
81.25 0.416546
87.5 0.445494
93.75 0.472784
100 0.495534
106.25 0.517275
112.5 0.537774
118.75 0.552276
125 0.571464
131.25 0.588183
137.5 0.60373
143.75 0.622007
150 0.639938
156.25 0.65398
162.5 0.669474
168.75 0.684885
175 0.700123
181.25 0.7133
187.5 0.72614
193.75 0.737973
200 0.750166
206.25 0.760956
212.5 0.771972
218.75 0.782113
225 0.791742
231.25 0.801846
237.5 0.811227
243.75 0.819769
250 0.828385
256.25 0.835873
262.5 0.841874
268.75 0.848174
275 0.85564
281.25 0.861499
287.5 0.867064
293.75 0.871896
300 0.877371
306.25 0.882805
312.5 0.88869
318.75 0.892269
325 0.897131
331.25 0.901363
337.5 0.906076
343.75 0.91104
350 0.914864
356.25 0.918305
362.5 0.921707
368.75 0.924877
375 0.927992
381.25 0.931254
387.5 0.933399
393.75 0.936144
400 0.938632
406.25 0.941138
412.5 0.943357
418.75 0.94573
425 0.947476
431.25 0.949581
437.5 0.95144
443.75 0.953273
450 0.955507
456.25 0.956908
462.5 0.958328
468.75 0.960235
475 0.961881
481.25 0.963053
487.5 0.9645
493.75 0.965965
500 0.967075
506.25 0.968188
512.5 0.969156
518.75 0.970165
525 0.97123
531.25 0.972342
537.5 0.973441
543.75 0.974398
550 0.975029
556.25 0.9759
562.5 0.97675
568.75 0.977564
575 0.97794
581.25 0.978828
587.5 0.979694
593.75 0.980544
600 0.981153
606.25 0.981763
612.5 0.982442
618.75 0.982987
625 0.983498
631.25 0.983863
637.5 0.984565
643.75 0.98526
650 0.985726
656.25 0.986398
662.5 0.986975
668.75 0.987671
675 0.988077
681.25 0.988548
687.5 0.989064
693.75 0.989398
700 0.989658
706.25 0.98993
712.5 0.990229
718.75 0.990585
725 0.9909
731.25 0.991139
737.5 0.991336
743.75 0.991557
750 0.991726
756.25 0.991882
762.5 0.99209
768.75 0.992239
775 0.992331
781.25 0.992469
787.5 0.992626
793.75 0.992681
800 0.992731
806.25 0.992783
812.5 0.992798
818.75 0.992835
825 0.992876
831.25 0.992879
837.5 0.992947
843.75 0.992938
850 0.992881
856.25 0.992871
862.5 0.992861
868.75 0.992918
875 0.992975
881.25 0.993003
887.5 0.99303
893.75 0.993082
900 0.993107
906.25 0.993057
912.5 0.993056
918.75 0.993069
925 0.993124
931.25 0.99318
937.5 0.993152
943.75 0.993208
950 0.993127
956.25 0.993208
962.5 0.993214
968.75 0.993223
975 0.993216
981.25 0.993273
987.5 0.993318
993.75 0.993336
1000 0.99337
1006.25 0.993385
1012.5 0.993419
1018.75 0.993477
1025 0.993491
1031.25 0.993543
1037.5 0.993632
1043.75 0.993603
1050 0.993676
1056.25 0.993775
1062.5 0.993791
1068.75 0.993786
1075 0.993858
1081.25 0.993899
1087.5 0.993917
1093.75 0.993964
1100 0.993937
1106.25 0.994022
1112.5 0.994041
1118.75 0.994081
1125 0.994124
1131.25 0.994125
1137.5 0.994157
1143.75 0.994194
1150 0.994276
1156.25 0.994298
1162.5 0.994355
1168.75 0.994395
1175 0.994434
1181.25 0.994459
1187.5 0.994472
1193.75 0.994492
1200 0.994492
1206.25 0.994496
1212.5 0.994509
1218.75 0.994515
1225 0.994494
1231.25 0.9945
1237.5 0.994491
1243.75 0.994493
1250 0.99449
