0 820.01000000 822.02000000
20.25000000 17.65666667 17.49000000
40.50000000 9.51000000 9.49666667
60.75000000 6.51333333 6.48333333
81.00000000 4.96000000 4.95000000
101.25000000 4.06000000 4.07666667
121.50000000 3.50666667 3.45333333
141.75000000 2.92333333 2.95666667
162.00000000 2.60333333 2.56000000
182.25000000 2.28666667 2.30666667
202.50000000 2.10333333 2.09666667
222.75000000 1.94000000 1.88666667
243.00000000 1.73333333 1.75000000
263.25000000 1.61000000 1.63333333
283.50000000 1.48333333 1.48333333
303.75000000 1.37666667 1.37333333
324.00000000 1.26333333 1.26666667
344.25000000 1.12666667 1.22333333
364.50000000 1.11333333 1.09666667
384.75000000 1.04000000 1.03333333
405.00000000 0.97666667 0.98000000
425.25000000 0.87000000 0.85333333
445.50000000 0.81666667 0.79000000
465.75000000 0.73666667 0.72666667
486.00000000 0.69000000 0.68000000
506.25000000 0.62666667 0.61666667
526.50000000 0.58000000 0.58333333
546.75000000 0.57333333 0.57000000
567.00000000 0.52333333 0.50000000
587.25000000 0.48333333 0.48333333
607.50000000 0.44666667 0.46333333
627.75000000 0.42333333 0.41666667
648.00000000 0.37666667 0.40666667
668.25000000 0.38333333 0.38333333
688.50000000 0.35333333 0.34333333
708.75000000 0.33000000 0.32000000
729.00000000 0.30333333 0.31000000
749.25000000 0.29333333 0.29666667
769.50000000 0.25666667 0.26333333
789.75000000 0.24333333 0.24666667
810.00000000 0.23666667 0.23333333
830.25000000 0.21333333 0.21333333
850.50000000 0.21000000 0.20333333
870.75000000 0.17666667 0.17000000
891.00000000 0.15000000 0.15000000
911.25000000 0.14000000 0.15000000
931.50000000 0.12666667 0.12333333
951.75000000 0.13333333 0.12666667
972.00000000 0.11666667 0.12333333
992.25000000 0.12000000 0.11333333
1012.50000000 0.10000000 0.10333333
1032.75000000 0.10333333 0.10333333
1053.00000000 0.09000000 0.09666667
1073.25000000 0.08666667 0.08333333
1093.50000000 0.08000000 0.07000000
1113.75000000 0.07666667 0.07666667
1134.00000000 0.05333333 0.05666667
1154.25000000 0.05666667 0.05666667
1174.50000000 0.06333333 0.06000000
1194.75000000 0.05333333 0.05000000
1215.00000000 0.04666667 0.05000000
1235.25000000 0.04666667 0.04666667
1255.50000000 0.04000000 0.03666667
1275.75000000 0.03333333 0.03666667
1296.00000000 0.03333333 0.03333333
1316.25000000 0.03333333 0.03333333
1336.50000000 0.03000000 0.02000000
1356.75000000 0.02000000 0.02666667
1377.00000000 0.01666667 0.02333333
1397.25000000 0.01666667 0.02000000
1417.50000000 0.02000000 0.02000000
1437.75000000 0.02000000 0.02000000
1458.00000000 0.01666667 0.01666667
1478.25000000 0.01333333 0.01666667
1498.50000000 0.01666667 0.01666667
1518.75000000 0.01666667 0.01666667
1539.00000000 0.01666667 0.01666667
1559.25000000 0.01000000 0.01333333
1579.50000000 0.01333333 0.01000000
1599.75000000 0.01000000 0.01000000
1620.00000000 0.01333333 0.01333333
1640.25000000 0.01333333 0.01333333
1660.50000000 0.00333333 0.01333333
1680.75000000 0.01333333 0.01333333
1701.00000000 0.01333333 0.01000000
1721.25000000 0.01333333 0.01333333
1741.50000000 0.01333333 0.01333333
1761.75000000 0.01333333 0.01333333
1782.00000000 0.01333333 0.01000000
1802.25000000 0.01000000 0.01333333
1822.50000000 0.01333333 0.01333333
1842.75000000 0.01333333 0.01333333
1863.00000000 0.01333333 0.01000000
1883.25000000 0.01000000 0.01333333
1903.50000000 0.01333333 0.01333333
1923.75000000 0.01333333 0.01333333
1944.00000000 0.01333333 0.01333333
1964.25000000 0.01333333 0.01333333
1984.50000000 0.01000000 0.01333333
2004.75000000 0.01333333 0.01333333
2025.00000000 0.01000000 0.01333333
2045.25000000 0.01333333 0.01333333
2065.50000000 0.01333333 0.01333333
2085.75000000 0.01333333 0.01000000
2106.00000000 0.01333333 0.01000000
2126.25000000 0.01000000 0.01000000
2146.50000000 0.00333333 0.00333333
2166.75000000 0.00333333 0.00333333
2187.00000000 0.00333333 0.00333333
2207.25000000 0.00333333 0.00333333
2227.50000000 0.00333333 0.00333333
2247.75000000 0.00000000 0.00000000
2268.00000000 0.00000000 0.00000000
2288.25000000 0.00000000 0.00000000
2308.50000000 0.00000000 0.00000000
2328.75000000 0.00000000 0.00000000
2349.00000000 0.00000000 0.00000000
2369.25000000 0.00000000 0.00000000
2389.50000000 0.00000000 0.00000000
2409.75000000 0.00000000 0.00000000
2430.00000000 0.00000000 0.00000000
2450.25000000 0.00000000 0.00000000
2470.50000000 0.00000000 0.00000000
2490.75000000 0.00000000 0.00000000
2511.00000000 0.00000000 0.00000000
2531.25000000 0.00000000 0.00000000
2551.50000000 0.00000000 0.00000000
2571.75000000 0.00000000 0.00000000
2592.00000000 0.00000000 0.00000000
2612.25000000 0.00000000 0.00000000
2632.50000000 0.00000000 0.00000000
2652.75000000 0.00000000 0.00000000
2673.00000000 0.00000000 0.00000000
2693.25000000 0.00000000 0.00000000
2713.50000000 0.00000000 0.00000000
2733.75000000 0.00000000 0.00000000
2754.00000000 0.00000000 0.00000000
2774.25000000 0.00000000 0.00000000
2794.50000000 0.00000000 0.00000000
2814.75000000 0.00000000 0.00000000
2835.00000000 0.00000000 0.00000000
2855.25000000 0.00000000 0.00000000
2875.50000000 0.00000000 0.00000000
2895.75000000 0.00000000 0.00000000
2916.00000000 0.00000000 0.00000000
2936.25000000 0.00000000 0.00000000
2956.50000000 0.00000000 0.00000000
2976.75000000 0.00000000 0.00000000
2997.00000000 0.00000000 0.00000000
3017.25000000 0.00000000 0.00000000
3037.50000000 0.00000000 0.00000000
3057.75000000 0.00000000 0.00000000
3078.00000000 0.00000000 0.00000000
3098.25000000 0.00000000 0.00000000
3118.50000000 0.00000000 0.00000000
3138.75000000 0.00000000 0.00000000
3159.00000000 0.00000000 0.00000000
3179.25000000 0.00000000 0.00000000
3199.50000000 0.00000000 0.00000000
3219.75000000 0.00000000 0.00000000
3240.00000000 0.00000000 0.00000000
3260.25000000 0.00000000 0.00000000
3280.50000000 0.00000000 0.00000000
3300.75000000 0.00000000 0.00000000
3321.00000000 0.00000000 0.00000000
3341.25000000 0.00000000 0.00000000
3361.50000000 0.00000000 0.00000000
3381.75000000 0.00000000 0.00000000
3402.00000000 0.00000000 0.00000000
3422.25000000 0.00000000 0.00000000
3442.50000000 0.00000000 0.00000000
3462.75000000 0.00000000 0.00000000
3483.00000000 0.00000000 0.00000000
3503.25000000 0.00000000 0.00000000
3523.50000000 0.00000000 0.00000000
3543.75000000 0.00000000 0.00000000
3564.00000000 0.00000000 0.00000000
3584.25000000 0.00000000 0.00000000
3604.50000000 0.00000000 0.00000000
3624.75000000 0.00000000 0.00000000
3645.00000000 0.00000000 0.00000000
3665.25000000 0.00000000 0.00000000
3685.50000000 0.00000000 0.00000000
3705.75000000 0.00000000 0.00000000
3726.00000000 0.00000000 0.00000000
3746.25000000 0.00000000 0.00000000
3766.50000000 0.00000000 0.00000000
3786.75000000 0.00000000 0.00000000
3807.00000000 0.00000000 0.00000000
3827.25000000 0.00000000 0.00000000
3847.50000000 0.00000000 0.00000000
3867.75000000 0.00000000 0.00000000
3888.00000000 0.00000000 0.00000000
3908.25000000 0.00000000 0.00000000
3928.50000000 0.00000000 0.00000000
3948.75000000 0.00000000 0.00000000
3969.00000000 0.00000000 0.00000000
3989.25000000 0.00000000 0.00000000
4009.50000000 0.00000000 0.00000000
4029.75000000 0.00000000 0.00000000
4050.00000000 0.00000000 0.00000000
