0 0.000604144
6.25 0.0324265
12.5 0.0572528
18.75 0.079376
25 0.101255
31.25 0.121585
37.5 0.142638
43.75 0.164589
50 0.184832
56.25 0.204601
62.5 0.224987
68.75 0.243755
75 0.26198
81.25 0.277952
87.5 0.294704
93.75 0.310979
100 0.326485
106.25 0.342636
112.5 0.357384
118.75 0.371637
125 0.387005
131.25 0.401391
137.5 0.414512
143.75 0.427035
150 0.439089
156.25 0.449491
162.5 0.462237
168.75 0.474162
175 0.484299
181.25 0.494897
187.5 0.506337
193.75 0.516737
200 0.529246
206.25 0.538725
212.5 0.549116
218.75 0.559348
225 0.568765
231.25 0.578991
237.5 0.589644
243.75 0.598446
250 0.607799
256.25 0.617431
262.5 0.627276
268.75 0.636963
275 0.645921
281.25 0.654494
287.5 0.663279
293.75 0.672518
300 0.680761
306.25 0.688825
312.5 0.696193
318.75 0.703052
325 0.70977
331.25 0.716873
337.5 0.723162
343.75 0.729476
350 0.735299
356.25 0.740844
362.5 0.746346
368.75 0.752958
375 0.758363
381.25 0.763351
387.5 0.770018
393.75 0.775402
400 0.779824
406.25 0.784646
412.5 0.789488
418.75 0.794756
425 0.799659
431.25 0.804462
437.5 0.809355
443.75 0.813037
450 0.817517
456.25 0.821804
462.5 0.826176
468.75 0.830228
475 0.834729
481.25 0.839306
487.5 0.843332
493.75 0.847508
500 0.851583
506.25 0.854812
512.5 0.858725
518.75 0.8613
525 0.863283
531.25 0.866054
537.5 0.868426
543.75 0.87063
550 0.872393
556.25 0.874557
562.5 0.876953
568.75 0.879482
575 0.882336
581.25 0.884033
587.5 0.886377
593.75 0.888643
600 0.890541
606.25 0.892374
612.5 0.894605
618.75 0.897153
625 0.898514
631.25 0.899673
637.5 0.901394
643.75 0.903067
650 0.904642
656.25 0.905067
662.5 0.906343
668.75 0.907475
675 0.908984
681.25 0.909757
687.5 0.910627
693.75 0.91201
700 0.913071
706.25 0.913715
712.5 0.914292
718.75 0.915851
725 0.916995
731.25 0.918054
737.5 0.918952
743.75 0.919312
750 0.919504
756.25 0.919819
762.5 0.920855
768.75 0.921422
775 0.921976
781.25 0.922631
787.5 0.922868
793.75 0.923458
800 0.924471
806.25 0.92513
812.5 0.925744
818.75 0.925913
825 0.925923
831.25 0.926612
837.5 0.927101
843.75 0.927592
850 0.928176
856.25 0.928392
862.5 0.929812
868.75 0.929936
875 0.930678
881.25 0.931684
887.5 0.932196
893.75 0.932086
900 0.932834
906.25 0.933206
912.5 0.933627
918.75 0.93396
925 0.934046
931.25 0.934207
937.5 0.934709
943.75 0.934719
950 0.935177
956.25 0.935619
962.5 0.936116
968.75 0.936445
975 0.936482
981.25 0.936715
987.5 0.937018
993.75 0.937019
1000 0.937567
1006.25 0.937921
1012.5 0.937722
1018.75 0.938122
1025 0.938086
1031.25 0.939087
1037.5 0.938997
1043.75 0.939085
1050 0.939613
1056.25 0.940131
1062.5 0.940022
1068.75 0.940278
1075 0.940485
1081.25 0.941064
1087.5 0.940474
1093.75 0.940825
1100 0.94147
1106.25 0.941097
1112.5 0.941545
1118.75 0.9419
1125 0.941823
1131.25 0.941851
1137.5 0.942126
1143.75 0.941984
1150 0.942516
1156.25 0.942613
1162.5 0.942808
1168.75 0.943128
1175 0.943033
1181.25 0.943173
1187.5 0.943046
1193.75 0.942917
1200 0.943299
1206.25 0.94355
1212.5 0.94342
1218.75 0.943131
1225 0.942923
1231.25 0.943117
1237.5 0.942732
1243.75 0.943306
1250 0.943594
