0 8.46915e-07
6.25 0.0022468
12.5 0.00704514
18.75 0.0134975
25 0.0211631
31.25 0.0296009
37.5 0.0397298
43.75 0.0512972
50 0.0640101
56.25 0.0770917
62.5 0.0905122
68.75 0.104388
75 0.118863
81.25 0.133319
87.5 0.147863
93.75 0.16403
100 0.179798
106.25 0.194678
112.5 0.210182
118.75 0.225347
125 0.240589
131.25 0.255566
137.5 0.270165
143.75 0.284409
150 0.298715
156.25 0.312402
162.5 0.326489
168.75 0.34005
175 0.352255
181.25 0.364855
187.5 0.377619
193.75 0.390284
200 0.40366
206.25 0.416745
212.5 0.429548
218.75 0.441405
225 0.453226
231.25 0.465264
237.5 0.477172
243.75 0.488821
250 0.500835
256.25 0.512363
262.5 0.524149
268.75 0.535242
275 0.546909
281.25 0.557461
287.5 0.568485
293.75 0.579623
300 0.590952
306.25 0.601512
312.5 0.611277
318.75 0.620736
325 0.629465
331.25 0.637433
337.5 0.645714
343.75 0.653439
350 0.661102
356.25 0.667665
362.5 0.675242
368.75 0.682864
375 0.689956
381.25 0.697151
387.5 0.705637
393.75 0.712691
400 0.719327
406.25 0.725157
412.5 0.731212
418.75 0.737612
425 0.743377
431.25 0.74924
437.5 0.755133
443.75 0.760725
450 0.766292
456.25 0.771662
462.5 0.776866
468.75 0.781373
475 0.786076
481.25 0.790568
487.5 0.795514
493.75 0.799757
500 0.804152
506.25 0.808012
512.5 0.812546
518.75 0.815633
525 0.818035
531.25 0.820406
537.5 0.823176
543.75 0.825992
550 0.828822
556.25 0.831157
562.5 0.834361
568.75 0.837143
575 0.839629
581.25 0.841184
587.5 0.843667
593.75 0.846247
600 0.848158
606.25 0.850301
612.5 0.852713
618.75 0.854881
625 0.856589
631.25 0.858144
637.5 0.859845
643.75 0.862181
650 0.863895
656.25 0.864962
662.5 0.866356
668.75 0.867824
675 0.869274
681.25 0.870144
687.5 0.871011
693.75 0.872529
700 0.87462
706.25 0.875224
712.5 0.876367
718.75 0.878077
725 0.879062
731.25 0.880353
737.5 0.88124
743.75 0.881979
750 0.882812
756.25 0.883934
762.5 0.885118
768.75 0.88568
775 0.886117
781.25 0.886907
787.5 0.887003
793.75 0.888204
800 0.889144
806.25 0.889513
812.5 0.890137
818.75 0.890547
825 0.89135
831.25 0.891695
837.5 0.892208
843.75 0.892999
850 0.893145
856.25 0.893501
862.5 0.894452
868.75 0.894713
875 0.895131
881.25 0.89637
887.5 0.896849
893.75 0.896874
900 0.897153
906.25 0.897299
912.5 0.897889
918.75 0.898366
925 0.898368
931.25 0.898215
937.5 0.89889
943.75 0.89885
950 0.898734
956.25 0.898968
962.5 0.899152
968.75 0.899296
975 0.899547
981.25 0.900089
987.5 0.900504
993.75 0.900326
1000 0.901214
1006.25 0.901719
1012.5 0.901759
1018.75 0.901819
1025 0.901994
1031.25 0.902642
1037.5 0.902552
1043.75 0.902252
1050 0.902491
1056.25 0.902633
1062.5 0.902797
1068.75 0.903387
1075 0.903332
1081.25 0.903977
1087.5 0.903379
1093.75 0.903571
1100 0.904566
1106.25 0.904227
1112.5 0.904705
1118.75 0.904397
1125 0.904281
1131.25 0.904304
1137.5 0.904619
1143.75 0.904505
1150 0.904737
1156.25 0.904715
1162.5 0.905194
1168.75 0.905075
1175 0.905067
1181.25 0.905532
1187.5 0.905435
1193.75 0.905456
1200 0.905941
1206.25 0.906363
1212.5 0.906336
1218.75 0.905922
1225 0.905897
1231.25 0.905633
1237.5 0.90557
1243.75 0.905904
1250 0.906091
