0 7.40865e-07
6.25 0.00220929
12.5 0.00655531
18.75 0.0119061
25 0.0191346
31.25 0.0272849
37.5 0.0369112
43.75 0.0489069
50 0.0614579
56.25 0.0742477
62.5 0.0889254
68.75 0.103062
75 0.117544
81.25 0.131046
87.5 0.145756
93.75 0.161688
100 0.176611
106.25 0.191583
112.5 0.20665
118.75 0.220717
125 0.235589
131.25 0.250527
137.5 0.263585
143.75 0.276722
150 0.288855
156.25 0.299879
162.5 0.312762
168.75 0.325316
175 0.336221
181.25 0.348103
187.5 0.361047
193.75 0.373439
200 0.387751
206.25 0.398733
212.5 0.410668
218.75 0.421884
225 0.432841
231.25 0.444772
237.5 0.456973
243.75 0.468024
250 0.479344
256.25 0.490063
262.5 0.501887
268.75 0.51311
275 0.524544
281.25 0.534993
287.5 0.545879
293.75 0.557842
300 0.568724
306.25 0.579264
312.5 0.588486
318.75 0.59716
325 0.605593
331.25 0.614227
337.5 0.622479
343.75 0.630094
350 0.63687
356.25 0.643663
362.5 0.650116
368.75 0.658341
375 0.664854
381.25 0.671329
387.5 0.680072
393.75 0.686745
400 0.692265
406.25 0.698383
412.5 0.704319
418.75 0.71066
425 0.716887
431.25 0.72297
437.5 0.729583
443.75 0.734158
450 0.740023
456.25 0.745442
462.5 0.751061
468.75 0.755723
475 0.761443
481.25 0.766989
487.5 0.772424
493.75 0.778143
500 0.78369
506.25 0.788402
512.5 0.794258
518.75 0.797851
525 0.800264
531.25 0.803658
537.5 0.806938
543.75 0.809986
550 0.81215
556.25 0.814941
562.5 0.817972
568.75 0.821271
575 0.824814
581.25 0.826785
587.5 0.830029
593.75 0.832994
600 0.835342
606.25 0.837728
612.5 0.840305
618.75 0.84394
625 0.845567
631.25 0.846957
637.5 0.849374
643.75 0.851823
650 0.854213
656.25 0.854704
662.5 0.856464
668.75 0.858073
675 0.859989
681.25 0.860837
687.5 0.862035
693.75 0.863929
700 0.865297
706.25 0.865724
712.5 0.866529
718.75 0.868539
725 0.870165
731.25 0.87177
737.5 0.872852
743.75 0.873316
750 0.873551
756.25 0.874075
762.5 0.875581
768.75 0.876444
775 0.877058
781.25 0.877826
787.5 0.877885
793.75 0.878849
800 0.880396
806.25 0.881161
812.5 0.881888
818.75 0.882056
825 0.881751
831.25 0.882536
837.5 0.883114
843.75 0.883436
850 0.884208
856.25 0.884292
862.5 0.886457
868.75 0.886358
875 0.88753
881.25 0.889022
887.5 0.889465
893.75 0.889159
900 0.890309
906.25 0.890936
912.5 0.891381
918.75 0.891713
925 0.89193
931.25 0.892079
937.5 0.892845
943.75 0.892449
950 0.893013
956.25 0.893611
962.5 0.894254
968.75 0.894567
975 0.89446
981.25 0.894807
987.5 0.89499
993.75 0.894931
1000 0.895833
1006.25 0.896367
1012.5 0.895787
1018.75 0.896532
1025 0.896216
1031.25 0.897842
1037.5 0.897497
1043.75 0.897462
1050 0.898277
1056.25 0.899061
1062.5 0.898821
1068.75 0.899273
1075 0.899573
1081.25 0.900546
1087.5 0.899303
1093.75 0.899798
1100 0.900874
1106.25 0.900105
1112.5 0.900783
1118.75 0.901232
1125 0.901057
1131.25 0.90101
1137.5 0.901448
1143.75 0.90109
1150 0.902129
1156.25 0.902271
1162.5 0.902557
1168.75 0.903063
1175 0.902861
1181.25 0.903111
1187.5 0.902817
1193.75 0.902497
1200 0.903242
1206.25 0.903698
1212.5 0.90349
1218.75 0.902911
1225 0.902475
1231.25 0.902806
1237.5 0.901909
1243.75 0.902965
1250 0.90342
