0 0.000651771
6.25 0.0333406
12.5 0.0598443
18.75 0.0839082
25 0.106121
31.25 0.126675
37.5 0.147781
43.75 0.169087
50 0.189385
56.25 0.208731
62.5 0.227803
68.75 0.246566
75 0.264698
81.25 0.281813
87.5 0.298639
93.75 0.315787
100 0.332706
106.25 0.348595
112.5 0.364299
118.75 0.379859
125 0.395097
131.25 0.409713
137.5 0.423889
143.75 0.437424
150 0.451076
156.25 0.463619
162.5 0.47688
168.75 0.489384
175 0.500459
181.25 0.511671
187.5 0.52316
193.75 0.534534
200 0.546326
206.25 0.557852
212.5 0.568808
218.75 0.579502
225 0.589501
231.25 0.599811
237.5 0.61037
243.75 0.619552
250 0.629509
256.25 0.639496
262.5 0.649368
268.75 0.658616
275 0.667814
281.25 0.676296
287.5 0.685068
293.75 0.693729
300 0.70237
306.25 0.710593
312.5 0.718313
318.75 0.725673
325 0.732718
331.25 0.739246
337.5 0.745738
343.75 0.751936
350 0.758203
356.25 0.763416
362.5 0.769413
368.75 0.775351
375 0.78098
381.25 0.786463
387.5 0.792568
393.75 0.798032
400 0.803217
406.25 0.807555
412.5 0.812352
418.75 0.817385
425 0.82199
431.25 0.826414
437.5 0.830786
443.75 0.834935
450 0.839137
456.25 0.843143
462.5 0.847117
468.75 0.85068
475 0.854328
481.25 0.857811
487.5 0.86145
493.75 0.86469
500 0.868089
506.25 0.87094
512.5 0.874044
518.75 0.876424
525 0.878371
531.25 0.880374
537.5 0.882442
543.75 0.884653
550 0.886799
556.25 0.888749
562.5 0.891081
568.75 0.89332
575 0.895422
581.25 0.896842
587.5 0.898688
593.75 0.900589
600 0.902068
606.25 0.903687
612.5 0.905482
618.75 0.907166
625 0.908438
631.25 0.909605
637.5 0.910923
643.75 0.912494
650 0.91379
656.25 0.914628
662.5 0.915724
668.75 0.916791
675 0.917996
681.25 0.918742
687.5 0.919474
693.75 0.92054
700 0.921989
706.25 0.922636
712.5 0.923444
718.75 0.924759
725 0.925485
731.25 0.92639
737.5 0.927118
743.75 0.927676
750 0.928257
756.25 0.928972
762.5 0.929807
768.75 0.930243
775 0.930615
781.25 0.931212
787.5 0.931424
793.75 0.932183
800 0.932811
806.25 0.933207
812.5 0.933717
818.75 0.93405
825 0.934618
831.25 0.934994
837.5 0.935391
843.75 0.935989
850 0.936202
856.25 0.936469
862.5 0.937151
868.75 0.937409
875 0.937692
881.25 0.938479
887.5 0.938913
893.75 0.938967
900 0.939214
906.25 0.939327
912.5 0.939745
918.75 0.940128
925 0.940151
931.25 0.940068
937.5 0.940481
943.75 0.940588
950 0.940647
956.25 0.940842
962.5 0.941077
968.75 0.941269
975 0.94149
981.25 0.941857
987.5 0.942176
993.75 0.942127
1000 0.942641
1006.25 0.942951
1012.5 0.943075
1018.75 0.943116
1025 0.943322
1031.25 0.943769
1037.5 0.943778
1043.75 0.943681
1050 0.943877
1056.25 0.944018
1062.5 0.944156
1068.75 0.944463
1075 0.944496
1081.25 0.944896
1087.5 0.944575
1093.75 0.944707
1100 0.945274
1106.25 0.945143
1112.5 0.945461
1118.75 0.94532
1125 0.945265
1131.25 0.945304
1137.5 0.945521
1143.75 0.945443
1150 0.945564
1156.25 0.945589
1162.5 0.945886
1168.75 0.945856
1175 0.94591
1181.25 0.946171
1187.5 0.94615
1193.75 0.946212
1200 0.946421
1206.25 0.946692
1212.5 0.946676
1218.75 0.946464
1225 0.946459
1231.25 0.94639
1237.5 0.946417
1243.75 0.946608
1250 0.946749
