0 -0.0298223
6.25 -0.101122
12.5 0.000143145
18.75 0.110303
25 0.133694
31.25 0.154281
37.5 0.185796
43.75 0.194616
50 0.201036
56.25 0.226352
62.5 0.24325
68.75 0.265422
75 0.287356
81.25 0.303783
87.5 0.321751
93.75 0.328077
100 0.343119
106.25 0.368112
112.5 0.382051
118.75 0.401924
125 0.427025
131.25 0.445041
137.5 0.465919
143.75 0.48254
150 0.501781
156.25 0.515763
162.5 0.536186
168.75 0.553057
175 0.5665
181.25 0.578727
187.5 0.591735
193.75 0.601438
200 0.615673
206.25 0.62612
212.5 0.638044
218.75 0.651568
225 0.661981
231.25 0.673236
237.5 0.685649
243.75 0.693174
250 0.70244
256.25 0.714492
262.5 0.724477
268.75 0.735317
275 0.742746
281.25 0.751075
287.5 0.759192
293.75 0.7666
300 0.772809
306.25 0.77916
312.5 0.785838
318.75 0.791865
325 0.797886
331.25 0.804789
337.5 0.809708
343.75 0.815913
350 0.822062
356.25 0.827252
362.5 0.832895
368.75 0.838794
375 0.843964
381.25 0.847909
387.5 0.853028
393.75 0.857802
400 0.861641
406.25 0.865652
412.5 0.869999
418.75 0.874891
425 0.878909
431.25 0.882856
437.5 0.886226
443.75 0.889373
450 0.892736
456.25 0.896235
462.5 0.899652
468.75 0.903603
475 0.907186
481.25 0.911198
487.5 0.913928
493.75 0.916643
500 0.919337
506.25 0.921037
512.5 0.922906
518.75 0.924493
525 0.92619
531.25 0.928527
537.5 0.930021
543.75 0.931412
550 0.932883
556.25 0.934508
562.5 0.936381
568.75 0.938225
575 0.940532
581.25 0.942073
587.5 0.943532
593.75 0.945159
600 0.94669
606.25 0.948016
612.5 0.950037
618.75 0.951476
625 0.952634
631.25 0.953614
637.5 0.954632
643.75 0.955496
650 0.956211
656.25 0.956592
662.5 0.957385
668.75 0.958031
675 0.959167
681.25 0.959913
687.5 0.960454
693.75 0.961326
700 0.962099
706.25 0.963049
712.5 0.963395
718.75 0.964525
725 0.965173
731.25 0.965654
737.5 0.966393
743.75 0.966654
750 0.966809
756.25 0.966895
762.5 0.967443
768.75 0.967697
775 0.968215
781.25 0.968779
787.5 0.969237
793.75 0.969423
800 0.969872
806.25 0.970445
812.5 0.970962
818.75 0.97114
825 0.971518
831.25 0.972134
837.5 0.972545
843.75 0.973259
850 0.973654
856.25 0.974034
862.5 0.974662
868.75 0.975049
875 0.975331
881.25 0.975822
887.5 0.976437
893.75 0.976549
900 0.976867
906.25 0.976963
912.5 0.977376
918.75 0.977723
925 0.977664
931.25 0.977845
937.5 0.978066
943.75 0.978539
950 0.978896
956.25 0.979177
962.5 0.979527
968.75 0.979887
975 0.98009
981.25 0.980202
987.5 0.980651
993.75 0.980722
1000 0.980888
1006.25 0.981048
1012.5 0.981276
1018.75 0.981298
1025 0.981579
1031.25 0.981906
1037.5 0.9821
1043.75 0.982331
1050 0.982552
1056.25 0.982786
1062.5 0.982822
1068.75 0.982864
1075 0.982973
1081.25 0.983126
1087.5 0.983254
1093.75 0.983454
1100 0.983632
1106.25 0.983694
1112.5 0.983897
1118.75 0.984156
1125 0.984187
1131.25 0.984301
1137.5 0.9844
1143.75 0.984498
1150 0.984474
1156.25 0.984522
1162.5 0.984622
1168.75 0.984742
1175 0.984765
1181.25 0.984784
1187.5 0.984841
1193.75 0.984923
1200 0.984909
1206.25 0.984936
1212.5 0.984891
1218.75 0.984918
1225 0.984961
1231.25 0.985006
1237.5 0.985187
1243.75 0.985233
1250 0.985344
