0 -0.0670447
1 -0.000484879
2 0.0299672
3 0.123018
4 0.17612
5 0.216452
6 0.245839
7 0.27049
8 0.292706
9 0.315191
10 0.334391
11 0.352284
12 0.365145
13 0.379603
14 0.393442
15 0.399727
16 0.40613
17 0.41575
18 0.423721
19 0.429109
20 0.435129
21 0.445184
22 0.45632
23 0.463215
24 0.467665
25 0.472005
26 0.482165
27 0.489372
28 0.498009
29 0.510615
30 0.521714
31 0.531118
32 0.540553
33 0.549236
34 0.556143
35 0.564019
36 0.57118
37 0.577677
38 0.58468
39 0.592641
40 0.599473
41 0.605932
42 0.613178
43 0.619025
44 0.625318
45 0.632
46 0.637831
47 0.643802
48 0.651598
49 0.657972
50 0.664709
51 0.672257
52 0.677852
53 0.6835
54 0.690621
55 0.695691
56 0.701886
57 0.706101
58 0.710642
59 0.715852
60 0.721903
61 0.727203
62 0.732426
63 0.73747
64 0.74387
65 0.750562
66 0.756407
67 0.76301
68 0.768163
69 0.772729
70 0.777857
71 0.782865
72 0.787145
73 0.790626
74 0.794077
75 0.797405
76 0.801617
77 0.806527
78 0.810172
79 0.81381
80 0.818007
81 0.822078
82 0.82485
83 0.828019
84 0.831477
85 0.835698
86 0.83928
87 0.842233
88 0.845388
89 0.848171
90 0.850188
91 0.8527
92 0.855649
93 0.857754
94 0.860989
95 0.863409
96 0.8652
97 0.867281
98 0.869307
99 0.871759
100 0.873329
101 0.875065
102 0.877595
103 0.878957
104 0.880607
105 0.882283
106 0.884257
107 0.886385
108 0.887899
109 0.889861
110 0.891789
111 0.893602
112 0.895423
113 0.897697
114 0.899761
115 0.901271
116 0.903153
117 0.905265
118 0.907092
119 0.90795
120 0.909393
121 0.911125
122 0.91271
123 0.914409
124 0.916131
125 0.917473
126 0.91885
127 0.919742
128 0.921197
129 0.922219
130 0.923552
131 0.924604
132 0.925701
133 0.927005
134 0.928833
135 0.930611
136 0.932061
137 0.933443
138 0.934791
139 0.936004
140 0.937364
141 0.938645
142 0.939711
143 0.940782
144 0.942092
145 0.942806
146 0.94364
147 0.944745
148 0.945507
149 0.946187
150 0.946761
151 0.947746
152 0.948624
153 0.949605
154 0.950298
155 0.951123
156 0.952432
157 0.952886
158 0.953571
159 0.954033
160 0.954739
161 0.955458
162 0.956267
163 0.956728
164 0.957798
165 0.958369
166 0.959153
167 0.960046
168 0.960604
169 0.961347
170 0.962149
171 0.962683
172 0.963295
173 0.963597
174 0.96389
175 0.964297
176 0.964956
177 0.965324
178 0.965812
179 0.966461
180 0.967081
181 0.967353
182 0.967568
183 0.967958
184 0.968194
185 0.968544
186 0.968634
187 0.96866
188 0.96868
189 0.9688
190 0.969367
191 0.969671
192 0.96988
193 0.969513
194 0.969553
195 0.969749
196 0.96988
197 0.97024
198 0.970536
199 0.970858
200 0.971445
