0 -0.0909956
1 -0.0141258
2 0.0295678
3 0.142646
4 0.207734
5 0.24813
6 0.277396
7 0.306231
8 0.333009
9 0.352802
10 0.371775
11 0.39127
12 0.404793
13 0.422118
14 0.436841
15 0.446656
16 0.457738
17 0.470011
18 0.472113
19 0.477808
20 0.479681
21 0.48621
22 0.491696
23 0.495692
24 0.499661
25 0.503476
26 0.513345
27 0.521141
28 0.528911
29 0.542966
30 0.552644
31 0.560978
32 0.570955
33 0.580783
34 0.585691
35 0.593927
36 0.601171
37 0.608996
38 0.613414
39 0.620175
40 0.623831
41 0.627857
42 0.632523
43 0.636374
44 0.641788
45 0.648769
46 0.65458
47 0.659885
48 0.667987
49 0.673886
50 0.679509
51 0.688146
52 0.693737
53 0.699803
54 0.70737
55 0.714001
56 0.720596
57 0.723579
58 0.728018
59 0.733264
60 0.738433
61 0.742962
62 0.746123
63 0.75203
64 0.758445
65 0.764678
66 0.77004
67 0.775787
68 0.781827
69 0.786993
70 0.792414
71 0.798384
72 0.80224
73 0.805263
74 0.808405
75 0.812502
76 0.816743
77 0.820648
78 0.82421
79 0.827836
80 0.831843
81 0.83541
82 0.838346
83 0.840466
84 0.843066
85 0.846246
86 0.849291
87 0.852106
88 0.854903
89 0.856174
90 0.85765
91 0.860225
92 0.862693
93 0.863997
94 0.86674
95 0.869187
96 0.870434
97 0.872526
98 0.874553
99 0.876587
100 0.877844
101 0.880038
102 0.882633
103 0.884338
104 0.885755
105 0.887696
106 0.889466
107 0.891638
108 0.892808
109 0.894789
110 0.896935
111 0.899264
112 0.901101
113 0.903231
114 0.905876
115 0.907172
116 0.908856
117 0.911771
118 0.913516
119 0.914256
120 0.91501
121 0.916495
122 0.918028
123 0.919444
124 0.920789
125 0.922126
126 0.923442
127 0.924447
128 0.925863
129 0.927596
130 0.929069
131 0.930239
132 0.931312
133 0.933046
134 0.935089
135 0.936829
136 0.938189
137 0.939522
138 0.941181
139 0.942228
140 0.9435
141 0.944995
142 0.946114
143 0.947411
144 0.94893
145 0.949451
146 0.950339
147 0.951831
148 0.953023
149 0.954229
150 0.954599
151 0.955872
152 0.956784
153 0.958031
154 0.958789
155 0.959656
156 0.960887
157 0.961511
158 0.96249
159 0.962907
160 0.963749
161 0.964153
162 0.964932
163 0.965263
164 0.966438
165 0.967091
166 0.96774
167 0.9684
168 0.968871
169 0.969511
170 0.970304
171 0.971092
172 0.971628
173 0.971777
174 0.972095
175 0.972224
176 0.972878
177 0.973313
178 0.97403
179 0.97458
180 0.975237
181 0.975261
182 0.975406
183 0.975519
184 0.975635
185 0.97592
186 0.975938
187 0.976148
188 0.975968
189 0.975927
190 0.976138
191 0.976159
192 0.976327
193 0.975628
194 0.975615
195 0.97568
196 0.975495
197 0.97587
198 0.976315
199 0.976349
200 0.977022
