0 6.95243e-07
6.25 0.00236452
12.5 0.00706415
18.75 0.0133235
25 0.0209657
31.25 0.0299992
37.5 0.0395239
43.75 0.0495334
50 0.0598016
56.25 0.0705522
62.5 0.0815266
68.75 0.0913871
75 0.101411
81.25 0.11066
87.5 0.119815
93.75 0.129188
100 0.137326
106.25 0.145922
112.5 0.154094
118.75 0.162989
125 0.171372
131.25 0.179249
137.5 0.186573
143.75 0.194009
150 0.201682
156.25 0.209527
162.5 0.217073
168.75 0.224817
175 0.232768
181.25 0.240308
187.5 0.24778
193.75 0.25452
200 0.260877
206.25 0.267315
212.5 0.2734
218.75 0.279429
225 0.284795
231.25 0.290706
237.5 0.296712
243.75 0.302587
250 0.308151
256.25 0.313077
262.5 0.317384
268.75 0.322346
275 0.327547
281.25 0.332464
287.5 0.337722
293.75 0.342273
300 0.347473
306.25 0.353137
312.5 0.358142
318.75 0.363517
325 0.368403
331.25 0.373994
337.5 0.379056
343.75 0.38361
350 0.388214
356.25 0.392983
362.5 0.397414
368.75 0.401807
375 0.405813
381.25 0.40984
387.5 0.413444
393.75 0.41701
400 0.420666
406.25 0.42432
412.5 0.427382
418.75 0.430128
425 0.433236
431.25 0.436672
437.5 0.439531
443.75 0.442659
450 0.445672
456.25 0.449168
462.5 0.45202
468.75 0.45481
475 0.457174
481.25 0.459469
487.5 0.461673
493.75 0.464551
500 0.466545
506.25 0.46847
512.5 0.471116
518.75 0.473741
525 0.476205
531.25 0.478082
537.5 0.481043
543.75 0.482625
550 0.485125
556.25 0.487275
562.5 0.489232
568.75 0.49219
575 0.494972
581.25 0.49761
587.5 0.500633
593.75 0.50374
600 0.50676
606.25 0.510024
612.5 0.512907
618.75 0.516847
625 0.520349
631.25 0.523594
637.5 0.526332
643.75 0.529445
650 0.531961
656.25 0.534774
662.5 0.537747
668.75 0.540592
675 0.542615
681.25 0.545532
687.5 0.548101
693.75 0.55089
700 0.553108
706.25 0.555964
712.5 0.558561
718.75 0.561179
725 0.563912
731.25 0.56686
737.5 0.569387
743.75 0.57205
750 0.574996
756.25 0.577139
762.5 0.579892
768.75 0.581941
775 0.583239
781.25 0.585218
787.5 0.58697
793.75 0.588888
800 0.590966
806.25 0.592485
812.5 0.594488
818.75 0.59666
825 0.598244
831.25 0.599574
837.5 0.601083
843.75 0.602763
850 0.604007
856.25 0.606071
862.5 0.607638
868.75 0.609784
875 0.611768
881.25 0.613199
887.5 0.614569
893.75 0.61594
900 0.617467
906.25 0.618399
912.5 0.620076
918.75 0.621388
925 0.622588
931.25 0.624214
937.5 0.625462
943.75 0.627335
950 0.629145
956.25 0.631678
962.5 0.632732
968.75 0.634339
975 0.636079
981.25 0.637926
987.5 0.639679
993.75 0.641205
1000 0.642643
1006.25 0.644221
1012.5 0.645516
1018.75 0.646741
1025 0.648569
1031.25 0.650307
1037.5 0.651864
1043.75 0.653525
1050 0.65573
1056.25 0.658009
1062.5 0.660505
1068.75 0.662805
1075 0.664639
1081.25 0.66656
1087.5 0.667972
1093.75 0.669193
1100 0.670117
1106.25 0.671334
1112.5 0.672546
1118.75 0.673385
1125 0.674003
1131.25 0.67534
1137.5 0.676343
1143.75 0.677306
1150 0.678075
1156.25 0.678742
1162.5 0.679698
1168.75 0.680706
1175 0.681942
1181.25 0.683473
1187.5 0.684263
1193.75 0.685322
1200 0.686208
1206.25 0.687186
1212.5 0.688376
1218.75 0.688956
1225 0.689501
1231.25 0.690231
1237.5 0.691285
1243.75 0.692056
1250 0.692608
