0 0.000625079
6.25 0.0329926
12.5 0.059606
18.75 0.0846403
25 0.107745
31.25 0.129566
37.5 0.150218
43.75 0.170643
50 0.18968
56.25 0.207271
62.5 0.225256
68.75 0.243755
75 0.259374
81.25 0.276246
87.5 0.291453
93.75 0.307134
100 0.320541
106.25 0.334448
112.5 0.347175
118.75 0.359599
125 0.372713
131.25 0.386045
137.5 0.398489
143.75 0.410184
150 0.422389
156.25 0.433751
162.5 0.446875
168.75 0.457668
175 0.469063
181.25 0.479611
187.5 0.490781
193.75 0.50071
200 0.511204
206.25 0.520303
212.5 0.529074
218.75 0.538002
225 0.547242
231.25 0.555645
237.5 0.56419
243.75 0.571967
250 0.580781
256.25 0.588594
262.5 0.597271
268.75 0.605286
275 0.612705
281.25 0.622095
287.5 0.62939
293.75 0.636944
300 0.644373
306.25 0.652476
312.5 0.659292
318.75 0.665446
325 0.672441
331.25 0.678953
337.5 0.685321
343.75 0.690791
350 0.695585
356.25 0.701702
362.5 0.706942
368.75 0.713179
375 0.719259
381.25 0.72548
387.5 0.730924
393.75 0.737815
400 0.744154
406.25 0.749587
412.5 0.755499
418.75 0.761476
425 0.765691
431.25 0.769632
437.5 0.774224
443.75 0.778438
450 0.783093
456.25 0.787001
462.5 0.789699
468.75 0.792013
475 0.795289
481.25 0.799482
487.5 0.803694
493.75 0.807566
500 0.810747
506.25 0.813922
512.5 0.817018
518.75 0.820705
525 0.824034
531.25 0.827087
537.5 0.829592
543.75 0.833805
550 0.836871
556.25 0.839125
562.5 0.840668
568.75 0.842504
575 0.845145
581.25 0.84748
587.5 0.850562
593.75 0.851891
600 0.854555
606.25 0.856374
612.5 0.859244
618.75 0.860825
625 0.863039
631.25 0.865294
637.5 0.867787
643.75 0.868825
650 0.870818
656.25 0.872754
662.5 0.874907
668.75 0.87621
675 0.878385
681.25 0.880287
687.5 0.881535
693.75 0.883022
700 0.884962
706.25 0.885819
712.5 0.887432
718.75 0.888482
725 0.889617
731.25 0.89049
737.5 0.89227
743.75 0.892962
750 0.894213
756.25 0.896072
762.5 0.896984
768.75 0.898029
775 0.899969
781.25 0.901374
787.5 0.902769
793.75 0.903885
800 0.905223
806.25 0.906016
812.5 0.907479
818.75 0.908093
825 0.909709
831.25 0.910015
837.5 0.910551
843.75 0.911928
850 0.912082
856.25 0.913802
862.5 0.91463
868.75 0.914689
875 0.915144
881.25 0.915306
887.5 0.915875
893.75 0.916571
900 0.916875
906.25 0.91783
912.5 0.918001
918.75 0.918523
925 0.918384
931.25 0.919112
937.5 0.919408
943.75 0.920085
950 0.920237
956.25 0.920774
962.5 0.921167
968.75 0.921724
975 0.9221
981.25 0.92272
987.5 0.923088
993.75 0.924082
1000 0.924841
1006.25 0.925429
1012.5 0.925942
1018.75 0.926678
1025 0.926785
1031.25 0.926688
1037.5 0.927969
1043.75 0.928279
1050 0.928805
1056.25 0.929496
1062.5 0.930152
1068.75 0.93041
1075 0.93071
1081.25 0.931148
1087.5 0.931504
1093.75 0.93154
1100 0.931342
1106.25 0.932139
1112.5 0.932653
1118.75 0.932746
1125 0.932994
1131.25 0.932943
1137.5 0.933267
1143.75 0.933875
1150 0.933417
1156.25 0.933521
1162.5 0.933814
1168.75 0.933693
1175 0.934515
1181.25 0.934707
1187.5 0.934952
1193.75 0.934795
1200 0.934919
1206.25 0.935267
1212.5 0.936058
1218.75 0.936679
1225 0.936707
1231.25 0.936781
1237.5 0.936783
1243.75 0.937196
1250 0.938004
