0 0.000653404
6.25 0.0343848
12.5 0.0625251
18.75 0.0890323
25 0.113534
31.25 0.135771
37.5 0.156786
43.75 0.177504
50 0.198026
56.25 0.216868
62.5 0.235562
68.75 0.254422
75 0.271375
81.25 0.288989
87.5 0.305438
93.75 0.321506
100 0.335695
106.25 0.350665
112.5 0.364278
118.75 0.377878
125 0.391711
131.25 0.405994
137.5 0.419424
143.75 0.432115
150 0.44521
156.25 0.456847
162.5 0.470359
168.75 0.481646
175 0.492438
181.25 0.503335
187.5 0.513932
193.75 0.524007
200 0.534355
206.25 0.543314
212.5 0.552507
218.75 0.561352
225 0.569596
231.25 0.578502
237.5 0.587201
243.75 0.595915
250 0.604061
256.25 0.612732
262.5 0.620796
268.75 0.628599
275 0.635458
281.25 0.643956
287.5 0.651786
293.75 0.659575
300 0.667345
306.25 0.675361
312.5 0.68239
318.75 0.689225
325 0.696235
331.25 0.702597
337.5 0.709472
343.75 0.714832
350 0.720244
356.25 0.726455
362.5 0.73128
368.75 0.73774
375 0.743652
381.25 0.749872
387.5 0.755602
393.75 0.762025
400 0.768481
406.25 0.773795
412.5 0.779036
418.75 0.784478
425 0.788763
431.25 0.792871
437.5 0.797601
443.75 0.802396
450 0.806603
456.25 0.810742
462.5 0.814301
468.75 0.816947
475 0.820232
481.25 0.824432
487.5 0.827734
493.75 0.831223
500 0.834551
506.25 0.838046
512.5 0.840796
518.75 0.844329
525 0.847689
531.25 0.850516
537.5 0.853071
543.75 0.856429
550 0.858951
556.25 0.861106
562.5 0.863002
568.75 0.864824
575 0.86705
581.25 0.869052
587.5 0.871297
593.75 0.872583
600 0.874815
606.25 0.876279
612.5 0.878502
618.75 0.879947
625 0.881789
631.25 0.883686
637.5 0.885945
643.75 0.887388
650 0.888981
656.25 0.890706
662.5 0.892523
668.75 0.89351
675 0.895084
681.25 0.896677
687.5 0.897796
693.75 0.898872
700 0.90055
706.25 0.901353
712.5 0.902569
718.75 0.90337
725 0.904241
731.25 0.904964
737.5 0.906342
743.75 0.906978
750 0.908343
756.25 0.909782
762.5 0.910469
768.75 0.911071
775 0.912476
781.25 0.913542
787.5 0.914591
793.75 0.915422
800 0.916349
806.25 0.916861
812.5 0.91771
818.75 0.918314
825 0.919637
831.25 0.920062
837.5 0.920398
843.75 0.921154
850 0.921783
856.25 0.922768
862.5 0.923442
868.75 0.92395
875 0.924299
881.25 0.924288
887.5 0.924622
893.75 0.925091
900 0.925393
906.25 0.9261
912.5 0.926295
918.75 0.926504
925 0.926357
931.25 0.926789
937.5 0.927209
943.75 0.927628
950 0.927889
956.25 0.927994
962.5 0.92837
968.75 0.92879
975 0.929161
981.25 0.929545
987.5 0.929704
993.75 0.930267
1000 0.930725
1006.25 0.93146
1012.5 0.931844
1018.75 0.932403
1025 0.932679
1031.25 0.932558
1037.5 0.933477
1043.75 0.933648
1050 0.934354
1056.25 0.934577
1062.5 0.934941
1068.75 0.935054
1075 0.935216
1081.25 0.93572
1087.5 0.935956
1093.75 0.936165
1100 0.936105
1106.25 0.936708
1112.5 0.93686
1118.75 0.937081
1125 0.937429
1131.25 0.937163
1137.5 0.937802
1143.75 0.938165
1150 0.937976
1156.25 0.938082
1162.5 0.938206
1168.75 0.938205
1175 0.938471
1181.25 0.938652
1187.5 0.939107
1193.75 0.938919
1200 0.939084
1206.25 0.939013
1212.5 0.939493
1218.75 0.939831
1225 0.939986
1231.25 0.94014
1237.5 0.940216
1243.75 0.940474
1250 0.94073
