0 8.87451e-07
6.25 0.00237811
12.5 0.00796178
18.75 0.0157114
25 0.0248334
31.25 0.0347302
37.5 0.0451729
43.75 0.056997
50 0.0699494
56.25 0.0828705
62.5 0.0966534
68.75 0.111186
75 0.124915
81.25 0.139423
87.5 0.153797
93.75 0.168197
100 0.18134
106.25 0.195786
112.5 0.208886
118.75 0.222298
125 0.235675
131.25 0.250195
137.5 0.264348
143.75 0.277876
150 0.291477
156.25 0.304541
162.5 0.318873
168.75 0.331311
175 0.343278
181.25 0.355634
187.5 0.367501
193.75 0.379059
200 0.39064
206.25 0.400862
212.5 0.411473
218.75 0.421658
225 0.431308
231.25 0.440894
237.5 0.451001
243.75 0.461295
250 0.470706
256.25 0.480808
262.5 0.490611
268.75 0.499688
275 0.5078
281.25 0.517912
287.5 0.527879
293.75 0.537677
300 0.547105
306.25 0.556837
312.5 0.565508
318.75 0.57404
325 0.582308
331.25 0.590135
337.5 0.598863
343.75 0.605296
350 0.612181
356.25 0.619755
362.5 0.626081
368.75 0.634264
375 0.641845
381.25 0.6497
387.5 0.656932
393.75 0.664717
400 0.672913
406.25 0.679599
412.5 0.686393
418.75 0.693749
425 0.699524
431.25 0.704895
437.5 0.711252
443.75 0.717621
450 0.723271
456.25 0.728896
462.5 0.733526
468.75 0.736648
475 0.741285
481.25 0.746765
487.5 0.751039
493.75 0.755547
500 0.759735
506.25 0.7646
512.5 0.768341
518.75 0.773304
525 0.77772
531.25 0.781333
537.5 0.785064
543.75 0.789544
550 0.792488
556.25 0.795793
562.5 0.798329
568.75 0.800874
575 0.803902
581.25 0.806819
587.5 0.810119
593.75 0.811618
600 0.814895
606.25 0.816583
612.5 0.819601
618.75 0.82139
625 0.82416
631.25 0.826605
637.5 0.82936
643.75 0.831407
650 0.833419
656.25 0.835711
662.5 0.838359
668.75 0.83943
675 0.841378
681.25 0.843736
687.5 0.84522
693.75 0.846764
700 0.849035
706.25 0.849735
712.5 0.851251
718.75 0.852326
725 0.853664
731.25 0.854269
737.5 0.856327
743.75 0.857067
750 0.85894
756.25 0.860951
762.5 0.861642
768.75 0.862215
775 0.864107
781.25 0.865604
787.5 0.867084
793.75 0.868145
800 0.869383
806.25 0.869921
812.5 0.871184
818.75 0.871886
825 0.873774
831.25 0.874482
837.5 0.874751
843.75 0.875993
850 0.876803
856.25 0.878017
862.5 0.878985
868.75 0.879881
875 0.880291
881.25 0.880257
887.5 0.880682
893.75 0.881349
900 0.881578
906.25 0.882492
912.5 0.882496
918.75 0.88263
925 0.882241
931.25 0.882674
937.5 0.883218
943.75 0.883582
950 0.883854
956.25 0.883976
962.5 0.884357
968.75 0.884866
975 0.885215
981.25 0.8855
987.5 0.88565
993.75 0.886426
1000 0.886849
1006.25 0.887921
1012.5 0.888324
1018.75 0.888971
1025 0.889405
1031.25 0.888942
1037.5 0.890499
1043.75 0.890715
1050 0.891872
1056.25 0.892139
1062.5 0.8928
1068.75 0.892881
1075 0.892874
1081.25 0.893603
1087.5 0.894001
1093.75 0.894197
1100 0.89395
1106.25 0.894869
1112.5 0.894909
1118.75 0.895044
1125 0.895648
1131.25 0.894976
1137.5 0.896071
1143.75 0.896705
1150 0.89622
1156.25 0.896246
1162.5 0.896339
1168.75 0.896318
1175 0.896685
1181.25 0.896875
1187.5 0.897672
1193.75 0.897151
1200 0.897304
1206.25 0.896955
1212.5 0.897673
1218.75 0.898236
1225 0.898516
1231.25 0.89877
1237.5 0.898769
1243.75 0.899138
1250 0.899524
