0 8.1758e-07
6.25 0.00237552
12.5 0.00781199
18.75 0.0151915
25 0.0240858
31.25 0.0339588
37.5 0.0447465
43.75 0.0565554
50 0.0695144
56.25 0.0825855
62.5 0.0964315
68.75 0.110911
75 0.125194
81.25 0.140361
87.5 0.155186
93.75 0.170215
100 0.18406
106.25 0.198853
112.5 0.212648
118.75 0.226774
125 0.240794
131.25 0.255385
137.5 0.270468
143.75 0.284745
150 0.298473
156.25 0.311767
162.5 0.326479
168.75 0.339713
175 0.352616
181.25 0.366202
187.5 0.379209
193.75 0.391639
200 0.403501
206.25 0.414898
212.5 0.425622
218.75 0.436254
225 0.445912
231.25 0.45581
237.5 0.465637
243.75 0.475597
250 0.484708
256.25 0.494819
262.5 0.504514
268.75 0.513506
275 0.522527
281.25 0.532176
287.5 0.541413
293.75 0.551432
300 0.561415
306.25 0.570596
312.5 0.579231
318.75 0.587221
325 0.595257
331.25 0.603022
337.5 0.612068
343.75 0.618502
350 0.625248
356.25 0.632406
362.5 0.638838
368.75 0.646412
375 0.653654
381.25 0.661494
387.5 0.667908
393.75 0.674734
400 0.68186
406.25 0.688031
412.5 0.694025
418.75 0.700517
425 0.706248
431.25 0.711302
437.5 0.717548
443.75 0.723594
450 0.728706
456.25 0.734315
462.5 0.738435
468.75 0.741778
475 0.74601
481.25 0.750311
487.5 0.754175
493.75 0.758647
500 0.762953
506.25 0.767129
512.5 0.771129
518.75 0.775832
525 0.779638
531.25 0.783076
537.5 0.78684
543.75 0.79147
550 0.79474
556.25 0.797918
562.5 0.800694
568.75 0.803808
575 0.806455
581.25 0.809483
587.5 0.813212
593.75 0.815497
600 0.81853
606.25 0.820575
612.5 0.823052
618.75 0.825474
625 0.828338
631.25 0.830869
637.5 0.833475
643.75 0.835327
650 0.837053
656.25 0.839431
662.5 0.841877
668.75 0.843235
675 0.845371
681.25 0.847059
687.5 0.849155
693.75 0.850987
700 0.853309
706.25 0.854226
712.5 0.855604
718.75 0.856975
725 0.858385
731.25 0.859634
737.5 0.86167
743.75 0.862856
750 0.864701
756.25 0.866627
762.5 0.867592
768.75 0.868575
775 0.869888
781.25 0.87094
787.5 0.872199
793.75 0.873158
800 0.873916
806.25 0.874568
812.5 0.875498
818.75 0.876067
825 0.877774
831.25 0.878561
837.5 0.879332
843.75 0.88029
850 0.881304
856.25 0.881791
862.5 0.882618
868.75 0.883533
875 0.884025
881.25 0.884398
887.5 0.884783
893.75 0.885487
900 0.885442
906.25 0.886253
912.5 0.886474
918.75 0.886534
925 0.886307
931.25 0.886853
937.5 0.887292
943.75 0.887859
950 0.888086
956.25 0.887689
962.5 0.887891
968.75 0.88848
975 0.888634
981.25 0.888956
987.5 0.889275
993.75 0.8899
1000 0.890279
1006.25 0.890388
1012.5 0.891081
1018.75 0.891406
1025 0.892026
1031.25 0.891627
1037.5 0.892921
1043.75 0.892724
1050 0.893586
1056.25 0.894022
1062.5 0.89428
1068.75 0.894347
1075 0.894603
1081.25 0.895269
1087.5 0.895631
1093.75 0.896013
1100 0.895471
1106.25 0.895791
1112.5 0.895805
1118.75 0.896515
1125 0.896792
1131.25 0.896046
1137.5 0.897392
1143.75 0.89812
1150 0.897771
1156.25 0.897702
1162.5 0.898078
1168.75 0.89825
1175 0.898469
1181.25 0.898748
1187.5 0.899326
1193.75 0.898973
1200 0.899196
1206.25 0.898862
1212.5 0.899599
1218.75 0.900178
1225 0.900165
1231.25 0.900386
1237.5 0.900322
1243.75 0.900476
1250 0.900462
