0 7.86494e-07
6.25 0.0020661
12.5 0.00689945
18.75 0.0138942
25 0.0220719
31.25 0.0314157
37.5 0.0414587
43.75 0.0529691
50 0.0647732
56.25 0.0768305
62.5 0.0897926
68.75 0.103711
75 0.115975
81.25 0.129276
87.5 0.142288
93.75 0.155571
100 0.167284
106.25 0.18006
112.5 0.191784
118.75 0.203877
125 0.215955
131.25 0.229322
137.5 0.242144
143.75 0.254565
150 0.267017
156.25 0.279467
162.5 0.29318
168.75 0.304772
175 0.317244
181.25 0.328941
187.5 0.341413
193.75 0.352859
200 0.364584
206.25 0.374717
212.5 0.385222
218.75 0.395782
225 0.407306
231.25 0.416668
237.5 0.427112
243.75 0.43611
250 0.445985
256.25 0.455012
262.5 0.465652
268.75 0.475123
275 0.483899
281.25 0.495137
287.5 0.504814
293.75 0.51425
300 0.52292
306.25 0.532716
312.5 0.540996
318.75 0.548805
325 0.557106
331.25 0.56516
337.5 0.573444
343.75 0.579999
350 0.585992
356.25 0.593367
362.5 0.600332
368.75 0.608228
375 0.616055
381.25 0.623773
387.5 0.630451
393.75 0.63862
400 0.646476
406.25 0.653171
412.5 0.660584
418.75 0.668959
425 0.674687
431.25 0.67949
437.5 0.685734
443.75 0.690946
450 0.697257
456.25 0.70243
462.5 0.705341
468.75 0.707716
475 0.712149
481.25 0.717351
487.5 0.722823
493.75 0.72786
500 0.731649
506.25 0.735892
512.5 0.739766
518.75 0.744593
525 0.748796
531.25 0.752535
537.5 0.756136
543.75 0.761647
550 0.765125
556.25 0.768651
562.5 0.77069
568.75 0.772909
575 0.776458
581.25 0.779691
587.5 0.784429
593.75 0.78618
600 0.789958
606.25 0.792031
612.5 0.795998
618.75 0.797719
625 0.800983
631.25 0.803812
637.5 0.806913
643.75 0.808342
650 0.810682
656.25 0.813123
662.5 0.816247
668.75 0.817696
675 0.820595
681.25 0.823415
687.5 0.824958
693.75 0.827245
700 0.829937
706.25 0.830671
712.5 0.832723
718.75 0.834174
725 0.835976
731.25 0.836591
737.5 0.839215
743.75 0.839941
750 0.841546
756.25 0.844171
762.5 0.845071
768.75 0.846407
775 0.848926
781.25 0.850916
787.5 0.852808
793.75 0.854376
800 0.856107
806.25 0.857034
812.5 0.859318
818.75 0.859918
825 0.86211
831.25 0.862412
837.5 0.862994
843.75 0.865228
850 0.865171
856.25 0.867556
862.5 0.868776
868.75 0.868902
875 0.869389
881.25 0.869559
887.5 0.870557
893.75 0.871507
900 0.871584
906.25 0.872783
912.5 0.872483
918.75 0.873175
925 0.872748
931.25 0.873529
937.5 0.873749
943.75 0.874504
950 0.874545
956.25 0.875311
962.5 0.875569
968.75 0.876326
975 0.87672
981.25 0.877383
987.5 0.877735
993.75 0.879117
1000 0.880022
1006.25 0.880757
1012.5 0.881326
1018.75 0.882308
1025 0.882383
1031.25 0.882005
1037.5 0.884118
1043.75 0.884503
1050 0.885204
1056.25 0.886296
1062.5 0.887406
1068.75 0.887696
1075 0.887964
1081.25 0.888526
1087.5 0.88906
1093.75 0.888979
1100 0.888512
1106.25 0.889831
1112.5 0.890518
1118.75 0.890428
1125 0.890847
1131.25 0.890601
1137.5 0.891095
1143.75 0.892139
1150 0.891188
1156.25 0.891162
1162.5 0.891511
1168.75 0.891248
1175 0.892613
1181.25 0.892701
1187.5 0.893101
1193.75 0.892545
1200 0.892449
1206.25 0.892815
1212.5 0.894048
1218.75 0.895082
1225 0.895079
1231.25 0.895107
1237.5 0.894945
1243.75 0.895634
1250 0.897066
