0 7.78174e-07
6.25 0.00233635
12.5 0.0076351
18.75 0.0146377
25 0.0232862
31.25 0.0329296
37.5 0.0433989
43.75 0.0551143
50 0.0679112
56.25 0.0810621
62.5 0.0946983
68.75 0.108924
75 0.122919
81.25 0.138013
87.5 0.152746
93.75 0.167236
100 0.180537
106.25 0.195062
112.5 0.208579
118.75 0.222569
125 0.236679
131.25 0.250679
137.5 0.264496
143.75 0.278198
150 0.291227
156.25 0.304412
162.5 0.318222
168.75 0.331276
175 0.34391
181.25 0.357162
187.5 0.370126
193.75 0.382543
200 0.394798
206.25 0.406353
212.5 0.417627
218.75 0.428679
225 0.438782
231.25 0.44918
237.5 0.459852
243.75 0.469937
250 0.479728
256.25 0.4897
262.5 0.49987
268.75 0.509392
275 0.518663
281.25 0.528609
287.5 0.537949
293.75 0.547805
300 0.557421
306.25 0.566617
312.5 0.574929
318.75 0.582774
325 0.590693
331.25 0.598566
337.5 0.607735
343.75 0.614273
350 0.62155
356.25 0.629156
362.5 0.635908
368.75 0.643874
375 0.65136
381.25 0.659467
387.5 0.666243
393.75 0.673537
400 0.680757
406.25 0.687044
412.5 0.693169
418.75 0.700026
425 0.705876
431.25 0.711349
437.5 0.717339
443.75 0.723216
450 0.728209
456.25 0.733777
462.5 0.738255
468.75 0.742042
475 0.746332
481.25 0.750982
487.5 0.754958
493.75 0.759305
500 0.763656
506.25 0.768079
512.5 0.771896
518.75 0.776117
525 0.779771
531.25 0.783366
537.5 0.787387
543.75 0.791849
550 0.795276
556.25 0.79848
562.5 0.801723
568.75 0.804751
575 0.807457
581.25 0.810545
587.5 0.813864
593.75 0.816132
600 0.818679
606.25 0.82099
612.5 0.823563
618.75 0.825692
625 0.828354
631.25 0.831059
637.5 0.833171
643.75 0.835191
650 0.837009
656.25 0.8394
662.5 0.841473
668.75 0.842834
675 0.8447
681.25 0.846414
687.5 0.848026
693.75 0.84971
700 0.851844
706.25 0.853072
712.5 0.854556
718.75 0.855598
725 0.856838
731.25 0.857985
737.5 0.85968
743.75 0.860861
750 0.862567
756.25 0.864237
762.5 0.865026
768.75 0.866416
775 0.867566
781.25 0.868701
787.5 0.869838
793.75 0.870903
800 0.871656
806.25 0.872212
812.5 0.873253
818.75 0.873934
825 0.875499
831.25 0.876139
837.5 0.876819
843.75 0.877801
850 0.87889
856.25 0.87954
862.5 0.880581
868.75 0.881351
875 0.881987
881.25 0.882258
887.5 0.883064
893.75 0.883608
900 0.883693
906.25 0.884433
912.5 0.884758
918.75 0.884743
925 0.884469
931.25 0.885013
937.5 0.885503
943.75 0.885903
950 0.88629
956.25 0.88633
962.5 0.886451
968.75 0.886838
975 0.88707
981.25 0.887359
987.5 0.887707
993.75 0.888311
1000 0.888415
1006.25 0.888723
1012.5 0.889444
1018.75 0.88995
1025 0.890318
1031.25 0.89012
1037.5 0.89102
1043.75 0.890974
1050 0.891577
1056.25 0.891781
1062.5 0.891868
1068.75 0.892154
1075 0.892353
1081.25 0.892881
1087.5 0.893105
1093.75 0.893422
1100 0.893014
1106.25 0.893096
1112.5 0.89308
1118.75 0.893799
1125 0.893916
1131.25 0.89336
1137.5 0.894363
1143.75 0.895069
1150 0.894692
1156.25 0.894822
1162.5 0.89531
1168.75 0.895668
1175 0.89583
1181.25 0.896105
1187.5 0.896622
1193.75 0.896251
1200 0.896735
1206.25 0.896493
1212.5 0.897204
1218.75 0.897776
1225 0.897842
1231.25 0.898143
1237.5 0.898084
1243.75 0.898429
1250 0.898506
