0 -0.0786472
6.25 -0.0114046
12.5 -0.0365808
18.75 0.0179321
25 0.073443
31.25 0.115946
37.5 0.162341
43.75 0.191011
50 0.216229
56.25 0.237982
62.5 0.258166
68.75 0.282322
75 0.303812
81.25 0.330548
87.5 0.351461
93.75 0.372809
100 0.390821
106.25 0.4078
112.5 0.425856
118.75 0.443208
125 0.464031
131.25 0.482108
137.5 0.49731
143.75 0.51183
150 0.529471
156.25 0.540835
162.5 0.558689
168.75 0.571829
175 0.584392
181.25 0.596254
187.5 0.608616
193.75 0.619513
200 0.6319
206.25 0.642024
212.5 0.652075
218.75 0.661896
225 0.670606
231.25 0.682578
237.5 0.692011
243.75 0.701
250 0.710004
256.25 0.719348
262.5 0.726969
268.75 0.735403
275 0.742469
281.25 0.751053
287.5 0.75742
293.75 0.764073
300 0.771513
306.25 0.779168
312.5 0.785569
318.75 0.791574
325 0.798729
331.25 0.804528
337.5 0.810246
343.75 0.815432
350 0.819894
356.25 0.825635
362.5 0.829252
368.75 0.83463
375 0.839378
381.25 0.844583
387.5 0.849374
393.75 0.855283
400 0.860558
406.25 0.864986
412.5 0.869012
418.75 0.872697
425 0.875628
431.25 0.878707
437.5 0.881973
443.75 0.885403
450 0.888316
456.25 0.891079
462.5 0.89377
468.75 0.896246
475 0.898177
481.25 0.901312
487.5 0.903821
493.75 0.906481
500 0.909171
506.25 0.911324
512.5 0.913142
518.75 0.915255
525 0.917693
531.25 0.919881
537.5 0.921215
543.75 0.92355
550 0.925871
556.25 0.926785
562.5 0.928089
568.75 0.9292
575 0.930662
581.25 0.931722
587.5 0.932872
593.75 0.934047
600 0.935197
606.25 0.936554
612.5 0.938019
618.75 0.939194
625 0.940056
631.25 0.941472
637.5 0.943355
643.75 0.944188
650 0.945422
656.25 0.946616
662.5 0.947576
668.75 0.948558
675 0.94982
681.25 0.950617
687.5 0.951389
693.75 0.951986
700 0.953088
706.25 0.954093
712.5 0.955047
718.75 0.955581
725 0.955957
731.25 0.956884
737.5 0.95755
743.75 0.958111
750 0.95897
756.25 0.959831
762.5 0.960568
768.75 0.961251
775 0.962174
781.25 0.962799
787.5 0.963409
793.75 0.964024
800 0.964645
806.25 0.965161
812.5 0.965577
818.75 0.966102
825 0.966844
831.25 0.966961
837.5 0.967399
843.75 0.967627
850 0.968084
856.25 0.968858
862.5 0.969229
868.75 0.969313
875 0.969611
881.25 0.969627
887.5 0.969874
893.75 0.970139
900 0.970544
906.25 0.971048
912.5 0.971477
918.75 0.971785
925 0.971913
931.25 0.972365
937.5 0.972664
943.75 0.97317
950 0.97343
956.25 0.973522
962.5 0.973909
968.75 0.974247
975 0.974663
981.25 0.97518
987.5 0.975358
993.75 0.975699
1000 0.976218
1006.25 0.976599
1012.5 0.976977
1018.75 0.977459
1025 0.977566
1031.25 0.977834
1037.5 0.978057
1043.75 0.978185
1050 0.978402
1056.25 0.978585
1062.5 0.978625
1068.75 0.978776
1075 0.97914
1081.25 0.979407
1087.5 0.979467
1093.75 0.9797
1100 0.979849
1106.25 0.980116
1112.5 0.980401
1118.75 0.980728
1125 0.980797
1131.25 0.980984
1137.5 0.981128
1143.75 0.981195
1150 0.981336
1156.25 0.981536
1162.5 0.9817
1168.75 0.981722
1175 0.981882
1181.25 0.982059
1187.5 0.982143
1193.75 0.982324
1200 0.982508
1206.25 0.982751
1212.5 0.982977
1218.75 0.98307
1225 0.983089
1231.25 0.983134
1237.5 0.983301
1243.75 0.983439
1250 0.983558
