0 -0.0751595
6.25 0.0470883
12.5 0.0903012
18.75 0.0780148
25 0.0719487
31.25 0.0651901
37.5 0.0636365
43.75 0.0788871
50 0.0936981
56.25 0.114281
62.5 0.135259
68.75 0.15351
75 0.170871
81.25 0.193251
87.5 0.212488
93.75 0.227433
100 0.241919
106.25 0.256762
112.5 0.265599
118.75 0.271406
125 0.279505
131.25 0.290097
137.5 0.300537
143.75 0.310153
150 0.320152
156.25 0.327028
162.5 0.337175
168.75 0.339713
175 0.344167
181.25 0.3488
187.5 0.35475
193.75 0.360374
200 0.368806
206.25 0.375267
212.5 0.384772
218.75 0.390802
225 0.396781
231.25 0.403583
237.5 0.408092
243.75 0.414266
250 0.420935
256.25 0.42442
262.5 0.430643
268.75 0.43632
275 0.441238
281.25 0.448361
287.5 0.455173
293.75 0.461605
300 0.467814
306.25 0.474737
312.5 0.478914
318.75 0.484436
325 0.490388
331.25 0.497452
337.5 0.503911
343.75 0.508293
350 0.512783
356.25 0.515592
362.5 0.519804
368.75 0.524447
375 0.528763
381.25 0.531688
387.5 0.534901
393.75 0.537073
400 0.540718
406.25 0.543818
412.5 0.54672
418.75 0.548381
425 0.551819
431.25 0.556187
437.5 0.559981
443.75 0.564272
450 0.568947
456.25 0.572047
462.5 0.576481
468.75 0.579422
475 0.583056
481.25 0.588351
487.5 0.591067
493.75 0.592783
500 0.594684
506.25 0.596198
512.5 0.599371
518.75 0.602001
525 0.604822
531.25 0.607602
537.5 0.610918
543.75 0.61188
550 0.613198
556.25 0.615567
562.5 0.617064
568.75 0.62041
575 0.623421
581.25 0.62577
587.5 0.627946
593.75 0.62986
600 0.63216
606.25 0.634151
612.5 0.635466
618.75 0.638851
625 0.640483
631.25 0.642498
637.5 0.643644
643.75 0.645374
650 0.646497
656.25 0.648425
662.5 0.649799
668.75 0.652275
675 0.653536
681.25 0.655205
687.5 0.657457
693.75 0.659484
700 0.661405
706.25 0.664033
712.5 0.665014
718.75 0.666707
725 0.669575
731.25 0.671539
737.5 0.672686
743.75 0.674551
750 0.675529
756.25 0.677437
762.5 0.678931
768.75 0.679863
775 0.680305
781.25 0.681484
787.5 0.683119
793.75 0.685277
800 0.686972
806.25 0.687953
812.5 0.689615
818.75 0.69117
825 0.692631
831.25 0.693683
837.5 0.694693
843.75 0.695809
850 0.696619
856.25 0.697852
862.5 0.698499
868.75 0.699362
875 0.700606
881.25 0.702135
887.5 0.703178
893.75 0.704237
900 0.706947
906.25 0.707401
912.5 0.709308
918.75 0.710383
925 0.711575
931.25 0.713829
937.5 0.715211
943.75 0.716664
950 0.716672
956.25 0.718581
962.5 0.719267
968.75 0.719585
975 0.721455
981.25 0.723151
987.5 0.723978
993.75 0.72487
1000 0.725098
1006.25 0.727219
1012.5 0.727468
1018.75 0.728583
1025 0.729746
1031.25 0.731526
1037.5 0.733149
1043.75 0.733215
1050 0.734543
1056.25 0.735512
1062.5 0.736172
1068.75 0.736308
1075 0.736413
1081.25 0.737116
1087.5 0.738111
1093.75 0.73817
1100 0.738826
1106.25 0.739629
1112.5 0.740579
1118.75 0.741239
1125 0.741261
1131.25 0.742191
1137.5 0.742962
1143.75 0.743376
1150 0.74358
1156.25 0.744599
1162.5 0.745222
1168.75 0.745924
1175 0.747097
1181.25 0.747978
1187.5 0.748298
1193.75 0.749069
1200 0.749937
1206.25 0.751082
1212.5 0.751113
1218.75 0.751197
1225 0.751509
1231.25 0.752257
1237.5 0.752741
1243.75 0.75269
1250 0.753496
