0 -0.0129171
6.25 0.101901
12.5 0.0580652
18.75 0.0605441
25 0.0987199
31.25 0.12862
37.5 0.162737
43.75 0.180953
50 0.199673
56.25 0.211638
62.5 0.23035
68.75 0.254512
75 0.276099
81.25 0.305941
87.5 0.324932
93.75 0.350799
100 0.371883
106.25 0.390237
112.5 0.408842
118.75 0.423363
125 0.445414
131.25 0.461238
137.5 0.475101
143.75 0.486992
150 0.503376
156.25 0.514579
162.5 0.53188
168.75 0.544963
175 0.558115
181.25 0.56999
187.5 0.582561
193.75 0.592566
200 0.604888
206.25 0.615823
212.5 0.623809
218.75 0.632623
225 0.639928
231.25 0.650428
237.5 0.658188
243.75 0.666924
250 0.677804
256.25 0.686617
262.5 0.694676
268.75 0.703164
275 0.711001
281.25 0.720583
287.5 0.72564
293.75 0.732431
300 0.740608
306.25 0.748684
312.5 0.755377
318.75 0.760656
325 0.767945
331.25 0.773994
337.5 0.779035
343.75 0.784558
350 0.788871
356.25 0.794914
362.5 0.798776
368.75 0.804171
375 0.809174
381.25 0.814844
387.5 0.81993
393.75 0.826866
400 0.832581
406.25 0.837528
412.5 0.842661
418.75 0.846315
425 0.849214
431.25 0.852861
437.5 0.85601
443.75 0.859761
450 0.862986
456.25 0.865897
462.5 0.868965
468.75 0.871777
475 0.874045
481.25 0.877685
487.5 0.880948
493.75 0.883929
500 0.886907
506.25 0.889167
512.5 0.891766
518.75 0.894535
525 0.897261
531.25 0.899918
537.5 0.901321
543.75 0.904469
550 0.907517
556.25 0.908369
562.5 0.909488
568.75 0.911108
575 0.912935
581.25 0.914414
587.5 0.91572
593.75 0.916688
600 0.918258
606.25 0.920021
612.5 0.92185
618.75 0.923486
625 0.92462
631.25 0.926438
637.5 0.928479
643.75 0.929144
650 0.930957
656.25 0.932488
662.5 0.933654
668.75 0.934936
675 0.936446
681.25 0.937398
687.5 0.93842
693.75 0.93906
700 0.940267
706.25 0.941382
712.5 0.942623
718.75 0.943282
725 0.943699
731.25 0.944994
737.5 0.945903
743.75 0.946626
750 0.947565
756.25 0.948655
762.5 0.949675
768.75 0.950461
775 0.951872
781.25 0.952687
787.5 0.953599
793.75 0.954262
800 0.955239
806.25 0.955938
812.5 0.956529
818.75 0.95721
825 0.958263
831.25 0.958601
837.5 0.959122
843.75 0.959578
850 0.959996
856.25 0.961054
862.5 0.961475
868.75 0.961458
875 0.96191
881.25 0.962074
887.5 0.962174
893.75 0.962617
900 0.963213
906.25 0.963947
912.5 0.964689
918.75 0.965046
925 0.965238
931.25 0.965952
937.5 0.966359
943.75 0.966987
950 0.96728
956.25 0.967579
962.5 0.968156
968.75 0.968512
975 0.968892
981.25 0.969497
987.5 0.969905
993.75 0.970501
1000 0.971133
1006.25 0.97158
1012.5 0.972057
1018.75 0.972546
1025 0.972695
1031.25 0.97292
1037.5 0.9733
1043.75 0.97354
1050 0.973889
1056.25 0.974151
1062.5 0.974314
1068.75 0.974548
1075 0.974899
1081.25 0.975215
1087.5 0.975382
1093.75 0.975556
1100 0.975657
1106.25 0.975891
1112.5 0.976229
1118.75 0.976536
1125 0.976599
1131.25 0.976771
1137.5 0.976914
1143.75 0.97705
1150 0.977137
1156.25 0.977394
1162.5 0.977635
1168.75 0.977672
1175 0.977908
1181.25 0.978225
1187.5 0.978303
1193.75 0.978596
1200 0.978977
1206.25 0.979317
1212.5 0.979636
1218.75 0.979811
1225 0.979874
1231.25 0.980003
1237.5 0.980193
1243.75 0.980306
1250 0.980436
