0 363.69333333 364.59333333
9.00000000 17.30000000 17.41333333
18.00000000 10.17666667 10.19000000
27.00000000 7.54333333 7.58666667
36.00000000 6.01333333 5.91333333
45.00000000 4.98000000 5.09000000
54.00000000 4.36666667 4.41000000
63.00000000 3.84666667 3.92666667
72.00000000 3.46333333 3.48000000
81.00000000 3.17666667 3.17000000
90.00000000 2.84666667 2.87333333
99.00000000 2.71000000 2.70666667
108.00000000 2.51666667 2.52333333
117.00000000 2.40666667 2.38000000
126.00000000 2.25333333 2.26666667
135.00000000 2.04333333 2.12666667
144.00000000 1.93333333 1.98333333
153.00000000 1.89666667 1.89666667
162.00000000 1.78666667 1.81666667
171.00000000 1.74666667 1.76666667
180.00000000 1.66000000 1.69666667
189.00000000 1.62333333 1.59666667
198.00000000 1.53333333 1.51666667
207.00000000 1.47333333 1.47333333
216.00000000 1.40333333 1.40666667
225.00000000 1.37000000 1.37333333
234.00000000 1.31333333 1.33000000
243.00000000 1.29333333 1.31333333
252.00000000 1.24666667 1.26000000
261.00000000 1.22666667 1.24666667
270.00000000 1.18666667 1.17666667
279.00000000 1.11000000 1.11666667
288.00000000 1.07666667 1.07666667
297.00000000 1.04000000 1.06666667
306.00000000 1.02000000 1.02333333
315.00000000 0.97666667 1.00000000
324.00000000 0.96333333 0.94666667
333.00000000 0.91666667 0.94000000
342.00000000 0.87333333 0.88333333
351.00000000 0.85000000 0.82333333
360.00000000 0.78666667 0.79000000
369.00000000 0.73666667 0.77333333
378.00000000 0.72000000 0.73000000
387.00000000 0.70000000 0.71000000
396.00000000 0.69333333 0.68666667
405.00000000 0.66666667 0.64666667
414.00000000 0.66000000 0.65333333
423.00000000 0.64666667 0.64666667
432.00000000 0.62666667 0.60333333
441.00000000 0.61000000 0.63000000
450.00000000 0.57333333 0.58333333
459.00000000 0.56333333 0.57000000
468.00000000 0.55666667 0.54333333
477.00000000 0.55333333 0.54666667
486.00000000 0.50666667 0.51000000
495.00000000 0.50000000 0.51666667
504.00000000 0.49000000 0.49333333
513.00000000 0.48000000 0.48333333
522.00000000 0.47333333 0.47000000
531.00000000 0.46333333 0.46333333
540.00000000 0.44333333 0.43000000
549.00000000 0.41333333 0.44000000
558.00000000 0.42000000 0.42000000
567.00000000 0.41666667 0.40333333
576.00000000 0.41000000 0.41000000
585.00000000 0.38000000 0.38333333
594.00000000 0.38000000 0.37000000
603.00000000 0.36666667 0.37666667
612.00000000 0.36333333 0.34666667
621.00000000 0.33666667 0.33000000
630.00000000 0.32000000 0.31666667
639.00000000 0.31000000 0.31000000
648.00000000 0.28000000 0.28333333
657.00000000 0.28000000 0.28000000
666.00000000 0.28000000 0.27333333
675.00000000 0.25666667 0.27000000
684.00000000 0.26000000 0.26000000
693.00000000 0.25333333 0.26000000
702.00000000 0.22000000 0.23000000
711.00000000 0.22333333 0.23000000
720.00000000 0.23333333 0.21333333
729.00000000 0.23000000 0.22333333
738.00000000 0.21333333 0.21333333
747.00000000 0.20000000 0.19666667
756.00000000 0.19333333 0.20333333
765.00000000 0.19666667 0.20000000
774.00000000 0.19333333 0.19333333
783.00000000 0.19000000 0.19000000
792.00000000 0.18333333 0.19333333
801.00000000 0.18333333 0.18333333
810.00000000 0.17000000 0.17666667
819.00000000 0.18000000 0.17666667
828.00000000 0.17333333 0.17333333
837.00000000 0.15000000 0.16000000
846.00000000 0.15333333 0.15666667
855.00000000 0.15333333 0.14666667
864.00000000 0.14000000 0.15333333
873.00000000 0.14000000 0.13666667
882.00000000 0.13000000 0.14000000
891.00000000 0.12666667 0.13333333
900.00000000 0.12666667 0.13000000
909.00000000 0.11666667 0.12333333
918.00000000 0.12000000 0.12000000
927.00000000 0.12000000 0.12333333
936.00000000 0.11666667 0.11000000
945.00000000 0.11666667 0.11666667
954.00000000 0.10000000 0.11666667
963.00000000 0.11000000 0.11333333
972.00000000 0.09666667 0.10000000
981.00000000 0.09333333 0.09000000
990.00000000 0.09666667 0.09666667
999.00000000 0.10000000 0.09000000
1008.00000000 0.08333333 0.09666667
1017.00000000 0.08666667 0.08666667
1026.00000000 0.07333333 0.07666667
1035.00000000 0.07666667 0.08000000
1044.00000000 0.07333333 0.07333333
1053.00000000 0.07666667 0.07333333
1062.00000000 0.07333333 0.06333333
1071.00000000 0.06666667 0.07333333
1080.00000000 0.07000000 0.07333333
1089.00000000 0.07333333 0.07000000
1098.00000000 0.07000000 0.07333333
1107.00000000 0.07333333 0.07333333
1116.00000000 0.07333333 0.06666667
1125.00000000 0.07000000 0.07000000
1134.00000000 0.06333333 0.07333333
1143.00000000 0.07000000 0.07333333
1152.00000000 0.07000000 0.06666667
1161.00000000 0.06666667 0.07000000
1170.00000000 0.06333333 0.06666667
1179.00000000 0.07000000 0.07000000
1188.00000000 0.06333333 0.06000000
1197.00000000 0.07000000 0.07000000
1206.00000000 0.05666667 0.05666667
1215.00000000 0.06000000 0.05666667
1224.00000000 0.06000000 0.05000000
1233.00000000 0.06000000 0.06000000
1242.00000000 0.05333333 0.05666667
1251.00000000 0.05333333 0.05666667
1260.00000000 0.05333333 0.05666667
1269.00000000 0.05333333 0.05333333
1278.00000000 0.05333333 0.04666667
1287.00000000 0.05333333 0.05333333
1296.00000000 0.05000000 0.05000000
1305.00000000 0.04000000 0.04666667
1314.00000000 0.05000000 0.05000000
1323.00000000 0.05000000 0.04666667
1332.00000000 0.04333333 0.04000000
1341.00000000 0.03666667 0.04000000
1350.00000000 0.04333333 0.04333333
1359.00000000 0.04333333 0.04333333
1368.00000000 0.04000000 0.04000000
1377.00000000 0.04000000 0.04000000
1386.00000000 0.04000000 0.04333333
1395.00000000 0.03666667 0.03666667
1404.00000000 0.04000000 0.04000000
1413.00000000 0.04000000 0.04000000
1422.00000000 0.03333333 0.03333333
1431.00000000 0.03333333 0.03666667
1440.00000000 0.02666667 0.03333333
1449.00000000 0.02666667 0.03000000
1458.00000000 0.02333333 0.02666667
1467.00000000 0.02666667 0.02666667
1476.00000000 0.02333333 0.02333333
1485.00000000 0.02000000 0.02333333
1494.00000000 0.02000000 0.02333333
1503.00000000 0.02000000 0.02000000
1512.00000000 0.02000000 0.02000000
1521.00000000 0.02000000 0.02000000
1530.00000000 0.01666667 0.01666667
1539.00000000 0.02000000 0.02000000
1548.00000000 0.02000000 0.02000000
1557.00000000 0.02000000 0.02000000
1566.00000000 0.01666667 0.02000000
1575.00000000 0.01666667 0.02000000
1584.00000000 0.01666667 0.01666667
1593.00000000 0.01666667 0.01666667
1602.00000000 0.01666667 0.01333333
1611.00000000 0.01666667 0.01333333
1620.00000000 0.01666667 0.01666667
1629.00000000 0.01666667 0.01666667
1638.00000000 0.01333333 0.01666667
1647.00000000 0.01333333 0.01333333
1656.00000000 0.00666667 0.00666667
1665.00000000 0.00666667 0.00666667
1674.00000000 0.00333333 0.00333333
1683.00000000 0.00333333 0.00333333
1692.00000000 0.00333333 0.00333333
1701.00000000 0.00333333 0.00333333
1710.00000000 0.00333333 0.00333333
1719.00000000 0.00333333 0.00333333
1728.00000000 0.00333333 0.00333333
1737.00000000 0.00333333 0.00333333
1746.00000000 0.00333333 0.00333333
1755.00000000 0.00000000 0.00333333
1764.00000000 0.00333333 0.00333333
1773.00000000 0.00333333 0.00333333
1782.00000000 0.00333333 0.00333333
1791.00000000 0.00000000 0.00000000
1800.00000000 0.00000000 0.00000000
