0 1710.31318681 1715.17582418
84.50000000 14.94505495 14.98901099
169.00000000 9.13186813 9.07142857
253.50000000 6.50000000 6.49450549
338.00000000 5.19780220 5.21978022
422.50000000 4.31868132 4.39010989
507.00000000 3.71978022 3.76923077
591.50000000 3.30769231 3.28021978
676.00000000 2.92857143 3.00000000
760.50000000 2.57142857 2.60989011
845.00000000 2.37912088 2.40659341
929.50000000 2.18681319 2.15934066
1014.00000000 1.92307692 2.00000000
1098.50000000 1.86813187 1.85714286
1183.00000000 1.81318681 1.77472527
1267.50000000 1.71978022 1.72527473
1352.00000000 1.58241758 1.60439560
1436.50000000 1.56043956 1.53846154
1521.00000000 1.45054945 1.46153846
1605.50000000 1.38461538 1.40109890
1690.00000000 1.28021978 1.31318681
1774.50000000 1.24175824 1.22527473
1859.00000000 1.19230769 1.13736264
1943.50000000 1.14285714 1.10439560
2028.00000000 1.09340659 1.08241758
2112.50000000 1.02747253 1.01648352
2197.00000000 1.00549451 0.99450549
2281.50000000 0.95604396 0.97252747
2366.00000000 0.90659341 0.88461538
2450.50000000 0.87362637 0.87912088
2535.00000000 0.84065934 0.87912088
2619.50000000 0.80769231 0.77472527
2704.00000000 0.76923077 0.79670330
2788.50000000 0.74175824 0.74725275
2873.00000000 0.69780220 0.71978022
2957.50000000 0.66483516 0.70329670
3042.00000000 0.65384615 0.62637363
3126.50000000 0.61538462 0.61538462
3211.00000000 0.59890110 0.58791209
3295.50000000 0.52747253 0.57692308
3380.00000000 0.55494505 0.57142857
3464.50000000 0.51098901 0.51098901
3549.00000000 0.48901099 0.52197802
3633.50000000 0.48351648 0.48901099
3718.00000000 0.44505495 0.46153846
3802.50000000 0.46153846 0.46153846
3887.00000000 0.42857143 0.46153846
3971.50000000 0.40659341 0.41758242
4056.00000000 0.39560440 0.40659341
4140.50000000 0.39010989 0.40109890
4225.00000000 0.36813187 0.35714286
4309.50000000 0.35164835 0.34065934
4394.00000000 0.31318681 0.32417582
4478.50000000 0.30769231 0.29670330
4563.00000000 0.29120879 0.30219780
4647.50000000 0.28571429 0.28021978
4732.00000000 0.28021978 0.28021978
4816.50000000 0.28021978 0.28021978
4901.00000000 0.28021978 0.26923077
4985.50000000 0.24725275 0.26373626
5070.00000000 0.23626374 0.23626374
5154.50000000 0.22527473 0.21428571
5239.00000000 0.19780220 0.19230769
5323.50000000 0.19230769 0.18681319
5408.00000000 0.20879121 0.20329670
5492.50000000 0.18131868 0.18681319
5577.00000000 0.18681319 0.18681319
5661.50000000 0.16483516 0.17582418
5746.00000000 0.12637363 0.16483516
5830.50000000 0.15384615 0.15934066
5915.00000000 0.15384615 0.15384615
5999.50000000 0.13736264 0.14835165
6084.00000000 0.12087912 0.13186813
6168.50000000 0.12087912 0.12087912
6253.00000000 0.13186813 0.13736264
6337.50000000 0.12087912 0.12637363
6422.00000000 0.12637363 0.12637363
6506.50000000 0.12637363 0.12637363
6591.00000000 0.08791209 0.10989011
6675.50000000 0.10989011 0.10439560
6760.00000000 0.09890110 0.09890110
6844.50000000 0.08791209 0.09890110
6929.00000000 0.08241758 0.08791209
7013.50000000 0.08241758 0.07142857
7098.00000000 0.07692308 0.07692308
7182.50000000 0.07692308 0.08241758
7267.00000000 0.08791209 0.08241758
7351.50000000 0.07142857 0.07142857
7436.00000000 0.07692308 0.07142857
7520.50000000 0.07142857 0.06593407
7605.00000000 0.06593407 0.07142857
7689.50000000 0.06593407 0.06593407
7774.00000000 0.06593407 0.05494505
7858.50000000 0.06593407 0.06593407
7943.00000000 0.07142857 0.07142857
8027.50000000 0.05494505 0.06043956
8112.00000000 0.06043956 0.07142857
8196.50000000 0.06593407 0.07142857
8281.00000000 0.07142857 0.07142857
8365.50000000 0.06043956 0.06043956
8450.00000000 0.07142857 0.07142857
