0 1711.59719457 1716.29828054
84.50000000 15.09031674 15.17429864
169.00000000 8.98135747 9.00823529
253.50000000 6.45058824 6.46950226
338.00000000 5.13321267 5.18696833
422.50000000 4.27004525 4.35828054
507.00000000 3.71285068 3.71438914
591.50000000 3.24434389 3.25891403
676.00000000 2.90705882 2.92235294
760.50000000 2.62352941 2.66054299
845.00000000 2.42434389 2.47095023
929.50000000 2.24162896 2.22561086
1014.00000000 2.05067873 2.07294118
1098.50000000 1.94570136 1.94352941
1183.00000000 1.87131222 1.84606335
1267.50000000 1.76226244 1.76923077
1352.00000000 1.64452489 1.66063348
1436.50000000 1.60959276 1.59348416
1521.00000000 1.49610860 1.52416290
1605.50000000 1.44307692 1.44751131
1690.00000000 1.34597285 1.35719457
1774.50000000 1.29484163 1.30687783
1859.00000000 1.22977375 1.23067873
1943.50000000 1.18352941 1.17945701
2028.00000000 1.13963801 1.10923077
2112.50000000 1.07719457 1.07972851
2197.00000000 1.05402715 1.07067873
2281.50000000 1.00542987 1.00515837
2366.00000000 0.97565611 0.96190045
2450.50000000 0.91502262 0.93140272
2535.00000000 0.89674208 0.92199095
2619.50000000 0.85963801 0.84606335
2704.00000000 0.80850679 0.81981901
2788.50000000 0.78542986 0.77828054
2873.00000000 0.75321267 0.75049774
2957.50000000 0.71375565 0.72018099
3042.00000000 0.70452489 0.68850679
3126.50000000 0.66280543 0.66515837
3211.00000000 0.65131222 0.63031674
3295.50000000 0.60542987 0.63520362
3380.00000000 0.60733031 0.61882353
3464.50000000 0.57040724 0.57040724
3549.00000000 0.54959276 0.55375566
3633.50000000 0.53085973 0.53312217
3718.00000000 0.48443439 0.49357466
3802.50000000 0.51004525 0.50533937
3887.00000000 0.48235294 0.50063348
3971.50000000 0.47095023 0.46841629
4056.00000000 0.43583711 0.44506787
4140.50000000 0.44533937 0.43574661
4225.00000000 0.41276018 0.40823530
4309.50000000 0.40126697 0.39438914
4394.00000000 0.36895927 0.38524887
4478.50000000 0.36904977 0.35981901
4563.00000000 0.34108597 0.35031674
4647.50000000 0.31058824 0.32009050
4732.00000000 0.31303167 0.30832579
4816.50000000 0.30126697 0.31067873
4901.00000000 0.30361991 0.29203620
4985.50000000 0.27592760 0.27565611
5070.00000000 0.27140272 0.27140272
5154.50000000 0.25981901 0.26000000
5239.00000000 0.24615385 0.23447964
5323.50000000 0.22977375 0.23221720
5408.00000000 0.23656109 0.22959276
5492.50000000 0.22054299 0.23221720
5577.00000000 0.21809955 0.22751131
5661.50000000 0.20434389 0.21592760
5746.00000000 0.18144797 0.19493212
5830.50000000 0.17628959 0.18796380
5915.00000000 0.17628959 0.17864253
5999.50000000 0.15538462 0.16461539
6084.00000000 0.14859728 0.15076923
6168.50000000 0.14624434 0.14624434
6253.00000000 0.13194570 0.14361991
6337.50000000 0.13447964 0.13674208
6422.00000000 0.12497738 0.12262444
6506.50000000 0.12262444 0.12497738
6591.00000000 0.10443439 0.11583710
6675.50000000 0.11113122 0.10886878
6760.00000000 0.10190045 0.09484163
6844.50000000 0.10443439 0.10190045
6929.00000000 0.09276018 0.08796380
7013.50000000 0.09276018 0.09058823
7098.00000000 0.08108597 0.08579186
7182.50000000 0.07638009 0.08099547
7267.00000000 0.08325792 0.07864253
7351.50000000 0.07882353 0.07411765
7436.00000000 0.07402715 0.07411765
7520.50000000 0.07647059 0.07185521
7605.00000000 0.07185521 0.07176471
7689.50000000 0.06244344 0.06714932
7774.00000000 0.06714932 0.06262443
7858.50000000 0.06714932 0.06009050
7943.00000000 0.06470588 0.06470588
8027.50000000 0.05791855 0.06488688
8112.00000000 0.06253394 0.06941176
8196.50000000 0.05773756 0.06470588
8281.00000000 0.06470588 0.05764706
8365.50000000 0.05312217 0.05547511
8450.00000000 0.06000000 0.06000000
