0 1712.49600000 1717.08400000
84.50000000 15.19200000 15.30400000
169.00000000 8.87600000 8.96400000
253.50000000 6.41600000 6.45200000
338.00000000 5.08800000 5.16400000
422.50000000 4.23600000 4.33600000
507.00000000 3.70800000 3.67600000
591.50000000 3.20000000 3.24400000
676.00000000 2.89200000 2.86800000
760.50000000 2.66000000 2.69600000
845.00000000 2.45600000 2.51600000
929.50000000 2.28000000 2.27200000
1014.00000000 2.14000000 2.12400000
1098.50000000 2.00000000 2.00400000
1183.00000000 1.91200000 1.89600000
1267.50000000 1.79200000 1.80000000
1352.00000000 1.68800000 1.70000000
1436.50000000 1.64400000 1.63200000
1521.00000000 1.52800000 1.56800000
1605.50000000 1.48400000 1.48000000
1690.00000000 1.39200000 1.38800000
1774.50000000 1.33200000 1.36400000
1859.00000000 1.25600000 1.29600000
1943.50000000 1.21200000 1.23200000
2028.00000000 1.17200000 1.12800000
2112.50000000 1.11200000 1.12400000
2197.00000000 1.08800000 1.12400000
2281.50000000 1.04000000 1.02800000
2366.00000000 1.02400000 1.01600000
2450.50000000 0.94400000 0.96800000
2535.00000000 0.93600000 0.95200000
2619.50000000 0.89600000 0.89600000
2704.00000000 0.83600000 0.83600000
2788.50000000 0.81600000 0.80000000
2873.00000000 0.79200000 0.77200000
2957.50000000 0.74800000 0.73200000
3042.00000000 0.74000000 0.73200000
3126.50000000 0.69600000 0.70000000
3211.00000000 0.68800000 0.66000000
3295.50000000 0.66000000 0.67600000
3380.00000000 0.64400000 0.65200000
3464.50000000 0.61200000 0.61200000
3549.00000000 0.59200000 0.57600000
3633.50000000 0.56400000 0.56400000
3718.00000000 0.51200000 0.51600000
3802.50000000 0.54400000 0.53600000
3887.00000000 0.52000000 0.52800000
3971.50000000 0.51600000 0.50400000
4056.00000000 0.46400000 0.47200000
4140.50000000 0.48400000 0.46000000
4225.00000000 0.44400000 0.44400000
4309.50000000 0.43600000 0.43200000
4394.00000000 0.40800000 0.42800000
4478.50000000 0.41200000 0.40400000
4563.00000000 0.37600000 0.38400000
4647.50000000 0.32800000 0.34800000
4732.00000000 0.33600000 0.32800000
4816.50000000 0.31600000 0.33200000
4901.00000000 0.32000000 0.30800000
4985.50000000 0.29600000 0.28400000
5070.00000000 0.29600000 0.29600000
5154.50000000 0.28400000 0.29200000
5239.00000000 0.28000000 0.26400000
5323.50000000 0.25600000 0.26400000
5408.00000000 0.25600000 0.24800000
5492.50000000 0.24800000 0.26400000
5577.00000000 0.24000000 0.25600000
5661.50000000 0.23200000 0.24400000
5746.00000000 0.22000000 0.21600000
5830.50000000 0.19200000 0.20800000
5915.00000000 0.19200000 0.19600000
5999.50000000 0.16800000 0.17600000
6084.00000000 0.16800000 0.16400000
6168.50000000 0.16400000 0.16400000
6253.00000000 0.13200000 0.14800000
6337.50000000 0.14400000 0.14400000
6422.00000000 0.12400000 0.12000000
6506.50000000 0.12000000 0.12400000
6591.00000000 0.11600000 0.12000000
6675.50000000 0.11200000 0.11200000
6760.00000000 0.10400000 0.09200000
6844.50000000 0.11600000 0.10400000
6929.00000000 0.10000000 0.08800000
7013.50000000 0.10000000 0.10400000
7098.00000000 0.08400000 0.09200000
7182.50000000 0.07600000 0.08000000
7267.00000000 0.08000000 0.07600000
7351.50000000 0.08400000 0.07600000
7436.00000000 0.07200000 0.07600000
7520.50000000 0.08000000 0.07600000
7605.00000000 0.07600000 0.07200000
7689.50000000 0.06000000 0.06800000
7774.00000000 0.06800000 0.06800000
7858.50000000 0.06800000 0.05600000
7943.00000000 0.06000000 0.06000000
8027.50000000 0.06000000 0.06800000
8112.00000000 0.06400000 0.06800000
8196.50000000 0.05200000 0.06000000
8281.00000000 0.06000000 0.04800000
8365.50000000 0.04800000 0.05200000
8450.00000000 0.05200000 0.05200000
