0 1713.96000000 1719.63200000
84.50000000 15.45600000 15.65600000
169.00000000 8.99200000 9.08800000
253.50000000 6.43200000 6.56800000
338.00000000 5.23200000 5.24000000
422.50000000 4.44000000 4.49600000
507.00000000 3.80000000 3.73600000
591.50000000 3.24000000 3.29600000
676.00000000 2.85600000 2.88000000
760.50000000 2.64800000 2.75200000
845.00000000 2.48800000 2.53600000
929.50000000 2.28800000 2.27200000
1014.00000000 2.09600000 2.13600000
1098.50000000 1.95200000 1.98400000
1183.00000000 1.91200000 1.88800000
1267.50000000 1.76800000 1.76000000
1352.00000000 1.68800000 1.71200000
1436.50000000 1.62400000 1.61600000
1521.00000000 1.54400000 1.57600000
1605.50000000 1.50400000 1.53600000
1690.00000000 1.47200000 1.40000000
1774.50000000 1.41600000 1.40000000
1859.00000000 1.32800000 1.36000000
1943.50000000 1.24800000 1.28800000
2028.00000000 1.23200000 1.23200000
2112.50000000 1.24800000 1.20000000
2197.00000000 1.12800000 1.16800000
2281.50000000 1.08800000 1.05600000
2366.00000000 1.06400000 1.04800000
2450.50000000 0.99200000 0.98400000
2535.00000000 0.95200000 1.03200000
2619.50000000 0.92800000 0.94400000
2704.00000000 0.89600000 0.88800000
2788.50000000 0.88000000 0.85600000
2873.00000000 0.82400000 0.84800000
2957.50000000 0.80000000 0.80000000
3042.00000000 0.80800000 0.77600000
3126.50000000 0.76800000 0.76000000
3211.00000000 0.76000000 0.71200000
3295.50000000 0.73600000 0.75200000
3380.00000000 0.72800000 0.74400000
3464.50000000 0.67200000 0.68000000
3549.00000000 0.64000000 0.63200000
3633.50000000 0.63200000 0.62400000
3718.00000000 0.60000000 0.58400000
3802.50000000 0.63200000 0.60800000
3887.00000000 0.58400000 0.59200000
3971.50000000 0.60000000 0.57600000
4056.00000000 0.55200000 0.56000000
4140.50000000 0.56000000 0.53600000
4225.00000000 0.53600000 0.52800000
4309.50000000 0.52800000 0.51200000
4394.00000000 0.46400000 0.51200000
4478.50000000 0.49600000 0.48800000
4563.00000000 0.44800000 0.45600000
4647.50000000 0.36000000 0.40000000
4732.00000000 0.40000000 0.37600000
4816.50000000 0.35200000 0.39200000
4901.00000000 0.36800000 0.36000000
4985.50000000 0.34400000 0.33600000
5070.00000000 0.36000000 0.35200000
5154.50000000 0.34400000 0.35200000
5239.00000000 0.34400000 0.31200000
5323.50000000 0.32000000 0.32000000
5408.00000000 0.29600000 0.29600000
5492.50000000 0.30400000 0.32800000
5577.00000000 0.28000000 0.32000000
5661.50000000 0.28000000 0.28800000
5746.00000000 0.26400000 0.27200000
5830.50000000 0.24800000 0.27200000
5915.00000000 0.24000000 0.24000000
5999.50000000 0.19200000 0.21600000
6084.00000000 0.20000000 0.19200000
6168.50000000 0.20000000 0.21600000
6253.00000000 0.16800000 0.20000000
6337.50000000 0.18400000 0.17600000
6422.00000000 0.17600000 0.15200000
6506.50000000 0.16000000 0.17600000
6591.00000000 0.15200000 0.16000000
6675.50000000 0.15200000 0.16000000
6760.00000000 0.13600000 0.12800000
6844.50000000 0.16000000 0.13600000
6929.00000000 0.15200000 0.13600000
7013.50000000 0.14400000 0.16000000
7098.00000000 0.12800000 0.13600000
7182.50000000 0.12000000 0.12800000
7267.00000000 0.12000000 0.12000000
7351.50000000 0.12800000 0.12000000
7436.00000000 0.11200000 0.11200000
7520.50000000 0.12000000 0.11200000
7605.00000000 0.11200000 0.10400000
7689.50000000 0.08800000 0.10400000
7774.00000000 0.11200000 0.10400000
7858.50000000 0.10400000 0.08000000
7943.00000000 0.09600000 0.09600000
8027.50000000 0.09600000 0.10400000
8112.00000000 0.09600000 0.10400000
8196.50000000 0.08000000 0.08800000
8281.00000000 0.08800000 0.07200000
8365.50000000 0.06400000 0.07200000
8450.00000000 0.08000000 0.07200000
