0 41559.10000000 41652.20000000
40.00000000 656.35000000 660.77500000
80.00000000 385.27500000 388.47500000
120.00000000 282.87500000 284.85000000
160.00000000 228.42500000 229.60000000
200.00000000 191.87500000 192.42500000
240.00000000 167.45000000 167.77500000
280.00000000 149.10000000 149.85000000
320.00000000 133.25000000 134.55000000
360.00000000 122.37500000 122.65000000
400.00000000 112.17500000 111.67500000
440.00000000 103.22500000 105.17500000
480.00000000 96.50000000 98.07500000
520.00000000 91.72500000 91.75000000
560.00000000 86.62500000 87.12500000
600.00000000 82.35000000 83.15000000
640.00000000 78.40000000 78.45000000
680.00000000 74.52500000 75.27500000
720.00000000 71.20000000 71.97500000
760.00000000 67.95000000 68.70000000
800.00000000 65.62500000 66.42500000
840.00000000 62.25000000 63.10000000
880.00000000 60.92500000 60.82500000
920.00000000 58.20000000 58.75000000
960.00000000 55.92500000 56.05000000
1000.00000000 54.15000000 55.07500000
1040.00000000 52.47500000 52.75000000
1080.00000000 51.00000000 51.07500000
1120.00000000 49.52500000 50.05000000
1160.00000000 47.97500000 48.67500000
1200.00000000 45.85000000 46.90000000
1240.00000000 45.22500000 45.97500000
1280.00000000 43.85000000 44.77500000
1320.00000000 43.12500000 43.07500000
1360.00000000 41.32500000 41.45000000
1400.00000000 41.02500000 40.47500000
1440.00000000 39.72500000 39.77500000
1480.00000000 39.37500000 38.97500000
1520.00000000 37.87500000 38.05000000
1560.00000000 36.87500000 37.32500000
1600.00000000 35.90000000 36.10000000
1640.00000000 35.75000000 36.02500000
1680.00000000 34.70000000 35.15000000
1720.00000000 34.07500000 34.50000000
1760.00000000 33.17500000 33.75000000
1800.00000000 32.12500000 32.82500000
1840.00000000 31.97500000 32.00000000
1880.00000000 31.57500000 31.67500000
1920.00000000 30.75000000 31.15000000
1960.00000000 29.97500000 30.05000000
2000.00000000 29.30000000 29.92500000
2040.00000000 29.10000000 29.95000000
2080.00000000 28.50000000 29.10000000
2120.00000000 28.37500000 28.35000000
2160.00000000 28.00000000 27.95000000
2200.00000000 27.52500000 27.57500000
2240.00000000 26.57500000 27.22500000
2280.00000000 26.35000000 26.72500000
2320.00000000 26.65000000 26.52500000
2360.00000000 25.75000000 26.00000000
2400.00000000 25.80000000 25.60000000
2440.00000000 25.27500000 25.37500000
2480.00000000 25.15000000 24.67500000
2520.00000000 24.35000000 24.75000000
2560.00000000 23.92500000 24.12500000
2600.00000000 23.90000000 23.77500000
2640.00000000 23.62500000 23.72500000
2680.00000000 23.27500000 23.35000000
2720.00000000 22.87500000 22.70000000
2760.00000000 22.65000000 23.10000000
2800.00000000 22.17500000 22.77500000
2840.00000000 22.12500000 22.55000000
2880.00000000 21.67500000 22.02500000
2920.00000000 21.52500000 22.12500000
2960.00000000 21.17500000 21.40000000
3000.00000000 21.40000000 21.30000000
3040.00000000 21.10000000 21.00000000
3080.00000000 20.55000000 20.57500000
3120.00000000 20.47500000 20.40000000
3160.00000000 20.12500000 20.42500000
3200.00000000 19.77500000 20.07500000
3240.00000000 19.80000000 19.72500000
3280.00000000 19.87500000 19.95000000
3320.00000000 19.55000000 19.47500000
3360.00000000 19.17500000 19.15000000
3400.00000000 18.75000000 18.85000000
3440.00000000 18.77500000 18.85000000
3480.00000000 18.35000000 18.52500000
3520.00000000 18.05000000 18.32500000
3560.00000000 17.62500000 18.20000000
3600.00000000 17.87500000 18.02500000
3640.00000000 17.55000000 17.80000000
3680.00000000 17.62500000 17.75000000
3720.00000000 17.60000000 17.45000000
3760.00000000 17.32500000 17.55000000
3800.00000000 17.20000000 17.42500000
3840.00000000 17.25000000 17.17500000
3880.00000000 16.55000000 17.22500000
3920.00000000 16.67500000 16.87500000
3960.00000000 16.60000000 16.65000000
4000.00000000 16.27500000 16.67500000
