0 41569.63333333 41670.50000000
40.00000000 658.56666667 662.23333333
80.00000000 385.56666667 388.86666667
120.00000000 281.66666667 283.90000000
160.00000000 228.30000000 228.73333333
200.00000000 191.93333333 191.93333333
240.00000000 166.50000000 166.70000000
280.00000000 148.16666667 148.66666667
320.00000000 133.13333333 134.63333333
360.00000000 121.73333333 121.90000000
400.00000000 111.63333333 111.16666667
440.00000000 102.40000000 104.80000000
480.00000000 95.83333333 97.30000000
520.00000000 91.40000000 90.96666667
560.00000000 86.60000000 86.93333333
600.00000000 82.26666667 83.40000000
640.00000000 78.40000000 78.23333333
680.00000000 74.10000000 75.06666667
720.00000000 70.86666667 71.73333333
760.00000000 68.13333333 68.43333333
800.00000000 65.93333333 66.46666667
840.00000000 62.00000000 63.13333333
880.00000000 60.73333333 60.86666667
920.00000000 58.56666667 58.86666667
960.00000000 55.96666667 56.00000000
1000.00000000 54.16666667 55.10000000
1040.00000000 52.10000000 52.70000000
1080.00000000 50.56666667 50.73333333
1120.00000000 49.40000000 49.83333333
1160.00000000 47.86666667 48.46666667
1200.00000000 45.46666667 46.70000000
1240.00000000 45.06666667 45.76666667
1280.00000000 43.96666667 44.56666667
1320.00000000 42.60000000 42.53333333
1360.00000000 41.13333333 41.20000000
1400.00000000 40.80000000 40.20000000
1440.00000000 39.76666667 39.20000000
1480.00000000 39.23333333 38.50000000
1520.00000000 37.63333333 37.80000000
1560.00000000 36.50000000 36.86666667
1600.00000000 36.10000000 35.96666667
1640.00000000 35.60000000 35.63333333
1680.00000000 34.60000000 34.50000000
1720.00000000 33.56666667 34.20000000
1760.00000000 32.53333333 33.30000000
1800.00000000 31.76666667 32.30000000
1840.00000000 31.63333333 31.70000000
1880.00000000 31.13333333 31.73333333
1920.00000000 30.20000000 30.70000000
1960.00000000 29.40000000 29.70000000
2000.00000000 28.73333333 29.50000000
2040.00000000 28.93333333 29.66666667
2080.00000000 28.30000000 28.93333333
2120.00000000 28.13333333 28.16666667
2160.00000000 28.03333333 28.13333333
2200.00000000 27.76666667 27.46666667
2240.00000000 26.60000000 27.43333333
2280.00000000 26.26666667 26.90000000
2320.00000000 26.66666667 26.50000000
2360.00000000 25.86666667 26.06666667
2400.00000000 25.76666667 25.66666667
2440.00000000 25.53333333 25.63333333
2480.00000000 25.40000000 24.90000000
2520.00000000 24.20000000 24.93333333
2560.00000000 24.06666667 24.53333333
2600.00000000 24.06666667 23.93333333
2640.00000000 23.70000000 23.76666667
2680.00000000 23.33333333 23.46666667
2720.00000000 23.03333333 22.93333333
2760.00000000 22.80000000 23.23333333
2800.00000000 22.10000000 22.80000000
2840.00000000 22.23333333 22.70000000
2880.00000000 21.56666667 22.10000000
2920.00000000 21.73333333 22.13333333
2960.00000000 21.10000000 21.63333333
3000.00000000 21.56666667 21.36666667
3040.00000000 21.23333333 21.16666667
3080.00000000 20.63333333 20.60000000
3120.00000000 20.56666667 20.36666667
3160.00000000 20.13333333 20.40000000
3200.00000000 19.83333333 20.30000000
3240.00000000 19.60000000 19.83333333
3280.00000000 19.80000000 20.00000000
3320.00000000 19.40000000 19.43333333
3360.00000000 19.20000000 19.10000000
3400.00000000 18.73333333 18.80000000
3440.00000000 18.76666667 18.80000000
3480.00000000 18.23333333 18.53333333
3520.00000000 17.96666667 18.40000000
3560.00000000 17.76666667 18.16666667
3600.00000000 17.96666667 18.33333333
3640.00000000 17.70000000 17.96666667
3680.00000000 17.80000000 17.86666667
3720.00000000 17.76666667 17.60000000
3760.00000000 17.36666667 17.86666667
3800.00000000 17.33333333 17.66666667
3840.00000000 17.36666667 17.33333333
3880.00000000 16.70000000 17.33333333
3920.00000000 16.63333333 16.90000000
3960.00000000 16.56666667 16.63333333
4000.00000000 16.23333333 16.76666667
