0 41560.60000000 41649.90000000
40.00000000 661.10000000 664.10000000
80.00000000 392.10000000 392.60000000
120.00000000 283.90000000 285.70000000
160.00000000 230.10000000 229.80000000
200.00000000 195.60000000 193.50000000
240.00000000 168.30000000 169.40000000
280.00000000 149.30000000 148.60000000
320.00000000 135.80000000 139.20000000
360.00000000 124.40000000 124.90000000
400.00000000 115.80000000 115.70000000
440.00000000 105.80000000 108.50000000
480.00000000 98.10000000 98.80000000
520.00000000 93.50000000 93.00000000
560.00000000 88.40000000 88.70000000
600.00000000 84.70000000 85.20000000
640.00000000 78.80000000 78.90000000
680.00000000 74.50000000 76.20000000
720.00000000 72.80000000 71.90000000
760.00000000 68.80000000 68.20000000
800.00000000 65.30000000 66.10000000
840.00000000 61.70000000 63.30000000
880.00000000 60.00000000 60.50000000
920.00000000 58.10000000 58.00000000
960.00000000 54.40000000 54.60000000
1000.00000000 52.70000000 54.00000000
1040.00000000 51.60000000 51.90000000
1080.00000000 49.70000000 49.90000000
1120.00000000 49.00000000 49.40000000
1160.00000000 47.30000000 47.30000000
1200.00000000 44.60000000 45.60000000
1240.00000000 44.90000000 44.50000000
1280.00000000 42.10000000 43.50000000
1320.00000000 41.90000000 41.40000000
1360.00000000 39.50000000 39.90000000
1400.00000000 39.30000000 39.30000000
1440.00000000 39.00000000 37.80000000
1480.00000000 38.00000000 37.70000000
1520.00000000 36.50000000 37.10000000
1560.00000000 35.50000000 36.10000000
1600.00000000 35.60000000 35.00000000
1640.00000000 34.50000000 34.90000000
1680.00000000 33.60000000 33.80000000
1720.00000000 32.30000000 32.70000000
1760.00000000 32.20000000 32.70000000
1800.00000000 31.10000000 32.00000000
1840.00000000 30.70000000 31.40000000
1880.00000000 30.80000000 31.30000000
1920.00000000 29.60000000 29.90000000
1960.00000000 28.90000000 29.40000000
2000.00000000 28.30000000 28.20000000
2040.00000000 28.60000000 29.60000000
2080.00000000 27.90000000 28.10000000
2120.00000000 27.20000000 27.60000000
2160.00000000 27.80000000 27.70000000
2200.00000000 27.80000000 27.50000000
2240.00000000 26.10000000 27.20000000
2280.00000000 26.00000000 25.80000000
2320.00000000 26.10000000 26.70000000
2360.00000000 25.60000000 25.90000000
2400.00000000 24.60000000 25.40000000
2440.00000000 25.40000000 25.60000000
2480.00000000 25.20000000 25.40000000
2520.00000000 24.20000000 25.00000000
2560.00000000 23.50000000 24.20000000
2600.00000000 23.70000000 24.30000000
2640.00000000 23.80000000 23.60000000
2680.00000000 23.10000000 22.70000000
2720.00000000 22.90000000 22.60000000
2760.00000000 22.30000000 23.10000000
2800.00000000 21.50000000 21.70000000
2840.00000000 22.00000000 22.40000000
2880.00000000 21.40000000 21.90000000
2920.00000000 21.60000000 22.10000000
2960.00000000 21.30000000 21.10000000
3000.00000000 21.50000000 21.00000000
3040.00000000 21.00000000 20.90000000
3080.00000000 20.20000000 20.70000000
3120.00000000 20.00000000 20.10000000
3160.00000000 20.40000000 20.60000000
3200.00000000 19.40000000 20.30000000
3240.00000000 19.10000000 19.90000000
3280.00000000 19.40000000 19.60000000
3320.00000000 18.90000000 19.60000000
3360.00000000 18.90000000 19.20000000
3400.00000000 18.00000000 18.00000000
3440.00000000 18.80000000 19.20000000
3480.00000000 18.20000000 18.20000000
3520.00000000 18.40000000 18.30000000
3560.00000000 17.90000000 18.10000000
3600.00000000 17.50000000 17.80000000
3640.00000000 17.10000000 17.60000000
3680.00000000 18.00000000 18.20000000
3720.00000000 17.30000000 17.70000000
3760.00000000 17.20000000 17.70000000
3800.00000000 16.90000000 17.50000000
3840.00000000 17.10000000 17.30000000
3880.00000000 16.80000000 16.90000000
3920.00000000 16.30000000 16.70000000
3960.00000000 16.40000000 16.40000000
4000.00000000 15.80000000 16.60000000
