0 1716.08800000 1720.59200000
84.50000000 21.11200000 21.30400000
169.00000000 14.93600000 14.87200000
253.50000000 11.86400000 11.97600000
338.00000000 10.40000000 10.36800000
422.50000000 9.25600000 9.25600000
507.00000000 8.45600000 8.59200000
591.50000000 8.01600000 8.12800000
676.00000000 7.51200000 7.48800000
760.50000000 7.06400000 7.24000000
845.00000000 6.88800000 6.88000000
929.50000000 6.48800000 6.70400000
1014.00000000 6.32000000 6.35200000
1098.50000000 6.14400000 6.08800000
1183.00000000 5.86400000 5.95200000
1267.50000000 5.59200000 5.66400000
1352.00000000 5.52800000 5.65600000
1436.50000000 5.47200000 5.59200000
1521.00000000 5.43200000 5.52800000
1605.50000000 5.33600000 5.37600000
1690.00000000 5.24800000 5.24000000
1774.50000000 5.15200000 5.08800000
1859.00000000 4.94400000 5.04800000
1943.50000000 4.91200000 4.96800000
2028.00000000 4.78400000 4.92000000
2112.50000000 4.83200000 4.76000000
2197.00000000 4.83200000 4.80800000
2281.50000000 4.75200000 4.68800000
2366.00000000 4.61600000 4.65600000
2450.50000000 4.55200000 4.56800000
2535.00000000 4.45600000 4.45600000
2619.50000000 4.46400000 4.48000000
2704.00000000 4.36000000 4.46400000
2788.50000000 4.30400000 4.36800000
2873.00000000 4.40000000 4.36000000
2957.50000000 4.32000000 4.28800000
3042.00000000 4.30400000 4.35200000
3126.50000000 4.23200000 4.25600000
3211.00000000 4.15200000 4.21600000
3295.50000000 4.08000000 4.17600000
3380.00000000 4.04800000 4.05600000
3464.50000000 4.12000000 4.20800000
3549.00000000 3.99200000 4.07200000
3633.50000000 4.03200000 4.06400000
3718.00000000 4.04000000 4.02400000
3802.50000000 3.91200000 3.99200000
3887.00000000 3.87200000 3.91200000
3971.50000000 3.87200000 3.88000000
4056.00000000 3.79200000 3.84000000
4140.50000000 3.83200000 3.80800000
4225.00000000 3.84000000 3.81600000
4309.50000000 3.76800000 3.79200000
4394.00000000 3.72800000 3.79200000
4478.50000000 3.70400000 3.68800000
4563.00000000 3.72800000 3.61600000
4647.50000000 3.61600000 3.61600000
4732.00000000 3.56000000 3.63200000
4816.50000000 3.67200000 3.59200000
4901.00000000 3.53600000 3.51200000
4985.50000000 3.52800000 3.61600000
5070.00000000 3.55200000 3.57600000
5154.50000000 3.59200000 3.61600000
5239.00000000 3.51200000 3.45600000
5323.50000000 3.49600000 3.47200000
5408.00000000 3.52800000 3.46400000
5492.50000000 3.52800000 3.47200000
5577.00000000 3.48800000 3.52000000
5661.50000000 3.36000000 3.49600000
5746.00000000 3.44000000 3.40800000
5830.50000000 3.40800000 3.45600000
5915.00000000 3.38400000 3.45600000
5999.50000000 3.40800000 3.44000000
6084.00000000 3.38400000 3.39200000
6168.50000000 3.38400000 3.39200000
6253.00000000 3.36800000 3.33600000
6337.50000000 3.27200000 3.34400000
6422.00000000 3.40000000 3.29600000
6506.50000000 3.26400000 3.42400000
6591.00000000 3.26400000 3.33600000
6675.50000000 3.33600000 3.28000000
6760.00000000 3.20800000 3.31200000
6844.50000000 3.20800000 3.19200000
6929.00000000 3.25600000 3.22400000
7013.50000000 3.16800000 3.25600000
7098.00000000 3.17600000 3.27200000
7182.50000000 3.18400000 3.20000000
7267.00000000 3.14400000 3.26400000
7351.50000000 3.21600000 3.21600000
7436.00000000 3.12800000 3.15200000
7520.50000000 3.12000000 3.16800000
7605.00000000 3.07200000 3.14400000
7689.50000000 3.13600000 3.08000000
7774.00000000 3.11200000 3.05600000
7858.50000000 3.10400000 3.17600000
7943.00000000 3.11200000 3.14400000
8027.50000000 3.09600000 3.10400000
8112.00000000 3.05600000 3.10400000
8196.50000000 3.01600000 3.04800000
8281.00000000 3.06400000 3.04800000
8365.50000000 2.99200000 3.05600000
8450.00000000 3.06400000 2.97600000
