0 1.1619e-07
16 0.00161139
32 0.00532147
48 0.0109516
64 0.0184062
80 0.0277235
96 0.0390264
112 0.0530947
128 0.0670531
144 0.0830711
160 0.0999803
176 0.116518
192 0.13399
208 0.151965
224 0.170204
240 0.187377
256 0.205077
272 0.222296
288 0.239086
304 0.256767
320 0.274546
336 0.29265
352 0.310946
368 0.327767
384 0.344977
400 0.360993
416 0.377609
432 0.39395
448 0.410628
464 0.427082
480 0.443087
496 0.458645
512 0.473121
528 0.488637
544 0.502796
560 0.517448
576 0.53194
592 0.547265
608 0.561309
624 0.575365
640 0.588647
656 0.600389
672 0.613724
688 0.626473
704 0.637514
720 0.65018
736 0.660835
752 0.669972
768 0.680669
784 0.690911
800 0.699886
816 0.708917
832 0.717168
848 0.725887
864 0.734992
880 0.743046
896 0.750568
912 0.757895
928 0.76562
944 0.772091
960 0.777123
976 0.783019
992 0.787854
1008 0.793054
1024 0.798733
1040 0.802857
1056 0.80721
1072 0.811187
1088 0.814769
1104 0.818201
1120 0.82081
1136 0.824432
1152 0.82715
1168 0.829751
1184 0.831721
1200 0.833594
1216 0.837563
1232 0.840396
1248 0.843602
1264 0.845971
1280 0.848707
1296 0.851761
1312 0.85434
1328 0.857174
1344 0.858613
1360 0.860617
1376 0.862647
1392 0.865189
1408 0.86694
1424 0.867988
1440 0.870411
1456 0.871668
1472 0.873862
1488 0.874535
1504 0.875699
1520 0.876609
1536 0.877124
1552 0.877892
1568 0.878866
1584 0.880343
1600 0.880536
1616 0.880784
1632 0.881888
1648 0.883149
1664 0.883042
1680 0.883547
1696 0.883386
1712 0.883526
1728 0.883844
1744 0.884851
1760 0.884934
1776 0.885591
1792 0.885038
1808 0.885773
1824 0.88662
1840 0.885938
1856 0.886703
1872 0.886406
1888 0.88745
1904 0.88784
1920 0.887682
1936 0.88814
1952 0.888359
1968 0.889295
1984 0.890196
2000 0.89061
2016 0.890352
2032 0.890216
2048 0.890764
2064 0.891026
2080 0.891244
2096 0.891376
2112 0.891559
2128 0.891576
2144 0.89271
2160 0.892407
2176 0.892332
2192 0.891059
2208 0.891885
2224 0.892747
2240 0.892508
2256 0.892355
2272 0.892294
2288 0.892601
2304 0.892535
2320 0.892313
2336 0.892944
2352 0.892785
2368 0.893243
2384 0.893189
2400 0.89194
2416 0.892189
2432 0.893145
2448 0.893224
2464 0.892901
2480 0.893856
2496 0.894022
2512 0.894595
2528 0.894257
2544 0.894043
2560 0.893627
2576 0.894337
2592 0.894154
2608 0.894508
2624 0.895379
2640 0.895642
2656 0.895489
2672 0.894915
2688 0.89475
2704 0.894228
2720 0.893844
2736 0.894767
2752 0.895386
2768 0.895385
2784 0.895694
2800 0.894849
2816 0.895474
2832 0.894893
2848 0.895147
2864 0.894677
2880 0.894675
2896 0.895184
2912 0.895689
2928 0.894602
2944 0.894425
2960 0.89499
2976 0.895699
2992 0.895365
3008 0.894385
3024 0.894407
3040 0.894502
3056 0.894319
3072 0.895225
3088 0.896091
3104 0.895954
3120 0.895255
3136 0.894816
3152 0.895821
3168 0.895696
3184 0.896282
3200 0.89671
