0 1.16653e-07
16 0.00170542
32 0.00579391
48 0.0120077
64 0.0198696
80 0.0293706
96 0.0407726
112 0.0545937
128 0.0682851
144 0.0839201
160 0.100474
176 0.116538
192 0.134143
208 0.15199
224 0.170547
240 0.188046
256 0.205533
272 0.222694
288 0.240183
304 0.257937
320 0.27541
336 0.293595
352 0.311134
368 0.328601
384 0.345721
400 0.361391
416 0.377392
432 0.393004
448 0.409311
464 0.425891
480 0.441571
496 0.457168
512 0.472355
528 0.487286
544 0.501832
560 0.516994
576 0.531929
592 0.546438
608 0.560303
624 0.574032
640 0.587409
656 0.599824
672 0.612264
688 0.624486
704 0.636159
720 0.648841
736 0.659415
752 0.669473
768 0.680208
784 0.690657
800 0.700484
816 0.710024
832 0.718587
848 0.72778
864 0.736798
880 0.745442
896 0.752995
912 0.760187
928 0.7678
944 0.774339
960 0.780146
976 0.786439
992 0.790989
1008 0.796536
1024 0.802525
1040 0.807409
1056 0.812335
1072 0.816776
1088 0.821393
1104 0.825235
1120 0.828131
1136 0.832116
1152 0.834916
1168 0.83791
1184 0.840588
1200 0.84266
1216 0.846699
1232 0.849277
1248 0.852658
1264 0.855259
1280 0.857768
1296 0.860538
1312 0.862856
1328 0.865312
1344 0.866714
1360 0.868397
1376 0.869864
1392 0.87246
1408 0.874026
1424 0.874853
1440 0.877123
1456 0.878241
1472 0.879964
1488 0.880987
1504 0.882041
1520 0.882863
1536 0.882985
1552 0.883422
1568 0.884199
1584 0.885315
1600 0.885916
1616 0.885819
1632 0.886817
1648 0.887289
1664 0.887382
1680 0.887905
1696 0.88785
1712 0.888029
1728 0.887934
1744 0.888711
1760 0.88871
1776 0.88902
1792 0.888665
1808 0.888968
1824 0.88972
1840 0.888963
1856 0.889892
1872 0.88971
1888 0.890767
1904 0.890962
1920 0.890734
1936 0.891112
1952 0.891287
1968 0.892241
1984 0.892604
2000 0.892714
2016 0.892978
2032 0.892708
2048 0.89315
2064 0.893342
2080 0.893448
2096 0.893655
2112 0.893872
2128 0.893782
2144 0.894519
2160 0.89412
2176 0.894022
2192 0.893226
2208 0.893397
2224 0.894194
2240 0.894303
2256 0.894351
2272 0.893962
2288 0.894627
2304 0.894648
2320 0.894463
2336 0.895055
2352 0.895012
2368 0.895394
2384 0.895286
2400 0.894017
2416 0.894243
2432 0.894805
2448 0.895253
2464 0.894616
2480 0.895202
2496 0.895555
2512 0.896402
2528 0.895829
2544 0.895567
2560 0.895556
2576 0.895447
2592 0.895493
2608 0.895683
2624 0.896334
2640 0.896708
2656 0.896533
2672 0.896319
2688 0.895929
2704 0.896051
2720 0.895784
2736 0.896566
2752 0.896975
2768 0.896668
2784 0.896612
2800 0.896308
2816 0.896542
2832 0.896064
2848 0.896626
2864 0.896683
2880 0.896273
2896 0.896671
2912 0.897037
2928 0.896115
2944 0.896284
2960 0.897042
2976 0.897201
2992 0.896865
3008 0.895937
3024 0.896101
3040 0.896342
3056 0.895655
3072 0.89684
3088 0.897567
3104 0.897491
3120 0.896628
3136 0.896658
3152 0.897406
3168 0.897509
3184 0.89823
3200 0.898766
