0 0.000235848
16 0.0301966
32 0.0552532
48 0.0793697
64 0.103207
80 0.126399
96 0.149252
112 0.172476
128 0.194804
144 0.217869
160 0.240551
176 0.261856
192 0.283606
208 0.304574
224 0.325555
240 0.344611
256 0.363863
272 0.381449
288 0.399451
304 0.417202
320 0.434278
336 0.451779
352 0.469261
368 0.485273
384 0.501522
400 0.516101
416 0.53073
432 0.544826
448 0.55948
464 0.573968
480 0.587432
496 0.600676
512 0.613488
528 0.626074
544 0.638363
560 0.6512
576 0.663183
592 0.675041
608 0.686442
624 0.697301
640 0.707699
656 0.717694
672 0.72822
688 0.737915
704 0.746806
720 0.756605
736 0.76493
752 0.77262
768 0.780678
784 0.788708
800 0.796405
816 0.803206
832 0.80975
848 0.816551
864 0.823097
880 0.829326
896 0.834836
912 0.840309
928 0.845737
944 0.850486
960 0.854802
976 0.859449
992 0.862809
1008 0.866793
1024 0.871077
1040 0.874766
1056 0.878409
1072 0.881721
1088 0.884933
1104 0.887648
1120 0.889993
1136 0.892977
1152 0.895229
1168 0.897448
1184 0.899379
1200 0.901096
1216 0.903773
1232 0.905711
1248 0.908036
1264 0.910054
1280 0.911838
1296 0.913696
1312 0.915436
1328 0.91709
1344 0.91807
1360 0.919502
1376 0.920654
1392 0.922361
1408 0.923467
1424 0.924241
1440 0.925669
1456 0.926457
1472 0.927562
1488 0.928347
1504 0.929071
1520 0.929624
1536 0.92982
1552 0.930243
1568 0.930676
1584 0.931456
1600 0.931943
1616 0.931972
1632 0.932564
1648 0.932841
1664 0.932951
1680 0.933266
1696 0.933285
1712 0.933437
1728 0.933534
1744 0.934053
1760 0.934149
1776 0.93437
1792 0.934226
1808 0.934436
1824 0.934903
1840 0.934629
1856 0.935185
1872 0.935166
1888 0.935762
1904 0.935932
1920 0.935866
1936 0.93616
1952 0.936328
1968 0.936924
1984 0.937151
2000 0.937248
2016 0.937421
2032 0.937346
2048 0.937615
2064 0.937735
2080 0.937838
2096 0.938018
2112 0.93822
2128 0.938217
2144 0.938636
2160 0.938499
2176 0.938484
2192 0.938142
2208 0.938334
2224 0.93874
2240 0.9388
2256 0.93889
2272 0.938717
2288 0.939109
2304 0.939093
2320 0.939004
2336 0.939374
2352 0.939363
2368 0.939598
2384 0.939571
2400 0.93896
2416 0.939085
2432 0.939405
2448 0.939687
2464 0.939388
2480 0.9397
2496 0.939884
2512 0.940365
2528 0.940107
2544 0.940024
2560 0.940083
2576 0.940039
2592 0.940066
2608 0.940223
2624 0.940594
2640 0.940785
2656 0.940753
2672 0.940665
2688 0.940483
2704 0.940571
2720 0.940465
2736 0.940954
2752 0.941193
2768 0.941136
2784 0.941145
2800 0.941087
2816 0.941221
2832 0.941025
2848 0.941363
2864 0.941409
2880 0.941256
2896 0.941516
2912 0.941743
2928 0.941294
2944 0.941437
2960 0.941876
2976 0.941991
2992 0.941828
3008 0.941417
3024 0.941506
3040 0.941684
3056 0.941303
3072 0.941961
3088 0.942408
3104 0.942418
3120 0.941977
3136 0.942007
3152 0.942421
3168 0.942497
3184 0.942893
3200 0.943189
