0 0.000234129
16 0.0296906
32 0.0540124
48 0.0771856
64 0.100867
80 0.124217
96 0.14734
112 0.171244
128 0.194367
144 0.21799
160 0.241379
176 0.263198
192 0.284415
208 0.305397
224 0.326007
240 0.344746
256 0.363969
272 0.381285
288 0.398683
304 0.416569
320 0.433872
336 0.451038
352 0.46885
368 0.484484
384 0.50107
400 0.515958
416 0.53111
432 0.545944
448 0.560959
464 0.575132
480 0.588485
496 0.601763
512 0.613967
528 0.626773
544 0.638713
560 0.651103
576 0.662494
592 0.674653
608 0.6859
624 0.69688
640 0.707152
656 0.716606
672 0.727548
688 0.737405
704 0.745783
720 0.75533
736 0.763827
752 0.770803
768 0.778723
784 0.786514
800 0.793722
816 0.800164
832 0.80634
848 0.812636
864 0.819214
880 0.825122
896 0.830724
912 0.836246
928 0.841866
944 0.846474
960 0.850136
976 0.854575
992 0.858218
1008 0.861954
1024 0.866075
1040 0.869235
1056 0.872492
1072 0.875538
1088 0.87812
1104 0.880711
1120 0.882815
1136 0.885686
1152 0.887942
1168 0.889917
1184 0.891471
1200 0.89308
1216 0.895749
1232 0.89793
1248 0.900262
1264 0.902226
1280 0.904169
1296 0.906266
1312 0.908225
1328 0.910117
1344 0.911155
1360 0.912897
1376 0.914426
1392 0.916185
1408 0.917456
1424 0.91845
1440 0.920027
1456 0.920947
1472 0.922377
1488 0.923034
1504 0.923882
1520 0.924525
1536 0.924981
1552 0.925648
1568 0.926192
1584 0.927212
1600 0.927504
1616 0.927768
1632 0.92845
1648 0.929148
1664 0.929165
1680 0.92948
1696 0.929471
1712 0.929628
1728 0.929984
1744 0.930675
1760 0.930841
1776 0.931255
1792 0.931027
1808 0.931484
1824 0.932006
1840 0.931792
1856 0.93229
1872 0.932229
1888 0.932831
1904 0.933137
1920 0.933133
1936 0.933493
1952 0.933733
1968 0.934328
1984 0.93486
2000 0.935142
2016 0.935058
2032 0.935079
2048 0.935409
2064 0.935559
2080 0.935717
2096 0.935885
2112 0.936107
2128 0.936159
2144 0.936802
2160 0.936736
2176 0.936758
2192 0.936164
2208 0.93673
2224 0.937188
2240 0.937082
2256 0.937081
2272 0.937086
2288 0.937295
2304 0.937212
2320 0.937096
2336 0.937482
2352 0.937382
2368 0.93768
2384 0.937665
2400 0.937058
2416 0.937196
2432 0.937737
2448 0.937831
2464 0.937718
2480 0.938216
2496 0.938312
2512 0.938642
2528 0.938507
2544 0.938424
2560 0.938262
2576 0.93863
2592 0.938519
2608 0.938785
2624 0.939264
2640 0.939388
2656 0.939359
2672 0.939091
2688 0.939
2704 0.938717
2720 0.938537
2736 0.939045
2752 0.939366
2768 0.93947
2784 0.939639
2800 0.939273
2816 0.93963
2832 0.939372
2848 0.939526
2864 0.939249
2880 0.939308
2896 0.939618
2912 0.939917
2928 0.939331
2944 0.93925
2960 0.939567
2976 0.939958
2992 0.939799
3008 0.93931
3024 0.939326
3040 0.939393
3056 0.939313
3072 0.939806
3088 0.94029
3104 0.940237
3120 0.939857
3136 0.939628
3152 0.940157
3168 0.940106
3184 0.940407
3200 0.940619
