0 -0.0971598
16 0.129676
32 0.102171
48 0.093886
64 0.134599
80 0.161661
96 0.169675
112 0.164788
128 0.200599
144 0.232022
160 0.263635
176 0.300423
192 0.332222
208 0.361565
224 0.390861
240 0.416547
256 0.447592
272 0.469493
288 0.494723
304 0.51809
320 0.539698
336 0.561542
352 0.587074
368 0.60461
384 0.625497
400 0.643223
416 0.660181
432 0.676019
448 0.692373
464 0.707225
480 0.720367
496 0.732944
512 0.744963
528 0.756823
544 0.768534
560 0.780851
576 0.790551
592 0.800832
608 0.810907
624 0.81942
640 0.827147
656 0.835484
672 0.84545
688 0.85314
704 0.859356
720 0.866555
736 0.873022
752 0.878495
768 0.883913
784 0.889728
800 0.89559
816 0.899427
832 0.904084
848 0.908475
864 0.912458
880 0.916164
896 0.919587
912 0.923431
928 0.926562
944 0.929476
960 0.932312
976 0.935305
992 0.937469
1008 0.939833
1024 0.942341
1040 0.94486
1056 0.947211
1072 0.949391
1088 0.95111
1104 0.952639
1120 0.954496
1136 0.956475
1152 0.958224
1168 0.959651
1184 0.960804
1200 0.962208
1216 0.963401
1232 0.964691
1248 0.965885
1264 0.967325
1280 0.968346
1296 0.969219
1312 0.970366
1328 0.971157
1344 0.97169
1360 0.972898
1376 0.973737
1392 0.97448
1408 0.975098
1424 0.975848
1440 0.976356
1456 0.976793
1472 0.977226
1488 0.977769
1504 0.97814
1520 0.978404
1536 0.978695
1552 0.979118
1568 0.97917
1584 0.979595
1600 0.979967
1616 0.980143
1632 0.98029
1648 0.980353
1664 0.980486
1680 0.980573
1696 0.98068
1712 0.980805
1728 0.981126
1744 0.981367
1760 0.981578
1776 0.981705
1792 0.981797
1808 0.981909
1824 0.982065
1840 0.982335
1856 0.98248
1872 0.982649
1888 0.982736
1904 0.982883
1920 0.983
1936 0.983207
1952 0.983372
1968 0.98358
1984 0.983659
2000 0.983742
2016 0.983819
2032 0.983963
2048 0.984043
2064 0.984085
2080 0.984187
2096 0.984342
2112 0.984532
2128 0.984628
2144 0.984699
2160 0.984855
2176 0.984933
2192 0.985097
2208 0.985318
2224 0.985291
2240 0.985299
2256 0.985438
2272 0.985507
2288 0.985598
2304 0.985539
2320 0.985556
2336 0.985686
2352 0.985711
2368 0.985784
2384 0.98585
2400 0.985968
2416 0.985981
2432 0.986036
2448 0.986138
2464 0.986212
2480 0.986223
2496 0.98622
2512 0.9863
2528 0.986392
2544 0.986509
2560 0.986649
2576 0.986677
2592 0.986682
2608 0.986805
2624 0.98687
2640 0.986857
2656 0.986986
2672 0.98704
2688 0.987089
2704 0.987138
2720 0.987213
2736 0.987382
2752 0.987435
2768 0.987658
2784 0.987742
2800 0.98796
2816 0.987983
2832 0.988103
2848 0.988193
2864 0.988228
2880 0.988363
2896 0.988472
2912 0.988548
2928 0.988622
2944 0.988741
2960 0.988829
2976 0.988895
2992 0.988923
3008 0.989087
3024 0.989094
3040 0.989204
3056 0.989161
3072 0.989238
3088 0.989377
3104 0.989484
3120 0.989509
3136 0.989541
3152 0.989586
3168 0.989635
3184 0.989671
3200 0.989703
