0 -0.119637
16 0.172062
32 0.175917
48 0.16175
64 0.190898
80 0.203257
96 0.202309
112 0.189401
128 0.225096
144 0.251858
160 0.284009
176 0.317997
192 0.343585
208 0.370659
224 0.398544
240 0.423413
256 0.451939
272 0.470915
288 0.495823
304 0.520325
320 0.541547
336 0.561457
352 0.585453
368 0.603611
384 0.62598
400 0.643971
416 0.66133
432 0.678261
448 0.695073
464 0.708852
480 0.720564
496 0.73344
512 0.744889
528 0.756154
544 0.767519
560 0.779418
576 0.78801
592 0.797632
608 0.80689
624 0.815246
640 0.822857
656 0.830845
672 0.840557
688 0.8479
704 0.853788
720 0.860379
736 0.86733
752 0.872362
768 0.877544
784 0.883112
800 0.889061
816 0.892771
832 0.896977
848 0.900798
864 0.904813
880 0.908611
896 0.912381
912 0.91622
928 0.919743
944 0.92244
960 0.924743
976 0.927809
992 0.930328
1008 0.932582
1024 0.935145
1040 0.937415
1056 0.939616
1072 0.941791
1088 0.94336
1104 0.945143
1120 0.946818
1136 0.949019
1152 0.950905
1168 0.95227
1184 0.953442
1200 0.954861
1216 0.956135
1232 0.957685
1248 0.959121
1264 0.960739
1280 0.961854
1296 0.962934
1312 0.964276
1328 0.965157
1344 0.965781
1360 0.967318
1376 0.968341
1392 0.969271
1408 0.970045
1424 0.97103
1440 0.971692
1456 0.972264
1472 0.972869
1488 0.973542
1504 0.974061
1520 0.974423
1536 0.974833
1552 0.975411
1568 0.975479
1584 0.976015
1600 0.976434
1616 0.976729
1632 0.976951
1648 0.977027
1664 0.977188
1680 0.977296
1696 0.977465
1712 0.977648
1728 0.978061
1744 0.978417
1760 0.978684
1776 0.978835
1792 0.978972
1808 0.979128
1824 0.979296
1840 0.979612
1856 0.979822
1872 0.980029
1888 0.980147
1904 0.980368
1920 0.980539
1936 0.980801
1952 0.981073
1968 0.981297
1984 0.981427
2000 0.981567
2016 0.981679
2032 0.981881
2048 0.981974
2064 0.982
2080 0.982095
2096 0.982308
2112 0.982583
2128 0.982675
2144 0.982779
2160 0.982982
2176 0.983115
2192 0.983279
2208 0.983564
2224 0.983576
2240 0.983618
2256 0.983791
2272 0.98387
2288 0.983974
2304 0.98387
2320 0.983871
2336 0.983989
2352 0.983953
2368 0.984079
2384 0.984107
2400 0.984213
2416 0.984228
2432 0.984313
2448 0.984428
2464 0.984548
2480 0.984542
2496 0.984562
2512 0.984624
2528 0.984716
2544 0.984779
2560 0.984902
2576 0.984892
2592 0.984859
2608 0.985033
2624 0.985081
2640 0.985049
2656 0.985161
2672 0.985232
2688 0.985223
2704 0.985204
2720 0.985252
2736 0.985301
2752 0.985293
2768 0.985519
2784 0.985534
2800 0.9857
2816 0.985763
2832 0.985865
2848 0.98591
2864 0.985843
2880 0.985974
2896 0.986067
2912 0.98614
2928 0.986107
2944 0.98613
2960 0.986175
2976 0.986216
2992 0.986253
3008 0.986307
3024 0.986317
3040 0.986352
3056 0.986388
3072 0.986424
3088 0.986488
3104 0.986529
3120 0.986501
3136 0.986504
3152 0.986507
3168 0.986538
3184 0.986526
3200 0.986499
