0 3.81505e-07
9 0.00218549
18 0.0064774
27 0.0120599
36 0.0183473
45 0.0250132
54 0.0319015
63 0.039661
72 0.0480854
81 0.0576745
90 0.0671917
99 0.0787522
108 0.0891816
117 0.0995525
126 0.109769
135 0.118655
144 0.127725
153 0.137298
162 0.145735
171 0.155368
180 0.163026
189 0.170485
198 0.17875
207 0.187328
216 0.195997
225 0.203275
234 0.211503
243 0.220186
252 0.229388
261 0.237771
270 0.245434
279 0.253464
288 0.261467
297 0.26988
306 0.277633
315 0.284353
324 0.293137
333 0.300018
342 0.308396
351 0.315423
360 0.321958
369 0.327828
378 0.334579
387 0.340672
396 0.347255
405 0.354429
414 0.361518
423 0.369667
432 0.375946
441 0.383999
450 0.390721
459 0.398116
468 0.405316
477 0.412012
486 0.418927
495 0.424816
504 0.431248
513 0.437637
522 0.444332
531 0.450843
540 0.457447
549 0.463708
558 0.468635
567 0.475026
576 0.481746
585 0.487119
594 0.492792
603 0.498371
612 0.504089
621 0.507772
630 0.512598
639 0.517774
648 0.522684
657 0.527302
666 0.532853
675 0.537457
684 0.542108
693 0.546807
702 0.551198
711 0.556672
720 0.560535
729 0.564631
738 0.570001
747 0.574928
756 0.579679
765 0.583803
774 0.588044
783 0.592527
792 0.596145
801 0.600507
810 0.603596
819 0.606777
828 0.610563
837 0.613672
846 0.6168
855 0.61925
864 0.621096
873 0.624799
882 0.628342
891 0.630449
900 0.633214
909 0.635962
918 0.639076
927 0.642627
936 0.64599
945 0.649338
954 0.651354
963 0.654103
972 0.656882
981 0.660711
990 0.663237
999 0.665793
1008 0.668456
1017 0.67154
1026 0.674538
1035 0.677705
1044 0.679522
1053 0.682105
1062 0.684162
1071 0.686909
1080 0.689378
1089 0.691576
1098 0.694682
1107 0.697114
1116 0.699295
1125 0.701241
1134 0.703767
1143 0.706135
1152 0.70701
1161 0.709097
1170 0.711115
1179 0.712631
1188 0.713955
1197 0.716092
1206 0.718183
1215 0.719079
1224 0.722315
1233 0.724011
1242 0.726385
1251 0.727783
1260 0.729554
1269 0.731249
1278 0.733088
1287 0.735055
1296 0.737292
1305 0.739401
1314 0.741372
1323 0.743514
1332 0.744365
1341 0.744857
1350 0.746763
1359 0.747982
1368 0.749621
1377 0.750938
1386 0.752359
1395 0.753095
1404 0.754151
1413 0.755611
1422 0.757379
1431 0.758227
1440 0.75887
1449 0.760233
1458 0.761445
1467 0.763404
1476 0.764903
1485 0.765993
1494 0.766856
1503 0.767077
1512 0.767931
1521 0.768948
1530 0.769432
1539 0.770646
1548 0.771496
1557 0.772676
1566 0.77212
1575 0.773155
1584 0.773281
1593 0.774745
1602 0.77529
1611 0.776454
1620 0.776896
1629 0.777952
1638 0.778879
1647 0.779673
1656 0.78068
1665 0.780468
1674 0.781116
1683 0.782019
1692 0.782975
1701 0.784269
1710 0.785786
1719 0.786917
1728 0.788016
1737 0.788099
1746 0.789104
1755 0.789488
1764 0.790737
1773 0.791244
1782 0.792279
1791 0.793399
1800 0.794192
