0 0.0004201
9 0.0327204
18 0.0559162
27 0.0765076
36 0.0965218
45 0.114118
54 0.130139
63 0.146542
72 0.162297
81 0.179407
90 0.194431
99 0.212079
108 0.227563
117 0.240988
126 0.253771
135 0.265091
144 0.27555
153 0.286383
162 0.296882
171 0.308094
180 0.316542
189 0.325675
198 0.33617
207 0.344779
216 0.353979
225 0.361644
234 0.369987
243 0.378561
252 0.387304
261 0.395197
270 0.402967
279 0.410396
288 0.418874
297 0.426848
306 0.434217
315 0.44145
324 0.44945
333 0.456111
342 0.463215
351 0.469904
360 0.475032
369 0.479344
378 0.484828
387 0.490197
396 0.496062
405 0.502214
414 0.507556
423 0.512608
432 0.517965
441 0.522982
450 0.528103
459 0.533755
468 0.539749
477 0.544228
486 0.550481
495 0.555608
504 0.560839
513 0.565507
522 0.570755
531 0.576129
540 0.58056
549 0.585333
558 0.588967
567 0.593548
576 0.599538
585 0.603459
594 0.607846
603 0.611758
612 0.616527
621 0.618714
630 0.622478
639 0.62606
648 0.63034
657 0.634114
666 0.638956
675 0.64232
684 0.647085
693 0.650903
702 0.654101
711 0.65785
720 0.661697
729 0.665366
738 0.668473
747 0.672484
756 0.675827
765 0.67948
774 0.682566
783 0.686057
792 0.688723
801 0.69188
810 0.6949
819 0.697765
828 0.700804
837 0.703292
846 0.705694
855 0.707676
864 0.708923
873 0.711533
882 0.714096
891 0.716266
900 0.718112
909 0.71985
918 0.72237
927 0.724837
936 0.727693
945 0.730506
954 0.732314
963 0.734253
972 0.736634
981 0.739347
990 0.741753
999 0.743588
1008 0.74506
1017 0.747305
1026 0.748987
1035 0.751993
1044 0.753738
1053 0.755222
1062 0.756985
1071 0.758113
1080 0.759529
1089 0.761167
1098 0.763636
1107 0.764832
1116 0.765801
1125 0.76773
1134 0.769707
1143 0.770503
1152 0.770779
1161 0.772581
1170 0.774322
1179 0.775192
1188 0.776465
1197 0.778659
1206 0.780025
1215 0.781089
1224 0.78276
1233 0.784431
1242 0.786361
1251 0.787536
1260 0.788894
1269 0.789851
1278 0.79154
1287 0.793024
1296 0.794619
1305 0.796347
1314 0.797873
1323 0.798988
1332 0.799794
1341 0.800755
1350 0.802247
1359 0.803482
1368 0.805149
1377 0.806244
1386 0.807064
1395 0.80793
1404 0.807849
1413 0.809049
1422 0.810297
1431 0.811415
1440 0.812064
1449 0.813367
1458 0.814075
1467 0.815228
1476 0.81641
1485 0.816735
1494 0.817311
1503 0.817613
1512 0.818219
1521 0.818888
1530 0.819238
1539 0.820473
1548 0.821347
1557 0.821943
1566 0.821714
1575 0.821741
1584 0.821744
1593 0.822541
1602 0.823176
1611 0.823836
1620 0.824341
1629 0.825143
1638 0.82568
1647 0.826082
1656 0.826925
1665 0.827165
1674 0.827922
1683 0.828378
1692 0.829684
1701 0.830652
1710 0.831686
1719 0.832658
1728 0.83348
1737 0.833735
1746 0.834923
1755 0.834971
1764 0.835749
1773 0.836249
1782 0.83693
1791 0.837789
1800 0.83797
