0 3.74184e-07
9 0.00222722
18 0.00664528
27 0.0121018
36 0.0181271
45 0.0245606
54 0.0311571
63 0.0387592
72 0.0466565
81 0.0558412
90 0.0649737
99 0.0758368
108 0.0854149
117 0.0950601
126 0.104609
135 0.113195
144 0.121753
153 0.131096
162 0.139781
171 0.149092
180 0.156461
189 0.164066
198 0.172241
207 0.180917
216 0.189826
225 0.197363
234 0.205433
243 0.21435
252 0.223938
261 0.232687
270 0.24052
279 0.248332
288 0.256407
297 0.264491
306 0.271798
315 0.278516
324 0.286547
333 0.293227
342 0.301126
351 0.308222
360 0.315103
369 0.321332
378 0.328414
387 0.335398
396 0.342292
405 0.349571
414 0.356958
423 0.365294
432 0.371614
441 0.379088
450 0.385313
459 0.393127
468 0.400454
477 0.407352
486 0.414342
495 0.42109
504 0.427806
513 0.434256
522 0.441263
531 0.447829
540 0.454378
549 0.46056
558 0.465921
567 0.47231
576 0.478953
585 0.484362
594 0.490141
603 0.495596
612 0.501355
621 0.505203
630 0.510194
639 0.515467
648 0.520084
657 0.524717
666 0.530534
675 0.535036
684 0.539917
693 0.544957
702 0.549452
711 0.554627
720 0.558776
729 0.56264
738 0.567719
747 0.572321
756 0.57697
765 0.581231
774 0.585671
783 0.589658
792 0.593399
801 0.597989
810 0.601466
819 0.604644
828 0.608701
837 0.611433
846 0.614495
855 0.617058
864 0.619112
873 0.622831
882 0.626257
891 0.62862
900 0.631355
909 0.634343
918 0.637381
927 0.641163
936 0.644324
945 0.647978
954 0.65025
963 0.653174
972 0.656235
981 0.659952
990 0.662659
999 0.665197
1008 0.668025
1017 0.671061
1026 0.674282
1035 0.67757
1044 0.679497
1053 0.682067
1062 0.684049
1071 0.686997
1080 0.689714
1089 0.691851
1098 0.694984
1107 0.697691
1116 0.699883
1125 0.70186
1134 0.704411
1143 0.706985
1152 0.708194
1161 0.71032
1170 0.712461
1179 0.714141
1188 0.715643
1197 0.717785
1206 0.719779
1215 0.720877
1224 0.724102
1233 0.7261
1242 0.728333
1251 0.730106
1260 0.731917
1269 0.733666
1278 0.73589
1287 0.738255
1296 0.740395
1305 0.742493
1314 0.744146
1323 0.746042
1332 0.746903
1341 0.747674
1350 0.749593
1359 0.750774
1368 0.752287
1377 0.753855
1386 0.754794
1395 0.755768
1404 0.7569
1413 0.758138
1422 0.75983
1431 0.76079
1440 0.761529
1449 0.762893
1458 0.763959
1467 0.765633
1476 0.766998
1485 0.76811
1494 0.769088
1503 0.769306
1512 0.770003
1521 0.770973
1530 0.771346
1539 0.77242
1548 0.773009
1557 0.774345
1566 0.773938
1575 0.775211
1584 0.775581
1593 0.777187
1602 0.777885
1611 0.779014
1620 0.779528
1629 0.780727
1638 0.781543
1647 0.782466
1656 0.783149
1665 0.783143
1674 0.784283
1683 0.785213
1692 0.786216
1701 0.787624
1710 0.789012
1719 0.790135
1728 0.79104
1737 0.791162
1746 0.792105
1755 0.792518
1764 0.793822
1773 0.793984
1782 0.795074
1791 0.796063
1800 0.79656
