0 0.000432555
9 0.0330179
18 0.0573496
27 0.0781533
36 0.0972814
45 0.114337
54 0.130112
63 0.146137
72 0.162243
81 0.178848
90 0.194109
99 0.21101
108 0.225943
117 0.239962
126 0.252926
135 0.263818
144 0.274664
153 0.285682
162 0.295668
171 0.306764
180 0.31482
189 0.323277
198 0.332633
207 0.341765
216 0.350342
225 0.357906
234 0.366051
243 0.374266
252 0.383095
261 0.391192
270 0.398631
279 0.406233
288 0.414003
297 0.422109
306 0.429664
315 0.436729
324 0.444977
333 0.451612
342 0.459189
351 0.465277
360 0.471349
369 0.476616
378 0.482525
387 0.487969
396 0.493908
405 0.499812
414 0.505687
423 0.512103
432 0.517701
441 0.524066
450 0.5299
459 0.536374
468 0.542745
477 0.548322
486 0.554367
495 0.559679
504 0.565207
513 0.570314
522 0.575684
531 0.581233
540 0.586603
549 0.591597
558 0.595338
567 0.600239
576 0.6059
585 0.609717
594 0.614315
603 0.618298
612 0.622573
621 0.625737
630 0.629464
639 0.63319
648 0.637027
657 0.640644
666 0.645215
675 0.648837
684 0.652675
693 0.656502
702 0.659712
711 0.663996
720 0.667065
729 0.670355
738 0.674354
747 0.678274
756 0.681694
765 0.684931
774 0.688463
783 0.692008
792 0.695062
801 0.698385
810 0.701014
819 0.70379
828 0.706767
837 0.709067
846 0.711502
855 0.713355
864 0.714751
873 0.717582
882 0.720337
891 0.722102
900 0.724325
909 0.726189
918 0.728837
927 0.731581
936 0.734049
945 0.736653
954 0.738265
963 0.740506
972 0.742626
981 0.745312
990 0.7474
999 0.749404
1008 0.751431
1017 0.75356
1026 0.755461
1035 0.758139
1044 0.759469
1053 0.761431
1062 0.763125
1071 0.765249
1080 0.767146
1089 0.768839
1098 0.771058
1107 0.772696
1116 0.774187
1125 0.775723
1134 0.777713
1143 0.779329
1152 0.779928
1161 0.781545
1170 0.783078
1179 0.783998
1188 0.785355
1197 0.786998
1206 0.788449
1215 0.789691
1224 0.79164
1233 0.792943
1242 0.794921
1251 0.796031
1260 0.797238
1269 0.798588
1278 0.800146
1287 0.801663
1296 0.803119
1305 0.804783
1314 0.806187
1323 0.807793
1332 0.808699
1341 0.809362
1350 0.810872
1359 0.811513
1368 0.812756
1377 0.813858
1386 0.81511
1395 0.815859
1404 0.816465
1413 0.817646
1422 0.818918
1431 0.819864
1440 0.820432
1449 0.821578
1458 0.822542
1467 0.82382
1476 0.824883
1485 0.825536
1494 0.826173
1503 0.826575
1512 0.827216
1521 0.82817
1530 0.828654
1539 0.829742
1548 0.830415
1557 0.831231
1566 0.831134
1575 0.832007
1584 0.83213
1593 0.83316
1602 0.833776
1611 0.834526
1620 0.834867
1629 0.835669
1638 0.836505
1647 0.837117
1656 0.837795
1665 0.837875
1674 0.838575
1683 0.839242
1692 0.840199
1701 0.841164
1710 0.842371
1719 0.843503
1728 0.84419
1737 0.844336
1746 0.845183
1755 0.845614
1764 0.846555
1773 0.846884
1782 0.847739
1791 0.848643
1800 0.849304
