0 -0.160962
9 -0.0581729
18 0.00991212
27 0.0355952
36 0.0758212
45 0.0979277
54 0.131411
63 0.1621
72 0.178708
81 0.197691
90 0.209594
99 0.218676
108 0.236846
117 0.246021
126 0.263768
135 0.275573
144 0.282875
153 0.291847
162 0.307713
171 0.326169
180 0.33301
189 0.348134
198 0.366025
207 0.37488
216 0.386483
225 0.396199
234 0.407132
243 0.413848
252 0.422923
261 0.432386
270 0.443238
279 0.452921
288 0.465277
297 0.476244
306 0.48674
315 0.501204
324 0.510754
333 0.519975
342 0.527185
351 0.533042
360 0.538493
369 0.541323
378 0.54591
387 0.551116
396 0.55867
405 0.563886
414 0.569839
423 0.573128
432 0.583301
441 0.586947
450 0.593294
459 0.600253
468 0.610052
477 0.61414
486 0.622725
495 0.629578
504 0.636623
513 0.640062
522 0.645215
531 0.651979
540 0.656101
549 0.660338
558 0.66298
567 0.666087
576 0.673465
585 0.67576
594 0.680236
603 0.682273
612 0.686074
621 0.687184
630 0.691041
639 0.692792
648 0.696643
657 0.700693
666 0.705129
675 0.708313
684 0.713435
693 0.717412
702 0.720203
711 0.722924
720 0.727261
729 0.730383
738 0.732386
747 0.735754
756 0.73826
765 0.742389
774 0.745833
783 0.749313
792 0.752379
801 0.755201
810 0.759228
819 0.762842
828 0.766043
837 0.768181
846 0.770391
855 0.772091
864 0.773498
873 0.775867
882 0.778416
891 0.780522
900 0.781938
909 0.783101
918 0.785482
927 0.787437
936 0.789556
945 0.79226
954 0.793601
963 0.795094
972 0.797064
981 0.799033
990 0.802232
999 0.803997
1008 0.804487
1017 0.806077
1026 0.807005
1035 0.809951
1044 0.810923
1053 0.811555
1062 0.813209
1071 0.813975
1080 0.81485
1089 0.816336
1098 0.818122
1107 0.818722
1116 0.819516
1125 0.821005
1134 0.823486
1143 0.824112
1152 0.824
1161 0.825647
1170 0.826961
1179 0.827316
1188 0.828968
1197 0.831499
1206 0.832248
1215 0.834318
1224 0.834187
1233 0.83584
1242 0.837492
1251 0.838848
1260 0.839794
1269 0.840567
1278 0.842413
1287 0.844209
1296 0.845224
1305 0.846271
1314 0.846939
1323 0.84753
1332 0.848646
1341 0.850325
1350 0.851468
1359 0.851855
1368 0.853189
1377 0.854225
1386 0.855349
1395 0.856378
1404 0.855871
1413 0.857034
1422 0.857833
1431 0.858809
1440 0.859511
1449 0.860539
1458 0.861124
1467 0.861185
1476 0.861991
1485 0.861716
1494 0.862367
1503 0.863184
1512 0.864038
1521 0.865139
1530 0.865712
1539 0.866884
1548 0.867904
1557 0.868064
1566 0.868569
1575 0.868866
1584 0.86893
1593 0.869301
1602 0.870035
1611 0.870068
1620 0.870488
1629 0.870854
1638 0.871713
1647 0.872352
1656 0.872659
1665 0.873733
1674 0.874608
1683 0.874803
1692 0.876299
1701 0.877003
1710 0.878162
1719 0.879476
1728 0.880132
1737 0.880575
1746 0.881804
1755 0.881821
1764 0.882066
1773 0.882208
1782 0.882597
1791 0.883264
1800 0.883628
