0 -0.0503331
9 -0.0620458
18 -0.0366408
27 -0.0160669
36 0.0315084
45 0.0610266
54 0.0971659
63 0.122548
72 0.155682
81 0.178542
90 0.201792
99 0.219367
108 0.242586
117 0.262614
126 0.280857
135 0.293892
144 0.30867
153 0.320818
162 0.337262
171 0.353832
180 0.362891
189 0.375888
198 0.391179
207 0.403644
216 0.412014
225 0.419882
234 0.428862
243 0.437418
252 0.446739
261 0.454991
270 0.463902
279 0.471164
288 0.481128
297 0.489708
306 0.499664
315 0.512357
324 0.521333
333 0.530333
342 0.538813
351 0.544464
360 0.552052
369 0.557779
378 0.563742
387 0.571128
396 0.577678
405 0.582112
414 0.586981
423 0.591228
432 0.597602
441 0.601709
450 0.607959
459 0.61564
468 0.623531
477 0.628556
486 0.634917
495 0.641882
504 0.647713
513 0.652203
522 0.65769
531 0.663032
540 0.667669
549 0.671874
558 0.674581
567 0.678723
576 0.684521
585 0.686683
594 0.691383
603 0.69373
612 0.696224
621 0.699915
630 0.7032
639 0.70593
648 0.709082
657 0.712729
666 0.717604
675 0.720752
684 0.724741
693 0.728479
702 0.730844
711 0.734227
720 0.73757
729 0.740695
738 0.743836
747 0.74742
756 0.750038
765 0.752796
774 0.756855
783 0.759684
792 0.763541
801 0.766941
810 0.769963
819 0.773088
828 0.776205
837 0.77817
846 0.780387
855 0.782374
864 0.783346
873 0.785616
882 0.788105
891 0.790099
900 0.792256
909 0.793703
918 0.796739
927 0.799614
936 0.802132
945 0.804999
954 0.806887
963 0.80921
972 0.811239
981 0.81283
990 0.814945
999 0.816767
1008 0.818719
1017 0.819774
1026 0.820731
1035 0.823475
1044 0.824644
1053 0.826251
1062 0.827715
1071 0.82955
1080 0.831143
1089 0.832402
1098 0.833684
1107 0.834926
1116 0.835971
1125 0.837317
1134 0.839181
1143 0.8404
1152 0.840987
1161 0.842372
1170 0.843494
1179 0.843779
1188 0.845403
1197 0.846873
1206 0.847905
1215 0.850144
1224 0.850844
1233 0.851933
1242 0.853705
1251 0.85472
1260 0.855196
1269 0.856445
1278 0.858209
1287 0.859567
1296 0.860095
1305 0.861501
1314 0.862378
1323 0.863432
1332 0.864539
1341 0.865503
1350 0.86671
1359 0.866948
1368 0.867776
1377 0.868811
1386 0.869941
1395 0.871068
1404 0.871143
1413 0.872099
1422 0.872791
1431 0.873907
1440 0.874536
1449 0.87561
1458 0.87653
1467 0.877132
1476 0.877831
1485 0.877905
1494 0.878313
1503 0.879051
1512 0.879519
1521 0.880492
1530 0.880948
1539 0.882031
1548 0.882586
1557 0.883268
1566 0.883958
1575 0.884664
1584 0.884821
1593 0.885705
1602 0.886334
1611 0.886862
1620 0.887375
1629 0.88782
1638 0.888735
1647 0.889147
1656 0.889538
1665 0.890002
1674 0.890871
1683 0.891389
1692 0.892577
1701 0.893192
1710 0.893873
1719 0.895006
1728 0.895333
1737 0.895737
1746 0.896324
1755 0.89697
1764 0.897448
1773 0.897634
1782 0.898302
1791 0.898932
1800 0.899727
