0 0.000156335
25 0.023271
50 0.0363863
75 0.0474725
100 0.0562285
125 0.0628322
150 0.0686469
175 0.0751475
200 0.0803155
225 0.0830801
250 0.0867118
275 0.0913689
300 0.0943142
325 0.0980038
350 0.103068
375 0.10723
400 0.110736
425 0.113378
450 0.115722
475 0.118017
500 0.119016
525 0.11995
550 0.12145
575 0.122277
600 0.123583
625 0.124278
650 0.126164
675 0.129038
700 0.132091
725 0.132645
750 0.133535
775 0.133993
800 0.135323
825 0.137694
850 0.138183
875 0.140097
900 0.140793
925 0.139943
950 0.140281
975 0.141565
1000 0.141977
1025 0.143189
1050 0.143775
1075 0.143629
1100 0.143301
1125 0.143122
1150 0.141265
1175 0.140103
1200 0.139799
1225 0.137833
1250 0.138443
1275 0.141025
1300 0.14201
1325 0.142595
1350 0.143959
1375 0.14399
1400 0.143551
1425 0.143146
1450 0.141939
1475 0.142244
1500 0.142117
1525 0.141189
1550 0.140878
1575 0.140417
1600 0.141308
1625 0.141412
1650 0.14194
1675 0.142822
1700 0.141858
1725 0.140517
1750 0.140135
1775 0.13973
1800 0.14052
1825 0.141304
1850 0.14286
1875 0.142326
1900 0.142923
1925 0.143695
1950 0.14359
1975 0.145088
2000 0.144477
2025 0.143139
2050 0.143641
2075 0.143029
2100 0.14422
2125 0.143711
2150 0.143637
2175 0.143207
2200 0.142767
2225 0.143225
2250 0.142133
2275 0.141024
2300 0.140796
2325 0.140228
2350 0.139189
2375 0.136939
2400 0.136258
2425 0.135722
2450 0.135391
2475 0.134048
2500 0.133602
2525 0.133004
2550 0.133159
2575 0.133192
2600 0.132748
2625 0.132133
2650 0.132104
2675 0.131768
2700 0.132169
2725 0.130726
2750 0.130753
2775 0.130682
2800 0.130024
2825 0.12846
2850 0.127372
2875 0.125827
2900 0.125564
2925 0.124794
2950 0.123578
2975 0.122759
3000 0.12228
3025 0.119654
3050 0.118624
3075 0.119084
3100 0.118779
3125 0.119193
3150 0.119247
3175 0.118507
3200 0.118496
3225 0.118458
3250 0.117473
3275 0.11842
3300 0.118395
3325 0.118288
3350 0.117825
3375 0.117972
3400 0.117962
3425 0.118182
3450 0.118782
3475 0.118891
3500 0.119223
3525 0.118471
3550 0.118215
3575 0.118997
3600 0.119445
3625 0.119716
3650 0.119182
3675 0.119594
3700 0.120331
3725 0.121047
3750 0.121177
3775 0.120113
3800 0.119199
3825 0.116992
3850 0.116214
3875 0.115883
3900 0.115693
3925 0.115406
3950 0.115036
3975 0.115356
4000 0.115311
4025 0.113969
4050 0.113718
4075 0.113944
4100 0.113331
4125 0.113168
4150 0.112462
4175 0.111909
4200 0.112086
4225 0.112654
4250 0.112542
4275 0.112256
4300 0.111684
4325 0.110963
4350 0.109827
4375 0.109251
4400 0.108125
4425 0.107285
4450 0.107516
4475 0.107817
4500 0.106634
4525 0.106377
4550 0.107015
4575 0.106395
4600 0.105648
4625 0.105945
4650 0.105513
4675 0.106704
4700 0.107845
4725 0.107391
4750 0.107498
4775 0.108004
4800 0.10758
4825 0.107243
4850 0.108141
4875 0.108444
4900 0.10911
4925 0.108876
4950 0.108734
4975 0.108573
5000 0.108118
