0 0.135838
25 -0.0128737
50 -0.0513214
75 -0.0129498
100 0.0771999
125 0.111485
150 0.116595
175 0.137982
200 0.182812
225 0.194876
250 0.221654
275 0.205368
300 0.197314
325 0.224849
350 0.201207
375 0.178287
400 0.115075
425 0.0753
450 0.053309
475 0.0428371
500 0.036317
525 0.0486617
550 0.0506387
575 0.091333
600 0.0986844
625 0.120495
650 0.085888
675 0.062306
700 0.00930535
725 -0.0301252
750 -0.0996933
775 -0.12235
800 -0.15076
825 -0.166589
850 -0.170688
875 -0.184979
900 -0.18467
925 -0.183023
950 -0.187706
975 -0.175631
1000 -0.176602
1025 -0.175168
1050 -0.17794
1075 -0.163041
1100 -0.177387
1125 -0.196907
1150 -0.221918
1175 -0.247416
1200 -0.253116
1225 -0.260181
1250 -0.246329
1275 -0.251317
1300 -0.263913
1325 -0.283208
1350 -0.297025
1375 -0.352231
1400 -0.375998
1425 -0.374733
1450 -0.405252
1475 -0.399299
1500 -0.409856
1525 -0.42465
1550 -0.443937
1575 -0.444849
1600 -0.433031
1625 -0.4216
1650 -0.404052
1675 -0.389933
1700 -0.396445
1725 -0.41929
1750 -0.439638
1775 -0.45962
1800 -0.475009
1825 -0.484851
1850 -0.478817
1875 -0.521774
1900 -0.504174
1925 -0.493097
1950 -0.487758
1975 -0.461519
2000 -0.456021
2025 -0.4835
2050 -0.477598
2075 -0.478994
2100 -0.461669
2125 -0.461238
2150 -0.456459
2175 -0.462224
2200 -0.466692
2225 -0.453066
2250 -0.472966
2275 -0.478065
2300 -0.486424
2325 -0.49092
2350 -0.50441
2375 -0.547032
2400 -0.558577
2425 -0.582029
2450 -0.578879
2475 -0.602403
2500 -0.609812
2525 -0.638176
2550 -0.623597
2575 -0.633203
2600 -0.624707
2625 -0.650494
2650 -0.651849
2675 -0.651122
2700 -0.630172
2725 -0.66739
2750 -0.681251
2775 -0.694816
2800 -0.707934
2825 -0.733391
2850 -0.758023
2875 -0.801056
2900 -0.80374
2925 -0.81043
2950 -0.832804
2975 -0.859903
3000 -0.88095
3025 -0.9653
3050 -1.00172
3075 -1.00111
3100 -1.00884
3125 -0.999669
3150 -0.995262
3175 -1.01349
3200 -1.02145
3225 -1.02517
3250 -1.04137
3275 -1.01106
3300 -1.02332
3325 -1.04416
3350 -1.05803
3375 -1.05573
3400 -1.06929
3425 -1.0547
3450 -1.03688
3475 -1.02506
3500 -1.02528
3525 -1.06076
3550 -1.07136
3575 -1.02855
3600 -1.03399
3625 -1.01317
3650 -1.04099
3675 -1.02387
3700 -1.00058
3725 -0.983115
3750 -0.972039
3775 -1.01191
3800 -1.01114
3825 -1.09299
3850 -1.11417
3875 -1.12974
3900 -1.1523
3925 -1.16728
3950 -1.18396
3975 -1.16778
4000 -1.18383
4025 -1.24064
4050 -1.24994
4075 -1.25561
4100 -1.28271
4125 -1.29938
4150 -1.31987
4175 -1.34544
4200 -1.32503
4225 -1.32642
4250 -1.33968
4275 -1.34096
4300 -1.39074
4325 -1.43762
4350 -1.46206
4375 -1.5209
4400 -1.5788
4425 -1.57811
4450 -1.57477
4475 -1.56133
4500 -1.58471
4525 -1.59753
4550 -1.59102
4575 -1.60788
4600 -1.62478
4625 -1.62635
4650 -1.64484
4675 -1.60119
4700 -1.57349
4725 -1.58956
4750 -1.59782
4775 -1.58017
4800 -1.58258
4825 -1.57993
4850 -1.55322
4875 -1.54945
4900 -1.51264
4925 -1.52021
4950 -1.54952
4975 -1.5552
5000 -1.56716
