0 253.41666667 254.25666667
6.25000000 15.39000000 15.55000000
12.50000000 9.08666667 9.16000000
18.75000000 6.90666667 6.99333333
25.00000000 5.54666667 5.61000000
31.25000000 4.82666667 4.83666667
37.50000000 4.28333333 4.31666667
43.75000000 3.91333333 3.88666667
50.00000000 3.56666667 3.57666667
56.25000000 3.25333333 3.36000000
62.50000000 3.06666667 3.08000000
68.75000000 2.92666667 2.91000000
75.00000000 2.74000000 2.74333333
81.25000000 2.60333333 2.58333333
87.50000000 2.47333333 2.48000000
93.75000000 2.32333333 2.33333333
100.00000000 2.20000000 2.26666667
106.25000000 2.22333333 2.19000000
112.50000000 2.10333333 2.11000000
118.75000000 2.00000000 2.03333333
125.00000000 1.91000000 1.97666667
131.25000000 1.91000000 1.88000000
137.50000000 1.90000000 1.83000000
143.75000000 1.79000000 1.77333333
150.00000000 1.68000000 1.69000000
156.25000000 1.67000000 1.66666667
162.50000000 1.58333333 1.55333333
168.75000000 1.52666667 1.58333333
175.00000000 1.54333333 1.57333333
181.25000000 1.49333333 1.51000000
187.50000000 1.44000000 1.41666667
193.75000000 1.41333333 1.42666667
200.00000000 1.38333333 1.39333333
206.25000000 1.36000000 1.38666667
212.50000000 1.32333333 1.34333333
218.75000000 1.34000000 1.33000000
225.00000000 1.28333333 1.29333333
231.25000000 1.28000000 1.26333333
237.50000000 1.25333333 1.26000000
243.75000000 1.21333333 1.22666667
250.00000000 1.17333333 1.18666667
256.25000000 1.19666667 1.18666667
262.50000000 1.16333333 1.17000000
268.75000000 1.11000000 1.16000000
275.00000000 1.13333333 1.14333333
281.25000000 1.12000000 1.09666667
287.50000000 1.04000000 1.08666667
293.75000000 1.03000000 1.02000000
300.00000000 1.02333333 1.03000000
306.25000000 1.02666667 0.98000000
312.50000000 0.99333333 1.00666667
318.75000000 0.98666667 0.99000000
325.00000000 0.95666667 0.94666667
331.25000000 0.92666667 0.94666667
337.50000000 0.93333333 0.95000000
343.75000000 0.94333333 0.92333333
350.00000000 0.90333333 0.89000000
356.25000000 0.88000000 0.89666667
362.50000000 0.85333333 0.87000000
368.75000000 0.87333333 0.86666667
375.00000000 0.83000000 0.84333333
381.25000000 0.81666667 0.81000000
387.50000000 0.80000000 0.80666667
393.75000000 0.78666667 0.81333333
400.00000000 0.79333333 0.80000000
406.25000000 0.78000000 0.78666667
412.50000000 0.75000000 0.79333333
418.75000000 0.74333333 0.76666667
425.00000000 0.73000000 0.75333333
431.25000000 0.72666667 0.72000000
437.50000000 0.68000000 0.70666667
443.75000000 0.66666667 0.70666667
450.00000000 0.70000000 0.68333333
456.25000000 0.68333333 0.67000000
462.50000000 0.68000000 0.66333333
468.75000000 0.62333333 0.66000000
475.00000000 0.65333333 0.63666667
481.25000000 0.64333333 0.61666667
487.50000000 0.61666667 0.61000000
493.75000000 0.60333333 0.60666667
500.00000000 0.60333333 0.58666667
506.25000000 0.56666667 0.59666667
512.50000000 0.57000000 0.58333333
518.75000000 0.56000000 0.57333333
525.00000000 0.57000000 0.58000000
531.25000000 0.58000000 0.58000000
537.50000000 0.55000000 0.55333333
543.75000000 0.53666667 0.57000000
550.00000000 0.54666667 0.56000000
556.25000000 0.54666667 0.55666667
562.50000000 0.53000000 0.54000000
568.75000000 0.55000000 0.53333333
575.00000000 0.52666667 0.52000000
581.25000000 0.53000000 0.52333333
587.50000000 0.51333333 0.53333333
593.75000000 0.50000000 0.50333333
600.00000000 0.50000000 0.46333333
606.25000000 0.48333333 0.48666667
612.50000000 0.46000000 0.47333333
618.75000000 0.46666667 0.45333333
625.00000000 0.45666667 0.45000000
631.25000000 0.43333333 0.45333333
637.50000000 0.43666667 0.43666667
643.75000000 0.40666667 0.42000000
650.00000000 0.43333333 0.41666667
656.25000000 0.40666667 0.40333333
662.50000000 0.39666667 0.41666667
668.75000000 0.39333333 0.38000000
675.00000000 0.38000000 0.37333333
681.25000000 0.38333333 0.37000000
687.50000000 0.38333333 0.38000000
693.75000000 0.36666667 0.37000000
700.00000000 0.37000000 0.37333333
706.25000000 0.36333333 0.35666667
712.50000000 0.37333333 0.36666667
718.75000000 0.33333333 0.35000000
725.00000000 0.33000000 0.35666667
731.25000000 0.34666667 0.32666667
737.50000000 0.33666667 0.33333333
743.75000000 0.33666667 0.33333333
750.00000000 0.32666667 0.33000000
756.25000000 0.33666667 0.33666667
762.50000000 0.33000000 0.32666667
768.75000000 0.31666667 0.30666667
775.00000000 0.30666667 0.32666667
781.25000000 0.31666667 0.33333333
787.50000000 0.31666667 0.31666667
793.75000000 0.30666667 0.31666667
800.00000000 0.32333333 0.31333333
806.25000000 0.30666667 0.33000000
812.50000000 0.32666667 0.31666667
818.75000000 0.30000000 0.31666667
825.00000000 0.30666667 0.31333333
831.25000000 0.30000000 0.31000000
837.50000000 0.28333333 0.30000000
843.75000000 0.30000000 0.31000000
850.00000000 0.28333333 0.28000000
856.25000000 0.27333333 0.27000000
862.50000000 0.27666667 0.26666667
868.75000000 0.28000000 0.28666667
875.00000000 0.27666667 0.27666667
881.25000000 0.27000000 0.28333333
887.50000000 0.26333333 0.26666667
893.75000000 0.25333333 0.27333333
900.00000000 0.27333333 0.26000000
906.25000000 0.25666667 0.27333333
912.50000000 0.27000000 0.25333333
918.75000000 0.25666667 0.27333333
925.00000000 0.25000000 0.26000000
931.25000000 0.26333333 0.26000000
937.50000000 0.24666667 0.25666667
943.75000000 0.24333333 0.26666667
950.00000000 0.24666667 0.24000000
956.25000000 0.23666667 0.26000000
962.50000000 0.24000000 0.24333333
968.75000000 0.24333333 0.23333333
975.00000000 0.23666667 0.24666667
981.25000000 0.22333333 0.24333333
987.50000000 0.23333333 0.24000000
993.75000000 0.23333333 0.23666667
1000.00000000 0.21333333 0.23333333
1006.25000000 0.22666667 0.23000000
1012.50000000 0.23333333 0.23333333
1018.75000000 0.23666667 0.23000000
1025.00000000 0.21000000 0.23666667
1031.25000000 0.21666667 0.23000000
1037.50000000 0.19666667 0.22000000
1043.75000000 0.20666667 0.21333333
1050.00000000 0.20666667 0.19000000
1056.25000000 0.19333333 0.21000000
1062.50000000 0.20333333 0.20666667
1068.75000000 0.20000000 0.20666667
1075.00000000 0.19666667 0.20000000
1081.25000000 0.20333333 0.21666667
1087.50000000 0.21333333 0.20000000
1093.75000000 0.19000000 0.19333333
1100.00000000 0.19666667 0.21333333
1106.25000000 0.20666667 0.19666667
1112.50000000 0.19666667 0.19333333
1118.75000000 0.19666667 0.19000000
1125.00000000 0.19666667 0.20666667
1131.25000000 0.19000000 0.19666667
1137.50000000 0.19000000 0.20000000
1143.75000000 0.19000000 0.18666667
1150.00000000 0.20333333 0.17333333
1156.25000000 0.19000000 0.19333333
1162.50000000 0.19666667 0.19333333
1168.75000000 0.19666667 0.19666667
1175.00000000 0.20333333 0.19000000
1181.25000000 0.20000000 0.18666667
1187.50000000 0.19333333 0.19666667
1193.75000000 0.18666667 0.19666667
1200.00000000 0.19333333 0.19666667
1206.25000000 0.19000000 0.19666667
1212.50000000 0.20000000 0.18666667
1218.75000000 0.19000000 0.19333333
1225.00000000 0.18666667 0.18000000
1231.25000000 0.19666667 0.20333333
1237.50000000 0.20000000 0.18666667
1243.75000000 0.20000000 0.19666667
1250.00000000 0.19333333 0.18666667
