0 3.24072e-06
40 0.00110165
80 0.00225488
120 0.00352441
160 0.00467814
200 0.00584919
240 0.00657675
280 0.00772854
320 0.00918133
360 0.010219
400 0.0114257
440 0.0125821
480 0.0137389
520 0.0151334
560 0.0164444
600 0.0174513
640 0.018519
680 0.0194388
720 0.020528
760 0.0215138
800 0.0224874
840 0.0237753
880 0.0249492
920 0.0262438
960 0.0269561
1000 0.0280287
1040 0.0290474
1080 0.0303674
1120 0.0315738
1160 0.0329209
1200 0.0343557
1240 0.0357248
1280 0.0370327
1320 0.0382788
1360 0.0400141
1400 0.041385
1440 0.0425137
1480 0.0437023
1520 0.0450137
1560 0.0468612
1600 0.0475893
1640 0.0493246
1680 0.050339
1720 0.0514025
1760 0.0522599
1800 0.0534298
1840 0.0546576
1880 0.0557447
1920 0.0570858
1960 0.0587092
2000 0.0596426
2040 0.0601295
2080 0.0612697
2120 0.0627844
2160 0.0640524
2200 0.0654178
2240 0.0669748
2280 0.0684125
2320 0.0692821
2360 0.0709109
2400 0.0719774
2440 0.0734134
2480 0.074858
2520 0.0760608
2560 0.0778052
2600 0.0793627
2640 0.0797418
2680 0.0808743
2720 0.0822595
2760 0.0835815
2800 0.0849553
2840 0.0861757
2880 0.0866156
2920 0.086893
2960 0.0883059
3000 0.0894346
3040 0.0903355
3080 0.0912014
3120 0.0924924
3160 0.0934555
3200 0.0954877
3240 0.097612
3280 0.0991355
3320 0.101153
3360 0.102427
3400 0.104152
3440 0.105464
3480 0.106533
3520 0.107672
3560 0.109585
3600 0.111182
3640 0.112602
3680 0.113479
3720 0.11516
3760 0.116593
3800 0.118138
3840 0.118623
3880 0.12063
3920 0.122391
3960 0.124019
4000 0.124973
