0 4.71313e-06
40 0.0019188
80 0.00389858
120 0.00610702
160 0.00770568
200 0.00932851
240 0.010802
280 0.0124233
320 0.0135234
360 0.014574
400 0.0161305
440 0.0172913
480 0.0187337
520 0.0200638
560 0.0215237
600 0.0229506
640 0.023984
680 0.0253012
720 0.0272301
760 0.0287232
800 0.0309031
840 0.0332124
880 0.0344379
920 0.0358475
960 0.0372617
1000 0.039176
1040 0.0406583
1080 0.0422818
1120 0.0438645
1160 0.0447771
1200 0.0460184
1240 0.0477014
1280 0.0491197
1320 0.0500855
1360 0.0518082
1400 0.0529462
1440 0.053728
1480 0.0548932
1520 0.0563851
1560 0.0586642
1600 0.0598747
1640 0.0607744
1680 0.0624644
1720 0.063647
1760 0.0651933
1800 0.0668435
1840 0.068327
1880 0.0693135
1920 0.0709656
1960 0.0720358
2000 0.0730122
2040 0.0738445
2080 0.0755152
2120 0.0770232
2160 0.0786476
2200 0.0792682
2240 0.080269
2280 0.0811939
2320 0.0818443
2360 0.0831244
2400 0.0840147
2440 0.0853447
2480 0.0865275
2520 0.0877736
2560 0.0883423
2600 0.0893193
2640 0.0911736
2680 0.0927341
2720 0.0939492
2760 0.0954158
2800 0.0966891
2840 0.0979363
2880 0.0988681
2920 0.100323
2960 0.101332
3000 0.102673
3040 0.103793
3080 0.104846
3120 0.106363
3160 0.107934
3200 0.109542
3240 0.110921
3280 0.112214
3320 0.113779
3360 0.114597
3400 0.115892
3440 0.117064
3480 0.118241
3520 0.118975
3560 0.120835
3600 0.122445
3640 0.123514
3680 0.125138
3720 0.126058
3760 0.127579
3800 0.128334
3840 0.12936
3880 0.130643
3920 0.13166
3960 0.131944
4000 0.132746
