0 2.12541e-11
40 1.86632e-06
80 8.7935e-06
120 2.20745e-05
160 3.84637e-05
200 5.68087e-05
240 6.80438e-05
280 9.38369e-05
320 0.000134589
360 0.000168431
400 0.000211902
440 0.0002552
480 0.000305298
520 0.000374324
560 0.000446332
600 0.000507703
640 0.000584826
680 0.000651904
720 0.000732272
760 0.000801344
800 0.000881341
840 0.00100944
880 0.00113888
920 0.00126742
960 0.00134194
1000 0.00144884
1040 0.00155109
1080 0.00171474
1120 0.00186707
1160 0.00204274
1200 0.0022303
1240 0.00239369
1280 0.00259615
1320 0.00277699
1360 0.00302059
1400 0.00324893
1440 0.00346833
1480 0.00369019
1520 0.00393991
1560 0.00427392
1600 0.00445257
1640 0.00479119
1680 0.00495283
1720 0.00519946
1760 0.00536908
1800 0.00562957
1840 0.00593955
1880 0.00620459
1920 0.00651125
1960 0.00681678
2000 0.00708664
2040 0.00722083
2080 0.00750073
2120 0.00779302
2160 0.00806094
2200 0.00841877
2240 0.00886652
2280 0.00926119
2320 0.0095011
2360 0.00995953
2400 0.0103244
2440 0.0107722
2480 0.0111858
2520 0.0115119
2560 0.0120621
2600 0.0124754
2640 0.0126209
2680 0.0129203
2720 0.013419
2760 0.0138397
2800 0.0142477
2840 0.0147137
2880 0.0148164
2920 0.0148063
2960 0.0153361
3000 0.0157096
3040 0.0159784
3080 0.0162322
3120 0.0165887
3160 0.0169118
3200 0.0176627
3240 0.0183934
3280 0.0187666
3320 0.0195205
3360 0.019939
3400 0.0207207
3440 0.0211589
3480 0.0214603
3520 0.021892
3560 0.0226213
3600 0.0230882
3640 0.0235396
3680 0.0238452
3720 0.0245296
3760 0.0250369
3800 0.0257762
3840 0.0259367
3880 0.0267111
3920 0.0273941
3960 0.0280897
4000 0.0285333
