0 3.71237e-11
40 4.36705e-06
80 2.02692e-05
120 4.8322e-05
160 7.82078e-05
200 0.000113234
240 0.000149306
280 0.000204335
320 0.000256135
360 0.000304228
400 0.000379395
440 0.000443396
480 0.000523482
520 0.000623616
560 0.000732061
600 0.000826531
640 0.000920808
680 0.00102439
720 0.00117994
760 0.00130626
800 0.00147642
840 0.00170055
880 0.00187007
920 0.0020506
960 0.00221303
1000 0.00242218
1040 0.00261513
1080 0.0028322
1120 0.00304765
1160 0.00319407
1200 0.00341941
1240 0.00365878
1280 0.00391825
1320 0.00410839
1360 0.00443014
1400 0.00469669
1440 0.0048873
1480 0.00514703
1520 0.00543781
1560 0.00588967
1600 0.00612588
1640 0.00640222
1680 0.00668847
1720 0.00692895
1760 0.00716422
1800 0.00748235
1840 0.00782453
1880 0.00810905
1920 0.00850552
1960 0.00878919
2000 0.00906087
2040 0.00925117
2080 0.00966586
2120 0.0100584
2160 0.0104434
2200 0.0107274
2240 0.0111054
2280 0.0114136
2320 0.0116373
2360 0.0120981
2400 0.0124305
2440 0.0128985
2480 0.0133182
2520 0.0136952
2560 0.014083
2600 0.014406
2640 0.0147989
2680 0.0152276
2720 0.0157139
2760 0.0162192
2800 0.0166799
2840 0.0171447
2880 0.017317
2920 0.0175686
2960 0.0180042
3000 0.0185164
3040 0.0188689
3080 0.0192119
3120 0.0197336
3160 0.020145
3200 0.0207731
3240 0.021368
3280 0.0217944
3320 0.0224753
3360 0.0229167
3400 0.0235893
3440 0.0240076
3480 0.0244508
3520 0.024839
3560 0.0256079
3600 0.0261946
3640 0.0266976
3680 0.0271216
3720 0.0277193
3760 0.0284012
3800 0.0289207
3840 0.0292678
3880 0.029919
3920 0.0304369
3960 0.0308043
4000 0.0310511
