0 5.29932e-11
40 6.86778e-06
80 3.17449e-05
120 7.45696e-05
160 0.000117952
200 0.000169659
240 0.000230568
280 0.000314834
320 0.000377681
360 0.000440025
400 0.000546889
440 0.000631592
480 0.000741665
520 0.000872909
560 0.00101779
600 0.00114536
640 0.00125679
680 0.00139687
720 0.00162761
760 0.00181117
800 0.00207149
840 0.00239166
880 0.00260126
920 0.00283378
960 0.00308412
1000 0.00339552
1040 0.00367917
1080 0.00394965
1120 0.00422823
1160 0.00434539
1200 0.00460853
1240 0.00492387
1280 0.00524035
1320 0.00543979
1360 0.0058397
1400 0.00614444
1440 0.00630627
1480 0.00660387
1520 0.00693571
1560 0.00750543
1600 0.00779918
1640 0.00801324
1680 0.0084241
1720 0.00865844
1760 0.00895936
1800 0.00933512
1840 0.00970952
1880 0.0100135
1920 0.0104998
1960 0.0107616
2000 0.0110351
2040 0.0112815
2080 0.011831
2120 0.0123237
2160 0.0128258
2200 0.0130361
2240 0.0133443
2280 0.013566
2320 0.0137735
2360 0.0142367
2400 0.0145366
2440 0.0150248
2480 0.0154507
2520 0.0158786
2560 0.0161038
2600 0.0163365
2640 0.016977
2680 0.017535
2720 0.0180087
2760 0.0185987
2800 0.0191121
2840 0.0195757
2880 0.0198176
2920 0.0203309
2960 0.0206722
3000 0.0213232
3040 0.0217594
3080 0.0221917
3120 0.0228786
3160 0.0233781
3200 0.0238835
3240 0.0243427
3280 0.0248223
3320 0.02543
3360 0.0258943
3400 0.0264579
3440 0.0268562
3480 0.0274413
3520 0.027786
3560 0.0285945
3600 0.0293009
3640 0.0298556
3680 0.030398
3720 0.030909
3760 0.0317656
3800 0.0320652
3840 0.0325989
3880 0.0331269
3920 0.0334797
3960 0.0335189
4000 0.0335689
