0 -0.347231
40 0.0852819
80 -0.141203
120 -0.0836453
160 -0.0398634
200 0.0338152
240 0.0225756
280 -0.012678
320 0.0125499
360 0.0202926
400 0.00145694
440 0.012613
480 0.014238
520 -0.0135451
560 -0.0312788
600 -0.0254234
640 -0.0388717
680 -0.0470672
720 -0.0693131
760 -0.0703379
800 -0.0717656
840 -0.0945327
880 -0.120966
920 -0.127548
960 -0.146527
1000 -0.145197
1040 -0.152864
1080 -0.146453
1120 -0.142108
1160 -0.116333
1200 -0.117286
1240 -0.102768
1280 -0.111628
1320 -0.104641
1360 -0.101753
1400 -0.111255
1440 -0.110583
1480 -0.117886
1520 -0.115526
1560 -0.115618
1600 -0.121789
1640 -0.11263
1680 -0.102529
1720 -0.0939097
1760 -0.0772999
1800 -0.0689942
1840 -0.0692695
1880 -0.0739838
1920 -0.0748775
1960 -0.0566418
2000 -0.0596051
2040 -0.061652
2080 -0.0664476
2120 -0.0583802
2160 -0.0514111
2200 -0.0497593
2240 -0.048899
2280 -0.0397742
2320 -0.0381284
2360 -0.0395633
2400 -0.0433529
2440 -0.0470451
2480 -0.0453994
2520 -0.0408908
2560 -0.0406382
2600 -0.0251836
2640 -0.0264155
2680 -0.0209306
2720 -0.0243607
2760 -0.0248668
2800 -0.0221316
2840 -0.0231389
2880 -0.0133587
2920 -0.00498544
2960 -0.00254525
3000 -0.00690795
3040 -0.0027557
3080 0.000555908
3120 0.00385247
3160 0.0132074
3200 0.0233592
3240 0.0344898
3280 0.0483432
3320 0.0539125
3360 0.0537636
3400 0.0512507
3440 0.060729
3480 0.0641981
3520 0.0658322
3560 0.0707273
3600 0.0803376
3640 0.0845034
3680 0.0946598
3720 0.0944391
3760 0.0945142
3800 0.0957077
3840 0.0962661
3880 0.104537
3920 0.113666
3960 0.119311
4000 0.129989
