0 -0.385625
40 0.134671
80 -0.0886309
120 0.000581939
160 0.0135258
200 0.0503739
240 0.0239829
280 -0.0399001
320 -0.0651721
360 -0.0716762
400 -0.101848
440 -0.112426
480 -0.113298
520 -0.168422
560 -0.196967
600 -0.174477
640 -0.184847
680 -0.182089
720 -0.195086
760 -0.195288
800 -0.169093
840 -0.168202
880 -0.193366
920 -0.205201
960 -0.221297
1000 -0.212407
1040 -0.225624
1080 -0.209284
1120 -0.197521
1160 -0.167287
1200 -0.176207
1240 -0.163935
1280 -0.171945
1320 -0.168488
1360 -0.175673
1400 -0.191858
1440 -0.184597
1480 -0.1916
1520 -0.181536
1560 -0.180864
1600 -0.175516
1640 -0.169536
1680 -0.159029
1720 -0.13739
1760 -0.108
1800 -0.0893002
1840 -0.0797591
1880 -0.0842461
1920 -0.0849102
1960 -0.0738681
2000 -0.0700656
2040 -0.0688554
2080 -0.0746858
2120 -0.0772961
2160 -0.0735445
2200 -0.0746714
2240 -0.0710971
2280 -0.0578044
2320 -0.0562134
2360 -0.0603973
2400 -0.0594525
2440 -0.0628003
2480 -0.0636643
2520 -0.0610356
2560 -0.063434
2600 -0.0477032
2640 -0.042308
2680 -0.0390407
2720 -0.0403145
2760 -0.0428752
2800 -0.044336
2840 -0.0409379
2880 -0.0273934
2920 -0.0200379
2960 -0.013242
3000 -0.0227499
3040 -0.0197977
3080 -0.0187813
3120 -0.022322
3160 -0.00675668
3200 0.00961919
3240 0.0214822
3280 0.0287174
3320 0.0356468
3360 0.028236
3400 0.0300742
3440 0.040275
3480 0.0372472
3520 0.0370358
3560 0.0416225
3600 0.045675
3640 0.0429996
3680 0.0588074
3720 0.054901
3760 0.0483632
3800 0.0530752
3840 0.0519356
3880 0.0590836
3920 0.0685874
3960 0.0746523
4000 0.0950066
