0 -0.0237579
40 0.462199
80 0.270518
120 0.22287
160 0.242467
200 0.339558
240 0.426865
280 0.428992
320 0.403393
360 0.387109
400 0.376801
440 0.387972
480 0.382579
520 0.36554
560 0.349467
600 0.332931
640 0.294736
680 0.274785
720 0.26228
760 0.268659
800 0.257125
840 0.214217
880 0.170355
920 0.159791
960 0.153214
1000 0.155775
1040 0.161675
1080 0.140554
1120 0.127134
1160 0.115175
1200 0.110422
1240 0.124452
1280 0.106963
1320 0.104791
1360 0.113464
1400 0.103056
1440 0.0810489
1480 0.0678554
1520 0.0555466
1560 0.0537473
1600 0.0339577
1640 0.0306821
1680 0.0454611
1720 0.0321598
1760 0.0340943
1800 0.0279945
1840 0.0118349
1880 0.00332964
1920 0.00194016
1960 0.0222731
2000 0.00782506
2040 0.0028438
2080 0.00192662
2120 0.0230173
2160 0.0352154
2200 0.0327645
2240 0.0233491
2280 0.0212302
2320 0.0206093
2360 0.0193278
2400 0.00716973
2440 0.00126805
2480 0.00385848
2520 0.0101258
2560 0.00747489
2600 0.0192908
2640 0.0151985
2680 0.0246203
2720 0.0168893
2760 0.0188992
2800 0.0259195
2840 0.0186915
2880 0.0250806
2920 0.0389972
2960 0.0333169
3000 0.0359471
3040 0.0419852
3080 0.0484711
3120 0.0608986
3160 0.0636684
3200 0.0628504
3240 0.0695585
3280 0.0904631
3320 0.0922099
3360 0.0994772
3400 0.0898533
3440 0.0976695
3480 0.1091
3520 0.111669
3560 0.116298
3600 0.132229
3640 0.143444
3680 0.148299
3720 0.150347
3760 0.15822
3800 0.153105
3840 0.156773
3880 0.164394
3920 0.171237
3960 0.173718
4000 0.17309
