0 0.000239279
16 0.0332173
32 0.0644934
48 0.0957472
64 0.12649
80 0.157355
96 0.187044
112 0.217434
128 0.245989
144 0.272725
160 0.301397
176 0.328252
192 0.353883
208 0.380299
224 0.406244
240 0.431982
256 0.457139
272 0.482923
288 0.508615
304 0.533115
320 0.555905
336 0.577641
352 0.598832
368 0.619637
384 0.640707
400 0.660455
416 0.679027
432 0.696607
448 0.712876
464 0.729248
480 0.743964
496 0.759236
512 0.774991
528 0.788142
544 0.800126
560 0.811511
576 0.822842
592 0.833745
608 0.843028
624 0.849904
640 0.856902
656 0.863227
672 0.869237
688 0.874838
704 0.880018
720 0.88467
736 0.888944
752 0.892994
768 0.897402
784 0.900632
800 0.903923
816 0.906367
832 0.908902
848 0.911295
864 0.914426
880 0.916372
896 0.918705
912 0.921036
928 0.923002
944 0.924117
960 0.925826
976 0.92731
992 0.928647
1008 0.929959
1024 0.931232
1040 0.93243
1056 0.934145
1072 0.934884
1088 0.936602
1104 0.937586
1120 0.938219
1136 0.939089
1152 0.940194
1168 0.940958
1184 0.941976
1200 0.942239
1216 0.943568
1232 0.944315
1248 0.945106
1264 0.945804
1280 0.946645
1296 0.946659
1312 0.947097
1328 0.947527
1344 0.947777
1360 0.947792
1376 0.94796
1392 0.948217
1408 0.948373
1424 0.948408
1440 0.948786
1456 0.948841
1472 0.949487
1488 0.949436
1504 0.949536
1520 0.949555
1536 0.949747
1552 0.949776
1568 0.949776
1584 0.949796
1600 0.950085
1616 0.950085
1632 0.949985
1648 0.950086
1664 0.950179
1680 0.949985
1696 0.949947
1712 0.949982
1728 0.950079
1744 0.950174
1760 0.950341
1776 0.950066
1792 0.949903
1808 0.949712
1824 0.949945
1840 0.950091
1856 0.950068
1872 0.950203
1888 0.950247
1904 0.950124
1920 0.950135
1936 0.950079
1952 0.950666
1968 0.950618
1984 0.950547
2000 0.950022
2016 0.950526
2032 0.950223
2048 0.950248
2064 0.950186
2080 0.949887
2096 0.950154
2112 0.95014
2128 0.950339
2144 0.949998
2160 0.950346
2176 0.950796
2192 0.951443
2208 0.95125
2224 0.951645
2240 0.951574
2256 0.951532
2272 0.95177
2288 0.952144
2304 0.952007
2320 0.951997
2336 0.95228
2352 0.95224
2368 0.952441
2384 0.952625
2400 0.952587
2416 0.952946
2432 0.952942
2448 0.953102
2464 0.952991
2480 0.953053
2496 0.953279
2512 0.953756
2528 0.953346
2544 0.953509
2560 0.952992
2576 0.95294
2592 0.95303
2608 0.952773
2624 0.953034
2640 0.953003
2656 0.952834
2672 0.953345
2688 0.953338
2704 0.953216
2720 0.953039
2736 0.952966
2752 0.953494
2768 0.952752
2784 0.953057
2800 0.953065
2816 0.952821
2832 0.952256
2848 0.952794
2864 0.952832
2880 0.953126
2896 0.953019
2912 0.953292
2928 0.953682
2944 0.953076
2960 0.95349
2976 0.953151
2992 0.952875
3008 0.952648
3024 0.952977
3040 0.953048
3056 0.952756
3072 0.952551
3088 0.953007
3104 0.952968
3120 0.952763
3136 0.952974
3152 0.953007
3168 0.953078
3184 0.953101
3200 0.953022
