0 -0.133489
16 0.128789
32 0.105148
48 0.133683
64 0.154053
80 0.210354
96 0.272468
112 0.318644
128 0.363263
144 0.398764
160 0.434418
176 0.463688
192 0.494683
208 0.52535
224 0.553726
240 0.58054
256 0.605285
272 0.629768
288 0.652966
304 0.67364
320 0.697042
336 0.715024
352 0.733673
368 0.752116
384 0.76996
400 0.787761
416 0.803007
432 0.818434
448 0.833108
464 0.846311
480 0.857699
496 0.868502
512 0.880345
528 0.889864
544 0.897562
560 0.904846
576 0.911835
592 0.918036
608 0.924013
624 0.927217
640 0.931737
656 0.935855
672 0.940102
688 0.943878
704 0.947378
720 0.950687
736 0.953791
752 0.956857
768 0.959872
784 0.961982
800 0.964824
816 0.966581
832 0.968283
848 0.970668
864 0.973057
880 0.974568
896 0.975818
912 0.977846
928 0.979111
944 0.980194
960 0.981317
976 0.982546
992 0.983447
1008 0.984492
1024 0.985213
1040 0.986295
1056 0.987291
1072 0.98826
1088 0.98912
1104 0.989668
1120 0.990201
1136 0.990896
1152 0.991521
1168 0.992292
1184 0.992639
1200 0.993185
1216 0.993796
1232 0.994226
1248 0.994635
1264 0.994995
1280 0.995299
1296 0.995551
1312 0.995818
1328 0.996008
1344 0.996115
1360 0.996268
1376 0.996285
1392 0.996289
1408 0.996288
1424 0.996284
1440 0.996462
1456 0.996459
1472 0.996526
1488 0.996595
1504 0.996651
1520 0.996658
1536 0.996671
1552 0.996683
1568 0.996738
1584 0.996827
1600 0.996859
1616 0.996828
1632 0.996818
1648 0.996849
1664 0.996843
1680 0.996823
1696 0.996807
1712 0.996811
1728 0.996761
1744 0.996836
1760 0.996837
1776 0.996786
1792 0.996803
1808 0.996819
1824 0.996859
1840 0.996914
1856 0.996911
1872 0.996912
1888 0.99699
1904 0.997027
1920 0.997108
1936 0.997123
1952 0.997205
1968 0.997251
1984 0.997345
2000 0.997477
2016 0.997642
2032 0.997675
2048 0.997816
2064 0.997771
2080 0.997798
2096 0.997932
2112 0.998037
2128 0.998057
2144 0.998258
2160 0.998343
2176 0.998484
2192 0.998735
2208 0.998775
2224 0.998964
2240 0.999054
2256 0.999218
2272 0.999338
2288 0.99939
2304 0.999478
2320 0.999566
2336 0.999608
2352 0.999698
2368 0.999733
2384 0.99981
2400 0.9999
2416 0.999946
2432 0.999965
2448 0.999965
2464 0.999966
2480 0.999962
2496 0.999961
2512 0.999967
2528 0.999966
2544 0.999966
2560 0.999968
2576 0.999963
2592 0.999963
2608 0.999965
2624 0.999968
2640 0.99997
2656 0.999969
2672 0.99997
2688 0.999964
2704 0.999971
2720 0.999966
2736 0.999969
2752 0.999969
2768 0.999966
2784 0.999962
2800 0.999966
2816 0.99996
2832 0.999963
2848 0.99996
2864 0.999962
2880 0.999967
2896 0.999964
2912 0.999966
2928 0.99997
2944 0.999965
2960 0.99997
2976 0.999965
2992 0.999967
3008 0.999968
3024 0.999966
3040 0.999966
3056 0.999968
3072 0.999967
3088 0.999967
3104 0.999971
3120 0.999963
3136 0.999962
3152 0.99996
3168 0.999963
3184 0.999964
3200 0.999963
